1	9 
2	159 
3	104 
4	67 
5	33 
6	14 44 55 60 80 112 115 158 
7	86 
8	44 55 56 79 119 121 147 171 
9	9 
10	122 
11	103 
12	121 
13	103 
14	158 
15	155 
16	102 
17	61 
18	15 
19	59 
20	171 
21	82 
22	154 
23	63 
24	169 
25	56 
26	17 
27	49 
28	5 
29	102 
30	76 
31	1 
32	75 
33	89 
34	23 
35	15 82 102 123 125 146 150 154 
36	122 
37	142 
38	28 
39	7 
40	173 
41	3 
42	53 
43	114 
44	152 
45	60 
46	31 
47	76 
48	92 
49	141 
50	6 
51	58 
52	157 
53	20 
54	57 
55	50 
56	124 
57	50 
58	63 
59	7 
60	34 
61	158 
62	137 
63	32 
64	64 
65	109 
66	38 
67	8 
68	137 
69	45 58 65 71 74 84 154 172 
70	76 
71	80 
72	56 
73	154 
74	139 
75	69 
76	139 
77	142 
78	171 
79	138 
80	9 14 31 53 102 104 120 154 
81	63 
82	137 
83	4 
84	41 
85	74 
86	15 
87	112 
88	30 34 55 64 89 115 123 137 
89	4 
90	171 
91	80 
92	31 34 45 57 62 125 128 142 
93	48 
94	31 
95	8 
96	89 
97	151 
98	61 
99	96 
100	164 
101	30 56 73 79 81 121 127 150 
102	33 
103	142 
104	123 
105	43 
106	137 
107	69 
108	69 
109	84 
110	110 
111	41 
112	101 
113	6 
114	164 
115	57 
116	87 
117	53 
118	154 
119	38 
120	17 
121	136 
122	31 
123	168 
124	18 
125	158 
126	145 
127	134 
128	170 
129	5 
130	41 
131	155 
132	114 
133	64 
134	28 
135	102 
136	37 45 50 101 103 119 156 167 
137	136 
138	59 
139	25 
140	21 
141	122 
142	125 
143	45 
144	139 
145	139 
146	58 65 71 102 114 117 136 158 
147	58 
148	15 
149	9 
150	114 
151	53 
152	34 
153	15 
154	11 
155	10 
156	158 
157	149 
158	51 
159	74 
160	6 
161	137 
162	16 41 49 52 65 101 162 166 
163	171 
164	71 
165	31 110 127 137 138 144 151 171 
166	95 
167	61 
168	121 
169	15 
170	164 
171	33 
172	90 
173	16 38 63 76 81 95 140 166 
174	83 
175	30 
176	30 34 64 88 136 151 154 169 
177	14 
178	92 
179	68 
180	131 
181	125 
182	93 
183	13 
184	144 
185	30 
186	137 
187	58 
188	15 
189	48 
190	44 
191	50 95 107 115 126 160 163 172 
192	161 
193	169 
194	18 
195	49 
196	33 
197	28 
198	3 14 43 74 86 110 118 127 
199	69 
200	67 
201	81 
202	167 
203	66 
204	119 
205	91 
206	19 
207	138 
208	58 
209	23 
210	13 40 88 101 110 124 139 148 
211	13 
212	75 
213	11 15 31 59 104 113 129 159 
214	45 49 58 61 78 79 87 153 
215	133 
216	11 
217	63 
218	83 
219	71 
220	17 
221	15 
222	142 
223	98 
224	34 
225	113 
226	126 
227	19 46 71 85 102 112 129 171 
228	136 
229	16 31 51 71 139 141 156 166 
230	136 
231	52 
232	80 
233	158 
234	112 
235	99 
236	11 17 50 76 121 140 159 167 
237	167 
238	49 
239	80 
240	6 
241	139 
242	125 
243	9 64 73 128 148 152 167 169 
244	68 
245	31 
246	89 
247	73 
248	89 
249	167 
250	85 
251	141 
252	11 
253	138 
254	150 
255	123 
256	171 
257	34 
258	129 
259	6 44 59 61 66 69 129 142 
260	116 
261	56 
262	100 
263	126 
264	162 
265	157 
266	109 
267	133 
268	34 
269	104 
270	83 
271	11 
272	142 
273	97 
274	159 
275	8 
276	138 
277	100 
278	167 
279	116 
280	164 
281	113 
282	156 
283	98 
284	121 
285	39 
286	142 
287	97 
288	14 
289	130 
290	66 
291	137 
292	43 
293	148 
294	38 48 80 81 136 144 147 156 
295	126 
296	46 
297	52 55 56 72 92 107 127 131 
298	163 
299	123 
300	59 
301	30 45 57 64 125 141 145 162 
302	55 
303	38 
304	51 
305	46 
306	71 
307	167 
308	120 
309	19 
310	71 
311	131 
312	160 
313	18 
314	112 
315	146 
316	30 
317	45 
318	75 
319	167 
320	49 
321	56 
322	66 
323	93 
324	33 
325	126 
326	46 
327	22 30 34 66 72 131 165 167 
328	34 
329	10 
330	102 
331	44 
332	42 
333	21 
334	85 
335	45 
336	81 
337	116 
338	103 
339	16 41 56 72 91 123 137 140 
340	30 
341	58 
342	29 
343	139 
344	92 
345	19 
346	12 26 36 45 49 80 134 146 
347	15 
348	150 
349	133 
350	85 
351	130 
352	149 
353	115 
354	174 
355	153 
356	12 16 41 91 143 158 159 165 
357	83 
358	10 
359	5 15 66 72 83 91 116 167 
360	50 
361	82 
362	129 
363	16 
364	146 
365	137 
366	133 
367	82 
368	50 
369	64 
370	15 23 34 41 66 104 142 150 
371	67 
372	79 
373	82 
374	35 
375	66 
376	12 
377	70 
378	56 
379	141 
380	34 
381	117 
382	115 
383	113 
384	154 
385	60 
386	156 
387	102 
388	39 
389	85 
390	105 
391	6 31 40 50 65 79 80 89 
392	45 
393	90 
394	123 
395	126 
396	112 
397	129 
398	102 
399	73 
400	72 
401	97 
402	164 
403	55 
404	127 
405	126 
406	119 
407	137 
408	67 
409	163 
410	7 
411	58 
412	17 
413	98 
414	55 
415	116 
416	11 13 105 107 122 136 161 171 
417	162 
418	139 
419	149 
420	129 
421	118 
422	13 
423	8 
424	167 
425	57 
426	125 
427	34 38 44 103 118 164 171 172 
428	48 
429	20 42 93 99 112 118 136 139 
430	56 
431	59 
432	13 
433	132 
434	146 
435	112 
436	55 
437	136 
438	21 
439	172 
440	40 
441	6 
442	21 
443	16 
444	19 21 24 42 82 108 129 167 
445	100 
446	1 
447	13 23 34 76 82 93 136 159 
448	52 
449	149 
450	113 
451	27 
452	62 84 93 115 142 144 166 171 
453	140 
454	34 
455	36 
456	136 
457	7 15 16 47 105 158 163 165 
458	38 
459	83 
460	142 
461	41 
462	126 
463	15 
464	64 
465	61 
466	60 
467	57 
468	22 
469	151 
470	85 
471	136 
472	35 40 53 84 96 129 151 170 
473	17 
474	102 
475	84 
476	141 
477	14 
478	45 
479	79 
480	155 
481	144 
482	137 
483	31 
484	121 
485	29 
486	112 
487	8 
488	52 
489	19 
490	158 
491	61 
492	55 
493	19 
494	82 
495	146 
496	20 
497	31 
498	32 48 66 99 101 110 154 159 
499	135 
500	63 
501	125 
502	128 
503	57 
504	15 32 49 64 102 133 137 150 
505	6 
506	76 
507	70 
508	73 
509	59 
510	141 
511	18 
512	3 
513	158 
514	121 
515	76 
516	137 
517	21 
518	49 
519	34 45 87 96 107 116 131 147 
520	99 
521	166 
522	72 
523	71 
524	46 
525	41 43 75 98 141 147 167 172 
526	126 
527	117 
528	162 
529	77 
530	53 
531	112 
532	173 
533	119 
534	85 
535	31 
536	131 
537	146 
538	143 
539	39 43 66 85 107 157 162 169 
540	141 
541	166 
542	154 
543	71 
544	162 
545	59 
546	15 
547	81 
548	160 
549	66 71 80 105 117 142 164 165 
550	14 28 55 62 80 104 112 160 
551	58 
552	31 
553	31 
554	5 
555	72 
556	150 
557	121 
558	58 
559	21 
560	115 
561	15 
562	166 
563	146 
564	159 
565	169 
566	150 
567	45 
568	122 
569	136 
570	30 
571	157 
572	161 
573	44 
574	15 50 51 83 85 94 157 161 
575	5 
576	162 
577	116 
578	34 
579	163 
580	136 
581	19 
582	37 
583	123 
584	59 
585	72 
586	103 
587	44 
588	84 
589	159 
590	26 31 61 75 85 93 110 160 
591	46 82 84 136 141 146 152 157 
592	6 
593	31 
594	125 
595	56 
596	16 55 80 82 86 124 137 156 
597	11 
598	82 
599	59 
600	48 
601	131 
602	4 
603	169 
604	5 61 76 83 137 140 143 166 
605	25 
606	30 
607	78 
608	30 41 56 68 74 93 105 131 
609	13 
610	35 
611	49 
612	158 
613	17 
614	110 
615	136 
616	30 
617	73 
618	174 
619	72 
620	34 
621	66 
622	158 
623	28 
624	53 
625	76 
626	41 
627	15 
628	41 
629	34 
630	21 
631	38 
632	19 
633	30 60 72 92 98 120 167 171 
634	127 
635	29 33 62 80 102 127 147 167 
636	17 
637	164 
638	139 
639	95 
640	67 
641	74 
642	170 
643	3 5 83 85 136 150 158 161 
644	12 
645	7 
646	18 
647	63 
648	53 
649	22 50 66 85 90 136 147 160 
650	165 
651	71 
652	154 
653	44 64 75 80 107 118 131 161 
654	16 
655	84 
656	7 41 55 71 121 131 139 171 
657	16 
658	27 
659	75 
660	102 
661	81 
662	76 
663	38 
664	46 
665	160 
666	56 
667	136 
668	116 
669	110 
670	47 
671	93 
672	56 
673	74 
674	122 
675	110 
676	125 
677	137 
678	5 34 36 45 50 97 107 132 
679	5 14 15 68 122 131 132 158 
680	115 
681	6 
682	172 
683	2 18 49 51 107 110 126 146 
684	117 
685	15 17 32 43 85 148 164 171 
686	133 
687	31 
688	171 
689	11 31 45 55 58 71 101 135 
690	115 
691	44 
692	62 
693	46 
694	162 
695	15 17 22 23 98 112 129 140 
696	131 
697	32 
698	24 
699	159 
700	36 67 85 89 110 120 139 173 
701	107 
702	143 
703	14 
704	14 
705	101 
706	139 
707	168 
708	109 
709	164 
710	13 14 19 40 75 84 138 150 
711	61 
712	111 
713	157 
714	14 
715	82 
716	28 
717	110 
718	45 
719	31 
720	19 
721	34 
722	54 
723	147 
724	69 
725	66 
726	23 
727	60 
728	58 
729	82 
730	154 
731	23 
732	69 
733	4 56 59 81 90 120 161 173 
734	88 
735	118 
736	172 
737	138 
738	27 
739	13 30 33 41 61 64 102 107 
740	90 
741	115 
742	84 
743	160 
744	162 
745	49 
746	29 
747	7 
748	17 
749	19 
750	16 
751	138 
752	1 22 27 35 64 83 89 112 
753	7 19 24 63 97 146 152 168 
754	117 
755	2 8 11 19 82 119 126 163 
756	47 
757	158 
758	129 
759	142 
760	69 
761	72 
762	10 
763	24 
764	20 
765	5 
766	41 57 71 91 101 126 155 162 
767	17 
768	157 
769	102 
770	152 
771	152 
772	151 
773	77 
774	116 
775	66 89 90 93 104 126 149 160 
776	78 
777	98 
778	71 
779	99 
780	150 
781	88 
782	36 
783	136 
784	46 
785	142 
786	87 
787	105 
788	106 
789	96 
790	76 
791	79 
792	126 
793	131 
794	59 
795	162 
796	6 
797	160 
798	56 
799	10 55 65 90 118 122 139 141 
800	68 
801	8 
802	62 
803	33 
804	112 
805	70 
806	50 
807	21 
808	19 
809	6 
810	46 
811	55 
812	83 
813	84 
814	140 
815	80 
816	121 
817	45 
818	7 
819	33 34 82 115 134 148 162 174 
820	38 
821	5 53 78 105 112 117 121 157 
822	139 
823	171 
824	153 
825	173 
826	166 
827	118 
828	158 
829	117 
830	145 
831	121 
832	129 
833	49 
834	47 
835	11 19 47 49 56 75 81 149 
836	53 
837	72 
838	14 
839	89 
840	85 
841	46 
842	61 
843	92 
844	122 
845	58 
846	142 
847	59 
848	167 
849	117 
850	145 
851	103 
852	55 
853	85 
854	74 
855	2 17 41 45 60 69 97 115 
856	120 
857	92 
858	112 
859	159 
860	84 
861	16 
862	167 
863	167 
864	59 
865	139 
866	123 
867	140 
868	171 
869	107 
870	2 15 34 50 121 134 136 167 
871	46 
872	88 
873	41 
874	13 31 46 83 118 140 155 157 
875	164 
876	161 
877	21 
878	125 
879	44 
880	98 
881	39 
882	60 
883	16 
884	143 
885	80 
886	154 
887	117 
888	86 
889	124 
890	4 5 45 75 88 137 138 154 
891	149 
892	56 
893	168 
894	115 
895	102 
896	61 
897	13 
898	38 
899	150 
900	99 
901	92 
902	135 
903	135 
904	101 
905	168 
906	56 
907	118 
908	28 
909	20 
910	151 
911	15 33 62 86 90 127 152 162 
912	79 
913	4 5 13 70 79 110 143 165 
914	19 
915	10 21 30 74 90 105 126 139 
916	173 
917	133 
918	25 
919	132 
920	154 
921	38 
922	54 
923	24 
924	131 
925	146 
926	71 
927	81 
928	58 
929	172 
930	118 
931	41 
932	30 46 62 80 103 125 136 169 
933	46 
934	46 
935	142 
936	155 
937	102 
938	166 
939	106 
940	139 
941	38 
942	155 
943	157 
944	69 
945	31 34 43 57 84 150 155 166 
946	10 16 18 79 89 100 146 166 
947	43 
948	146 
949	54 
950	165 
951	101 
952	94 
953	88 
954	129 
955	48 
956	157 
957	88 
958	15 30 41 61 109 114 151 173 
959	60 
960	115 
961	171 
962	16 22 90 99 137 149 153 157 
963	2 
964	105 
965	59 
966	56 
967	39 
968	104 
969	15 
970	26 
971	114 
972	157 
973	72 
974	120 
975	83 
976	45 
977	63 
978	23 
979	103 
980	76 
981	173 
982	129 
983	51 
984	38 
985	121 
986	105 
987	118 
988	35 
989	118 
990	121 
991	11 
992	6 15 104 108 155 162 169 173 
993	37 
994	105 
995	18 
996	49 
997	23 
998	118 
999	61 
1000	17 49 59 69 70 91 103 107 
1001	4 26 78 79 84 102 118 171 
1002	168 
1003	138 
1004	41 
1005	19 21 44 98 115 121 129 154 
1006	50 
1007	4 7 16 42 69 142 154 161 
1008	159 
1009	87 
1010	7 
1011	39 
1012	138 
1013	43 
1014	32 
1015	115 
1016	84 
1017	45 
1018	130 
1019	58 
1020	82 
1021	46 
1022	172 
1023	90 
1024	126 
1025	71 115 123 138 144 158 169 174 
1026	15 
1027	164 
1028	5 34 60 61 69 79 80 82 
1029	154 
1030	45 
1031	56 
1032	17 26 42 52 72 113 119 140 
1033	57 
1034	43 
1035	148 
1036	14 47 50 66 88 97 149 166 
1037	66 
1038	118 
1039	86 
1040	2 
1041	11 41 60 120 122 139 145 167 
1042	46 
1043	42 
1044	4 
1045	13 
1046	19 
1047	71 
1048	132 
1049	50 
1050	134 
1051	150 
1052	45 53 83 90 92 94 98 123 
1053	55 
1054	19 33 78 112 115 129 130 163 
1055	14 21 108 112 138 141 142 172 
1056	168 
1057	141 
1058	56 
1059	58 
1060	39 41 44 49 84 92 142 164 
1061	151 
1062	92 
1063	147 
1064	51 
1065	84 
1066	93 
1067	53 69 72 83 120 129 146 164 
1068	103 
1069	172 
1070	9 
1071	37 55 60 75 83 92 138 164 
1072	97 
1073	58 
1074	43 
1075	56 
1076	117 
1077	12 
1078	21 
1079	50 
1080	138 
1081	50 
1082	10 
1083	170 
1084	74 
1085	142 
1086	60 
1087	4 
1088	19 
1089	48 
1090	39 
1091	4 
1092	18 33 53 80 83 121 141 159 
1093	12 
1094	152 
1095	110 
1096	120 
1097	1 12 66 112 116 122 123 157 
1098	155 
1099	112 
1100	141 
1101	122 
1102	149 
1103	145 
1104	87 
1105	126 
1106	19 
1107	158 
1108	109 
1109	30 
1110	103 
1111	86 
1112	33 
1113	143 
1114	92 
1115	11 
1116	122 
1117	32 
1118	167 
1119	115 
1120	74 
1121	46 
1122	13 
1123	101 
1124	14 
1125	164 
1126	103 
1127	12 38 46 76 81 98 139 158 
1128	28 
1129	41 
1130	4 9 40 67 89 105 137 145 
1131	154 
1132	73 
1133	153 
1134	126 
1135	69 
1136	12 80 115 124 126 136 139 160 
1137	13 
1138	23 
1139	67 
1140	147 
1141	168 
1142	107 
1143	28 
1144	106 
1145	100 
1146	5 
1147	110 
1148	85 
1149	50 
1150	34 
1151	167 
1152	29 
1153	129 
1154	45 
1155	60 
1156	44 
1157	159 
1158	14 
1159	64 
1160	34 
1161	6 
1162	139 
1163	38 
1164	32 
1165	120 
1166	47 
1167	63 
1168	72 
1169	30 42 67 83 127 142 151 155 
1170	126 
1171	71 
1172	51 
1173	118 
1174	133 
1175	33 46 93 118 123 124 137 147 
1176	30 45 84 110 141 159 162 164 
1177	93 
1178	119 
1179	11 
1180	15 19 48 91 116 139 155 167 
1181	137 
1182	31 
1183	171 
1184	49 
1185	129 
1186	15 38 41 85 105 137 167 171 
1187	71 76 85 92 126 131 142 167 
1188	106 
1189	171 
1190	160 
1191	60 
1192	123 
1193	136 
1194	4 6 8 16 23 32 39 55 
1195	50 
1196	85 
1197	115 
1198	64 
1199	81 
1200	50 
1201	56 
1202	122 
1203	80 
1204	102 
1205	24 
1206	72 
1207	137 
1208	3 
1209	77 
1210	31 
1211	43 58 69 77 90 157 164 173 
1212	140 
1213	53 
1214	171 
1215	83 
1216	30 
1217	26 35 63 69 125 150 154 158 
1218	136 
1219	1 31 54 60 110 140 147 162 
1220	9 34 41 58 64 88 144 161 
1221	32 
1222	11 
1223	156 
1224	146 
1225	17 
1226	122 
1227	126 
1228	88 
1229	165 
1230	164 
1231	3 
1232	131 
1233	149 
1234	118 
1235	13 
1236	6 12 98 120 122 148 162 167 
1237	5 13 33 38 42 67 117 137 
1238	89 
1239	84 
1240	5 59 79 84 100 104 145 167 
1241	163 
1242	89 
1243	136 
1244	34 
1245	39 
1246	102 
1247	76 
1248	99 
1249	16 
1250	136 
1251	6 16 41 53 85 91 129 154 
1252	35 
1253	30 
1254	2 
1255	160 
1256	153 
1257	114 
1258	171 
1259	143 
1260	87 
1261	90 
1262	15 
1263	145 
1264	164 
1265	149 
1266	110 
1267	116 
1268	142 
1269	93 
1270	163 
1271	136 
1272	55 
1273	128 
1274	164 
1275	119 
1276	55 
1277	123 
1278	5 21 30 63 64 71 142 154 
1279	102 
1280	49 
1281	63 
1282	57 
1283	115 
1284	166 
1285	131 
1286	150 
1287	106 
1288	142 
1289	61 71 88 121 126 139 158 167 
1290	102 
1291	151 
1292	154 
1293	35 
1294	58 
1295	90 
1296	153 
1297	8 
1298	54 
1299	38 
1300	72 
1301	164 
1302	18 
1303	21 
1304	156 
1305	157 
1306	153 
1307	53 
1308	13 
1309	67 
1310	131 
1311	127 
1312	133 
1313	22 56 62 72 74 112 117 139 
1314	30 62 68 83 85 129 142 155 
1315	122 
1316	80 
1317	98 
1318	55 
1319	107 
1320	31 
1321	155 
1322	41 
1323	95 
1324	129 
1325	45 51 52 53 60 102 160 166 
1326	136 
1327	49 
1328	8 14 80 93 131 139 141 163 
1329	18 
1330	162 
1331	15 
1332	121 
1333	33 
1334	17 51 53 66 112 121 149 154 
1335	141 
1336	106 
1337	154 
1338	162 
1339	118 
1340	160 
1341	126 
1342	75 
1343	112 
1344	17 
1345	158 
1346	17 24 44 84 127 134 153 162 
1347	8 
1348	23 
1349	155 
1350	21 
1351	15 45 64 107 126 131 137 169 
1352	111 
1353	58 
1354	80 
1355	1 
1356	69 
1357	11 38 67 69 71 83 109 137 
1358	109 
1359	41 
1360	81 
1361	56 
1362	19 
1363	19 40 103 118 144 146 166 173 
1364	161 
1365	158 
1366	48 
1367	1 
1368	140 
1369	35 
1370	82 
1371	103 
1372	129 
1373	135 
1374	10 11 15 38 64 101 134 138 
1375	162 
1376	115 
1377	170 
1378	70 
1379	150 
1380	53 
1381	151 
1382	136 
1383	164 
1384	63 
1385	168 
1386	154 
1387	106 
1388	21 83 103 106 126 156 159 162 
1389	124 
1390	15 
1391	56 
1392	137 
1393	155 
1394	17 
1395	83 
1396	169 
1397	72 
1398	129 
1399	18 
1400	38 
1401	2 7 38 61 72 113 141 163 
1402	38 
1403	24 
1404	16 17 38 39 56 84 108 142 
1405	72 
1406	139 
1407	89 
1408	90 
1409	52 
1410	62 
1411	41 
1412	2 
1413	170 
1414	12 13 17 41 67 78 85 126 
1415	4 
1416	2 30 43 44 79 121 125 164 
1417	42 
1418	20 
1419	30 
1420	1 
1421	9 17 67 104 129 130 147 158 
1422	131 
1423	72 
1424	27 
1425	14 
1426	137 
1427	15 39 55 87 116 135 151 161 
1428	19 
1429	16 
1430	13 
1431	118 
1432	59 
1433	84 
1434	108 
1435	164 
1436	174 
1437	80 
1438	72 
1439	130 
1440	39 
1441	18 
1442	155 
1443	45 
1444	129 
1445	16 
1446	144 
1447	86 
1448	76 
1449	7 54 55 76 90 110 119 139 
1450	143 
1451	60 
1452	158 
1453	50 
1454	38 
1455	28 74 78 85 88 121 158 167 
1456	154 
1457	30 
1458	88 
1459	168 
1460	90 
1461	56 
1462	16 88 102 118 130 141 166 167 
1463	58 
1464	146 
1465	29 
1466	70 
1467	34 
1468	1 21 47 58 98 126 130 167 
1469	168 
1470	115 
1471	138 
1472	126 
1473	150 
1474	53 
1475	13 21 38 70 105 107 141 172 
1476	50 
1477	139 
1478	77 
1479	57 
1480	9 31 41 51 66 81 132 142 
1481	37 
1482	133 
1483	57 
1484	45 70 143 157 164 165 166 172 
1485	108 
1486	32 
1487	131 
1488	74 
1489	57 
1490	74 
1491	9 
1492	97 
1493	14 87 89 107 129 132 137 159 
1494	19 
1495	116 
1496	124 
1497	56 
1498	151 
1499	84 
1500	112 
1501	51 
1502	38 
1503	62 
1504	118 
1505	167 
1506	151 
1507	41 
1508	68 
1509	136 
1510	5 
1511	116 
1512	52 
1513	121 
1514	167 
1515	27 36 46 52 102 104 138 164 
1516	21 
1517	92 
1518	75 
1519	167 
1520	31 
1521	21 
1522	31 41 71 84 112 119 121 139 
1523	162 
1524	155 
1525	110 
1526	36 
1527	165 
1528	61 
1529	112 
1530	32 
1531	56 
1532	112 
1533	10 21 45 80 88 110 122 150 
1534	56 74 104 126 131 140 144 150 
1535	92 
1536	165 
1537	89 
1538	44 
1539	14 
1540	140 
1541	133 
1542	10 18 45 71 85 129 136 161 
1543	3 13 49 70 88 105 108 163 
1544	131 
1545	38 
1546	99 
1547	123 
1548	150 
1549	169 
1550	148 
1551	82 
1552	160 
1553	14 54 74 80 82 88 97 137 
1554	124 
1555	25 
1556	31 
1557	63 
1558	21 57 105 107 129 149 160 166 
1559	108 
1560	30 
1561	2 
1562	88 
1563	31 
1564	91 
1565	4 
1566	55 71 88 105 126 129 137 168 
1567	166 
1568	85 
1569	166 
1570	64 79 136 140 144 158 164 167 
1571	97 
1572	135 
1573	160 
1574	57 
1575	9 14 26 53 63 100 131 167 
1576	27 
1577	55 
1578	53 
1579	156 
1580	25 
1581	107 
1582	173 
1583	129 
1584	166 
1585	173 
1586	114 
1587	102 
1588	33 
1589	139 
1590	95 
1591	22 
1592	150 
1593	65 
1594	159 
1595	49 
1596	110 
1597	107 
1598	21 
1599	83 
1600	74 
1601	61 
1602	8 
1603	112 
1604	39 
1605	146 
1606	85 
1607	29 
1608	119 
1609	55 
1610	158 
1611	67 
1612	129 
1613	136 
1614	15 43 61 105 117 123 129 166 
1615	46 
1616	27 
1617	13 
1618	69 
1619	81 
1620	66 
1621	15 
1622	90 
1623	137 
1624	167 
1625	122 
1626	7 
1627	82 
1628	28 
1629	92 
1630	28 
1631	58 
1632	46 
1633	129 
1634	84 
1635	85 
1636	126 
1637	15 
1638	43 
1639	2 
1640	69 
1641	121 
1642	30 
1643	92 
1644	127 
1645	145 
1646	109 
1647	13 
1648	31 
1649	81 
1650	109 
1651	93 
1652	68 
1653	30 
1654	55 
1655	142 
1656	76 
1657	103 
1658	49 
1659	52 57 59 118 127 131 136 141 
1660	67 
1661	79 
1662	15 
1663	24 31 64 72 93 126 166 172 
1664	58 
1665	4 21 67 95 120 137 164 172 
1666	81 
1667	50 
1668	44 
1669	38 
1670	7 
1671	123 
1672	63 
1673	33 60 68 81 93 107 115 118 
1674	5 6 17 92 93 107 116 165 
1675	46 
1676	156 
1677	21 
1678	45 
1679	80 
1680	47 
1681	125 
1682	84 
1683	16 
1684	17 53 66 84 107 116 142 172 
1685	14 
1686	172 
1687	90 
1688	107 
1689	134 
1690	102 
1691	43 53 76 77 80 100 138 150 
1692	17 
1693	121 
1694	19 
1695	30 55 79 84 89 121 128 173 
1696	28 
1697	34 
1698	95 
1699	21 
1700	44 
1701	35 56 102 106 110 124 133 135 
1702	66 
1703	107 
1704	1 9 31 54 57 84 86 168 
1705	149 
1706	168 
1707	45 
1708	132 
1709	79 
1710	171 
1711	85 
1712	159 
1713	115 
1714	9 26 38 41 69 122 136 155 
1715	114 
1716	99 
1717	80 
1718	83 
1719	173 
1720	61 
1721	70 
1722	124 
1723	148 
1724	166 
1725	60 
1726	50 
1727	91 
1728	107 
1729	136 
1730	106 
1731	37 
1732	18 
1733	86 
1734	128 
1735	45 
1736	123 
1737	135 
1738	112 
1739	110 
1740	50 
1741	137 
1742	63 
1743	131 
1744	57 
1745	17 
1746	125 
1747	172 
1748	124 
1749	117 
1750	138 
1751	45 
1752	166 
1753	47 
1754	137 
1755	107 
1756	153 
1757	166 
1758	82 
1759	63 
1760	52 
1761	5 25 36 68 74 76 136 160 
1762	49 
1763	53 
1764	104 
1765	149 
1766	165 
1767	146 
1768	76 
1769	44 
1770	144 
1771	43 
1772	83 
1773	11 13 71 82 103 122 158 168 
1774	142 
1775	2 32 45 64 137 141 157 166 
1776	21 
1777	107 
1778	31 
1779	37 
1780	28 
1781	55 
1782	136 
1783	139 
1784	76 
1785	5 15 16 21 45 48 158 162 
1786	38 
1787	52 
1788	169 
1789	103 
1790	84 
1791	142 
1792	100 
1793	6 15 30 49 50 80 83 151 
1794	50 
1795	163 
1796	172 
1797	164 
1798	48 
1799	68 
1800	95 
1801	160 
1802	137 
1803	29 
1804	170 
1805	99 
1806	27 
1807	103 
1808	21 
1809	53 
1810	69 
1811	172 
1812	138 
1813	170 
1814	18 
1815	30 
1816	12 
1817	44 
1818	53 
1819	69 
1820	120 
1821	137 
1822	62 
1823	31 
1824	60 
1825	33 
1826	13 
1827	41 
1828	141 
1829	167 
1830	118 
1831	64 
1832	12 14 44 57 80 96 129 167 
1833	139 
1834	167 
1835	92 
1836	50 
1837	26 87 116 120 141 147 156 157 
1838	171 
1839	151 
1840	172 
1841	85 
1842	8 
1843	15 
1844	173 
1845	121 
1846	166 
1847	115 
1848	166 
1849	21 
1850	46 
1851	142 
1852	82 
1853	164 
1854	147 
1855	142 
1856	9 22 31 79 107 112 146 162 
1857	133 
1858	84 
1859	99 
1860	15 
1861	142 
1862	140 
1863	165 
1864	10 
1865	53 
1866	34 96 119 131 140 149 156 158 
1867	68 
1868	69 
1869	168 
1870	30 
1871	1 67 80 106 111 128 142 155 
1872	4 30 52 55 58 71 152 172 
1873	110 
1874	50 61 134 143 158 160 164 166 
1875	171 
1876	97 
1877	68 
1878	107 
1879	113 
1880	18 
1881	74 
1882	102 
1883	146 
1884	56 
1885	7 47 79 101 110 125 132 146 
1886	130 
1887	127 
1888	141 
1889	84 
1890	136 
1891	82 
1892	122 
1893	5 6 71 72 73 136 149 169 
1894	21 55 59 60 99 128 167 172 
1895	82 
1896	5 31 49 54 62 71 123 137 
1897	37 52 73 83 84 110 146 155 
1898	47 118 126 131 137 139 154 168 
1899	166 
1900	124 
1901	16 
1902	88 
1903	6 
1904	67 
1905	2 4 43 76 107 110 130 139 
1906	141 
1907	13 
1908	37 
1909	78 
1910	43 
1911	104 
1912	130 
1913	44 
1914	121 
1915	53 81 86 112 130 136 139 142 
1916	112 
1917	107 
1918	33 
1919	21 84 105 121 141 150 154 169 
1920	10 
1921	8 
1922	71 
1923	117 
1924	125 
1925	36 
1926	167 
1927	2 3 21 34 56 75 104 134 
1928	103 
1929	63 
1930	59 
1931	150 
1932	171 
1933	28 
1934	142 
1935	136 
1936	79 
1937	123 
1938	138 
1939	60 
1940	6 28 38 50 53 132 138 140 
1941	116 
1942	39 
1943	118 
1944	83 
1945	112 
1946	103 
1947	122 
1948	2 
1949	41 
1950	94 
1951	128 
1952	13 
1953	66 
1954	107 
1955	143 
1956	108 
1957	3 18 80 90 103 112 122 142 
1958	4 
1959	21 23 59 61 83 84 85 141 
1960	131 
1961	14 
1962	41 46 85 90 98 101 112 166 
1963	5 
1964	98 
1965	166 
1966	34 
1967	39 72 98 118 120 122 142 148 
1968	53 
1969	124 
1970	87 
1971	64 
1972	123 
1973	32 33 69 77 81 93 94 169 
1974	14 81 85 89 121 122 152 160 
1975	18 
1976	133 
1977	26 
1978	169 
1979	13 15 26 90 110 139 156 174 
1980	29 
1981	4 14 30 33 69 73 92 118 
1982	43 
1983	5 18 39 43 47 58 138 173 
1984	54 
1985	163 
1986	139 
1987	53 
1988	30 56 81 90 109 114 125 172 
1989	143 
1990	24 
1991	6 34 50 66 105 123 150 154 
1992	38 
1993	30 
1994	90 
1995	13 
1996	38 
1997	19 
1998	34 
1999	171 
2000	160 
2001	15 
2002	58 
2003	161 
2004	43 
2005	162 
2006	159 
2007	14 
2008	20 
2009	55 59 64 72 83 85 92 149 
2010	126 
2011	159 
2012	145 
2013	140 
2014	123 
2015	146 
2016	157 
2017	134 
2018	160 
2019	155 
2020	72 
2021	17 
2022	14 
2023	1 46 84 107 122 148 164 168 
2024	26 37 49 90 107 149 159 164 
2025	172 
2026	158 
2027	85 
2028	117 
2029	55 
2030	126 
2031	166 
2032	48 
2033	53 
2034	136 
2035	159 
2036	8 13 14 50 103 104 126 172 
2037	120 
2038	133 
2039	19 
2040	113 
2041	121 
2042	46 
2043	123 
2044	58 
2045	57 
2046	59 
2047	40 
2048	53 
2049	147 
2050	2 
2051	158 
2052	45 
2053	145 
2054	150 
2055	79 
2056	152 
2057	133 
2058	69 
2059	56 66 78 84 89 130 159 172 
2060	88 
2061	8 13 34 42 75 89 135 154 
2062	130 
2063	123 
2064	74 
2065	29 
2066	112 
2067	106 
2068	18 
2069	14 19 61 86 94 113 122 157 
2070	53 
2071	21 
2072	26 56 64 81 84 105 126 139 
2073	117 
2074	9 26 30 53 132 159 167 168 
2075	83 
2076	107 
2077	69 
2078	43 
2079	49 
2080	43 
2081	33 
2082	90 
2083	1 
2084	56 
2085	53 
2086	34 
2087	172 
2088	30 
2089	82 
2090	22 
2091	167 
2092	45 
2093	140 
2094	125 
2095	16 38 56 67 83 98 125 171 
2096	10 
2097	5 
2098	66 
2099	90 
2100	71 
2101	143 
2102	136 
2103	130 
2104	85 
2105	69 
2106	33 
2107	88 
2108	56 
2109	19 
2110	34 
2111	155 
2112	56 
2113	101 
2114	60 
2115	158 
2116	170 
2117	75 
2118	80 
2119	81 
2120	19 58 61 63 67 88 92 117 
2121	139 
2122	169 
2123	167 
2124	7 30 37 46 79 112 114 124 
2125	35 38 82 97 104 106 120 171 
2126	87 
2127	34 
2128	106 
2129	160 
2130	5 
2131	146 
2132	158 
2133	141 
2134	21 26 38 46 66 107 130 142 
2135	115 
2136	50 
2137	3 34 74 103 105 131 162 163 
2138	167 
2139	30 
2140	159 
2141	138 
2142	172 
2143	77 
2144	38 45 66 72 78 101 105 150 
2145	63 
2146	11 17 37 64 76 146 154 172 
2147	19 
2148	63 
2149	85 
2150	46 
2151	154 
2152	157 
2153	142 
2154	5 
2155	147 
2156	121 
2157	13 27 31 45 95 140 148 154 
2158	101 
2159	167 
2160	78 
2161	30 
2162	167 
2163	2 
2164	56 
2165	71 
2166	51 
2167	141 
2168	64 
2169	147 
2170	168 
2171	76 
2172	14 
2173	65 
2174	31 
2175	13 
2176	90 
2177	66 
2178	63 
2179	95 
2180	43 
2181	112 
2182	47 
2183	23 25 56 71 112 118 131 155 
2184	25 
2185	129 
2186	44 
2187	131 
2188	110 
2189	56 
2190	141 
2191	47 
2192	100 
2193	2 
2194	50 
2195	40 
2196	7 
2197	127 
2198	20 
2199	30 
2200	86 
2201	147 
2202	141 
2203	45 
2204	12 16 30 32 66 115 151 154 
2205	21 
2206	65 
2207	88 
2208	166 
2209	121 
2210	131 
2211	169 
2212	23 
2213	15 
2214	141 
2215	137 
2216	141 
2217	89 
2218	172 
2219	152 
2220	138 
2221	167 
2222	110 
2223	30 
2224	44 
2225	58 
2226	115 
2227	111 
2228	5 58 64 137 139 142 158 170 
2229	115 
2230	85 
2231	124 
2232	2 
2233	130 
2234	142 
2235	116 
2236	126 
2237	87 
2238	83 
2239	46 
2240	30 
2241	169 
2242	123 
2243	4 20 45 48 95 111 158 169 
2244	152 
2245	11 18 38 80 90 100 106 141 
2246	17 
2247	18 53 78 80 110 149 159 163 
2248	150 
2249	60 
2250	147 
2251	93 
2252	27 
2253	134 
2254	171 
2255	150 
2256	16 
2257	129 
2258	159 
2259	21 
2260	123 
2261	1 21 29 46 47 53 63 142 
2262	43 
2263	61 
2264	30 
2265	21 
2266	44 
2267	149 
2268	15 
2269	15 
2270	116 
2271	74 
2272	83 
2273	14 
2274	113 
2275	20 28 41 45 99 104 109 145 
2276	37 
2277	138 
2278	141 
2279	20 21 28 83 102 121 127 158 
2280	83 
2281	59 
2282	30 
2283	162 
2284	118 
2285	10 68 85 89 116 117 137 152 
2286	144 
2287	72 
2288	13 
2289	21 
2290	110 
2291	12 35 63 101 116 118 126 141 
2292	63 
2293	117 
2294	158 
2295	88 
2296	56 
2297	34 
2298	6 18 44 58 61 82 141 154 
2299	11 
2300	167 
2301	146 
2302	18 
2303	79 
2304	147 
2305	164 
2306	122 
2307	62 
2308	107 
2309	43 
2310	165 
2311	125 
2312	58 
2313	111 
2314	100 
2315	31 
2316	63 
2317	77 
2318	56 
2319	44 
2320	163 
2321	166 
2322	72 
2323	114 
2324	2 3 60 80 124 137 141 173 
2325	74 
2326	58 
2327	15 
2328	3 
2329	136 
2330	18 37 65 85 114 133 137 138 
2331	27 
2332	49 
2333	41 
2334	123 
2335	11 38 49 51 56 95 122 157 
2336	102 
2337	112 
2338	121 
2339	25 
2340	154 
2341	135 
2342	139 
2343	140 
2344	167 
2345	161 
2346	30 
2347	94 
2348	6 
2349	56 
2350	115 
2351	33 
2352	87 
2353	31 
2354	16 
2355	8 13 45 55 66 139 154 167 
2356	21 63 66 93 106 110 113 116 
2357	45 58 92 111 123 137 138 167 
2358	166 
2359	121 
2360	53 
2361	53 
2362	107 
2363	53 
2364	14 15 74 95 97 123 160 171 
2365	78 
2366	123 
2367	164 
2368	132 
2369	32 
2370	102 
2371	115 
2372	131 
2373	66 
2374	154 
2375	30 
2376	138 
2377	16 54 83 103 104 142 150 153 
2378	61 
2379	156 
2380	142 
2381	5 
2382	91 
2383	39 
2384	163 
2385	174 
2386	144 
2387	24 31 58 123 131 142 163 164 
2388	67 
2389	43 
2390	110 
2391	25 
2392	41 
2393	87 
2394	146 
2395	61 
2396	57 
2397	42 
2398	52 
2399	55 
2400	55 
2401	129 
2402	162 
2403	166 
2404	19 21 63 85 128 136 149 171 
2405	141 
2406	50 
2407	77 
2408	127 
2409	50 
2410	68 
2411	83 
2412	69 
2413	33 
2414	160 
2415	13 19 38 65 95 104 160 171 
2416	56 
2417	66 
2418	148 
2419	20 
2420	159 
2421	112 
2422	16 
2423	82 
2424	53 
2425	139 
2426	125 
2427	2 50 52 69 85 102 135 166 
2428	23 60 72 73 87 88 95 139 
2429	38 
2430	73 
2431	55 
2432	164 
2433	20 
2434	106 
2435	77 
2436	115 
2437	25 
2438	39 
2439	53 
2440	59 
2441	49 55 70 89 115 121 150 156 
2442	164 
2443	2 19 20 62 89 120 121 164 
2444	59 
2445	79 
2446	117 
2447	85 
2448	82 
2449	64 
2450	49 
2451	107 
2452	14 54 85 112 116 139 158 166 
2453	131 
2454	44 
2455	13 43 50 95 127 137 147 172 
2456	157 
2457	164 
2458	66 
2459	21 
2460	164 
2461	74 
2462	101 
2463	156 
2464	43 
2465	160 
2466	88 
2467	3 9 33 35 55 84 115 131 
2468	118 
2469	118 
2470	32 53 57 103 108 125 130 131 
2471	116 
2472	22 
2473	164 
2474	83 
2475	10 
2476	11 39 78 100 105 106 131 159 
2477	86 
2478	59 
2479	153 
2480	153 
2481	85 
2482	159 
2483	35 
2484	131 
2485	170 
2486	30 
2487	14 
2488	134 
2489	106 
2490	98 
2491	85 
2492	168 
2493	84 
2494	29 34 60 115 118 131 137 174 
2495	142 
2496	33 
2497	128 
2498	2 
2499	3 
2500	115 
2501	31 
2502	159 
2503	158 
2504	6 
2505	107 
2506	61 
2507	105 
2508	80 
2509	88 
2510	174 
2511	100 
2512	150 
2513	34 
2514	117 
2515	21 
2516	65 
2517	47 
2518	37 
2519	89 
2520	75 
2521	11 
2522	13 25 32 61 89 123 132 167 
2523	79 
2524	8 
2525	125 
2526	21 39 43 45 71 76 113 139 
2527	98 
2528	139 
2529	158 
2530	129 
2531	101 
2532	63 
2533	134 
2534	131 
2535	50 
2536	41 
2537	142 
2538	3 30 52 53 70 93 142 168 
2539	45 
2540	71 
2541	53 
2542	48 
2543	55 
2544	52 
2545	172 
2546	58 80 89 115 116 141 158 164 
2547	102 
2548	21 28 69 73 83 98 167 168 
2549	152 
2550	174 
2551	18 
2552	154 
2553	90 
2554	35 
2555	57 
2556	139 
2557	62 
2558	87 
2559	87 
2560	147 
2561	79 
2562	55 
2563	108 
2564	45 
2565	84 
2566	9 
2567	17 30 31 42 77 139 143 146 
2568	29 
2569	69 
2570	115 
2571	64 
2572	137 
2573	89 
2574	121 
2575	31 35 36 80 101 118 137 174 
2576	49 71 90 93 119 125 136 158 
2577	14 
2578	78 
2579	126 
2580	1 
2581	138 
2582	159 
2583	46 47 90 117 118 121 124 129 
2584	56 
2585	71 
2586	52 
2587	62 
2588	37 
2589	80 
2590	105 
2591	62 
2592	19 31 61 67 92 113 115 150 
2593	131 
2594	115 
2595	13 
2596	124 
2597	105 
2598	107 
2599	167 
2600	133 
2601	41 
2602	41 
2603	68 
2604	105 
2605	71 
2606	77 
2607	69 
2608	56 
2609	101 
2610	149 
2611	8 
2612	75 
2613	115 
2614	38 
2615	155 
2616	3 13 70 84 126 150 155 157 
2617	36 
2618	115 
2619	41 
2620	65 
2621	68 
2622	92 
2623	13 
2624	137 
2625	136 
2626	102 
2627	141 
2628	123 
2629	160 
2630	38 
2631	57 
2632	150 
2633	159 
2634	118 
2635	63 
2636	142 
2637	7 12 14 20 28 69 166 171 
2638	24 
2639	45 
2640	104 
2641	110 
2642	125 
2643	50 
2644	131 
2645	118 
2646	95 
2647	42 45 71 74 75 81 84 154 
2648	44 
2649	23 
2650	132 
2651	125 
2652	124 
2653	136 
2654	81 
2655	28 
2656	49 
2657	103 
2658	37 
2659	85 
2660	158 
2661	94 
2662	157 
2663	141 
2664	43 
2665	162 
2666	45 
2667	104 
2668	38 
2669	65 
2670	97 
2671	43 
2672	75 
2673	20 
2674	80 
2675	139 
2676	34 
2677	148 
2678	38 
2679	7 
2680	101 
2681	148 
2682	114 
2683	11 
2684	32 
2685	146 
2686	56 
2687	43 
2688	24 
2689	80 
2690	35 
2691	74 76 89 93 109 113 118 156 
2692	91 
2693	55 
2694	100 
2695	2 60 84 121 135 137 162 163 
2696	161 
2697	2 
2698	89 
2699	36 
2700	41 
2701	31 
2702	48 
2703	5 17 63 71 80 82 146 174 
2704	58 
2705	96 
2706	78 
2707	171 
2708	131 
2709	115 
2710	60 
2711	30 
2712	169 
2713	21 49 54 61 79 95 97 101 
2714	51 
2715	52 
2716	150 
2717	52 59 60 78 106 118 121 161 
2718	21 
2719	145 
2720	151 
2721	91 
2722	41 49 53 78 116 129 160 167 
2723	8 
2724	6 38 50 58 112 115 158 169 
2725	104 
2726	94 
2727	80 
2728	150 
2729	1 
2730	6 
2731	90 
2732	159 
2733	38 
2734	138 
2735	102 
2736	138 
2737	2 
2738	174 
2739	132 
2740	107 
2741	82 
2742	159 
2743	57 
2744	94 
2745	46 
2746	22 
2747	41 
2748	101 
2749	124 
2750	7 
2751	67 
2752	94 
2753	48 
2754	131 
2755	31 
2756	77 
2757	41 
2758	39 
2759	167 
2760	31 
2761	46 
2762	117 
2763	152 
2764	114 
2765	34 
2766	126 
2767	34 42 58 62 70 116 127 158 
2768	40 
2769	84 
2770	96 
2771	147 
2772	57 
2773	51 
2774	164 
2775	40 
2776	42 
2777	85 
2778	143 
2779	164 
2780	84 
2781	15 30 80 103 116 129 169 171 
2782	154 
2783	147 
2784	146 
2785	38 
2786	137 
2787	80 
2788	71 
2789	57 
2790	173 
2791	19 
2792	159 
2793	129 
2794	33 
2795	17 38 52 61 95 148 159 171 
2796	39 
2797	137 
2798	134 
2799	71 
2800	164 
2801	16 
2802	37 
2803	170 
2804	38 
2805	17 19 55 56 122 129 146 165 
2806	134 
2807	118 
2808	31 
2809	49 
2810	93 
2811	29 
2812	166 
2813	49 
2814	71 
2815	44 
2816	21 
2817	61 
2818	84 
2819	109 
2820	40 
2821	14 56 57 61 131 132 150 160 
2822	77 
2823	46 
2824	121 
2825	15 
2826	98 
2827	141 
2828	173 
2829	170 
2830	19 
2831	43 
2832	129 
2833	84 
2834	20 
2835	60 
2836	158 
2837	28 38 49 57 125 129 132 140 
2838	99 
2839	124 
2840	166 
2841	123 
2842	109 
2843	55 
2844	81 
2845	24 50 55 89 94 123 149 151 
2846	108 
2847	42 
2848	21 
2849	46 
2850	3 
2851	14 
2852	80 
2853	7 
2854	71 
2855	54 
2856	18 
2857	121 
2858	114 
2859	57 
2860	72 
2861	152 
2862	46 
2863	33 
2864	139 
2865	127 
2866	18 
2867	15 
2868	41 
2869	145 
2870	75 
2871	35 
2872	71 
2873	34 39 48 51 66 73 79 118 
2874	64 
2875	34 
2876	51 
2877	110 
2878	129 
2879	123 
2880	166 
2881	39 
2882	118 
2883	30 
2884	55 
2885	8 
2886	30 
2887	13 19 38 78 80 107 129 155 
2888	71 
2889	47 
2890	9 
2891	142 
2892	164 
2893	147 
2894	97 
2895	139 
2896	14 
2897	19 
2898	111 
2899	97 
2900	61 
2901	49 
2902	71 
2903	41 
2904	19 
2905	110 
2906	46 
2907	174 
2908	60 
2909	78 
2910	139 
2911	118 
2912	121 
2913	89 
2914	110 
2915	141 
2916	158 
2917	142 
2918	102 
2919	30 
2920	105 
2921	30 
2922	64 
2923	136 
2924	50 
2925	113 
2926	76 
2927	84 
2928	42 
2929	64 
2930	22 
2931	27 35 64 67 88 129 146 154 
2932	91 
2933	15 
2934	151 
2935	125 
2936	7 
2937	57 
2938	171 
2939	53 
2940	4 49 57 98 115 135 141 172 
2941	23 
2942	7 
2943	30 
2944	137 
2945	165 
2946	53 
2947	60 
2948	142 
2949	125 
2950	69 
2951	46 
2952	58 
2953	49 
2954	10 
2955	114 
2956	173 
2957	89 
2958	158 
2959	141 
2960	130 
2961	75 
2962	5 43 48 85 103 106 126 154 
2963	166 
2964	142 
2965	38 
2966	53 55 78 83 139 142 146 157 
2967	6 7 11 56 126 138 140 154 
2968	46 
2969	7 
2970	162 
2971	43 
2972	37 44 57 66 68 84 116 120 
2973	121 
2974	6 
2975	165 
2976	161 
2977	145 
2978	80 
2979	171 
2980	90 
2981	87 
2982	158 
2983	34 
2984	50 64 78 102 120 122 136 146 
2985	172 
2986	97 
2987	90 
2988	149 
2989	130 
2990	121 
2991	33 
2992	69 
2993	119 
2994	103 
2995	172 
2996	68 
2997	99 
2998	169 
2999	4 11 53 126 131 135 159 172 
3000	17 
3001	72 
3002	21 
3003	36 
3004	88 
3005	10 16 57 75 76 83 105 166 
3006	13 
3007	172 
3008	38 
3009	73 
3010	115 
3011	7 
3012	6 33 34 103 120 136 166 174 
3013	2 
3014	55 
3015	100 
3016	34 
3017	31 
3018	20 
3019	150 
3020	9 
3021	57 
3022	154 
3023	126 
3024	72 
3025	84 
3026	154 
3027	60 97 101 111 121 137 149 159 
3028	97 
3029	67 
3030	171 
3031	88 
3032	118 
3033	60 61 66 81 90 94 122 151 
3034	90 
3035	110 
3036	13 27 112 129 139 147 159 171 
3037	155 
3038	15 35 36 51 60 70 97 106 
3039	59 
3040	56 
3041	14 
3042	151 
3043	44 
3044	62 
3045	27 45 60 84 89 101 128 146 
3046	40 
3047	19 
3048	131 
3049	18 
3050	138 
3051	15 
3052	60 
3053	73 
3054	10 
3055	93 
3056	8 
3057	63 
3058	17 
3059	56 
3060	54 
3061	140 
3062	91 
3063	21 53 75 79 126 147 159 172 
3064	57 
3065	58 
3066	49 
3067	98 
3068	28 35 43 89 104 126 133 153 
3069	164 
3070	68 
3071	115 
3072	123 
3073	143 
3074	121 
3075	144 
3076	45 
3077	30 
3078	64 
3079	115 
3080	1 46 58 64 74 150 164 171 
3081	37 
3082	5 62 71 107 115 155 168 172 
3083	88 
3084	84 
3085	34 
3086	169 
3087	5 
3088	18 
3089	86 
3090	52 
3091	59 
3092	132 
3093	159 
3094	88 
3095	138 
3096	11 
3097	158 
3098	112 
3099	145 
3100	81 
3101	66 
3102	71 
3103	146 
3104	155 
3105	24 
3106	152 
3107	171 
3108	24 
3109	15 
3110	78 
3111	57 
3112	132 
3113	137 
3114	44 
3115	115 
3116	112 
3117	5 31 38 41 53 106 120 146 
3118	21 
3119	108 
3120	170 
3121	119 
3122	31 
3123	166 
3124	5 
3125	49 
3126	30 
3127	71 
3128	94 
3129	71 
3130	31 
3131	121 
3132	121 
3133	85 
3134	137 
3135	21 
3136	37 
3137	60 
3138	121 
3139	64 
3140	21 
3141	158 
3142	83 
3143	70 
3144	132 
3145	13 14 58 80 85 90 106 125 
3146	45 
3147	19 29 32 38 45 119 121 159 
3148	45 
3149	44 
3150	133 
3151	41 
3152	5 25 80 89 121 130 162 170 
3153	149 
3154	168 
3155	125 
3156	101 
3157	83 
3158	137 
3159	122 
3160	19 
3161	137 
3162	62 
3163	17 
3164	36 
3165	103 
3166	13 
3167	14 
3168	55 
3169	75 
3170	149 
3171	30 41 53 55 84 92 103 115 
3172	108 
3173	163 
3174	150 
3175	46 
3176	64 
3177	77 
3178	61 
3179	118 
3180	91 
3181	105 
3182	35 45 53 103 113 136 150 172 
3183	36 
3184	107 
3185	55 
3186	102 
3187	28 
3188	156 
3189	102 
3190	19 
3191	67 77 97 114 118 132 134 136 
3192	36 
3193	85 
3194	9 13 53 91 115 142 154 159 
3195	9 84 112 136 148 157 162 166 
3196	14 34 45 55 85 122 137 141 
3197	82 
3198	54 
3199	34 
3200	49 69 84 85 112 122 166 167 
3201	159 
3202	34 49 52 60 100 102 132 144 
3203	166 
3204	53 
3205	152 
3206	39 
3207	46 
3208	116 
3209	2 42 90 110 113 115 139 153 
3210	136 
3211	112 
3212	90 
3213	76 
3214	38 
3215	162 
3216	82 
3217	59 
3218	108 
3219	21 23 54 64 69 90 172 174 
3220	50 
3221	170 
3222	163 
3223	20 
3224	110 
3225	35 
3226	54 
3227	166 
3228	31 38 39 112 117 118 125 134 
3229	116 
3230	115 
3231	85 
3232	154 
3233	19 
3234	109 
3235	59 
3236	31 61 71 88 105 111 156 163 
3237	141 
3238	150 
3239	5 13 21 22 61 64 118 120 
3240	45 
3241	21 
3242	156 
3243	154 
3244	28 
3245	84 
3246	144 
3247	46 53 78 81 103 119 137 155 
3248	61 
3249	71 
3250	55 
3251	28 
3252	30 
3253	88 
3254	17 
3255	30 
3256	45 50 55 84 111 121 129 140 
3257	64 
3258	166 
3259	12 21 27 46 60 68 146 153 
3260	1 
3261	37 
3262	56 
3263	2 8 79 89 101 107 168 174 
3264	116 
3265	161 
3266	53 58 65 82 108 117 131 154 
3267	104 
3268	31 
3269	69 
3270	151 
3271	9 34 35 50 56 72 86 120 
3272	98 
3273	34 35 45 82 96 125 155 166 
3274	31 
3275	49 
3276	56 
3277	60 
3278	166 
3279	112 
3280	52 
3281	119 
3282	135 
3283	45 
3284	70 
3285	102 
3286	97 
3287	1 44 51 61 97 133 150 163 
3288	66 
3289	91 
3290	69 74 75 85 115 127 166 167 
3291	72 
3292	15 58 106 110 112 136 147 159 
3293	58 
3294	171 
3295	125 
3296	72 
3297	38 
3298	19 
3299	34 
3300	97 
3301	159 
3302	130 
3303	23 
3304	122 
3305	50 
3306	92 
3307	85 
3308	138 
3309	33 
3310	47 
3311	15 
3312	104 
3313	3 
3314	18 
3315	102 
3316	80 
3317	129 
3318	22 
3319	157 
3320	90 
3321	31 
3322	16 
3323	11 30 38 55 78 107 167 174 
3324	102 
3325	121 
3326	35 53 56 68 71 88 139 140 
3327	38 
3328	147 
3329	8 
3330	31 
3331	21 
3332	112 
3333	21 
3334	15 
3335	51 
3336	139 
3337	139 
3338	52 
3339	137 
3340	108 
3341	36 
3342	50 
3343	88 
3344	150 
3345	167 
3346	137 
3347	137 
3348	167 
3349	141 
3350	174 
3351	41 
3352	152 
3353	95 
3354	37 
3355	5 16 45 80 137 141 151 164 
3356	85 
3357	136 
3358	46 
3359	2 38 41 56 118 125 141 147 
3360	15 23 90 98 129 136 166 171 
3361	167 
3362	167 
3363	130 
3364	80 
3365	125 
3366	54 
3367	15 
3368	87 
3369	138 
3370	15 
3371	39 
3372	142 
3373	169 
3374	152 
3375	45 
3376	156 
3377	60 122 132 133 138 151 166 167 
3378	118 
3379	50 
3380	84 
3381	129 
3382	61 
3383	21 
3384	23 30 43 46 63 112 139 163 
3385	126 
3386	134 
3387	64 
3388	17 26 71 81 84 118 158 165 
3389	164 
3390	81 
3391	21 
3392	142 
3393	146 
3394	34 46 86 107 126 137 155 167 
3395	68 
3396	141 
3397	162 
3398	18 66 90 103 104 113 126 154 
3399	145 
3400	109 
3401	137 
3402	128 
3403	5 
3404	20 28 49 52 64 90 101 136 
3405	145 
3406	84 
3407	137 
3408	45 
3409	137 
3410	71 
3411	85 
3412	142 
3413	53 
3414	53 
3415	159 
3416	30 56 66 91 116 124 149 158 
3417	58 
3418	80 
3419	8 
3420	70 
3421	96 
3422	105 
3423	58 
3424	59 
3425	76 
3426	41 
3427	60 
3428	76 
3429	146 
3430	59 
3431	28 
3432	46 
3433	154 
3434	157 
3435	88 
3436	98 
3437	167 
3438	13 
3439	46 
3440	107 
3441	61 
3442	118 
3443	35 
3444	162 
3445	3 
3446	127 
3447	16 
3448	133 
3449	46 
3450	31 41 43 113 125 140 167 171 
3451	118 
3452	98 
3453	163 
3454	7 
3455	21 
3456	38 
3457	32 
3458	142 
3459	169 
3460	106 
3461	60 
3462	154 
3463	75 
3464	169 
3465	94 
3466	50 
3467	57 
3468	44 
3469	2 17 26 59 84 115 121 169 
3470	46 
3471	141 
3472	168 
3473	21 38 64 96 107 118 157 166 
3474	140 
3475	117 
3476	106 
3477	3 
3478	3 
3479	136 
3480	159 
3481	45 
3482	18 
3483	164 
3484	76 
3485	104 
3486	135 
3487	88 
3488	35 
3489	15 
3490	142 
3491	146 
3492	89 
3493	68 
3494	155 
3495	140 
3496	16 
3497	72 
3498	173 
3499	57 
3500	14 
3501	13 
3502	122 
3503	158 
3504	51 69 73 136 140 142 149 164 
3505	21 
3506	51 
3507	2 5 13 50 71 74 107 161 
3508	48 
3509	154 
3510	15 
3511	46 
3512	162 
3513	46 49 60 107 108 110 116 140 
3514	166 
3515	2 
3516	26 
3517	19 
3518	166 
3519	154 
3520	155 
3521	161 
3522	89 
3523	55 
3524	27 
3525	13 15 18 37 43 45 115 131 
3526	11 21 33 75 90 112 118 125 
3527	88 
3528	149 
3529	4 13 43 45 59 72 79 85 
3530	121 
3531	76 
3532	44 
3533	80 
3534	55 
3535	107 
3536	168 
3537	49 
3538	62 
3539	2 4 13 45 49 87 130 134 
3540	157 
3541	25 
3542	53 
3543	95 
3544	6 21 32 72 77 109 149 154 
3545	5 46 50 66 92 118 123 170 
3546	21 
3547	143 
3548	136 
3549	56 
3550	156 
3551	93 
3552	55 
3553	156 
3554	23 
3555	139 
3556	25 
3557	142 
3558	64 
3559	3 
3560	21 
3561	85 
3562	118 
3563	102 
3564	34 
3565	152 
3566	41 
3567	52 
3568	104 
3569	66 
3570	75 
3571	102 
3572	61 
3573	154 
3574	152 
3575	28 
3576	90 
3577	145 
3578	57 
3579	13 
3580	15 
3581	23 51 85 111 139 158 159 171 
3582	106 
3583	69 
3584	127 
3585	71 
3586	136 
3587	21 31 41 75 105 118 160 163 
3588	28 
3589	49 
3590	172 
3591	21 51 53 76 97 112 129 166 
3592	6 
3593	156 
3594	158 
3595	19 
3596	32 
3597	18 
3598	66 
3599	142 
3600	53 
3601	70 
3602	75 
3603	142 
3604	109 
3605	35 
3606	19 
3607	166 
3608	114 
3609	155 
3610	85 
3611	32 
3612	69 
3613	63 
3614	139 
3615	102 
3616	11 
3617	84 
3618	17 23 46 108 110 113 120 138 
3619	145 
3620	116 
3621	156 
3622	154 
3623	162 
3624	6 
3625	120 
3626	61 
3627	8 15 51 63 121 150 159 171 
3628	21 28 30 58 63 121 136 156 
3629	12 76 101 102 129 149 161 164 
3630	4 
3631	153 
3632	18 
3633	37 
3634	17 
3635	17 
3636	118 
3637	13 
3638	84 
3639	63 
3640	127 
3641	167 
3642	63 
3643	69 
3644	16 
3645	58 
3646	166 
3647	32 
3648	74 
3649	140 
3650	172 
3651	46 
3652	14 
3653	3 5 10 31 43 55 98 138 
3654	5 
3655	122 
3656	152 
3657	149 
3658	15 
3659	13 15 35 36 45 59 118 150 
3660	38 
3661	159 
3662	77 
3663	21 
3664	28 35 36 71 72 84 140 166 
3665	50 
3666	9 
3667	15 60 92 126 131 147 162 174 
3668	82 
3669	126 
3670	73 
3671	146 
3672	43 
3673	7 69 106 136 137 150 165 174 
3674	129 
3675	28 
3676	45 
3677	58 
3678	172 
3679	71 
3680	127 
3681	5 
3682	41 
3683	53 
3684	56 
3685	163 
3686	41 
3687	107 
3688	124 
3689	74 
3690	158 
3691	68 
3692	46 
3693	75 
3694	90 
3695	17 
3696	4 
3697	80 
3698	71 
3699	91 
3700	27 
3701	144 
3702	91 
3703	77 
3704	7 
3705	11 
3706	161 
3707	75 
3708	137 
3709	66 
3710	84 
3711	140 
3712	170 
3713	124 
3714	61 
3715	147 
3716	119 
3717	107 
3718	174 
3719	20 34 45 88 107 110 139 166 
3720	82 
3721	58 
3722	172 
3723	84 
3724	36 
3725	19 
3726	171 
3727	126 
3728	41 
3729	144 
3730	63 
3731	77 
3732	115 
3733	109 
3734	132 
3735	16 
3736	142 
3737	30 
3738	155 
3739	43 
3740	51 
3741	156 
3742	19 
3743	19 41 129 130 146 149 155 171 
3744	89 
3745	106 
3746	41 
3747	46 70 77 114 116 137 150 164 
3748	61 
3749	8 29 56 79 116 155 156 167 
3750	115 
3751	84 
3752	21 
3753	139 
3754	78 
3755	72 
3756	55 
3757	21 
3758	53 56 66 96 115 160 164 166 
3759	48 
3760	32 
3761	166 
3762	22 
3763	6 13 57 61 74 85 103 129 
3764	76 
3765	83 
3766	13 
3767	64 
3768	137 
3769	65 
3770	160 
3771	15 
3772	38 
3773	40 
3774	39 
3775	93 
3776	75 
3777	2 
3778	121 
3779	16 
3780	74 
3781	103 
3782	2 3 17 19 71 72 82 103 
3783	137 
3784	117 
3785	38 
3786	96 
3787	80 
3788	74 
3789	9 17 21 40 47 53 66 151 
3790	5 
3791	61 
3792	12 
3793	165 
3794	85 
3795	98 
3796	168 
3797	23 26 31 72 93 139 146 166 
3798	85 
3799	85 
3800	159 
3801	19 
3802	105 
3803	78 
3804	123 
3805	162 
3806	78 
3807	9 
3808	158 
3809	135 
3810	79 
3811	14 
3812	19 
3813	162 
3814	89 
3815	43 
3816	56 
3817	125 
3818	57 
3819	91 
3820	86 
3821	99 
3822	19 
3823	104 
3824	136 
3825	45 46 49 52 72 84 97 161 
3826	96 
3827	73 
3828	25 
3829	50 
3830	12 
3831	124 
3832	45 
3833	148 
3834	98 
3835	30 
3836	80 
3837	104 
3838	31 
3839	126 
3840	56 
3841	13 
3842	155 
3843	19 38 46 74 75 121 168 172 
3844	30 
3845	140 
3846	63 
3847	35 
3848	112 
3849	9 10 53 85 115 116 136 149 
3850	90 
3851	1 
3852	79 
3853	31 
3854	155 
3855	71 
3856	33 
3857	90 
3858	84 
3859	17 
3860	32 
3861	7 8 38 69 73 108 109 142 
3862	11 
3863	150 
3864	53 
3865	53 
3866	108 
3867	50 
3868	15 
3869	33 59 66 135 137 140 145 146 
3870	32 35 46 56 103 121 152 165 
3871	7 16 53 94 103 107 112 150 
3872	106 
3873	7 
3874	118 
3875	115 
3876	38 53 61 63 69 79 121 130 
3877	164 
3878	95 
3879	150 
3880	86 
3881	149 
3882	107 
3883	10 
3884	15 
3885	45 
3886	3 13 53 80 82 92 134 157 
3887	59 
3888	141 
3889	19 
3890	13 
3891	42 
3892	81 
3893	15 
3894	128 
3895	41 
3896	102 
3897	116 
3898	112 
3899	167 
3900	150 
3901	64 
3902	15 
3903	35 
3904	46 
3905	30 
3906	167 
3907	46 
3908	38 
3909	170 
3910	14 
3911	3 5 38 45 102 129 135 141 
3912	71 
3913	79 
3914	171 
3915	125 
3916	55 
3917	90 
3918	31 
3919	117 
3920	73 
3921	107 
3922	99 
3923	148 
3924	72 
3925	105 
3926	108 
3927	120 
3928	45 
3929	72 
3930	150 
3931	74 
3932	47 
3933	5 25 38 69 80 88 112 169 
3934	42 
3935	11 
3936	116 
3937	91 
3938	112 
3939	48 
3940	111 
3941	51 
3942	149 
3943	139 
3944	14 48 66 98 122 136 142 147 
3945	22 84 119 122 123 146 162 166 
3946	83 
3947	122 
3948	112 
3949	55 
3950	10 
3951	34 51 62 101 103 111 115 163 
3952	161 
3953	75 
3954	69 
3955	79 
3956	167 
3957	121 
3958	5 
3959	32 
3960	115 
3961	13 47 52 54 106 117 121 130 
3962	104 
3963	137 
3964	134 
3965	85 
3966	33 
3967	106 
3968	53 
3969	47 
3970	168 
3971	118 
3972	174 
3973	114 
3974	32 
3975	14 
3976	37 
3977	116 
3978	135 
3979	5 
3980	43 
3981	136 
3982	134 
3983	103 
3984	134 
3985	41 
3986	71 
3987	46 
3988	136 
3989	66 
3990	108 
3991	117 
3992	97 
3993	88 
3994	83 
3995	16 
3996	141 
3997	131 
3998	11 
3999	106 
4000	32 41 42 55 60 76 77 171 
4001	108 
4002	110 
4003	15 
4004	87 
4005	159 
4006	32 
4007	55 
4008	31 
4009	14 15 34 46 49 95 102 142 
4010	102 
4011	163 
4012	164 
4013	14 
4014	7 9 47 53 67 94 123 129 
4015	111 
4016	172 
4017	111 
4018	65 
4019	36 
4020	32 
4021	149 
4022	3 
4023	166 
4024	139 
4025	118 
4026	16 
4027	25 
4028	107 
4029	61 
4030	123 
4031	56 
4032	86 
4033	54 
4034	96 
4035	80 
4036	80 
4037	166 
4038	48 
4039	141 
4040	26 
4041	125 
4042	150 
4043	104 
4044	96 
4045	61 
4046	110 
4047	52 
4048	166 
4049	12 
4050	8 
4051	172 
4052	130 
4053	24 
4054	77 
4055	27 
4056	88 
4057	129 
4058	122 
4059	154 
4060	54 
4061	55 
4062	159 
4063	112 
4064	139 
4065	58 
4066	57 
4067	121 
4068	22 43 56 85 90 109 126 161 
4069	34 39 88 104 106 137 146 172 
4070	17 44 88 103 108 124 125 140 
4071	129 
4072	171 
4073	61 
4074	82 
4075	131 
4076	145 
4077	14 
4078	26 
4079	160 
4080	17 
4081	58 
4082	174 
4083	65 
4084	107 
4085	29 
4086	41 
4087	33 
4088	128 
4089	5 55 92 115 117 137 150 154 
4090	19 
4091	59 
4092	61 
4093	82 
4094	115 
4095	11 34 61 86 87 89 110 131 
4096	61 
4097	129 
4098	169 
4099	7 
4100	69 75 80 81 91 125 131 144 
4101	168 
4102	8 18 21 32 37 50 82 148 
4103	147 
4104	139 
4105	53 
4106	150 
4107	90 
4108	6 
4109	44 
4110	158 
4111	65 
4112	138 
4113	45 
4114	114 
4115	163 
4116	30 
4117	81 
4118	50 
4119	160 
4120	126 
4121	99 
4122	166 
4123	28 
4124	112 
4125	5 
4126	125 
4127	60 
4128	80 
4129	64 
4130	15 
4131	48 
4132	49 
4133	146 
4134	85 
4135	61 
4136	101 
4137	171 
4138	56 
4139	43 
4140	13 
4141	38 
4142	140 
4143	62 
4144	1 
4145	71 
4146	72 
4147	154 
4148	167 
4149	16 
4150	84 
4151	15 
4152	54 
4153	44 47 52 55 119 129 144 160 
4154	28 
4155	124 
4156	38 51 56 118 126 142 145 151 
4157	24 75 117 125 138 147 162 170 
4158	102 
4159	84 
4160	160 
4161	167 
4162	122 
4163	114 
4164	13 
4165	19 
4166	39 41 44 53 60 92 102 139 
4167	22 
4168	5 
4169	1 
4170	9 30 94 103 109 142 145 169 
4171	158 
4172	71 
4173	33 
4174	69 
4175	63 
4176	76 
4177	19 34 99 102 137 147 154 164 
4178	57 
4179	173 
4180	137 
4181	103 
4182	106 
4183	72 
4184	124 
4185	8 
4186	21 23 61 86 93 144 164 171 
4187	106 
4188	110 
4189	83 
4190	45 
4191	61 
4192	65 
4193	50 
4194	46 
4195	157 
4196	84 
4197	31 
4198	50 
4199	148 
4200	110 
4201	137 
4202	71 
4203	106 
4204	55 
4205	4 53 78 100 107 129 148 159 
4206	38 
4207	172 
4208	83 
4209	110 
4210	30 
4211	28 
4212	71 
4213	76 
4214	75 
4215	155 
4216	40 
4217	132 
4218	136 
4219	162 
4220	102 
4221	15 29 45 76 99 111 126 133 
4222	1 
4223	119 
4224	46 
4225	87 
4226	103 
4227	60 
4228	111 
4229	125 
4230	146 
4231	147 
4232	10 
4233	162 
4234	131 
4235	55 
4236	11 31 60 103 117 139 154 164 
4237	72 
4238	92 
4239	82 
4240	83 
4241	149 
4242	19 
4243	28 34 38 106 122 151 158 172 
4244	11 45 66 67 100 122 146 156 
4245	146 
4246	63 
4247	26 
4248	51 
4249	129 
4250	87 
4251	118 
4252	141 
4253	86 
4254	149 
4255	34 
4256	43 
4257	72 
4258	13 
4259	141 
4260	121 
4261	59 
4262	139 
4263	74 
4264	62 
4265	74 
4266	14 59 60 79 110 117 128 160 
4267	146 
4268	63 
4269	154 
4270	96 
4271	6 15 22 40 121 125 128 166 
4272	32 
4273	95 
4274	171 
4275	158 
4276	118 
4277	154 
4278	19 
4279	35 76 88 103 107 121 153 156 
4280	16 
4281	133 
4282	132 
4283	171 
4284	68 
4285	14 
4286	104 
4287	16 
4288	34 
4289	79 
4290	172 
4291	105 
4292	64 
4293	139 
4294	76 
4295	40 
4296	131 
4297	15 
4298	136 
4299	84 
4300	146 
4301	58 
4302	158 
4303	34 
4304	9 38 44 66 80 104 164 169 
4305	3 
4306	158 
4307	122 
4308	107 
4309	153 
4310	75 
4311	115 
4312	12 
4313	62 
4314	69 
4315	41 
4316	56 66 85 111 112 113 114 123 
4317	157 
4318	115 
4319	75 
4320	74 
4321	46 
4322	15 51 106 107 114 131 136 157 
4323	142 
4324	89 
4325	174 
4326	7 
4327	3 
4328	71 
4329	69 
4330	143 
4331	102 
4332	41 
4333	150 
4334	85 
4335	28 
4336	15 33 63 88 109 139 147 149 
4337	29 
4338	84 
4339	82 
4340	13 
4341	131 
4342	35 38 59 68 116 127 139 163 
4343	21 
4344	174 
4345	26 31 33 53 110 140 154 158 
4346	153 
4347	158 
4348	72 
4349	118 
4350	30 
4351	19 
4352	1 7 16 17 78 91 139 150 
4353	38 
4354	49 
4355	5 
4356	56 
4357	80 
4358	164 
4359	122 
4360	121 
4361	77 
4362	140 
4363	64 
4364	69 
4365	17 45 55 109 128 142 166 167 
4366	17 38 48 128 129 146 160 166 
4367	84 
4368	171 
4369	55 
4370	131 
4371	69 
4372	67 
4373	38 
4374	126 
4375	151 
4376	19 
4377	137 
4378	71 
4379	121 
4380	43 
4381	83 
4382	38 
4383	2 18 25 45 59 76 122 139 
4384	75 
4385	95 
4386	163 
4387	7 16 28 50 52 80 164 165 
4388	141 
4389	91 
4390	112 
4391	137 
4392	23 
4393	73 
4394	115 
4395	72 
4396	84 
4397	16 
4398	139 
4399	3 30 34 35 92 93 116 174 
4400	115 
4401	139 
4402	104 
4403	65 
4404	22 
4405	136 
4406	121 
4407	135 
4408	34 
4409	45 48 69 105 129 139 159 165 
4410	166 
4411	105 
4412	158 
4413	167 
4414	43 45 56 57 83 89 151 169 
4415	17 
4416	92 
4417	106 
4418	94 
4419	141 
4420	154 
4421	11 
4422	53 
4423	55 
4424	49 
4425	118 
4426	71 
4427	61 
4428	115 
4429	7 
4430	90 
4431	139 
4432	131 
4433	8 45 65 66 79 82 137 167 
4434	107 
4435	27 
4436	19 48 53 114 158 159 160 171 
4437	10 
4438	64 
4439	35 53 63 79 121 144 146 170 
4440	9 
4441	69 
4442	17 
4443	6 
4444	121 
4445	13 
4446	32 71 72 90 102 103 109 160 
4447	155 
4448	125 
4449	48 
4450	163 
4451	15 
4452	84 
4453	115 
4454	143 
4455	17 
4456	18 38 96 100 121 133 161 164 
4457	154 
4458	49 
4459	71 
4460	172 
4461	85 
4462	5 
4463	121 
4464	32 
4465	34 
4466	123 
4467	27 
4468	2 
4469	44 
4470	65 
4471	95 
4472	70 
4473	14 55 80 102 108 116 138 143 
4474	166 
4475	16 79 85 101 117 121 139 158 
4476	44 
4477	73 
4478	5 
4479	103 
4480	166 
4481	157 
4482	21 35 66 79 107 145 158 160 
4483	131 
4484	121 
4485	55 
4486	93 
4487	46 
4488	138 
4489	69 
4490	40 
4491	142 
4492	71 
4493	36 
4494	123 
4495	44 
4496	154 
4497	53 
4498	158 
4499	162 
4500	139 
4501	17 21 28 32 68 85 90 147 
4502	15 
4503	88 
4504	45 
4505	82 
4506	106 
4507	17 
4508	76 
4509	171 
4510	107 
4511	69 
4512	3 30 45 53 88 130 139 148 
4513	85 
4514	158 
4515	141 
4516	30 
4517	16 
4518	64 
4519	32 
4520	82 
4521	10 
4522	164 
4523	137 
4524	69 
4525	14 38 43 55 112 118 137 152 
4526	61 
4527	33 
4528	51 
4529	131 
4530	82 
4531	19 
4532	38 
4533	116 
4534	132 
4535	16 
4536	162 
4537	108 
4538	35 
4539	89 
4540	160 
4541	57 
4542	140 
4543	61 
4544	3 67 74 121 131 132 141 162 
4545	123 
4546	149 
4547	34 
4548	81 
4549	138 
4550	60 
4551	162 
4552	137 
4553	136 
4554	30 
4555	126 
4556	68 
4557	122 
4558	104 
4559	170 
4560	48 
4561	163 
4562	105 
4563	15 
4564	35 64 71 110 115 143 161 168 
4565	110 
4566	115 
4567	161 
4568	123 
4569	90 
4570	30 
4571	49 
4572	14 
4573	21 
4574	88 
4575	169 
4576	172 
4577	103 
4578	56 
4579	54 
4580	13 
4581	6 
4582	66 
4583	30 
4584	117 
4585	112 
4586	59 
4587	165 
4588	59 
4589	16 25 75 83 84 122 149 171 
4590	75 
4591	84 
4592	115 
4593	57 
4594	61 
4595	34 
4596	98 
4597	150 
4598	107 
4599	166 
4600	139 
4601	154 
4602	1 2 11 57 61 88 127 138 
4603	64 
4604	173 
4605	63 
4606	22 
4607	11 
4608	85 
4609	117 
4610	79 
4611	117 
4612	21 
4613	14 
4614	142 
4615	112 
4616	88 
4617	54 
4618	98 
4619	7 35 53 94 107 110 114 125 
4620	138 
4621	107 
4622	106 
4623	115 
4624	163 
4625	163 
4626	80 
4627	171 
4628	141 
4629	50 
4630	12 28 75 97 121 125 160 172 
4631	71 
4632	147 
4633	105 
4634	16 69 89 102 103 112 140 166 
4635	53 
4636	141 
4637	71 
4638	56 
4639	154 
4640	110 
4641	19 
4642	83 
4643	150 
4644	64 
4645	129 
4646	61 
4647	107 
4648	45 
4649	59 
4650	56 
4651	169 
4652	42 69 70 91 109 136 138 166 
4653	83 
4654	17 
4655	2 24 44 53 67 68 129 156 
4656	107 
4657	88 
4658	17 20 48 64 81 105 121 137 
4659	22 
4660	138 
4661	17 49 83 85 98 101 118 122 
4662	137 
4663	51 
4664	86 
4665	15 
4666	147 
4667	131 
4668	129 
4669	152 
4670	146 
4671	116 
4672	146 
4673	136 
4674	139 
4675	123 
4676	13 
4677	137 
4678	134 
4679	53 
4680	51 
4681	142 
4682	167 
4683	2 6 22 43 55 86 97 151 
4684	137 
4685	45 
4686	148 
4687	136 
4688	156 
4689	146 
4690	57 
4691	142 
4692	63 
4693	10 
4694	75 
4695	50 
4696	142 
4697	151 
4698	1 
4699	85 
4700	172 
4701	161 
4702	102 
4703	148 
4704	53 
4705	11 
4706	136 
4707	8 
4708	28 
4709	18 
4710	21 
4711	66 
4712	31 
4713	21 
4714	129 
4715	103 
4716	66 70 80 102 115 118 162 167 
4717	21 
4718	166 
4719	64 
4720	85 
4721	129 
4722	5 
4723	141 
4724	152 
4725	46 
4726	32 63 70 80 136 157 166 173 
4727	95 
4728	58 
4729	15 47 83 84 113 128 129 131 
4730	79 
4731	106 
4732	43 
4733	107 
4734	129 
4735	66 
4736	15 21 45 50 90 138 151 171 
4737	92 
4738	67 
4739	104 
4740	171 
4741	158 
4742	38 
4743	104 
4744	152 
4745	117 
4746	59 
4747	132 
4748	58 89 90 92 107 108 114 123 
4749	106 
4750	64 
4751	41 47 69 73 82 102 161 166 
4752	14 19 21 80 84 85 148 166 
4753	37 
4754	155 
4755	66 
4756	142 
4757	118 
4758	53 56 60 129 135 136 138 145 
4759	155 
4760	3 
4761	17 32 46 83 91 123 139 154 
4762	30 
4763	15 26 41 52 95 123 168 171 
4764	121 
4765	37 
4766	137 
4767	41 
4768	81 
4769	4 26 98 121 144 146 154 172 
4770	75 
4771	98 
4772	34 
4773	43 
4774	47 
4775	130 
4776	121 
4777	79 
4778	92 
4779	89 
4780	53 
4781	69 
4782	7 
4783	122 
4784	150 
4785	11 14 47 54 58 112 115 138 
4786	9 29 64 84 85 129 150 166 
4787	102 
4788	50 
4789	108 
4790	7 45 47 67 101 139 149 152 
4791	51 
4792	13 43 52 79 120 132 144 163 
4793	83 
4794	88 
4795	85 
4796	114 
4797	7 
4798	44 
4799	91 
4800	152 
4801	7 8 9 66 160 162 171 172 
4802	158 
4803	83 
4804	58 
4805	118 
4806	47 
4807	131 
4808	18 
4809	46 
4810	5 
4811	4 
4812	142 
4813	8 
4814	131 
4815	129 
4816	56 
4817	38 
4818	172 
4819	141 
4820	21 
4821	156 
4822	84 
4823	53 
4824	21 
4825	80 
4826	158 
4827	64 
4828	103 
4829	13 19 28 53 78 131 142 158 
4830	51 
4831	30 
4832	8 
4833	81 
4834	80 
4835	9 16 34 38 46 115 147 163 
4836	88 
4837	64 
4838	15 
4839	158 
4840	167 
4841	15 82 107 118 142 146 158 169 
4842	88 
4843	142 
4844	55 
4845	85 
4846	110 
4847	38 
4848	110 
4849	61 
4850	172 
4851	149 
4852	80 
4853	3 
4854	60 
4855	11 13 44 88 110 113 121 148 
4856	139 
4857	162 
4858	17 43 50 60 78 129 136 166 
4859	11 34 47 60 90 142 157 171 
4860	47 
4861	137 
4862	138 
4863	172 
4864	166 
4865	121 
4866	142 
4867	72 
4868	61 
4869	71 
4870	30 54 69 85 92 131 139 150 
4871	71 
4872	162 
4873	166 
4874	58 
4875	83 
4876	142 
4877	123 
4878	52 
4879	138 
4880	56 
4881	82 
4882	84 
4883	6 11 21 30 60 96 100 160 
4884	66 
4885	162 
4886	92 
4887	45 
4888	21 
4889	121 
4890	17 
4891	84 
4892	104 
4893	90 
4894	72 
4895	5 18 33 142 150 163 167 170 
4896	34 
4897	129 
4898	65 66 111 131 140 145 146 155 
4899	85 
4900	112 
4901	64 
4902	101 
4903	125 
4904	103 
4905	158 
4906	14 
4907	171 
4908	51 
4909	158 
4910	101 
4911	126 
4912	56 
4913	45 
4914	122 
4915	110 
4916	60 
4917	52 
4918	19 
4919	5 
4920	139 
4921	4 32 80 90 126 134 142 167 
4922	141 
4923	164 
4924	82 
4925	14 24 29 31 89 108 115 118 
4926	46 
4927	167 
4928	21 38 89 104 105 118 131 171 
4929	166 
4930	5 
4931	11 49 53 57 136 142 153 156 
4932	171 
4933	2 
4934	122 
4935	58 
4936	11 69 77 82 114 116 123 131 
4937	28 33 80 97 136 137 140 166 
4938	121 
4939	58 
4940	85 
4941	69 
4942	66 
4943	166 
4944	172 
4945	15 
4946	53 
4947	129 
4948	167 
4949	90 
4950	19 31 58 61 71 85 110 143 
4951	139 
4952	19 69 80 87 121 139 164 167 
4953	89 
4954	157 
4955	72 
4956	75 
4957	6 44 50 60 61 96 123 126 
4958	56 79 122 129 152 164 165 168 
4959	158 
4960	28 45 55 62 90 91 112 134 
4961	141 
4962	19 
4963	85 
4964	17 
4965	16 40 43 50 53 96 110 144 
4966	50 
4967	142 
4968	115 
4969	123 
4970	69 
4971	38 
4972	154 
4973	60 
4974	38 
4975	17 
4976	17 
4977	80 
4978	162 
4979	49 
4980	53 
4981	55 
4982	131 
4983	19 91 96 128 150 154 161 162 
4984	129 
4985	167 
4986	55 
4987	44 
4988	14 
4989	106 
4990	166 
4991	45 
4992	126 
4993	12 16 17 43 49 85 138 142 
4994	13 
4995	122 
4996	121 
4997	103 
4998	167 
4999	162 
5000	66 
