1	19 
2	14 
3	29 
4	64 
5	1 4 12 34 35 40 60 65 
6	51 
7	29 
8	65 
9	63 
10	14 
11	21 
12	41 
13	28 
14	28 
15	1 
16	6 8 9 15 27 35 44 54 
17	11 16 18 21 22 50 52 65 
18	14 
19	15 16 21 42 43 50 55 56 
20	33 
21	66 
22	41 
23	62 
24	12 
25	19 
26	51 
27	40 
28	45 
29	50 
30	20 
31	9 
32	32 
33	12 
34	15 
35	24 
36	47 
37	24 
38	1 14 21 26 27 37 50 65 
39	24 
40	27 
41	25 
42	10 
43	42 
44	65 
45	34 
46	21 22 29 34 43 47 53 61 
47	27 
48	53 
49	4 
50	3 
51	61 
52	11 
53	4 
54	8 
55	26 
56	11 18 33 40 44 48 49 65 
57	5 7 9 18 22 38 44 53 
58	7 
59	18 22 29 33 43 51 52 55 
60	41 
61	28 
62	36 
63	21 
64	15 
65	7 
66	38 
67	19 
68	6 7 10 15 28 29 39 49 
69	18 
70	38 
71	23 
72	58 
73	1 
74	15 
75	17 
76	4 
77	54 
78	57 
79	60 
80	39 
81	28 
82	37 
83	38 
84	21 
85	26 
86	44 
87	55 
88	6 
89	1 22 26 38 42 52 54 61 
90	44 
91	46 
92	7 
93	50 
94	1 
95	29 
96	18 
97	18 
98	52 
99	6 15 16 21 29 32 49 56 
100	56 
101	22 
102	46 
103	5 
104	46 
105	13 
106	2 3 21 22 46 52 64 65 
107	12 
108	34 
109	49 
110	44 
111	1 28 33 35 41 45 49 51 
112	20 
113	21 
114	56 
115	29 
116	19 
117	57 
118	59 
119	3 7 8 14 30 45 53 58 
120	12 
121	47 
122	11 
123	36 
124	60 
125	14 16 19 33 53 54 61 64 
126	28 
127	55 
128	23 
129	6 12 14 15 18 25 43 44 
130	3 
131	10 
132	50 
133	63 
134	21 
135	2 
136	11 18 27 30 40 47 49 55 
137	2 15 16 25 27 45 50 61 
138	38 
139	17 
140	18 
141	54 
142	50 
143	11 
144	4 14 21 25 26 31 50 52 
145	39 
146	6 
147	58 
148	10 
149	11 
150	15 
151	2 17 18 37 44 49 50 57 
152	9 
153	54 
154	11 18 19 22 25 39 44 66 
155	6 
156	45 
157	37 
158	39 
159	32 
160	3 
161	7 
162	20 
163	8 
164	38 
165	13 
166	26 
167	43 
168	42 
169	34 
170	33 
171	9 
172	18 
173	17 
174	21 
175	55 
176	17 
177	22 
178	1 12 18 21 23 25 26 38 
179	65 
180	31 
181	19 
182	65 
183	14 
184	55 
185	16 
186	60 
187	6 9 12 14 23 34 46 51 
188	12 
189	6 7 12 14 15 25 44 66 
190	39 
191	6 9 11 12 27 40 51 65 
192	51 
193	28 
194	51 
195	4 
196	53 
197	49 
198	45 
199	16 
200	37 
201	2 
202	23 
203	22 
204	27 
205	32 
206	43 
207	33 
208	39 
209	52 
210	61 
211	48 
212	34 
213	54 
214	57 
215	3 
216	34 
217	25 
218	8 
219	21 
220	43 
221	6 
222	19 
223	5 
224	47 
225	26 
226	18 
227	19 
228	12 
229	7 
230	23 
231	50 
232	51 
233	59 
234	26 
235	53 
236	7 
237	19 
238	58 
239	28 
240	1 3 5 6 8 28 39 57 
241	21 
242	45 
243	50 
244	6 
245	37 
246	15 
247	30 
248	52 
249	55 
250	45 
251	51 
252	12 15 16 17 18 21 38 53 
253	1 
254	23 
255	15 30 34 42 43 60 63 65 
256	28 
257	50 
258	49 
259	31 
260	35 
261	44 
262	35 
263	26 
264	10 12 31 33 45 49 61 62 
265	42 
266	21 
267	41 
268	45 
269	15 
270	26 
271	12 
272	11 
273	18 
274	11 
275	45 
276	17 
277	60 
278	36 
279	64 
280	31 
281	7 
282	20 
283	16 
284	6 
285	38 
286	34 
287	33 
288	15 
289	1 
290	60 
291	62 
292	48 
293	50 
294	43 
295	24 
296	6 
297	14 
298	48 
299	33 
300	58 
301	45 
302	28 
303	37 
304	45 
305	45 
306	15 19 22 43 50 51 55 56 
307	45 
308	30 
309	37 
310	15 
311	4 
312	3 14 23 36 37 53 56 63 
313	34 
314	17 
315	65 
316	26 
317	32 
318	47 
319	7 13 21 40 51 53 63 66 
320	6 
321	50 
322	44 
323	39 
324	49 
325	57 
326	14 
327	1 
328	31 
329	18 19 22 30 37 52 55 64 
330	52 
331	6 
332	34 
333	8 
334	14 
335	6 
336	7 
337	63 
338	7 
339	7 11 18 29 31 46 51 64 
340	21 
341	3 
342	23 
343	23 
344	56 
345	10 24 34 43 44 52 53 55 
346	66 
347	34 
348	40 
349	19 
350	25 
351	36 
352	19 
353	11 
354	3 
355	56 
356	23 
357	65 
358	19 
359	29 
360	3 
361	18 
362	12 
363	1 
364	62 
365	15 
366	11 12 13 16 21 22 28 38 
367	16 
368	47 
369	14 
370	48 
371	1 
372	25 
373	58 
374	6 22 29 37 40 51 52 65 
375	28 
376	25 
377	61 
378	33 
379	31 
380	55 
381	14 23 28 29 34 37 49 64 
382	14 
383	32 
384	49 
385	11 
386	19 
387	63 
388	12 
389	38 
390	15 
391	1 
392	4 
393	18 
394	18 
395	29 
396	19 
397	12 
398	55 
399	2 15 37 41 47 52 53 55 
400	21 
401	58 
402	21 
403	33 
404	29 
405	26 
406	43 
407	6 
408	11 19 21 28 30 43 50 52 
409	31 
410	33 
411	9 
412	28 
413	18 
414	49 
415	7 8 9 10 12 29 42 48 
416	61 
417	21 
418	1 
419	25 
420	42 
421	12 
422	37 
423	17 
424	34 
425	29 
426	47 
427	43 
428	26 
429	6 
430	45 
431	52 
432	59 
433	60 
434	4 
435	11 15 20 21 25 35 43 44 
436	50 
437	7 
438	52 
439	11 
440	50 
441	36 
442	28 
443	50 
444	22 
445	44 
446	12 
447	34 
448	26 
449	48 
450	6 
451	47 
452	6 
453	43 
454	37 
455	61 
456	10 
457	57 
458	39 
459	52 
460	54 
461	61 
462	53 
463	7 12 15 33 40 45 58 61 
464	11 12 31 34 41 45 59 64 
465	14 
466	49 
467	55 
468	42 
469	51 
470	37 
471	31 
472	1 5 7 12 36 38 43 52 
473	10 
474	6 
475	34 
476	51 
477	21 
478	34 
479	3 
480	49 
481	48 
482	59 
483	4 7 14 28 29 39 43 49 
484	5 
485	2 
486	63 
487	50 
488	46 
489	28 
490	37 
491	48 
492	57 
493	65 
494	55 
495	18 
496	27 
497	48 
498	43 
499	13 
500	50 
501	33 
502	37 
503	46 
504	14 
505	2 
506	11 
507	25 
508	26 
509	3 
510	33 
511	51 
512	28 
513	63 
514	9 
515	66 
516	44 
517	61 
518	8 9 15 18 20 37 45 63 
519	35 
520	52 
521	58 
522	50 
523	20 
524	33 
525	56 
526	14 18 20 22 34 35 43 52 
527	50 
528	18 
529	7 13 26 37 38 39 45 52 
530	58 
531	33 
532	45 
533	9 
534	52 
535	22 
536	6 
537	15 
538	15 
539	48 
540	54 
541	31 
542	14 
543	59 
544	15 25 26 28 38 53 54 66 
545	34 
546	63 
547	65 
548	51 
549	56 
550	6 18 50 51 52 55 62 66 
551	22 
552	25 
553	41 
554	13 
555	1 
556	43 
557	35 
558	51 
559	49 
560	14 
561	52 
562	11 
563	19 
564	55 
565	13 18 19 29 40 52 54 56 
566	34 
567	55 
568	13 
569	20 
570	45 
571	5 
572	50 
573	33 
574	24 
575	20 
576	25 
577	3 5 7 19 29 42 43 62 
578	64 
579	34 
580	11 
581	9 
582	1 12 20 21 28 31 49 50 
583	18 
584	53 
585	38 
586	20 
587	50 
588	2 25 32 48 50 53 57 65 
589	58 
590	18 
591	24 
592	40 
593	35 
594	33 
595	45 
596	35 
597	61 
598	2 6 11 17 18 23 58 60 
599	24 
600	12 
601	9 
602	40 
603	26 
604	15 
605	54 
606	48 
607	59 
608	55 
609	42 
610	35 
611	62 
612	48 
613	15 
614	28 
615	38 
616	51 
617	8 16 20 27 30 31 40 55 
618	49 
619	4 
620	58 
621	1 15 28 39 49 50 54 65 
622	32 
623	26 
624	30 
625	25 
626	64 
627	7 
628	2 
629	2 5 18 20 25 29 34 62 
630	4 
631	25 
632	48 
633	61 
634	41 
635	7 
636	37 
637	53 
638	44 
639	6 
640	6 
641	57 
642	1 
643	33 
644	3 
645	37 
646	7 11 22 26 29 43 50 60 
647	23 
648	2 
649	33 
650	65 
651	49 
652	48 
653	58 
654	59 
655	41 
656	30 
657	50 
658	14 
659	50 
660	32 
661	25 
662	21 
663	17 
664	53 
665	57 
666	28 
667	51 
668	12 
669	33 
670	7 
671	25 
672	44 
673	17 
674	50 
675	9 26 32 45 50 51 53 66 
676	33 
677	2 
678	34 
679	52 
680	1 14 29 31 37 49 51 65 
681	2 
682	14 
683	3 
684	50 
685	7 14 19 21 23 35 43 65 
686	37 
687	32 
688	53 
689	56 
690	14 
691	37 
692	50 
693	6 
694	4 
695	14 
696	18 
697	55 
698	44 
699	40 
700	16 
701	42 
702	24 
703	43 
704	51 
705	35 
706	66 
707	1 6 15 22 27 31 61 63 
708	5 7 12 15 18 26 33 54 
709	10 
710	14 
711	2 
712	1 12 16 27 29 39 51 58 
713	26 
714	15 
715	61 
716	63 
717	31 
718	49 
719	17 
720	58 
721	59 
722	19 
723	16 
724	25 
725	65 
726	19 
727	37 
728	58 
729	14 
730	28 
731	37 
732	3 
733	54 
734	55 
735	18 
736	61 
737	3 
738	50 
739	29 
740	40 
741	45 
742	19 22 26 29 31 42 45 52 
743	6 7 43 45 49 57 62 63 
744	39 
745	55 
746	28 
747	46 
748	1 
749	44 
750	11 
751	45 
752	39 
753	49 
754	2 
755	7 
756	38 
757	4 26 32 36 43 48 64 66 
758	3 12 15 25 41 44 52 58 
759	22 
760	9 
761	9 
762	31 
763	34 
764	22 
765	61 
766	56 
767	63 
768	7 27 31 33 37 50 52 61 
769	14 
770	58 
771	43 
772	13 
773	64 
774	51 
775	11 
776	33 
777	14 
778	20 
779	3 12 14 31 32 40 45 49 
780	28 
781	34 
782	12 
783	12 
784	7 17 18 20 33 38 49 60 
785	42 
786	11 
787	10 
788	13 
789	59 
790	4 12 15 17 21 24 28 48 
791	1 
792	19 
793	26 
794	52 
795	6 
796	22 
797	8 
798	53 
799	32 
800	43 
801	28 
802	13 
803	2 8 28 38 42 54 58 65 
804	33 
805	56 
806	48 
807	56 
808	21 
809	32 
810	4 10 19 23 26 32 58 65 
811	13 
812	65 
813	12 
814	63 
815	47 
816	1 
817	52 
818	11 
819	3 5 8 14 17 27 44 49 
820	23 
821	53 
822	63 
823	37 
824	61 
825	52 
826	50 
827	7 
828	4 
829	33 
830	33 
831	52 
832	14 
833	61 
834	2 
835	3 
836	1 
837	15 
838	2 
839	15 
840	9 
841	2 
842	63 
843	54 
844	2 17 26 34 35 52 53 58 
845	26 
846	44 
847	58 
848	63 
849	33 
850	7 
851	7 18 34 37 46 47 49 52 
852	61 
853	7 
854	43 
855	14 
856	18 
857	35 
858	44 
859	54 
860	37 
861	43 
862	33 
863	34 
864	43 
865	3 
866	12 
867	2 12 34 37 47 54 59 65 
868	65 
869	18 
870	33 
871	22 
872	32 
873	25 
874	33 
875	29 
876	50 
877	48 
878	26 
879	27 
880	1 
881	52 
882	34 
883	35 
884	1 
885	35 
886	15 
887	24 29 31 33 34 48 55 65 
888	3 19 25 27 29 41 43 52 
889	7 14 21 25 41 43 59 65 
890	31 
891	29 
892	37 
893	12 
894	50 
895	12 
896	28 
897	65 
898	44 
899	33 
900	7 
901	14 
902	25 
903	48 
904	52 
905	63 
906	7 
907	65 
908	25 
909	1 
910	37 
911	50 
912	14 23 24 33 35 36 58 60 
913	58 
914	43 
915	2 
916	15 
917	25 
918	34 
919	15 
920	6 29 39 43 44 51 58 64 
921	48 
922	6 
923	15 
924	3 
925	37 
926	28 
927	1 
928	43 
929	12 
930	55 
931	18 
932	1 
933	12 
934	10 11 21 35 50 52 64 65 
935	53 
936	6 
937	52 
938	6 
939	34 
940	31 
941	33 
942	6 
943	58 
944	19 
945	6 
946	37 
947	29 
948	58 
949	45 
950	1 9 21 25 26 37 50 58 
951	21 
952	55 
953	6 18 19 25 26 44 53 56 
954	15 27 28 29 49 51 57 65 
955	21 
956	11 
957	14 
958	37 
959	37 
960	34 
961	1 6 7 15 25 43 63 64 
962	6 
963	18 
964	6 26 31 33 48 52 60 62 
965	37 
966	14 
967	18 
968	6 
969	33 
970	25 
971	1 19 31 37 38 55 57 60 
972	65 
973	7 18 26 33 34 47 49 50 
974	65 
975	21 
976	18 
977	15 
978	15 
979	37 
980	7 20 22 29 34 45 52 59 
981	6 
982	21 
983	12 
984	12 
985	37 
986	7 
987	9 12 21 36 39 40 45 63 
988	18 21 28 32 35 46 52 60 
989	6 
990	6 
991	14 15 20 23 26 53 55 57 
992	50 
993	25 26 27 28 32 37 51 64 
994	7 
995	37 
996	5 26 31 35 37 40 49 58 
997	7 
998	7 
999	18 
1000	12 
