1 563
2 957
3 875
4 626
5 828 974
6 704
7 875
8 974
9 848
10 957
11 982
12 634
13 926
14 926
15 932
16 186 333 496
17 283 775 982
18 957
19 283
20 969
21 706
22 634
23 364
24 1000
25 563
26 704
27 699
28 949
29 992
30 569
31 840
32 809
33 1000
34 977
35 599
36 451
37 599
38 496 974 982
39 599
40 496 699
41 970
42 709
43 609
44 974
45 960
46 451 764 821
47 496
48 821
49 828
50 924
51 852
52 775
53 828
54 333
55 845
56 775 974 999
57 998 999
58 998
59 764
60 634
61 926
62 351
63 982
64 977
65 998
66 756
67 563
68 875 998
69 999
70 756
71 647
72 943
73 932
74 977
75 719
76 828
77 733
78 665
79 186
80 752
81 926
82 995
83 756
84 982
85 845
86 846
87 930
88 990
89 609 733 764
90 846
91 503
92 998
93 992
94 932
95 875
96 999
97 999
98 937
99 283
100 807
101 764
102 503
103 484
104 503
105 772
106 503 764 974
107 1000
108 960
109 718
110 846
111 926
112 569
113 982
114 807
115 875
116 563
117 665
118 654
119 333 656 998
120 1000
121 451
122 775
123 351
124 290 665
125 283 563 733 821
126 926
127 930
128 647
129 846 977 1000
130 924
131 709
132 992
133 848
134 982
135 834
136 451 656 775 930 999
137 283 496
138 756
139 719
140 999
141 733
142 992
143 775
144 970 982
145 752
146 990
147 943
148 709
149 775
150 977
151 719 992 999
152 840
153 733
154 563 706 775
155 990
156 949
157 995
158 752
159 809
160 924
161 998
162 569
163 333
164 756
165 772
166 845
167 914
168 609
169 960
170 969
171 840
172 999
173 719
174 982
175 930
176 719
177 764
178 982 1000
179 974
180 890
181 563
182 974
183 957
184 930
185 283
186 186
187 503 654 840
188 1000
189 706 846 977 990 998 1000
190 752
191 496 775 974
192 704
193 926
194 704
195 828
196 821
197 718
198 949
199 283
200 995
201 834
202 647
203 764
204 496
205 809
206 914
207 969
208 752
209 937
210 852
211 903
212 960
213 733
214 665
215 924
216 960
217 970
218 333
219 982
220 914
221 990
222 563
223 484
224 451
225 845
226 999
227 563
228 1000
229 998
230 647
231 992
232 704
233 654
234 845
235 821
236 998
237 563
238 943
239 926
240 333 484 709
241 982
242 949
243 992
244 990
245 995
246 977
247 656
248 937
249 930
250 949
251 704
252 283 821 977 982
253 932
254 647
255 609 656 848
256 926
257 992
258 718
259 890
260 857
261 846
262 857
263 845
264 364 890 949
265 609
266 982
267 634
268 949
269 977
270 845
271 1000
272 775
273 999
274 775
275 949
276 719
277 290
278 351
279 626
280 890
281 998
282 569
283 283
284 990
285 756
286 960
287 969
288 977
289 932
290 290
291 364
292 903
293 992
294 914
295 599
296 990
297 957
298 903
299 969
300 943
301 949
302 926
303 995
304 949
305 949
306 563 807 930 977
307 949
308 656
309 995
310 977
311 828
312 647 821 957
313 960
314 719
315 974
316 845
317 809
318 451
319 699 706 821
320 990
321 992
322 846
323 752
324 718
325 665
326 957
327 932
328 890
329 626 656 930
330 937
331 990
332 960
333 333
334 957
335 990
336 998
337 848
338 998
339 626 775 998 999
340 982
341 924
342 647
343 647
344 807
345 599 709 821 930
346 706
347 960
348 699
349 563
350 970
351 351
352 563
353 775
354 924
355 807
356 647
357 974
358 563
359 875
360 924
361 999
362 1000
363 932
364 364
365 977
366 283 775 982
367 283
368 451
369 957
370 903
371 932
372 970
373 943
374 699 764 875 974
375 926
376 970
377 852
378 969
379 890
380 930
381 626 647 926
382 957
383 809
384 718
385 775
386 563
387 848
388 1000
389 756
390 977
391 932
392 828
393 999
394 999
395 875
396 563
397 1000
398 930
399 451 634 821 930
400 982
401 943
402 982
403 969
404 875
405 845
406 914
407 990
408 563 656 775 926 982
409 890
410 969
411 840
412 926
413 999
414 718
415 333 719 840 875 998
416 852
417 982
418 932
419 970
420 609
421 1000
422 995
423 719
424 960
425 875
426 451
427 914
428 845
429 990
430 949
431 937
432 654
433 186 290 890
434 828
435 569 775 970 982
436 992
437 998
438 937
439 775
440 992
441 351
442 926
443 992
444 764
445 846
446 1000
447 960
448 845
449 903
450 990
451 451
452 990
453 914
454 995
455 852
456 709
457 665
458 752
459 937
460 733
461 852
462 821
463 699 949 998 1000
464 626 634 775 890 1000
465 957
466 718
467 930
468 609
469 704
470 995
471 890
472 484 1000
473 709
474 990
475 960
476 704
477 982
478 960
479 924
480 718
481 903
482 654
483 828 875 957 998
484 484
485 834
486 848
487 992
488 503
489 926
490 995
491 903
492 665
493 974
494 930
495 999
496 496
497 903
498 914
499 772
500 992
501 969
502 995
503 503
504 957
505 834
506 775
507 970
508 845
509 924
510 969
511 704
512 926
513 848
514 840
515 706
516 846
517 852
518 333 569 840 848 949
519 857
520 937
521 943
522 992
523 569
524 969
525 807
526 569 764 960
527 992
528 999
529 756 845
530 943
531 969
532 949
533 840
534 937
535 764
536 990
537 977
538 977
539 903
540 733
541 890
542 957
543 654
544 706 756 821 845
545 960
546 848
547 974
548 704
549 807
550 364 704 706
551 764
552 970
553 634
554 772
555 932
556 914
557 857
558 704
559 718
560 957
561 937
562 775
563 563
564 930
565 699 875 924 999
566 960
567 930
568 772
569 569
570 949
571 484
572 992
573 969
574 599
575 569
576 970
577 364 484 563
578 626
579 960
580 775
581 840
582 569 890 982 992
583 999
584 821
585 756
586 569
587 992
588 926 974
589 943
590 999
591 599
592 699
593 857
594 969
595 949
596 857
597 852
598 990
599 599
600 1000
601 840
602 699
603 845
604 977
605 733
606 903
607 654
608 930
609 609
610 857
611 364
612 903
613 977
614 926
615 756
616 704
617 333 496 569 656 699
618 718
619 828
620 943
621 718 733 974 992
622 809
623 845
624 656
625 970
626 626
627 998
628 834
629 364 569 970
630 828
631 970
632 903
633 852
634 634
635 998
636 995
637 821
638 846
639 990
640 990
641 665
642 932
643 969
644 924
645 995
646 186 764 775 845 875 998
647 647
648 834
649 969
650 974
651 718
652 903
653 943
654 654
655 634
656 656
657 992
658 957
659 992
660 809
661 970
662 982
663 719
664 821
665 665
666 926
667 704
668 1000
669 969
670 998
671 970
672 846
673 719
674 992
675 704 706 809 821 840 845
676 969
677 834
678 960
679 937
680 718 932
681 834
682 957
683 924
684 992
685 998
686 995
687 809
688 821
689 807
690 957
691 995
692 992
693 990
694 828
695 957
696 999
697 930
698 846
699 699
700 283
701 609
702 599
703 914
704 704
705 857
706 706
707 890 932
708 977 998 999 1000
709 709
710 957
711 834
712 932 1000
713 845
714 977
715 852
716 848
717 890
718 718
719 719
720 943
721 654
722 563
723 283
724 970
725 974
726 563
727 995
728 943
729 957
730 926
731 995
732 924
733 733
734 930
735 999
736 852
737 924
738 992
739 875
740 699
741 949
742 563 764
743 990 998
744 752
745 930
746 926
747 503
748 932
749 846
750 775
751 949
752 752
753 718
754 834
755 998
756 756
757 351 626 706 809 845
758 845 924 1000
759 764
760 840
761 840
762 890
763 960
764 764
765 852
766 807
767 848
768 496 890 998
769 957
770 943
771 914
772 772
773 626
774 704
775 775
776 969
777 957
778 569
779 890 924 957 1000
780 926
781 960
782 1000
783 1000
784 719 998 999
785 609
786 775
787 709
788 772
789 654
790 719 828 977 1000
791 932
792 563
793 845
794 937
795 990
796 764
797 333
798 821
799 809
800 914
801 926
802 772
803 333 834 926
804 969
805 807
806 903
807 807
808 982
809 809
810 563 647 709 845
811 772
812 974
813 1000
814 848
815 451
816 932
817 937
818 775
819 484 496 719 924 957
820 647
821 821
822 848
823 995
824 852
825 937
826 992
827 998
828 828
829 969
830 969
831 937
832 957
833 852
834 834
835 924
836 932
837 977
838 834
839 977
840 840
841 834
842 848
843 733
844 821 834 845 857 937 943
845 845
846 846
847 943
848 848
849 969
850 998
851 451 718 960 995 998 999
852 852
853 998
854 914
855 957
856 999
857 857
858 846
859 733
860 995
861 914
862 969
863 960
864 914
865 924
866 1000
867 451 654 733 960 974 995 1000
868 974
869 999
870 969
871 764
872 809
873 970
874 969
875 875
876 992
877 903
878 845
879 496 974
880 932
881 937
882 960
883 857
884 932
885 857
886 977
887 599 875 890 903 930 960 974
888 563 634 914 924 937 970
889 914 957 970 974 982 998
890 890
891 875
892 995
893 1000
894 992
895 1000
896 926
897 974
898 846
899 969
900 998
901 957
902 970
903 903
904 937
905 848
906 998
907 974
908 970
909 932
910 995
911 992
912 599 647 857 957 969
913 943
914 914
915 834
916 977
917 970
918 960
919 977
920 752 846 875 914 990
921 903
922 990
923 977
924 924
925 995
926 926
927 932
928 914
929 1000
930 930
931 999
932 932
933 1000
934 626 709 775 857 937 974 982 992
935 821
936 990
937 937
938 990
939 960
940 890
941 969
942 990
943 943
944 563
945 990
946 995
947 764 875
948 943
949 949
950 840 845 932 943 970 982 995
951 982
952 930
953 563 807 821 970 990 999
954 496 665 704 718 875 926 974 977
955 982
956 775
957 957
958 995
959 995
960 960
961 914 932 970 977 990 998
962 990
963 999
964 364 890 903 937 969 990
965 995
966 957
967 999
968 990
969 969
970 970
971 563 665 756 890 930 932 995
972 974
973 451 718 845 960 969 992 998 999
974 974
975 982
976 999
977 977
978 977
979 995
980 569 654 764 875 937 949 960 998
981 990
982 982
983 1000
984 1000
985 995
986 998
987 351 699 752 840 848 949 982 1000
988 503 809 857 926 937 982 999
989 990
990 990
991 569 647 665 821 845 930 957 977
992 992
993 496 626 704 809 845 926 970 995
994 998
995 995
996 484 699 718 845 857 890 943 995
997 998
998 998
999 999
1000 1000
