1000
5061
1	540
1	594
1	860
1	939
2	547
2	883
2	994
2	996
3	816
3	863
3	908
3	930
4	391
4	400
4	610
4	643
5	383
5	660
5	874
5	885
6	483
6	853
6	874
6	885
7	769
7	809
7	815
7	948
8	750
8	913
8	975
8	989
9	211
9	653
9	713
9	805
10	481
10	842
10	978
10	997
11	872
11	904
11	953
11	958
12	963
12	985
12	987
12	999
13	720
13	891
13	919
13	974
14	557
14	692
14	905
14	955
15	177
15	852
15	860
15	872
16	710
16	941
16	962
16	981
17	118
17	496
17	956
17	957
18	769
18	918
18	950
18	956
19	343
19	755
19	899
19	911
20	792
20	985
20	987
20	999
21	901
21	913
21	966
21	989
22	29
22	258
22	876
22	980
23	646
23	665
23	863
23	930
24	525
24	878
24	879
24	880
25	848
25	938
25	962
25	981
26	732
26	985
26	987
26	999
27	150
27	919
27	970
27	992
28	646
28	807
28	908
28	967
29	22
29	762
29	850
29	965
30	453
30	922
30	994
30	1000
31	481
31	836
31	842
31	959
32	457
32	776
32	939
32	983
33	692
33	912
33	928
33	930
34	569
34	853
34	885
34	943
35	724
35	823
35	979
35	980
36	588
36	734
36	878
36	945
37	810
37	847
37	914
37	979
38	52
38	774
38	862
38	909
38	999
39	850
39	924
39	954
39	965
40	469
40	884
40	930
40	972
41	664
41	830
41	943
41	958
42	785
42	934
42	945
42	971
43	174
43	881
43	947
43	962
44	826
44	881
44	940
44	958
45	659
45	933
45	943
45	973
46	91
46	929
46	994
46	1000
47	678
47	834
47	920
47	984
48	664
48	673
48	712
48	890
49	945
49	953
49	974
49	984
50	110
50	575
50	897
50	959
51	450
51	454
51	776
51	939
52	38
52	567
52	718
52	968
53	662
53	793
53	895
53	955
54	727
54	728
54	877
54	983
55	84
55	409
55	902
55	946
56	753
56	902
56	960
56	980
57	233
57	908
57	959
57	982
58	408
58	994
58	996
58	1000
59	201
59	265
59	696
59	821
60	335
60	900
60	974
60	984
61	489
61	714
61	933
61	973
62	102
62	420
62	940
62	958
63	824
63	847
63	988
63	998
64	189
64	941
64	962
64	981
65	611
65	877
65	878
65	960
66	83
66	431
66	682
66	947
67	329
67	676
67	825
67	966
68	644
68	802
68	913
68	989
69	600
69	752
69	835
69	999
70	256
70	510
70	930
70	965
71	390
71	752
71	790
71	835
72	840
72	873
72	915
72	977
73	439
73	540
73	758
73	939
74	753
74	950
74	956
74	957
75	680
75	786
75	869
75	998
76	280
76	774
76	876
76	926
77	800
77	902
77	940
77	965
78	131
78	771
78	772
78	993
79	609
79	728
79	741
79	983
80	440
80	715
80	756
80	832
81	134
81	193
81	682
81	898
82	462
82	630
82	929
82	954
83	66
83	749
83	939
83	951
84	55
84	945
84	961
84	991
85	589
85	949
85	970
85	992
86	146
86	882
86	908
86	930
87	422
87	922
87	996
87	1000
88	467
88	692
88	930
88	998
89	706
89	914
89	954
89	994
89	997
89	999
90	160
90	586
90	670
90	963
91	46
91	275
91	810
91	817
92	600
92	638
92	835
92	854
93	386
93	768
93	827
93	921
94	408
94	960
94	988
94	998
95	918
95	920
95	950
95	956
96	568
96	904
96	988
96	998
97	365
97	431
97	943
97	997
98	575
98	819
98	840
98	855
99	928
99	975
99	995
99	997
100	431
100	615
100	801
100	957
101	726
101	824
101	934
101	948
102	62
102	733
102	955
102	959
103	524
103	924
103	936
103	965
104	478
104	703
104	729
104	836
105	663
105	793
105	799
105	911
106	903
106	972
106	990
106	995
107	771
107	773
107	880
107	991
108	518
108	586
108	946
108	980
109	495
109	832
109	870
109	989
110	50
110	637
110	833
110	993
111	759
111	807
111	863
111	908
112	702
112	815
112	822
112	902
113	734
113	866
113	878
113	932
114	148
114	226
114	820
114	967
115	229
115	596
115	881
115	996
116	441
116	703
116	760
116	947
117	897
117	926
117	954
117	971
118	17
118	622
118	866
118	878
119	480
119	842
119	878
119	935
120	240
120	514
120	787
120	952
121	847
121	874
121	966
121	989
122	682
122	735
122	914
122	994
123	701
123	907
123	963
123	993
124	700
124	895
124	940
124	958
125	663
125	790
125	821
125	874
126	820
126	850
126	924
126	965
127	221
127	457
127	480
127	924
128	551
128	645
128	652
128	692
129	619
129	935
129	972
129	990
130	803
130	840
130	915
130	922
131	78
131	660
131	974
131	984
132	901
132	966
132	989
132	991
133	603
133	759
133	959
133	960
134	81
134	455
134	764
134	843
135	641
135	795
135	933
135	943
136	169
136	746
136	901
136	998
137	847
137	947
137	970
137	992
138	718
138	758
138	920
138	990
139	418
139	567
139	718
139	758
140	504
140	543
140	892
140	928
141	235
141	701
141	997
141	1000
142	400
142	676
142	700
142	744
143	769
143	866
143	943
143	973
144	847
144	862
144	914
144	948
145	317
145	352
145	804
145	882
146	86
146	395
146	875
146	959
147	297
147	537
147	766
147	894
148	114
148	726
148	800
148	823
149	738
149	946
149	970
149	989
149	996
150	27
150	639
150	728
150	983
151	784
151	887
151	994
151	996
152	589
152	852
152	911
152	985
153	727
153	728
153	741
153	742
154	464
154	712
154	845
154	890
155	277
155	961
155	986
155	991
156	349
156	658
156	744
156	982
157	818
157	873
157	896
157	897
158	249
158	580
158	897
158	956
159	215
159	850
159	863
159	908
160	90
160	670
160	846
160	963
161	476
161	797
161	928
161	980
162	611
162	895
162	955
162	984
163	667
163	798
163	954
163	978
164	461
164	774
164	897
164	954
165	882
165	994
165	996
165	1000
166	367
166	766
166	967
166	968
167	671
167	856
167	967
167	968
168	665
168	693
168	879
168	941
169	136
169	332
169	657
169	738
170	934
170	938
170	962
170	981
171	933
171	975
171	977
171	995
172	902
172	918
172	956
172	957
173	393
173	688
173	760
173	947
174	43
174	298
174	351
174	787
175	300
175	717
175	896
175	987
176	628
176	789
176	912
176	990
177	15
177	554
177	757
177	791
178	664
178	678
178	958
178	988
179	702
179	806
179	813
179	822
180	458
180	941
180	962
180	981
181	908
181	990
181	992
181	997
182	540
182	912
182	960
182	988
183	724
183	820
183	823
183	852
184	685
184	929
184	994
184	1000
185	307
185	705
185	811
185	894
186	620
186	982
186	988
186	998
187	773
187	776
187	939
187	948
188	506
188	712
188	928
188	965
189	64
189	967
189	968
189	993
190	977
190	990
190	995
190	997
191	424
191	712
191	890
191	972
192	312
192	950
192	956
192	957
193	81
193	589
193	682
193	947
194	667
194	755
194	899
194	924
195	886
195	910
195	989
195	992
196	649
196	898
196	936
196	964
197	863
197	882
197	966
197	989
198	492
198	549
198	719
198	942
199	952
199	975
199	977
199	995
200	475
200	673
200	872
200	998
201	59
201	844
201	851
201	880
202	381
202	994
202	996
202	1000
203	421
203	440
203	484
203	556
204	751
204	802
204	832
204	994
205	288
205	669
205	950
205	956
206	671
206	951
206	988
206	998
207	350
207	409
207	862
207	954
207	957
207	999
208	825
208	888
208	937
208	960
209	825
209	875
209	960
209	984
210	616
210	670
210	701
210	783
211	9
211	496
211	887
211	896
212	486
212	658
212	659
212	820
213	323
213	835
213	846
213	862
214	602
214	895
214	916
214	955
215	159
215	884
215	982
215	984
216	285
216	871
216	932
216	980
217	725
217	771
217	821
217	927
218	877
218	925
218	935
218	971
219	868
219	870
219	963
219	968
220	672
220	941
220	962
220	981
221	127
221	457
221	808
221	809
222	851
222	966
222	980
222	989
223	526
223	589
223	672
223	729
224	392
224	975
224	987
224	999
225	779
225	910
225	949
225	992
226	114
226	820
226	910
226	979
227	409
227	938
227	962
227	981
228	254
228	487
228	677
228	798
229	115
229	729
229	881
229	982
230	953
230	971
230	985
230	987
230	999
231	880
231	917
231	988
231	997
231	998
232	661
232	732
232	757
232	791
232	996
233	57
233	560
233	627
233	882
233	995
234	352
234	501
234	652
234	845
234	882
235	141
235	539
235	909
235	925
235	971
236	521
236	605
236	636
236	747
236	980
237	471
237	741
237	780
237	937
237	960
238	337
238	629
238	640
238	648
238	921
239	387
239	498
239	900
239	902
239	963
240	120
240	298
240	706
240	801
240	811
241	849
241	938
241	962
241	981
241	992
242	828
242	914
242	925
242	934
242	951
243	579
243	798
243	874
243	881
243	972
244	361
244	711
244	859
244	895
244	965
245	365
245	432
245	715
245	756
245	818
246	385
246	819
246	915
246	949
246	975
247	335
247	507
247	750
247	814
247	937
247	997
248	581
248	891
248	914
248	954
248	988
248	996
249	158
249	280
249	433
249	774
249	954
250	432
250	477
250	756
250	925
250	982
251	661
251	732
251	757
251	791
251	918
252	270
252	308
252	582
252	707
252	764
253	263
253	335
253	348
253	449
253	939
254	228
254	299
254	543
254	677
254	926
255	316
255	357
255	801
255	901
255	998
256	70
256	400
256	590
256	884
256	998
257	366
257	802
257	913
257	966
257	989
258	22
258	657
258	743
258	860
258	914
258	937
258	984
259	548
259	639
259	727
259	741
259	875
260	794
260	812
260	961
260	983
260	991
261	433
261	495
261	593
261	706
261	827
262	309
262	415
262	960
262	989
262	1000
263	253
263	392
263	708
263	724
263	939
264	494
264	884
264	920
264	945
264	985
265	59
265	282
265	673
265	846
265	890
266	744
266	787
266	960
266	998
266	999
267	662
267	806
267	916
267	955
267	980
268	272
268	315
268	452
268	657
268	738
269	828
269	831
269	839
269	852
269	872
270	252
270	567
270	718
270	758
270	978
271	664
271	826
271	934
271	940
271	964
272	268
272	332
272	657
272	738
272	958
273	292
273	993
273	994
273	996
273	1000
274	395
274	688
274	714
274	943
274	973
275	91
275	708
275	840
275	862
275	940
276	725
276	832
276	913
276	966
276	989
277	155
277	910
277	919
277	949
277	992
278	313
278	352
278	985
278	987
278	999
279	817
279	909
279	934
279	971
279	980
280	76
280	249
280	517
280	768
280	900
281	447
281	817
281	932
281	953
281	980
282	265
282	673
282	712
282	890
282	959
283	784
283	974
283	994
283	996
283	1000
284	539
284	739
284	865
284	945
284	974
285	216
285	876
285	975
285	977
285	995
286	608
286	904
286	941
286	962
286	981
287	747
287	751
287	928
287	932
287	963
288	205
288	593
288	750
288	913
288	989
289	578
289	720
289	755
289	826
289	899
290	658
290	925
290	960
290	989
290	994
291	757
291	953
291	985
291	987
291	999
292	273
292	626
292	750
292	966
292	989
293	677
293	772
293	846
293	916
293	993
294	810
294	847
294	862
294	872
294	914
295	461
295	696
295	799
295	880
295	973
296	680
296	682
296	913
296	957
296	998
297	147
297	514
297	726
297	787
297	894
298	174
298	240
298	642
298	735
298	894
299	254
299	541
299	637
299	796
299	989
300	175
300	911
300	921
300	926
300	954
301	371
301	783
301	802
301	816
301	992
302	734
302	815
302	866
302	868
302	878
303	430
303	553
303	917
303	988
303	998
304	910
304	949
304	955
304	970
304	992
305	430
305	513
305	529
305	866
305	942
306	334
306	889
306	936
306	942
306	976
307	185
307	787
307	873
307	894
307	939
308	252
308	554
308	582
308	764
308	918
309	262
309	766
309	923
309	967
309	968
310	398
310	732
310	757
310	764
310	791
311	896
311	905
311	977
311	995
311	997
312	192
312	513
312	591
312	925
312	948
313	278
313	811
313	855
313	869
313	964
314	487
314	657
314	735
314	787
314	940
315	268
315	657
315	738
315	806
315	946
316	255
316	329
316	958
316	976
316	994
317	145
317	323
317	889
317	964
317	976
318	699
318	850
318	859
318	924
318	965
319	432
319	477
319	848
319	921
319	949
320	491
320	749
320	785
320	788
320	993
321	559
321	969
321	982
321	986
321	991
322	910
322	920
322	949
322	970
322	992
323	213
323	317
323	600
323	798
323	849
324	938
324	941
324	950
324	962
324	981
325	663
325	810
325	847
325	862
325	914
326	609
326	858
326	861
326	951
326	971
327	801
327	912
327	978
327	982
327	990
328	868
328	935
328	972
328	978
328	990
329	67
329	316
329	975
329	977
329	995
330	810
330	847
330	862
330	869
330	914
331	568
331	645
331	751
331	898
331	908
332	169
332	272
332	657
332	738
332	745
333	502
333	644
333	807
333	884
333	930
334	306
334	939
334	940
334	955
334	992
334	998
335	60
335	247
335	253
335	776
335	939
336	412
336	676
336	680
336	933
336	973
337	238
337	444
337	478
337	619
337	881
338	585
338	714
338	761
338	933
338	943
339	749
339	953
339	985
339	987
339	999
340	836
340	936
340	943
340	964
340	976
341	347
341	465
341	771
341	821
341	908
342	705
342	881
342	892
342	961
342	999
343	19
343	638
343	724
343	758
343	760
343	993
344	703
344	975
344	977
344	995
344	997
345	772
345	953
345	985
345	987
345	999
346	549
346	732
346	737
346	757
346	791
347	341
347	787
347	793
347	846
347	951
348	253
348	482
348	498
348	844
348	902
349	156
349	458
349	719
349	765
349	899
350	207
350	573
350	949
350	970
350	992
351	174
351	735
351	811
351	894
351	945
352	145
352	234
352	278
352	400
352	930
353	480
353	658
353	659
353	700
353	861
354	681
354	854
354	880
354	933
354	973
355	489
355	845
355	961
355	986
355	991
356	512
356	570
356	744
356	861
356	921
357	255
357	406
357	640
357	739
357	819
358	360
358	785
358	909
358	933
358	948
359	607
359	680
359	685
359	933
359	973
360	358
360	861
360	913
360	951
360	993
361	244
361	636
361	779
361	924
361	965
362	418
362	651
362	678
362	848
362	940
363	677
363	685
363	772
363	942
363	993
364	683
364	806
364	876
364	911
364	928
365	97
365	245
365	482
365	902
365	946
366	257
366	719
366	771
366	872
366	983
367	166
367	822
367	938
367	962
367	981
368	641
368	715
368	756
368	896
368	982
369	651
369	888
369	891
369	945
369	984
370	557
370	847
370	893
370	930
370	976
371	301
371	722
371	904
371	916
371	998
372	859
372	919
372	949
372	970
372	992
373	732
373	929
373	994
373	996
373	1000
374	774
374	802
374	875
374	895
374	958
375	567
375	788
375	919
375	949
375	992
376	862
376	902
376	932
376	970
376	975
376	976
377	611
377	750
377	875
377	937
377	986
378	566
378	578
378	837
378	899
378	978
379	588
379	726
379	840
379	948
379	951
380	406
380	562
380	842
380	907
380	959
381	202
381	437
381	801
381	917
381	998
382	557
382	680
382	765
382	943
382	973
383	5
383	646
383	853
383	873
383	874
383	885
384	424
384	496
384	673
384	712
384	890
384	944
385	246
385	718
385	804
385	817
385	915
385	969
386	93
386	929
386	955
386	994
386	996
386	1000
387	239
387	468
387	640
387	804
387	819
387	915
388	411
388	521
388	824
388	871
388	911
388	980
389	635
389	831
389	860
389	872
389	912
389	957
390	71
390	491
390	752
390	774
390	798
390	835
391	4
391	459
391	871
391	930
391	965
391	1000
392	224
392	263
392	540
392	594
392	770
392	939
393	173
393	600
393	752
393	798
393	959
393	969
394	435
394	570
394	682
394	853
394	874
394	885
395	146
395	274
395	740
395	839
395	875
395	877
396	698
396	856
396	870
396	908
396	923
396	967
397	542
397	590
397	793
397	975
397	995
397	997
398	310
398	581
398	826
398	940
398	953
398	958
399	610
399	724
399	800
399	823
399	857
399	981
400	4
400	142
400	256
400	352
400	751
400	863
401	518
401	831
401	852
401	860
401	872
401	927
402	953
402	970
402	985
402	987
402	997
402	999
403	493
403	792
403	864
403	950
403	957
403	996
404	597
404	607
404	641
404	646
404	943
404	973
405	805
405	828
405	909
405	934
405	948
405	995
406	357
406	380
406	889
406	936
406	964
406	976
407	432
407	527
407	708
407	715
407	727
407	756
408	58
408	94
408	620
408	917
408	988
408	998
409	55
409	207
409	227
409	498
409	838
409	902
410	798
410	849
410	933
410	941
410	962
410	981
411	388
411	933
411	943
411	947
411	973
411	983
412	336
412	839
412	854
412	933
412	943
412	973
413	491
413	571
413	717
413	749
413	834
413	993
414	631
414	799
414	814
414	876
414	927
414	980
415	262
415	486
415	618
415	834
415	945
415	984
416	857
416	905
416	975
416	995
416	997
416	999
417	676
417	741
417	809
417	903
417	933
417	939
417	995
418	139
418	362
418	826
418	929
418	940
418	958
419	438
419	650
419	653
419	805
419	819
419	827
420	62
420	506
420	830
420	923
420	940
420	958
421	203
421	426
421	845
421	928
421	976
421	992
422	87
422	639
422	814
422	876
422	928
422	980
423	449
423	650
423	706
423	827
423	948
423	977
424	191
424	384
424	505
424	673
424	712
424	890
425	791
425	971
425	975
425	977
425	995
425	997
426	421
426	509
426	691
426	888
426	974
426	984
427	487
427	515
427	541
427	637
427	716
427	892
428	792
428	918
428	950
428	956
428	957
428	961
429	697
429	749
429	870
429	923
429	967
429	989
430	303
430	305
430	889
430	898
430	964
430	976
431	66
431	97
431	100
431	841
431	893
431	947
432	245
432	250
432	319
432	407
432	847
432	972
433	249
433	261
433	650
433	706
433	805
433	831
434	549
434	578
434	605
434	704
434	899
434	978
435	394
435	674
435	748
435	853
435	874
435	885
436	471
436	913
436	925
436	958
436	966
436	989
437	381
437	520
437	710
437	827
437	901
437	998
438	419
438	825
438	902
438	979
438	980
438	991
439	73
439	594
439	776
439	939
439	949
439	961
440	80
440	203
440	527
440	715
440	951
440	982
441	116
441	722
441	953
441	985
441	987
441	999
442	684
442	736
442	945
442	950
442	974
442	984
443	824
443	912
443	916
443	972
443	983
443	990
444	337
444	589
444	619
444	767
444	851
444	881
445	717
445	782
445	845
445	942
445	986
445	991
446	704
446	746
446	904
446	988
446	998
446	1000
447	281
447	548
447	760
447	839
447	928
447	980
448	666
448	722
448	772
448	901
448	904
448	988
449	253
449	423
449	593
449	692
449	713
449	805
450	51
450	594
450	776
450	779
450	856
450	939
451	868
451	870
451	923
451	967
451	968
451	979
452	268
452	702
452	763
452	895
452	955
452	994
453	30
453	535
453	697
453	739
453	868
453	968
454	51
454	610
454	721
454	800
454	820
454	823
455	134
455	556
455	582
455	764
455	895
455	956
456	712
456	760
456	868
456	870
456	967
456	968
457	32
457	127
457	221
457	658
457	659
457	903
458	180
458	349
458	578
458	719
458	899
458	934
459	391
459	791
459	865
459	945
459	974
459	984
460	687
460	923
460	964
460	967
460	968
460	997
461	164
461	295
461	689
461	793
461	844
461	979
462	82
462	711
462	774
462	914
462	926
462	983
463	876
463	928
463	932
463	946
463	980
463	990
464	154
464	519
464	886
464	910
464	949
464	970
465	341
465	690
465	793
465	879
465	880
465	949
466	518
466	582
466	923
466	967
466	968
466	969
467	88
467	579
467	890
467	935
467	951
467	1000
468	387
468	579
468	804
468	817
468	834
468	915
469	40
469	552
469	764
469	894
469	895
469	999
470	480
470	707
470	869
470	904
470	917
470	998
471	237
471	436
471	730
471	913
471	966
471	989
472	767
472	795
472	879
472	964
472	976
472	978
473	479
473	825
473	875
473	877
473	878
473	960
474	684
474	783
474	784
474	886
474	970
474	992
475	200
475	613
475	806
475	859
475	895
475	955
476	161
476	947
476	948
476	951
476	952
476	971
477	250
477	319
477	527
477	762
477	838
477	881
478	104
478	337
478	504
478	760
478	881
478	973
479	473
479	659
479	701
479	862
479	866
479	935
479	996
480	119
480	127
480	353
480	470
480	659
480	864
481	10
481	31
481	562
481	697
481	842
481	979
482	348
482	365
482	706
482	902
482	933
482	946
483	6
483	597
483	667
483	854
483	943
483	973
484	203
484	621
484	730
484	831
484	852
484	872
485	812
485	837
485	839
485	962
485	986
485	991
486	212
486	415
486	738
486	939
486	942
486	949
486	976
487	228
487	314
487	427
487	514
487	735
487	811
487	952
488	740
488	760
488	829
488	918
488	950
488	956
488	957
489	61
489	355
489	643
489	850
489	859
489	924
489	965
490	602
490	633
490	731
490	840
490	876
490	928
490	932
491	320
491	390
491	413
491	571
491	749
491	993
491	996
492	198
492	667
492	684
492	719
492	755
492	899
492	954
493	403
493	694
493	928
493	952
493	977
493	988
493	989
494	264
494	574
494	825
494	920
494	938
494	945
494	984
495	109
495	261
495	802
495	832
495	966
495	978
495	989
496	17
496	211
496	384
496	717
496	918
496	926
496	954
497	781
497	835
497	883
497	922
497	994
497	996
497	1000
498	239
498	348
498	409
498	860
498	902
498	926
498	963
499	697
499	868
499	923
499	967
499	968
499	982
499	985
500	650
500	665
500	931
500	953
500	985
500	987
500	999
501	234
501	643
501	645
501	646
501	669
501	863
501	930
502	333
502	507
502	583
502	609
502	678
502	833
502	993
503	621
503	635
503	650
503	852
503	860
503	872
503	939
504	140
504	478
504	648
504	695
504	701
504	855
504	985
505	424
505	572
505	828
505	861
505	925
505	948
505	971
506	188
506	420
506	636
506	859
506	924
506	948
506	965
507	247
507	502
507	583
507	609
507	763
507	839
507	982
508	600
508	638
508	752
508	798
508	870
508	958
508	974
509	426
509	603
509	656
509	751
509	867
509	894
509	981
510	70
510	645
510	652
510	677
510	807
510	908
510	979
511	552
511	678
511	830
511	905
511	940
511	958
511	970
512	356
512	613
512	618
512	627
512	676
512	744
512	921
513	305
513	312
513	622
513	866
513	878
513	907
513	942
514	120
514	297
514	487
514	577
514	765
514	894
514	977
515	427
515	637
515	685
515	772
515	863
515	892
515	939
516	790
516	849
516	877
516	938
516	941
516	981
516	989
517	280
517	805
517	917
517	932
517	981
517	984
517	987
518	108
518	401
518	466
518	541
518	543
518	685
518	716
519	464
519	563
519	614
519	746
519	961
519	986
519	991
520	437
520	571
520	707
520	852
520	869
520	988
520	998
521	236
521	388
521	600
521	871
521	876
521	911
521	959
522	655
522	769
522	777
522	887
522	896
522	909
522	926
523	750
523	832
523	913
523	923
523	966
523	987
523	989
524	103
524	796
524	929
524	958
524	994
524	996
524	1000
525	24
525	799
525	879
525	880
525	946
525	985
525	987
526	223
526	570
526	605
526	658
526	853
526	874
526	885
527	407
527	440
527	477
527	540
527	614
527	715
527	982
528	737
528	773
528	882
528	938
528	975
528	995
528	997
529	305
529	804
529	817
529	819
529	840
529	908
529	915
530	569
530	686
530	733
530	918
530	950
530	956
530	957
531	556
531	851
531	879
531	912
531	935
531	972
531	990
532	662
532	830
532	849
532	938
532	941
532	962
532	981
533	664
533	678
533	830
533	900
533	940
533	947
533	958
534	583
534	609
534	752
534	833
534	850
534	946
534	993
535	453
535	870
535	923
535	944
535	967
535	968
535	996
536	729
536	839
536	877
536	914
536	987
536	989
536	990
537	147
537	623
537	735
537	742
537	873
537	894
537	977
538	782
538	837
538	946
538	961
538	983
538	986
538	991
539	235
539	284
539	548
539	828
539	925
539	934
539	951
540	1
540	73
540	182
540	392
540	527
540	555
540	939
541	299
541	427
541	518
541	772
541	892
541	927
541	986
542	397
542	736
542	773
542	936
542	975
542	995
542	997
543	140
543	254
543	518
543	716
543	892
543	961
543	997
544	858
544	867
544	884
544	912
544	935
544	972
544	990
545	582
545	755
545	773
545	844
545	909
545	973
545	986
546	560
546	603
546	815
546	846
546	875
546	942
546	960
547	2
547	795
547	898
547	936
547	964
547	976
547	1000
548	259
548	447
548	539
548	779
548	814
548	978
548	980
549	198
549	346
549	434
549	551
549	745
549	755
549	992
550	711
550	746
550	804
550	869
550	988
550	995
550	998
551	128
551	549
551	731
551	803
551	905
551	993
551	994
552	469
552	511
552	826
552	940
552	958
552	986
552	1000
553	303
553	688
553	764
553	818
553	966
553	982
553	993
554	177
554	308
554	661
554	732
554	757
554	791
554	828
555	540
555	655
555	931
555	953
555	985
555	987
555	999
556	203
556	455
556	531
556	582
556	590
556	764
556	971
557	14
557	370
557	382
557	733
557	809
557	815
557	955
558	838
558	871
558	942
558	977
558	986
558	995
558	997
559	321
559	814
559	837
559	961
559	986
559	991
559	996
560	233
560	546
560	646
560	652
560	807
560	884
560	930
560	952
561	754
561	858
561	912
561	935
561	966
561	972
561	982
561	990
562	380
562	481
562	842
562	892
562	911
562	937
562	959
562	979
563	519
563	781
563	794
563	917
563	946
563	978
563	986
563	991
564	858
564	903
564	912
564	935
564	962
564	972
564	985
564	990
565	918
565	950
565	956
565	957
565	969
565	970
565	978
565	982
566	378
566	722
566	776
566	965
566	978
566	980
566	990
566	992
567	52
567	139
567	270
567	375
567	718
567	758
567	896
567	942
568	96
568	331
568	635
568	636
568	850
568	859
568	924
568	965
569	34
569	530
569	829
569	864
569	903
569	950
569	956
569	957
570	356
570	394
570	526
570	748
570	853
570	874
570	885
570	965
571	413
571	491
571	520
571	749
571	808
571	833
571	902
571	993
572	505
572	789
572	851
572	903
572	935
572	945
572	972
572	990
573	350
573	611
573	639
573	780
573	893
573	937
573	948
573	960
574	494
574	686
574	846
574	891
574	900
574	974
574	984
574	986
575	50
575	98
575	580
575	777
575	887
575	896
575	916
575	926
576	797
576	805
576	843
576	929
576	970
576	994
576	996
576	1000
577	514
577	632
577	693
577	718
577	758
577	853
577	911
577	933
578	289
578	378
578	434
578	458
578	667
578	858
578	899
578	980
579	243
579	467
579	468
579	772
579	819
579	826
579	840
579	952
580	158
580	575
580	581
580	630
580	762
580	896
580	926
580	952
581	248
581	398
581	580
581	826
581	912
581	940
581	958
581	992
582	252
582	308
582	455
582	466
582	545
582	556
582	764
582	884
583	502
583	507
583	534
583	609
583	786
583	867
583	989
583	993
584	591
584	654
584	794
584	800
584	837
584	969
584	986
584	991
585	338
585	691
585	786
585	898
585	936
585	964
585	976
585	983
586	90
586	108
586	831
586	852
586	860
586	872
586	963
586	998
587	723
587	749
587	864
587	918
587	950
587	956
587	957
587	970
588	36
588	379
588	622
588	734
588	866
588	878
588	930
588	942
589	85
589	152
589	193
589	223
589	444
589	688
589	729
589	893
590	256
590	397
590	556
590	721
590	852
590	860
590	937
590	939
591	312
591	584
591	791
591	906
591	934
591	948
591	951
591	971
592	628
592	720
592	764
592	888
592	920
592	974
592	984
592	999
593	261
593	288
593	449
593	653
593	706
593	805
593	827
593	989
594	1
594	392
594	439
594	450
594	661
594	699
594	939
594	983
595	632
595	790
595	855
595	938
595	941
595	962
595	963
595	981
596	115
596	686
596	761
596	901
596	905
596	977
596	995
596	997
597	404
597	483
597	854
597	933
597	943
597	973
597	987
597	994
598	735
598	931
598	933
598	953
598	985
598	986
598	987
598	999
599	668
599	861
599	925
599	934
599	947
599	951
599	971
599	986
600	69
600	92
600	323
600	393
600	508
600	521
600	709
600	835
601	771
601	784
601	797
601	808
601	922
601	929
601	996
601	1000
602	214
602	490
602	779
602	876
602	911
602	919
602	932
602	980
603	133
603	509
603	546
603	615
603	780
603	852
603	959
603	997
604	610
604	724
604	800
604	820
604	823
604	863
604	870
604	979
605	236
605	434
605	526
605	748
605	853
605	874
605	885
605	970
606	681
606	684
606	865
606	900
606	916
606	920
606	945
606	984
607	359
607	404
607	680
607	903
607	933
607	943
607	971
607	973
608	286
608	713
608	899
608	904
608	922
608	937
608	965
608	988
609	79
609	326
609	502
609	507
609	534
609	583
609	650
609	993
610	4
610	399
610	454
610	604
610	721
610	817
610	823
610	873
611	65
611	162
611	377
611	573
611	628
611	877
611	937
611	960
612	695
612	752
612	834
612	865
612	891
612	920
612	974
612	990
613	475
613	512
613	747
613	809
613	864
613	895
613	955
613	959
614	519
614	527
614	654
614	695
614	718
614	961
614	986
614	991
615	100
615	603
615	825
615	875
615	905
615	906
615	960
615	979
616	210
616	643
616	699
616	850
616	924
616	960
616	965
616	983
617	634
617	717
617	743
617	818
617	897
617	906
617	926
617	983
618	415
618	512
618	716
618	719
618	728
618	744
618	965
618	981
619	129
619	337
619	444
619	688
619	703
619	760
619	794
619	881
620	186
620	408
620	801
620	824
620	850
620	886
620	988
620	998
621	484
621	503
621	831
621	837
621	852
621	860
621	872
621	889
622	118
622	513
622	588
622	714
622	734
622	866
622	878
622	927
622	974
623	537
623	692
623	762
623	827
623	890
623	948
623	951
623	981
623	999
624	632
624	698
624	747
624	811
624	856
624	870
624	923
624	967
624	968
625	770
625	808
625	810
625	831
625	847
625	853
625	862
625	914
625	970
626	292
626	641
626	714
626	854
626	861
626	895
626	933
626	943
626	973
627	233
627	512
627	906
627	931
627	953
627	957
627	985
627	987
627	999
628	176
628	592
628	611
628	696
628	888
628	920
628	945
628	974
628	984
629	238
629	640
629	668
629	739
629	817
629	887
629	915
629	954
629	979
630	82
630	580
630	768
630	835
630	863
630	926
630	932
630	944
630	954
631	414
631	668
631	894
631	896
631	941
631	966
631	987
631	989
631	996
632	577
632	595
632	624
632	709
632	790
632	938
632	941
632	962
632	981
633	490
633	634
633	680
633	768
633	975
633	976
633	981
633	993
633	995
634	617
634	633
634	635
634	777
634	818
634	887
634	896
634	897
634	966
635	389
635	503
635	568
635	634
635	787
635	852
635	860
635	872
635	963
636	236
636	361
636	506
636	568
636	796
636	856
636	859
636	924
636	965
637	110
637	299
637	427
637	515
637	685
637	789
637	892
637	925
637	979
638	92
638	343
638	508
638	700
638	798
638	823
638	835
638	866
638	959
639	150
639	259
639	422
639	573
639	727
639	728
639	741
639	983
639	988
640	238
640	357
640	387
640	629
640	648
640	803
640	833
640	872
640	915
641	135
641	368
641	404
641	626
641	868
641	892
641	933
641	943
641	973
642	298
642	647
642	665
642	696
642	728
642	771
642	793
642	799
642	921
643	4
643	489
643	501
643	616
643	699
643	796
643	859
643	924
643	965
644	68
644	333
644	807
644	863
644	873
644	884
644	905
644	908
644	930
645	128
645	331
645	501
645	510
645	704
645	882
645	884
645	974
645	999
646	23
646	28
646	383
646	404
646	501
646	560
646	751
646	884
646	930
647	642
647	669
647	767
647	777
647	795
647	898
647	936
647	964
647	976
648	238
648	504
648	640
648	689
648	739
648	804
648	944
648	956
648	974
649	196
649	735
649	747
649	814
649	871
649	911
649	932
649	980
649	986
650	419
650	423
650	433
650	500
650	503
650	609
650	713
650	805
650	827
651	362
651	369
651	656
651	759
651	910
651	919
651	949
651	970
651	992
652	128
652	234
652	510
652	560
652	751
652	882
652	908
652	924
652	979
653	9
653	419
653	593
653	713
653	805
653	827
653	854
653	913
653	952
654	584
654	614
654	701
654	794
654	845
654	929
654	950
654	986
654	991
655	522
655	555
655	783
655	829
655	864
655	918
655	950
655	956
655	957
656	509
656	651
656	710
656	789
656	830
656	858
656	935
656	972
656	990
657	169
657	258
657	268
657	272
657	314
657	315
657	332
657	693
657	738
658	156
658	212
658	290
658	353
658	457
658	526
658	659
658	827
658	946
659	45
659	212
659	353
659	457
659	479
659	480
659	658
659	890
659	941
660	5
660	131
660	695
660	760
660	834
660	916
660	945
660	974
660	984
661	232
661	251
661	554
661	594
661	732
661	757
661	791
661	952
661	957
662	53
662	267
662	532
662	702
662	809
662	822
662	909
662	955
662	993
663	105
663	125
663	325
663	772
663	793
663	844
663	879
663	946
663	999
664	41
664	48
664	178
664	271
664	533
664	832
664	940
664	944
664	958
665	23
665	168
665	500
665	642
665	693
665	821
665	844
665	879
665	890
666	448
666	869
666	877
666	904
666	917
666	955
666	964
666	988
666	998
667	163
667	194
667	483
667	492
667	578
667	752
667	755
667	852
667	899
668	599
668	629
668	631
668	739
668	780
668	819
668	907
668	915
668	944
668	950
669	205
669	501
669	647
669	691
669	889
669	898
669	936
669	964
669	976
669	993
670	90
670	160
670	210
670	679
670	701
670	756
670	955
670	963
670	968
670	993
671	167
671	206
671	781
671	812
671	845
671	961
671	976
671	982
671	986
671	991
672	220
672	223
672	726
672	828
672	842
672	909
672	934
672	948
672	951
672	971
673	48
673	200
673	265
673	282
673	384
673	424
673	712
673	870
673	890
673	976
674	435
674	777
674	818
674	887
674	896
674	897
674	921
674	954
674	966
674	976
675	702
675	785
675	806
675	815
675	822
675	895
675	955
675	959
675	976
675	986
676	67
676	142
676	336
676	417
676	512
676	725
676	744
676	921
676	949
676	968
677	228
677	254
677	293
677	363
677	510
677	716
677	772
677	892
677	929
677	989
678	47
678	178
678	362
678	502
678	511
678	533
678	723
678	826
678	830
678	958
679	670
679	753
679	797
679	890
679	908
679	925
679	932
679	958
679	987
679	993
680	75
680	296
680	336
680	359
680	382
680	607
680	633
680	854
680	943
680	973
681	354
681	606
681	764
681	838
681	857
681	969
681	975
681	977
681	995
681	997
682	66
682	81
682	122
682	193
682	296
682	394
682	841
682	893
682	947
682	967
683	364
683	735
683	738
683	789
683	851
683	903
683	912
683	935
683	972
683	990
684	442
684	474
684	492
684	606
684	865
684	888
684	900
684	920
684	946
684	984
685	184
685	359
685	363
685	515
685	518
685	637
685	716
685	734
685	772
685	892
686	530
686	574
686	596
686	720
686	888
686	900
686	921
686	969
686	974
686	984
687	460
687	698
687	830
687	856
687	870
687	902
687	923
687	966
687	967
687	968
688	173
688	274
688	553
688	589
688	619
688	703
688	705
688	729
688	760
688	807
689	461
689	648
689	799
689	839
689	844
689	864
689	879
689	880
689	978
689	994
690	465
690	745
690	843
690	883
690	922
690	960
690	961
690	994
690	996
690	1000
691	426
691	585
691	669
691	882
691	889
691	919
691	936
691	964
691	976
691	979
692	14
692	33
692	88
692	128
692	449
692	623
692	751
692	863
692	908
692	930
693	168
693	577
693	657
693	665
693	763
693	793
693	844
693	879
693	880
693	997
694	493
694	721
694	748
694	885
694	902
694	938
694	963
694	974
694	985
694	992
695	504
695	612
695	614
695	660
695	891
695	900
695	920
695	945
695	956
695	984
696	59
696	295
696	628
696	642
696	821
696	823
696	844
696	874
696	879
696	880
697	429
697	453
697	481
697	499
697	804
697	826
697	868
697	923
697	967
697	968
698	396
698	624
698	687
698	767
698	856
698	906
698	923
698	967
698	968
698	994
699	318
699	594
699	616
699	643
699	743
699	778
699	859
699	924
699	965
699	983
700	124
700	142
700	353
700	638
700	808
700	951
700	973
700	994
700	996
700	1000
701	123
701	141
701	210
701	479
701	504
701	654
701	670
701	931
701	963
701	993
702	112
702	179
702	452
702	662
702	675
702	754
702	822
702	937
702	955
702	999
703	104
703	116
703	344
703	619
703	688
703	729
703	766
703	836
703	881
703	893
704	434
704	446
704	645
704	789
704	801
704	901
704	904
704	917
704	988
704	998
705	185
705	342
705	688
705	806
705	928
705	932
705	936
705	986
705	990
705	992
706	89
706	240
706	261
706	423
706	433
706	482
706	593
706	713
706	827
706	952
707	252
707	470
707	520
707	722
707	737
707	880
707	904
707	917
707	988
707	998
708	263
708	275
708	407
708	786
708	938
708	948
708	971
708	973
708	977
708	997
709	600
709	632
709	790
709	845
709	849
709	891
709	938
709	941
709	962
709	981
710	16
710	437
710	656
710	851
710	858
710	903
710	913
710	935
710	972
710	990
711	244
711	462
711	550
711	824
711	869
711	901
711	904
711	916
711	953
711	988
711	998
712	48
712	154
712	188
712	191
712	282
712	384
712	424
712	456
712	673
712	890
712	955
713	9
713	449
713	608
713	650
713	653
713	706
713	805
713	810
713	827
713	944
713	1000
714	61
714	274
714	338
714	622
714	626
714	834
714	854
714	933
714	943
714	973
714	981
715	80
715	245
715	368
715	407
715	440
715	527
715	756
715	907
715	982
715	992
715	993
716	427
716	518
716	543
716	618
716	677
716	685
716	892
716	916
716	953
716	988
716	993
717	175
717	413
717	445
717	496
717	617
717	742
717	887
717	897
717	926
717	954
717	978
718	52
718	138
718	139
718	270
718	385
718	567
718	577
718	614
718	758
718	878
718	942
719	198
719	349
719	366
719	458
719	492
719	618
719	899
719	926
719	940
719	962
719	978
720	13
720	289
720	592
720	686
720	891
720	894
720	900
720	945
720	966
720	974
720	984
721	454
721	590
721	610
721	694
721	724
721	800
721	820
721	823
721	839
721	948
721	985
722	371
722	441
722	448
722	566
722	707
722	761
722	864
722	901
722	917
722	944
722	988
723	587
723	678
723	792
723	829
723	864
723	918
723	950
723	956
723	957
723	973
723	977
724	35
724	183
724	263
724	343
724	399
724	604
724	721
724	820
724	823
724	865
724	979
725	217
725	276
725	676
725	744
725	803
725	834
725	895
725	920
725	991
725	996
725	1000
726	101
726	148
726	297
726	379
726	672
726	785
726	917
726	925
726	934
726	948
726	971
727	54
727	153
727	259
727	407
727	639
727	728
727	741
727	793
727	833
727	936
727	983
728	54
728	79
728	150
728	153
728	618
728	639
728	642
728	727
728	741
728	833
728	992
729	104
729	223
729	229
729	536
729	589
729	688
729	703
729	881
729	912
729	947
729	998
730	471
730	484
730	775
730	838
730	904
730	905
730	972
730	975
730	977
730	995
730	997
731	490
731	551
731	779
731	855
731	871
731	876
731	921
731	928
731	932
731	958
731	980
732	26
732	232
732	251
732	310
732	346
732	373
732	554
732	661
732	757
732	791
732	854
733	102
733	530
733	557
733	753
733	806
733	809
733	815
733	822
733	904
733	955
733	959
734	36
734	113
734	302
734	588
734	622
734	685
734	866
734	878
734	927
734	964
734	967
735	122
735	298
735	314
735	351
735	487
735	537
735	598
735	649
735	683
735	787
735	811
736	442
736	542
736	834
736	865
736	883
736	888
736	891
736	900
736	920
736	955
736	1000
737	346
737	528
737	707
737	778
737	838
737	867
737	905
737	944
737	977
737	995
737	997
738	149
738	169
738	268
738	272
738	315
738	332
738	486
738	657
738	683
738	750
738	976
739	284
739	357
739	453
739	629
739	648
739	668
739	746
739	804
739	915
739	944
739	969
740	395
740	488
740	783
740	816
740	886
740	910
740	919
740	949
740	950
740	970
740	992
741	79
741	153
741	237
741	259
741	417
741	639
741	727
741	728
741	808
741	901
741	983
742	153
742	537
742	717
742	779
742	842
742	866
742	894
742	954
742	969
742	980
742	990
743	258
743	617
743	699
743	781
743	782
743	837
743	845
743	885
743	961
743	986
743	991
744	142
744	156
744	266
744	356
744	512
744	618
744	676
744	725
744	921
744	956
744	987
745	332
745	549
745	690
745	754
745	796
745	843
745	883
745	889
745	922
745	929
745	994
745	1000
746	136
746	446
746	519
746	550
746	739
746	824
746	872
746	901
746	904
746	944
746	988
746	998
747	236
747	287
747	613
747	624
747	649
747	753
747	855
747	871
747	911
747	932
747	980
747	995
748	435
748	570
748	605
748	694
748	813
748	831
748	853
748	868
748	874
748	885
748	926
748	1000
749	83
749	320
749	339
749	413
749	429
749	491
749	571
749	587
749	788
749	808
749	833
749	993
750	8
750	247
750	288
750	292
750	377
750	523
750	738
750	832
750	913
750	955
750	966
750	989
751	204
751	287
751	331
751	400
751	509
751	646
751	652
751	692
751	783
751	863
751	882
751	884
752	69
752	71
752	390
752	393
752	508
752	534
752	612
752	667
752	778
752	798
752	835
752	969
753	56
753	74
753	679
753	733
753	747
753	824
753	861
753	909
753	934
753	947
753	951
753	971
754	561
754	702
754	745
754	796
754	797
754	883
754	907
754	922
754	929
754	994
754	996
754	1000
755	19
755	194
755	289
755	492
755	545
755	549
755	667
755	828
755	863
755	899
755	937
755	978
756	80
756	245
756	250
756	368
756	407
756	670
756	715
756	897
756	921
756	962
756	972
756	982
757	177
757	232
757	251
757	291
757	310
757	346
757	554
757	661
757	732
757	773
757	791
757	987
758	73
758	138
758	139
758	270
758	343
758	567
758	577
758	718
758	874
758	881
758	942
758	998
759	111
759	133
759	651
759	830
759	941
759	949
759	958
759	972
759	974
759	983
759	990
759	999
760	116
760	173
760	343
760	447
760	456
760	478
760	488
760	619
760	660
760	688
760	881
760	893
761	338
761	596
761	722
761	778
761	834
761	857
761	867
761	970
761	975
761	977
761	995
761	997
762	29
762	477
762	580
762	623
762	791
762	820
762	897
762	921
762	950
762	957
762	968
762	988
763	452
763	507
763	693
763	771
763	890
763	923
763	936
763	946
763	947
763	955
763	972
763	990
764	134
764	252
764	308
764	310
764	455
764	469
764	553
764	556
764	582
764	592
764	681
764	908
765	349
765	382
765	514
765	815
765	885
765	899
765	954
765	966
765	977
765	989
765	991
765	995
766	147
766	166
766	309
766	703
766	856
766	865
766	868
766	870
766	967
766	968
766	969
766	976
767	444
767	472
767	647
767	698
767	780
767	795
767	889
767	898
767	936
767	964
767	973
767	976
768	93
768	280
768	630
768	633
768	774
768	801
768	887
768	896
768	897
768	915
768	926
768	936
769	7
769	18
769	143
769	522
769	855
769	879
769	932
769	941
769	954
769	964
769	967
769	976
770	392
770	625
770	810
770	847
770	850
770	862
770	914
770	956
771	78
771	107
771	217
771	341
771	366
771	601
771	642
771	763
771	799
771	879
771	880
771	995
772	78
772	293
772	345
772	363
772	448
772	515
772	541
772	579
772	663
772	677
772	685
772	892
773	107
773	187
773	528
773	542
773	545
773	757
773	867
773	873
773	905
773	975
773	977
773	995
773	997
774	38
774	76
774	164
774	249
774	374
774	390
774	462
774	768
774	887
774	896
774	928
774	954
774	996
775	730
775	895
775	917
775	937
775	950
775	955
775	956
775	960
775	974
775	984
775	994
775	997
775	998
776	32
776	51
776	187
776	335
776	439
776	450
776	566
776	813
776	881
776	916
776	939
776	959
776	983
777	522
777	575
777	634
777	647
777	674
777	818
777	875
777	889
777	897
777	904
777	926
777	944
777	954
778	699
778	737
778	752
778	761
778	857
778	867
778	887
778	905
778	975
778	977
778	982
778	995
778	997
779	225
779	361
779	450
779	548
779	602
779	731
779	742
779	802
779	855
779	911
779	928
779	932
779	980
780	237
780	573
780	603
780	668
780	767
780	825
780	875
780	877
780	889
780	937
780	952
780	960
780	982
781	497
781	563
781	671
781	743
781	782
781	794
781	812
781	837
781	859
781	934
781	961
781	986
781	991
782	445
782	538
782	743
782	781
782	820
782	837
782	845
782	893
782	922
782	961
782	982
782	986
782	991
783	210
783	301
783	474
783	655
783	740
783	751
783	816
783	886
783	907
783	919
783	949
783	970
783	992
784	151
784	283
784	474
784	601
784	799
784	803
784	843
784	910
784	922
784	929
784	994
784	996
784	1000
785	42
785	320
785	358
785	675
785	726
785	871
785	909
785	925
785	934
785	948
785	951
785	971
785	999
786	75
786	583
786	585
786	708
786	842
786	847
786	866
786	878
786	914
786	915
786	974
786	988
786	996
787	120
787	174
787	266
787	297
787	307
787	314
787	347
787	635
787	735
787	811
787	894
787	952
787	973
788	320
788	375
788	749
788	817
788	854
788	921
788	957
788	966
788	986
788	989
788	990
788	991
788	992
789	176
789	572
789	637
789	656
789	683
789	704
789	853
789	858
789	903
789	906
789	912
789	935
789	990
790	71
790	125
790	516
790	595
790	632
790	709
790	849
790	938
790	941
790	951
790	961
790	962
790	981
791	177
791	232
791	251
791	310
791	346
791	425
791	459
791	554
791	591
791	661
791	732
791	757
791	762
792	20
792	403
792	428
792	723
792	799
792	829
792	864
792	918
792	956
792	957
792	962
792	976
792	982
793	53
793	105
793	347
793	397
793	461
793	465
793	642
793	663
793	693
793	727
793	799
793	880
793	962
794	260
794	563
794	584
794	619
794	654
794	781
794	828
794	840
794	845
794	899
794	961
794	986
794	991
795	135
795	472
795	547
795	647
795	767
795	823
795	889
795	898
795	936
795	964
795	976
795	978
795	998
796	299
796	524
796	636
796	643
796	745
796	754
796	843
796	922
796	929
796	978
796	994
796	996
796	1000
797	161
797	576
797	601
797	679
797	754
797	843
797	883
797	922
797	959
797	967
797	994
797	996
797	1000
798	163
798	228
798	243
798	323
798	390
798	393
798	410
798	508
798	638
798	752
798	835
798	959
798	969
799	105
799	295
799	414
799	525
799	642
799	689
799	771
799	784
799	792
799	793
799	879
799	946
799	981
800	77
800	148
800	399
800	454
800	584
800	604
800	721
800	820
800	823
800	915
800	965
800	979
800	997
801	100
801	240
801	255
801	327
801	381
801	620
801	704
801	768
801	869
801	875
801	901
801	917
801	988
802	68
802	204
802	257
802	301
802	374
802	495
802	779
802	832
802	913
802	932
802	966
802	967
802	989
803	130
803	551
803	640
803	725
803	784
803	819
803	840
803	907
803	915
803	921
803	955
803	993
803	998
804	145
804	385
804	387
804	468
804	529
804	550
804	648
804	697
804	739
804	817
804	840
804	906
804	915
804	996
805	9
805	405
805	419
805	433
805	449
805	517
805	576
805	593
805	650
805	653
805	713
805	827
805	931
805	938
806	179
806	267
806	315
806	364
806	475
806	675
806	705
806	733
806	809
806	815
806	822
806	955
806	959
806	962
807	28
807	111
807	333
807	510
807	560
807	644
807	688
807	854
807	863
807	882
807	926
807	930
807	982
807	993
808	221
808	571
808	601
808	625
808	700
808	741
808	749
808	948
808	950
808	968
808	971
808	972
808	986
808	991
809	7
809	221
809	417
809	557
809	613
809	662
809	733
809	806
809	815
809	822
809	898
809	946
809	955
809	985
810	37
810	91
810	294
810	325
810	330
810	625
810	713
810	770
810	847
810	862
810	914
810	920
810	924
811	185
811	240
811	313
811	351
811	487
811	624
811	735
811	787
811	815
811	858
811	894
811	899
811	923
811	952
812	260
812	485
812	671
812	781
812	837
812	845
812	867
812	932
812	933
812	961
812	978
812	986
812	991
812	999
813	179
813	748
813	776
813	818
813	868
813	874
813	877
813	924
813	937
813	965
813	967
813	970
813	992
813	998
814	247
814	414
814	422
814	548
814	559
814	649
814	855
814	871
814	928
814	932
814	980
814	981
814	984
814	988
815	7
815	112
815	302
815	546
815	557
815	675
815	733
815	765
815	806
815	809
815	811
815	895
815	934
815	955
816	3
816	301
816	740
816	783
816	821
816	832
816	886
816	910
816	919
816	949
816	965
816	968
816	970
816	992
817	91
817	279
817	281
817	385
817	468
817	529
817	610
817	629
817	788
817	804
817	819
817	840
817	915
817	974
818	157
818	245
818	553
818	617
818	634
818	674
818	777
818	813
818	887
818	897
818	926
818	937
818	942
818	954
818	957
819	98
819	246
819	357
819	387
819	419
819	529
819	579
819	668
819	803
819	817
819	840
819	851
819	867
819	944
819	983
820	114
820	126
820	183
820	212
820	226
820	454
820	604
820	721
820	724
820	762
820	782
820	800
820	823
820	839
820	979
821	59
821	125
821	217
821	341
821	665
821	696
821	816
821	844
821	851
821	875
821	877
821	879
821	880
821	969
821	978
822	112
822	179
822	367
822	662
822	675
822	702
822	733
822	806
822	809
822	845
822	883
822	895
822	955
822	960
822	985
823	35
823	148
823	183
823	399
823	454
823	604
823	610
823	638
823	696
823	721
823	724
823	795
823	800
823	820
823	990
824	63
824	101
824	388
824	443
824	620
824	711
824	746
824	753
824	901
824	904
824	907
824	917
824	931
824	988
824	998
825	67
825	208
825	209
825	438
825	473
825	494
825	615
825	780
825	877
825	890
825	937
825	952
825	960
825	977
825	994
826	44
826	271
826	289
826	398
826	418
826	552
826	579
826	581
826	678
826	697
826	830
826	846
826	940
826	958
826	992
827	93
827	261
827	419
827	423
827	437
827	593
827	623
827	650
827	653
827	658
827	706
827	713
827	805
827	952
827	968
828	242
828	269
828	405
828	505
828	539
828	554
828	672
828	755
828	794
828	861
828	925
828	934
828	948
828	951
828	971
829	488
829	569
829	655
829	723
829	792
829	864
829	869
829	918
829	950
829	956
829	957
829	974
829	984
829	988
829	991
830	41
830	420
830	511
830	532
830	533
830	656
830	678
830	687
830	759
830	826
830	893
830	940
830	958
830	988
830	993
831	269
831	389
831	401
831	433
831	484
831	586
831	621
831	625
831	748
831	852
831	855
831	860
831	872
831	963
831	982
832	80
832	109
832	204
832	276
832	495
832	523
832	664
832	750
832	802
832	816
832	913
832	942
832	965
832	966
832	989
833	110
833	502
833	534
833	571
833	640
833	727
833	728
833	749
833	839
833	882
833	892
833	893
833	911
833	938
833	980
834	47
834	413
834	415
834	468
834	612
834	660
834	714
834	725
834	736
834	761
834	865
834	888
834	900
834	945
834	974
834	984
835	69
835	71
835	92
835	213
835	390
835	497
835	600
835	630
835	638
835	752
835	798
835	840
835	889
835	893
835	959
835	969
836	31
836	104
836	340
836	703
836	841
836	848
836	906
836	931
836	953
836	983
836	985
836	987
836	999
837	378
837	485
837	538
837	559
837	584
837	621
837	743
837	781
837	782
837	812
837	842
837	858
837	961
837	965
837	986
837	991
838	409
838	477
838	558
838	681
838	730
838	737
838	857
838	867
838	885
838	886
838	905
838	909
838	975
838	977
838	995
838	997
839	269
839	395
839	412
839	447
839	485
839	507
839	536
839	689
839	721
839	820
839	833
839	877
839	949
839	952
839	992
839	993
840	72
840	98
840	130
840	275
840	379
840	490
840	529
840	579
840	794
840	803
840	804
840	817
840	819
840	835
840	915
840	994
841	431
841	682
841	836
841	848
841	906
841	912
841	931
841	935
841	953
841	985
841	987
841	999
842	10
842	31
842	119
842	380
842	481
842	562
842	672
842	742
842	786
842	837
842	871
842	907
842	917
842	959
842	975
842	979
843	134
843	576
843	690
843	745
843	784
843	796
843	797
843	883
843	922
843	929
843	953
843	963
843	965
843	994
843	996
843	1000
844	201
844	348
844	461
844	545
844	663
844	665
844	689
844	693
844	696
844	821
844	879
844	880
844	921
844	952
844	960
844	978
844	992
845	154
845	234
845	355
845	421
845	445
845	654
845	671
845	709
845	743
845	782
845	794
845	812
845	822
845	944
845	961
845	986
845	991
846	160
846	213
846	265
846	293
846	347
846	546
846	574
846	826
846	890
846	926
846	929
846	937
846	940
846	958
846	960
846	978
846	996
847	37
847	63
847	121
847	137
847	144
847	294
847	325
847	330
847	370
847	432
847	625
847	770
847	786
847	810
847	853
847	862
847	914
848	25
848	319
848	362
848	836
848	841
848	906
848	931
848	953
848	971
848	973
848	985
848	987
848	999
849	241
849	323
849	410
849	516
849	532
849	709
849	790
849	866
849	935
849	938
849	941
849	962
849	972
849	978
849	979
849	981
849	985
850	29
850	39
850	126
850	159
850	318
850	489
850	534
850	568
850	616
850	620
850	770
850	859
850	873
850	924
850	927
850	965
850	983
851	201
851	222
851	444
851	531
851	572
851	683
851	710
851	819
851	821
851	858
851	903
851	912
851	927
851	935
851	972
851	990
851	998
852	15
852	152
852	183
852	269
852	401
852	484
852	503
852	520
852	586
852	590
852	603
852	621
852	635
852	667
852	831
852	860
852	903
853	6
853	34
853	383
853	394
853	435
853	526
853	570
853	577
853	605
853	625
853	748
853	789
853	847
853	860
853	874
853	885
853	981
854	92
854	354
854	412
854	483
854	597
854	626
854	653
854	680
854	714
854	732
854	788
854	807
854	933
854	943
854	973
854	983
854	988
855	98
855	313
855	504
855	595
855	731
855	747
855	769
855	779
855	814
855	831
855	871
855	876
855	884
855	927
855	932
855	952
855	980
856	167
856	396
856	450
856	624
856	636
856	687
856	698
856	766
856	868
856	870
856	907
856	923
856	958
856	967
856	968
856	969
856	973
857	399
857	416
857	681
857	761
857	778
857	838
857	867
857	873
857	874
857	905
857	913
857	921
857	951
857	975
857	977
857	995
857	997
858	326
858	544
858	561
858	564
858	578
858	656
858	710
858	789
858	811
858	837
858	851
858	903
858	912
858	935
858	964
858	972
858	990
859	244
859	318
859	372
859	475
859	489
859	506
859	568
859	636
859	643
859	699
859	781
859	850
859	924
859	936
859	964
859	965
859	983
860	1
860	15
860	258
860	389
860	401
860	498
860	503
860	586
860	590
860	621
860	635
860	831
860	852
860	853
860	930
860	963
860	990
861	326
861	353
861	356
861	360
861	505
861	599
861	626
861	753
861	828
861	909
861	925
861	934
861	948
861	949
861	951
861	971
861	988
861	997
862	38
862	144
862	207
862	213
862	275
862	294
862	325
862	330
862	376
862	479
862	625
862	770
862	810
862	847
862	875
862	910
862	914
862	965
863	3
863	23
863	111
863	159
863	197
863	400
863	501
863	515
863	604
863	630
863	644
863	692
863	751
863	755
863	807
863	882
863	884
863	944
864	403
864	480
864	569
864	587
864	613
864	655
864	689
864	722
864	723
864	792
864	829
864	892
864	918
864	950
864	954
864	956
864	957
864	982
865	284
865	459
865	606
865	612
865	684
865	724
865	736
865	766
865	834
865	885
865	888
865	891
865	897
865	900
865	938
865	974
865	984
865	995
866	113
866	118
866	143
866	302
866	305
866	479
866	513
866	588
866	622
866	638
866	734
866	742
866	786
866	849
866	878
866	918
866	927
866	938
867	509
867	544
867	583
867	737
867	761
867	773
867	778
867	812
867	819
867	838
867	857
867	904
867	905
867	941
867	975
867	977
867	995
867	997
868	219
868	302
868	328
868	451
868	453
868	456
868	499
868	641
868	697
868	748
868	766
868	813
868	856
868	870
868	923
868	945
868	967
868	968
869	75
869	313
869	330
869	470
869	520
869	550
869	666
869	711
869	801
869	829
869	890
869	900
869	901
869	916
869	917
869	938
869	988
869	998
870	109
870	219
870	396
870	429
870	451
870	456
870	508
870	535
870	604
870	624
870	673
870	687
870	766
870	856
870	868
870	914
870	967
870	968
870	969
871	216
871	388
871	391
871	521
871	558
871	649
871	731
871	747
871	785
871	814
871	842
871	855
871	876
871	911
871	928
871	932
871	943
871	980
871	1000
872	11
872	15
872	200
872	269
872	294
872	366
872	389
872	401
872	484
872	503
872	586
872	621
872	635
872	640
872	746
872	831
872	915
872	956
872	963
873	72
873	157
873	307
873	383
873	537
873	610
873	644
873	773
873	850
873	857
873	894
873	924
873	929
873	930
873	963
873	996
873	997
873	998
873	1000
874	5
874	6
874	121
874	125
874	243
874	383
874	394
874	435
874	526
874	570
874	605
874	696
874	748
874	758
874	813
874	853
874	857
874	885
874	888
875	146
875	209
875	259
875	374
875	377
875	395
875	473
875	546
875	615
875	777
875	780
875	801
875	821
875	862
875	877
875	894
875	937
875	942
875	960
876	22
876	76
876	285
876	364
876	414
876	422
876	463
876	490
876	521
876	602
876	731
876	855
876	871
876	879
876	881
876	911
876	926
876	932
876	957
877	54
877	65
877	218
877	395
877	473
877	516
877	536
877	611
877	666
877	780
877	813
877	821
877	825
877	839
877	875
877	895
877	937
877	959
877	960
878	24
878	36
878	65
878	113
878	118
878	119
878	302
878	473
878	513
878	588
878	622
878	718
878	734
878	786
878	866
878	927
878	930
878	942
878	959
879	24
879	168
879	465
879	472
879	525
879	531
879	663
879	665
879	689
879	693
879	696
879	769
879	771
879	799
879	821
879	844
879	876
879	886
879	991
880	24
880	107
880	201
880	231
880	295
880	354
880	465
880	525
880	689
880	693
880	696
880	707
880	771
880	793
880	821
880	844
880	921
880	937
880	999
881	43
881	44
881	115
881	229
881	243
881	337
881	342
881	444
881	477
881	478
881	619
881	703
881	729
881	758
881	760
881	776
881	876
881	941
881	947
882	86
882	145
882	165
882	197
882	233
882	234
882	528
882	645
882	652
882	691
882	751
882	807
882	833
882	863
882	884
882	908
882	930
882	947
882	982
883	2
883	497
883	690
883	736
883	745
883	754
883	797
883	822
883	843
883	922
883	923
883	929
883	952
883	959
883	975
883	987
883	994
883	996
883	1000
884	40
884	215
884	256
884	264
884	333
884	544
884	560
884	582
884	644
884	645
884	646
884	751
884	855
884	863
884	882
884	908
884	909
884	930
884	973
885	5
885	6
885	34
885	383
885	394
885	435
885	526
885	570
885	605
885	694
885	743
885	748
885	765
885	838
885	853
885	865
885	874
885	967
885	994
886	195
886	464
886	474
886	620
886	740
886	783
886	816
886	838
886	879
886	896
886	910
886	919
886	931
886	947
886	949
886	952
886	970
886	975
886	992
886	993
887	151
887	211
887	522
887	575
887	629
887	634
887	674
887	717
887	768
887	774
887	778
887	818
887	896
887	926
887	937
887	942
887	954
887	976
887	983
887	987
888	208
888	369
888	426
888	592
888	628
888	684
888	686
888	736
888	834
888	865
888	874
888	900
888	913
888	920
888	928
888	932
888	942
888	945
888	974
888	984
889	306
889	317
889	406
889	430
889	621
889	669
889	691
889	745
889	767
889	777
889	780
889	795
889	835
889	898
889	914
889	936
889	947
889	964
889	976
889	979
890	48
890	154
890	191
890	265
890	282
890	384
890	424
890	467
890	623
890	659
890	665
890	673
890	679
890	712
890	763
890	825
890	846
890	869
890	977
890	989
891	13
891	248
891	369
891	574
891	612
891	695
891	709
891	720
891	736
891	865
891	900
891	920
891	925
891	929
891	945
891	966
891	969
891	974
891	978
891	984
892	140
892	342
892	427
892	515
892	541
892	543
892	562
892	637
892	641
892	677
892	685
892	716
892	772
892	833
892	864
892	916
892	939
892	959
892	963
892	993
893	370
893	431
893	573
893	589
893	682
893	703
893	760
893	782
893	830
893	833
893	835
893	913
893	914
893	937
893	940
893	958
893	966
893	974
893	975
893	989
894	147
894	185
894	297
894	298
894	307
894	351
894	469
894	509
894	514
894	537
894	631
894	720
894	742
894	787
894	811
894	873
894	875
894	918
894	922
894	948
895	53
895	124
895	162
895	214
895	244
895	374
895	452
895	455
895	469
895	475
895	613
895	626
895	675
895	725
895	775
895	815
895	822
895	877
895	916
895	955
896	157
896	175
896	211
896	311
896	368
896	522
896	567
896	575
896	580
896	631
896	634
896	674
896	768
896	774
896	886
896	887
896	921
896	926
896	954
896	962
897	50
897	117
897	157
897	158
897	164
897	617
897	634
897	674
897	717
897	756
897	762
897	768
897	777
897	818
897	865
897	899
897	926
897	947
897	954
897	986
897	997
898	81
898	196
898	331
898	430
898	547
898	585
898	647
898	669
898	767
898	795
898	809
898	889
898	899
898	936
898	940
898	945
898	963
898	964
898	976
898	978
898	979
899	19
899	194
899	289
899	349
899	378
899	434
899	458
899	492
899	578
899	608
899	667
899	719
899	755
899	765
899	794
899	811
899	897
899	898
899	916
899	978
899	984
900	60
900	239
900	280
900	533
900	574
900	606
900	684
900	686
900	695
900	720
900	736
900	834
900	865
900	869
900	888
900	891
900	920
900	973
900	974
900	984
900	996
901	21
901	132
901	136
901	255
901	437
901	448
901	596
901	704
901	711
901	722
901	741
901	746
901	801
901	824
901	869
901	904
901	928
901	940
901	944
901	988
901	998
902	55
902	56
902	77
902	112
902	172
902	239
902	348
902	365
902	376
902	409
902	438
902	482
902	498
902	571
902	687
902	694
902	927
902	946
902	954
902	963
902	994
903	106
903	417
903	457
903	564
903	569
903	572
903	607
903	683
903	710
903	789
903	851
903	852
903	858
903	908
903	912
903	927
903	935
903	972
903	980
903	982
903	990
904	11
904	96
904	286
904	371
904	446
904	448
904	470
904	608
904	666
904	704
904	707
904	711
904	730
904	733
904	746
904	777
904	824
904	867
904	901
904	917
904	959
904	988
905	14
905	311
905	416
905	511
905	551
905	596
905	615
905	644
905	730
905	737
905	773
905	778
905	838
905	857
905	867
905	946
905	974
905	975
905	977
905	989
905	995
905	997
906	591
906	615
906	617
906	627
906	698
906	789
906	804
906	836
906	841
906	848
906	930
906	931
906	953
906	985
906	987
906	999
907	123
907	380
907	513
907	668
907	715
907	754
907	783
907	803
907	824
907	842
907	856
907	915
907	917
907	923
907	935
907	941
907	967
907	972
907	979
907	988
907	990
907	998
908	3
908	28
908	57
908	86
908	111
908	159
908	181
908	331
908	341
908	396
908	510
908	529
908	644
908	652
908	679
908	692
908	764
908	882
908	884
908	903
908	910
908	982
909	38
909	235
909	279
909	358
909	405
909	522
909	545
909	662
909	672
909	753
909	785
909	838
909	861
909	884
909	925
909	931
909	934
909	946
909	948
909	951
909	961
909	969
909	971
910	195
910	225
910	226
910	277
910	304
910	322
910	464
910	651
910	740
910	784
910	816
910	862
910	886
910	908
910	919
910	944
910	946
910	949
910	968
910	970
910	984
910	992
910	993
911	19
911	105
911	152
911	300
911	364
911	388
911	521
911	562
911	577
911	602
911	649
911	747
911	779
911	833
911	871
911	876
911	928
911	932
911	963
911	964
911	980
911	993
911	995
912	33
912	176
912	182
912	327
912	389
912	443
912	531
912	544
912	561
912	564
912	581
912	683
912	729
912	789
912	841
912	851
912	858
912	903
912	917
912	935
912	972
912	983
912	990
913	8
913	21
913	68
913	257
913	276
913	288
913	296
913	360
913	436
913	471
913	523
913	653
913	710
913	750
913	802
913	832
913	857
913	888
913	893
913	921
913	942
913	966
913	989
914	37
914	89
914	122
914	144
914	242
914	248
914	258
914	294
914	325
914	330
914	462
914	536
914	625
914	770
914	786
914	810
914	847
914	862
914	870
914	889
914	893
914	947
914	968
915	72
915	130
915	246
915	385
915	387
915	468
915	529
915	629
915	640
915	668
915	739
915	768
915	786
915	800
915	803
915	804
915	817
915	840
915	872
915	907
915	932
915	943
915	975
916	214
916	267
916	293
916	371
916	443
916	575
916	606
916	660
916	711
916	716
916	776
916	869
916	892
916	895
916	899
916	939
916	947
916	972
916	985
916	987
916	990
916	998
916	999
917	231
917	303
917	381
917	408
917	470
917	517
917	563
917	666
917	704
917	707
917	722
917	726
917	775
917	801
917	824
917	842
917	869
917	904
917	907
917	912
917	929
917	988
917	998
918	18
918	95
918	172
918	251
918	308
918	428
918	488
918	496
918	530
918	565
918	587
918	655
918	723
918	792
918	829
918	864
918	866
918	894
918	921
918	950
918	956
918	957
918	960
919	13
919	27
919	277
919	372
919	375
919	602
919	651
919	691
919	740
919	783
919	816
919	886
919	910
919	922
919	944
919	949
919	952
919	970
919	971
919	979
919	989
919	992
919	993
920	47
920	95
920	138
920	264
920	322
920	494
920	592
920	606
920	612
920	628
920	684
920	695
920	725
920	736
920	810
920	888
920	891
920	900
920	931
920	945
920	966
920	969
920	974
920	984
921	93
921	238
921	300
921	319
921	356
921	512
921	642
921	674
921	676
921	686
921	731
921	744
921	756
921	762
921	788
921	803
921	844
921	857
921	880
921	896
921	913
921	918
921	961
921	976
922	30
922	87
922	130
922	497
922	601
922	608
922	690
922	745
922	754
922	782
922	784
922	796
922	797
922	843
922	883
922	894
922	919
922	929
922	980
922	991
922	994
922	995
922	996
922	1000
923	309
923	396
923	420
923	429
923	451
923	460
923	466
923	499
923	523
923	535
923	624
923	687
923	697
923	698
923	763
923	811
923	856
923	868
923	883
923	907
923	951
923	967
923	968
923	981
924	39
924	103
924	126
924	127
924	194
924	318
924	361
924	489
924	506
924	568
924	616
924	636
924	643
924	652
924	699
924	810
924	813
924	850
924	859
924	873
924	934
924	943
924	965
924	983
924	1000
925	218
925	235
925	242
925	250
925	290
925	312
925	436
925	505
925	539
925	599
925	637
925	679
925	726
925	785
925	828
925	861
925	891
925	909
925	934
925	948
925	951
925	953
925	960
925	971
925	977
926	76
926	117
926	254
926	300
926	462
926	496
926	498
926	522
926	575
926	580
926	617
926	630
926	717
926	719
926	748
926	768
926	777
926	807
926	818
926	846
926	876
926	887
926	896
926	897
926	944
926	982
927	217
927	401
927	414
927	541
927	622
927	734
927	850
927	851
927	855
927	866
927	878
927	902
927	903
927	928
927	932
927	950
927	953
927	961
927	972
927	977
927	985
927	986
927	987
927	990
927	991
927	999
928	33
928	99
928	140
928	161
928	188
928	287
928	364
928	421
928	422
928	447
928	463
928	490
928	493
928	705
928	731
928	774
928	779
928	814
928	871
928	888
928	901
928	911
928	927
928	954
928	963
928	980
929	46
929	82
929	184
929	373
929	386
929	418
929	524
929	576
929	601
929	654
929	677
929	745
929	754
929	784
929	796
929	843
929	846
929	873
929	883
929	891
929	917
929	922
929	933
929	983
929	994
929	996
929	1000
930	3
930	23
930	33
930	40
930	70
930	86
930	88
930	333
930	352
930	370
930	391
930	501
930	560
930	588
930	644
930	646
930	692
930	807
930	860
930	873
930	878
930	882
930	884
930	906
930	963
930	997
930	999
931	500
931	555
931	598
931	627
931	701
931	805
931	824
931	836
931	841
931	848
931	886
931	906
931	909
931	920
931	944
931	953
931	969
931	978
931	979
931	985
931	987
931	999
932	113
932	216
932	281
932	287
932	376
932	463
932	490
932	517
932	602
932	630
932	649
932	679
932	705
932	731
932	747
932	769
932	779
932	802
932	812
932	814
932	855
932	871
932	876
932	888
932	911
932	915
932	927
933	45
933	61
933	135
933	171
933	336
933	338
933	354
933	358
933	359
933	410
933	411
933	412
933	417
933	482
933	577
933	597
933	598
933	607
933	626
933	641
933	714
933	812
933	854
933	929
933	943
933	973
933	983
934	42
934	101
934	170
934	242
934	271
934	279
934	405
934	458
934	539
934	591
934	599
934	672
934	726
934	753
934	781
934	785
934	815
934	828
934	861
934	909
934	924
934	925
934	946
934	948
934	951
934	971
934	980
934	995
935	119
935	129
935	218
935	328
935	467
935	479
935	531
935	544
935	561
935	564
935	572
935	656
935	683
935	710
935	789
935	841
935	849
935	851
935	858
935	903
935	907
935	912
935	956
935	961
935	972
935	981
935	982
935	990
936	103
936	196
936	306
936	340
936	406
936	542
936	547
936	585
936	647
936	669
936	691
936	705
936	727
936	763
936	767
936	768
936	795
936	859
936	889
936	898
936	940
936	947
936	963
936	964
936	976
936	978
936	979
936	982
937	208
937	237
937	247
937	258
937	377
937	562
937	573
937	590
937	608
937	611
937	702
937	755
937	775
937	780
937	813
937	818
937	825
937	846
937	875
937	877
937	880
937	887
937	893
937	942
937	952
937	960
937	987
937	1000
938	25
938	170
938	227
938	241
938	324
938	367
938	494
938	516
938	528
938	532
938	595
938	632
938	694
938	708
938	709
938	790
938	805
938	833
938	849
938	865
938	866
938	869
938	941
938	962
938	978
938	979
938	981
938	984
939	1
939	32
939	51
939	73
939	83
939	187
939	253
939	263
939	307
939	334
939	335
939	392
939	417
939	439
939	450
939	486
939	503
939	515
939	540
939	590
939	594
939	776
939	892
939	916
939	949
939	959
939	983
939	985
940	44
940	62
940	77
940	124
940	271
940	275
940	314
940	334
940	362
940	398
940	418
940	420
940	511
940	533
940	552
940	581
940	664
940	719
940	826
940	830
940	846
940	893
940	898
940	901
940	936
940	955
940	958
940	993
941	16
941	64
941	168
941	180
941	220
941	286
941	324
941	410
941	516
941	532
941	595
941	631
941	632
941	659
941	709
941	759
941	769
941	790
941	849
941	867
941	881
941	907
941	938
941	962
941	978
941	979
941	981
941	995
942	198
942	305
942	306
942	363
942	445
942	486
942	513
942	546
942	558
942	567
942	588
942	718
942	758
942	818
942	832
942	875
942	878
942	887
942	888
942	913
942	937
942	949
942	954
942	960
942	966
942	983
942	989
942	993
943	34
943	41
943	45
943	97
943	135
943	143
943	274
943	338
943	340
943	382
943	404
943	411
943	412
943	483
943	597
943	607
943	626
943	641
943	680
943	714
943	854
943	871
943	915
943	924
943	933
943	945
943	964
943	973
943	983
944	384
944	535
944	630
944	648
944	664
944	668
944	713
944	722
944	737
944	739
944	746
944	777
944	819
944	845
944	863
944	901
944	910
944	919
944	926
944	931
944	954
944	959
944	961
944	970
944	986
944	990
944	991
944	992
944	998
945	36
945	42
945	49
945	84
945	264
945	284
945	351
945	369
945	415
945	442
945	459
945	494
945	572
945	606
945	628
945	660
945	695
945	720
945	834
945	868
945	888
945	891
945	898
945	920
945	943
945	969
945	974
945	984
945	999
946	55
946	108
946	149
946	315
946	365
946	463
946	482
946	525
946	534
946	538
946	563
946	658
946	663
946	684
946	763
946	799
946	809
946	902
946	905
946	909
946	910
946	934
946	951
946	963
946	971
946	975
946	978
946	993
946	995
946	997
947	43
947	66
947	116
947	137
947	173
947	193
947	411
947	431
947	476
947	533
947	599
947	682
947	729
947	753
947	763
947	881
947	882
947	886
947	889
947	897
947	914
947	916
947	936
947	964
947	970
947	971
947	976
947	982
947	992
947	999
948	7
948	101
948	144
948	187
948	312
948	358
948	379
948	405
948	423
948	476
948	505
948	506
948	573
948	591
948	623
948	672
948	708
948	721
948	726
948	785
948	808
948	828
948	861
948	894
948	909
948	925
948	934
948	951
948	964
948	971
948	1000
949	85
949	225
949	246
949	277
949	304
949	319
949	322
949	350
949	372
949	375
949	439
949	464
949	465
949	486
949	651
949	676
949	740
949	759
949	783
949	816
949	839
949	861
949	886
949	910
949	919
949	939
949	942
949	951
949	970
949	992
949	993
950	18
950	74
950	95
950	192
950	205
950	324
950	403
950	428
950	442
950	488
950	530
950	565
950	569
950	587
950	654
950	655
950	668
950	723
950	740
950	762
950	775
950	808
950	829
950	864
950	918
950	927
950	956
950	957
950	975
950	984
950	989
951	83
951	206
951	242
951	326
951	347
951	360
951	379
951	440
951	467
951	476
951	539
951	591
951	599
951	623
951	672
951	700
951	753
951	785
951	790
951	828
951	857
951	861
951	909
951	923
951	925
951	934
951	946
951	948
951	949
951	971
951	979
952	120
952	199
952	476
952	487
952	493
952	560
952	579
952	580
952	653
952	661
952	706
952	780
952	787
952	811
952	825
952	827
952	839
952	844
952	855
952	883
952	886
952	919
952	937
952	955
952	960
952	970
952	992
952	994
952	996
952	999
952	1000
953	11
953	49
953	230
953	281
953	291
953	339
953	345
953	398
953	402
953	441
953	500
953	555
953	598
953	627
953	711
953	716
953	836
953	841
953	843
953	848
953	906
953	925
953	927
953	931
953	969
953	977
953	979
953	985
953	987
953	991
953	999
954	39
954	82
954	89
954	117
954	163
954	164
954	207
954	248
954	249
954	300
954	492
954	496
954	629
954	630
954	674
954	717
954	742
954	765
954	769
954	774
954	777
954	818
954	864
954	887
954	896
954	897
954	902
954	928
954	942
954	944
954	963
954	983
955	14
955	53
955	102
955	162
955	214
955	267
955	304
955	334
955	386
955	452
955	475
955	557
955	613
955	662
955	666
955	670
955	675
955	702
955	712
955	733
955	736
955	750
955	763
955	775
955	803
955	806
955	809
955	815
955	822
955	895
955	940
955	952
956	17
956	18
956	74
956	95
956	158
956	172
956	192
956	205
956	428
956	455
956	488
956	530
956	565
956	569
956	587
956	648
956	655
956	695
956	723
956	744
956	770
956	775
956	792
956	829
956	864
956	872
956	918
956	935
956	950
956	957
956	982
956	990
957	17
957	74
957	100
957	172
957	192
957	207
957	296
957	389
957	403
957	428
957	488
957	530
957	565
957	569
957	587
957	627
957	655
957	661
957	723
957	762
957	788
957	792
957	818
957	829
957	864
957	876
957	918
957	950
957	956
957	958
957	982
957	992
958	11
958	41
958	44
958	62
958	124
958	178
958	272
958	316
958	374
958	398
958	418
958	420
958	436
958	508
958	511
958	524
958	533
958	552
958	581
958	664
958	678
958	679
958	731
958	759
958	826
958	830
958	846
958	856
958	893
958	940
958	957
958	967
959	31
959	50
959	57
959	102
959	133
959	146
959	282
959	380
959	393
959	521
959	562
959	603
959	613
959	638
959	675
959	733
959	776
959	797
959	798
959	806
959	835
959	842
959	877
959	878
959	883
959	892
959	904
959	939
959	944
959	960
959	969
959	983
959	992
960	56
960	65
960	94
960	133
960	182
960	208
960	209
960	237
960	262
960	266
960	290
960	473
960	546
960	573
960	611
960	615
960	616
960	690
960	775
960	780
960	822
960	825
960	844
960	846
960	875
960	877
960	918
960	925
960	937
960	942
960	952
960	959
960	985
961	84
961	155
961	260
961	342
961	355
961	428
961	439
961	519
961	538
961	543
961	559
961	614
961	671
961	690
961	743
961	781
961	782
961	790
961	794
961	812
961	837
961	845
961	909
961	921
961	927
961	935
961	944
961	978
961	980
961	981
961	982
961	986
961	991
962	16
962	25
962	43
962	64
962	170
962	180
962	220
962	227
962	241
962	286
962	324
962	367
962	410
962	485
962	532
962	564
962	595
962	632
962	709
962	719
962	756
962	790
962	792
962	793
962	806
962	849
962	896
962	938
962	941
962	973
962	978
962	979
962	981
963	12
963	90
963	123
963	160
963	219
963	239
963	287
963	498
963	586
963	595
963	635
963	670
963	694
963	701
963	831
963	843
963	860
963	872
963	873
963	892
963	898
963	902
963	911
963	928
963	930
963	936
963	946
963	954
963	964
963	968
963	976
963	980
963	993
964	196
964	271
964	313
964	317
964	340
964	406
964	430
964	460
964	472
964	547
964	585
964	647
964	666
964	669
964	691
964	734
964	767
964	769
964	795
964	858
964	859
964	889
964	898
964	911
964	936
964	943
964	947
964	948
964	963
964	971
964	976
964	978
964	979
964	992
965	29
965	39
965	70
965	77
965	103
965	126
965	188
965	244
965	318
965	361
965	391
965	489
965	506
965	566
965	568
965	570
965	608
965	616
965	618
965	636
965	643
965	699
965	800
965	813
965	816
965	832
965	837
965	843
965	850
965	859
965	862
965	924
965	983
965	991
966	21
966	67
966	121
966	132
966	197
966	222
966	257
966	276
966	292
966	436
966	471
966	495
966	523
966	553
966	561
966	631
966	634
966	674
966	687
966	720
966	750
966	765
966	788
966	802
966	832
966	891
966	893
966	913
966	920
966	942
966	977
966	980
966	989
966	1000
967	28
967	114
967	166
967	167
967	189
967	309
967	396
967	429
967	451
967	456
967	460
967	466
967	499
967	535
967	624
967	682
967	687
967	697
967	698
967	734
967	766
967	769
967	797
967	802
967	813
967	856
967	868
967	870
967	885
967	907
967	923
967	958
967	968
967	990
968	52
968	166
968	167
968	189
968	219
968	309
968	451
968	453
968	456
968	460
968	466
968	499
968	535
968	624
968	670
968	676
968	687
968	697
968	698
968	762
968	766
968	808
968	816
968	827
968	856
968	868
968	870
968	910
968	914
968	923
968	963
968	967
968	969
968	998
969	321
969	385
969	393
969	466
969	565
969	584
969	681
969	686
969	739
969	742
969	752
969	766
969	798
969	821
969	835
969	856
969	870
969	891
969	909
969	920
969	931
969	945
969	953
969	959
969	968
969	972
969	975
969	977
969	983
969	984
969	985
969	987
969	995
969	997
969	999
970	27
970	85
970	137
970	149
970	304
970	322
970	350
970	372
970	376
970	402
970	464
970	474
970	511
970	565
970	576
970	587
970	605
970	625
970	651
970	740
970	761
970	783
970	813
970	816
970	886
970	910
970	919
970	944
970	947
970	949
970	952
970	989
970	992
970	993
970	995
971	42
971	117
971	218
971	230
971	235
971	279
971	326
971	425
971	476
971	505
971	556
971	591
971	599
971	607
971	672
971	708
971	726
971	753
971	785
971	808
971	828
971	848
971	861
971	909
971	919
971	925
971	934
971	946
971	947
971	948
971	951
971	964
971	976
971	997
971	999
972	40
972	106
972	129
972	191
972	243
972	328
972	432
972	443
972	531
972	544
972	561
972	564
972	572
972	656
972	683
972	710
972	730
972	756
972	759
972	763
972	808
972	849
972	851
972	858
972	903
972	907
972	912
972	916
972	927
972	935
972	969
972	980
972	982
972	990
972	991
972	1000
973	45
973	61
973	143
973	274
973	295
973	336
973	354
973	359
973	382
973	404
973	411
973	412
973	478
973	483
973	545
973	597
973	607
973	626
973	641
973	680
973	700
973	708
973	714
973	723
973	767
973	787
973	848
973	854
973	856
973	884
973	900
973	933
973	943
973	962
973	975
973	983
974	13
974	49
974	60
974	131
974	283
974	284
974	426
974	442
974	459
974	508
974	574
974	592
974	612
974	622
974	628
974	645
974	648
974	660
974	686
974	694
974	720
974	759
974	775
974	786
974	817
974	829
974	834
974	865
974	888
974	891
974	893
974	900
974	905
974	920
974	945
974	984
974	996
975	8
975	99
975	171
975	199
975	224
975	246
975	285
975	329
975	344
975	376
975	397
975	416
975	425
975	528
975	542
975	633
975	681
975	730
975	761
975	773
975	778
975	838
975	842
975	857
975	867
975	883
975	886
975	893
975	905
975	915
975	946
975	950
975	969
975	973
975	977
975	986
975	995
975	997
976	306
976	316
976	317
976	340
976	370
976	376
976	406
976	421
976	430
976	472
976	486
976	547
976	585
976	633
976	647
976	669
976	671
976	673
976	674
976	675
976	691
976	738
976	766
976	767
976	769
976	792
976	795
976	887
976	889
976	898
976	921
976	936
976	947
976	963
976	964
976	971
976	978
976	979
976	986
977	72
977	171
977	190
977	199
977	285
977	311
977	329
977	344
977	423
977	425
977	493
977	514
977	537
977	558
977	596
977	681
977	708
977	723
977	730
977	737
977	761
977	765
977	773
977	778
977	825
977	838
977	857
977	867
977	890
977	905
977	925
977	927
977	953
977	966
977	969
977	975
977	988
977	995
977	997
978	10
978	163
978	270
978	327
978	328
978	378
978	434
978	472
978	495
978	548
978	563
978	565
978	566
978	689
978	717
978	719
978	755
978	795
978	796
978	812
978	821
978	844
978	846
978	849
978	891
978	898
978	899
978	931
978	936
978	938
978	941
978	946
978	961
978	962
978	964
978	976
978	981
978	986
978	991
979	35
979	37
979	226
979	438
979	451
979	461
979	481
979	510
979	562
979	604
979	615
979	629
979	637
979	652
979	691
979	724
979	800
979	820
979	842
979	849
979	889
979	898
979	907
979	919
979	931
979	936
979	938
979	941
979	951
979	953
979	962
979	964
979	976
979	981
979	985
979	987
979	990
979	995
979	999
980	22
980	35
980	56
980	108
980	161
980	216
980	222
980	236
980	267
980	279
980	281
980	388
980	414
980	422
980	438
980	447
980	463
980	548
980	566
980	578
980	602
980	649
980	731
980	742
980	747
980	779
980	814
980	833
980	855
980	871
980	903
980	911
980	922
980	928
980	934
980	961
980	963
980	966
980	972
980	984
981	16
981	25
981	64
981	170
981	180
981	220
981	227
981	241
981	286
981	324
981	367
981	399
981	410
981	509
981	516
981	517
981	532
981	595
981	618
981	623
981	632
981	633
981	709
981	714
981	790
981	799
981	814
981	849
981	853
981	923
981	935
981	938
981	941
981	961
981	962
981	978
981	979
981	983
981	987
981	991
981	997
982	57
982	156
982	186
982	215
982	229
982	250
982	321
982	327
982	368
982	440
982	499
982	507
982	527
982	553
982	561
982	565
982	671
982	715
982	756
982	778
982	780
982	782
982	792
982	807
982	831
982	864
982	882
982	903
982	908
982	926
982	935
982	936
982	947
982	956
982	957
982	961
982	972
982	985
982	986
982	990
982	991
983	32
983	54
983	79
983	150
983	260
983	366
983	411
983	443
983	462
983	538
983	585
983	594
983	616
983	617
983	639
983	699
983	727
983	741
983	759
983	776
983	819
983	836
983	850
983	854
983	859
983	887
983	912
983	924
983	929
983	933
983	939
983	942
983	943
983	954
983	959
983	965
983	969
983	973
983	981
983	994
983	998
984	47
984	49
984	60
984	131
984	162
984	209
984	215
984	258
984	369
984	415
984	426
984	442
984	459
984	494
984	517
984	574
984	592
984	606
984	628
984	660
984	684
984	686
984	695
984	720
984	775
984	814
984	829
984	834
984	865
984	888
984	891
984	899
984	900
984	910
984	920
984	938
984	945
984	950
984	969
984	974
984	980
984	987
985	12
985	20
985	26
985	152
985	230
985	264
985	278
985	291
985	339
985	345
985	402
985	441
985	499
985	500
985	504
985	525
985	555
985	564
985	598
985	627
985	694
985	721
985	809
985	822
985	836
985	841
985	848
985	849
985	906
985	916
985	927
985	931
985	939
985	953
985	960
985	969
985	979
985	982
985	987
985	996
985	999
986	155
986	321
986	355
986	377
986	445
986	485
986	519
986	538
986	541
986	545
986	552
986	558
986	559
986	563
986	574
986	584
986	598
986	599
986	614
986	649
986	654
986	671
986	675
986	705
986	743
986	781
986	782
986	788
986	794
986	808
986	812
986	837
986	845
986	897
986	927
986	944
986	961
986	975
986	976
986	978
986	982
986	991
987	12
987	20
987	26
987	175
987	224
987	230
987	278
987	291
987	339
987	345
987	402
987	441
987	500
987	517
987	523
987	525
987	536
987	555
987	597
987	598
987	627
987	631
987	679
987	744
987	757
987	836
987	841
987	848
987	883
987	887
987	906
987	916
987	927
987	931
987	937
987	953
987	969
987	979
987	981
987	984
987	985
987	991
987	999
988	63
988	94
988	96
988	178
988	182
988	186
988	206
988	231
988	248
988	303
988	408
988	446
988	448
988	493
988	520
988	550
988	608
988	620
988	639
988	666
988	704
988	707
988	711
988	716
988	722
988	746
988	762
988	786
988	801
988	814
988	824
988	829
988	830
988	854
988	861
988	869
988	901
988	904
988	907
988	917
988	977
988	991
988	998
989	8
989	21
989	68
989	109
989	121
989	132
989	149
989	195
989	197
989	222
989	257
989	262
989	276
989	288
989	290
989	292
989	299
989	429
989	436
989	471
989	493
989	495
989	516
989	523
989	536
989	583
989	593
989	631
989	677
989	750
989	765
989	788
989	802
989	832
989	890
989	893
989	905
989	913
989	919
989	942
989	950
989	966
989	970
989	1000
990	106
990	129
990	138
990	176
990	181
990	190
990	327
990	328
990	443
990	463
990	531
990	536
990	544
990	561
990	564
990	566
990	572
990	612
990	656
990	683
990	705
990	710
990	742
990	759
990	763
990	788
990	789
990	823
990	851
990	858
990	860
990	903
990	907
990	912
990	916
990	927
990	935
990	944
990	956
990	967
990	972
990	979
990	982
990	993
990	996
991	84
991	107
991	132
991	155
991	260
991	321
991	355
991	438
991	445
991	485
991	519
991	538
991	559
991	563
991	584
991	614
991	654
991	671
991	725
991	743
991	765
991	781
991	782
991	788
991	794
991	808
991	812
991	829
991	837
991	845
991	879
991	922
991	927
991	944
991	953
991	961
991	965
991	972
991	978
991	981
991	982
991	986
991	987
991	988
991	996
992	27
992	85
992	137
992	181
992	195
992	225
992	241
992	277
992	301
992	304
992	322
992	334
992	350
992	372
992	375
992	421
992	474
992	549
992	566
992	581
992	651
992	694
992	705
992	715
992	728
992	740
992	783
992	788
992	813
992	816
992	826
992	839
992	844
992	886
992	910
992	919
992	944
992	947
992	949
992	952
992	957
992	959
992	964
992	970
992	993
993	78
993	110
993	123
993	189
993	273
993	293
993	320
993	343
993	360
993	363
993	413
993	491
993	502
993	534
993	551
993	553
993	571
993	583
993	609
993	633
993	662
993	669
993	670
993	679
993	701
993	715
993	716
993	749
993	803
993	807
993	830
993	839
993	886
993	892
993	910
993	911
993	919
993	940
993	942
993	946
993	949
993	963
993	970
993	990
993	992
994	2
994	30
994	46
994	58
994	89
994	122
994	151
994	165
994	184
994	202
994	204
994	273
994	283
994	290
994	316
994	373
994	386
994	452
994	497
994	524
994	551
994	576
994	597
994	689
994	690
994	698
994	700
994	745
994	754
994	775
994	784
994	796
994	797
994	825
994	840
994	843
994	883
994	885
994	902
994	922
994	929
994	952
994	983
994	996
994	997
994	1000
995	99
995	106
995	171
995	190
995	199
995	233
995	285
995	311
995	329
995	344
995	397
995	405
995	416
995	417
995	425
995	528
995	542
995	550
995	558
995	596
995	633
995	681
995	730
995	737
995	747
995	761
995	765
995	771
995	773
995	778
995	838
995	857
995	865
995	867
995	905
995	911
995	922
995	934
995	941
995	946
995	969
995	970
995	975
995	977
995	979
995	997
995	1000
996	2
996	58
996	87
996	115
996	149
996	151
996	165
996	202
996	232
996	248
996	273
996	283
996	373
996	386
996	403
996	479
996	491
996	497
996	524
996	535
996	559
996	576
996	601
996	631
996	690
996	700
996	725
996	754
996	774
996	784
996	786
996	796
996	797
996	804
996	843
996	846
996	873
996	883
996	900
996	922
996	929
996	952
996	974
996	985
996	990
996	991
996	994
996	1000
997	10
997	89
997	97
997	99
997	141
997	181
997	190
997	231
997	247
997	311
997	344
997	397
997	402
997	416
997	425
997	460
997	528
997	542
997	543
997	558
997	596
997	603
997	681
997	693
997	708
997	730
997	737
997	761
997	773
997	775
997	778
997	800
997	838
997	857
997	861
997	867
997	873
997	897
997	905
997	930
997	946
997	969
997	971
997	975
997	977
997	981
997	994
997	995
997	1000
998	63
998	75
998	88
998	94
998	96
998	136
998	186
998	200
998	206
998	231
998	255
998	256
998	266
998	296
998	303
998	334
998	371
998	381
998	408
998	437
998	446
998	470
998	520
998	550
998	586
998	620
998	666
998	704
998	707
998	711
998	729
998	746
998	758
998	775
998	795
998	803
998	813
998	824
998	851
998	869
998	873
998	901
998	907
998	916
998	917
998	944
998	968
998	983
998	988
999	12
999	20
999	26
999	38
999	69
999	89
999	207
999	224
999	230
999	266
999	278
999	291
999	339
999	342
999	345
999	402
999	416
999	441
999	469
999	500
999	555
999	592
999	598
999	623
999	627
999	645
999	663
999	702
999	759
999	785
999	812
999	836
999	841
999	848
999	880
999	906
999	916
999	927
999	930
999	931
999	945
999	947
999	952
999	953
999	969
999	971
999	979
999	985
999	987
1000	30
1000	46
1000	58
1000	87
1000	141
1000	165
1000	184
1000	202
1000	262
1000	273
1000	283
1000	373
1000	386
1000	391
1000	446
1000	467
1000	497
1000	524
1000	547
1000	552
1000	576
1000	601
1000	690
1000	700
1000	713
1000	725
1000	736
1000	745
1000	748
1000	754
1000	784
1000	796
1000	797
1000	843
1000	871
1000	873
1000	883
1000	922
1000	924
1000	929
1000	937
1000	948
1000	952
1000	966
1000	972
1000	989
1000	994
1000	995
1000	996
1000	997
