1	26 
2	98 
3	5 
4	56 
5	107 
6	59 
7	124 
8	73 
9	130 
10	136 
11	154 
12	34 
13	135 
14	56 
15	103 
16	163 
17	59 
18	2 32 45 64 137 141 157 166 
19	129 
20	155 
21	69 
22	126 
23	56 
24	33 
25	136 
26	99 
27	142 
28	33 
29	123 
30	48 
31	158 
32	66 
33	45 
34	32 
35	125 
36	163 
37	136 
38	34 
39	156 
40	109 
41	79 
42	68 
43	15 
44	2 50 52 69 85 102 135 166 
45	159 
46	63 
47	96 
48	25 
49	45 70 143 157 164 165 166 172 
50	126 
51	131 
52	158 
53	127 
54	49 55 70 89 115 121 150 156 
55	137 
56	43 45 56 57 83 89 151 169 
57	171 
58	34 
59	166 
60	4 13 43 45 59 72 79 85 
61	163 
62	126 
63	43 
64	33 
65	118 
66	91 
67	89 
68	64 
69	85 
70	34 
71	33 60 68 81 93 107 115 118 
72	118 
73	68 
74	71 
75	72 
76	19 
77	64 
78	127 
79	111 
80	20 42 93 99 112 118 136 139 
81	92 
82	147 
83	16 79 85 101 117 121 139 158 
84	83 
85	7 
86	172 
87	75 
88	56 
89	46 
90	17 
91	67 
92	8 
93	8 
94	139 
95	170 
96	66 71 80 105 117 142 164 165 
97	103 
98	20 
99	11 39 78 100 105 106 131 159 
100	16 25 75 83 84 122 149 171 
101	115 
102	139 
103	34 
104	44 
105	19 
106	3 
107	41 47 69 73 82 102 161 166 
108	84 
109	37 
110	15 43 61 105 117 123 129 166 
111	62 
112	88 
113	61 
114	41 
115	106 
116	124 
117	135 
118	55 59 64 72 83 85 92 149 
119	78 
120	50 
121	117 
122	28 
123	16 
124	46 
125	104 
126	66 
127	138 
128	118 
129	142 
130	129 
131	6 
132	55 
133	117 
134	112 
135	34 
136	10 21 45 80 88 110 122 150 
137	166 
138	125 
139	154 
140	134 
141	92 
142	151 
143	131 
144	84 
145	166 
146	6 21 32 72 77 109 149 154 
147	5 
148	12 16 41 91 143 158 159 165 
149	80 
150	172 
151	82 
152	34 46 86 107 126 137 155 167 
153	123 
154	38 51 56 118 126 142 145 151 
155	164 
156	137 
157	119 
158	23 
159	145 
160	2 
161	15 21 45 50 90 138 151 171 
162	32 
163	6 
164	21 
165	124 
166	57 
167	85 
168	46 
169	122 
170	71 
171	50 
172	71 
173	106 
174	152 
175	49 
176	139 
177	120 
178	73 
179	19 
180	162 
181	154 
182	53 
183	47 
184	101 
185	126 
186	118 
187	32 
188	26 
189	150 
190	112 
191	58 
192	114 
193	129 
194	2 18 49 51 107 110 126 146 
195	11 
196	104 
197	95 
198	9 31 41 51 66 81 132 142 
199	134 
200	130 
201	79 
202	61 
203	146 
204	105 
205	98 
206	103 
207	16 
208	80 
209	53 
210	55 
211	137 
212	11 
213	108 
214	64 
215	117 
216	122 
217	72 
218	77 
219	162 
220	84 
221	133 
222	110 
223	59 
224	60 
225	9 26 30 53 132 159 167 168 
226	19 
227	45 
228	123 
229	50 
230	117 
231	7 35 53 94 107 110 114 125 
232	109 
233	6 
234	109 
235	74 
236	63 
237	162 
238	59 
239	19 
240	50 
241	86 
242	14 54 85 112 116 139 158 166 
243	166 
244	119 
245	27 
246	104 
247	152 
248	7 
249	171 
250	59 
251	159 
252	143 
253	114 
254	164 
255	147 
256	3 30 52 53 70 93 142 168 
257	162 
258	145 
259	102 
260	126 
261	136 
262	142 
263	53 
264	60 
265	3 
266	2 6 22 43 55 86 97 151 
267	157 
268	88 
269	30 
270	121 
271	138 
272	20 
273	16 
274	129 
275	21 
276	43 
277	54 
278	115 
279	77 
280	87 
281	59 
282	137 
283	48 
284	143 
285	172 
286	11 
287	115 
288	159 
289	135 
290	150 
291	37 
292	159 
293	66 
294	167 
295	129 
296	98 
297	71 
298	79 
299	44 
300	15 
301	36 
302	112 
303	152 
304	125 
305	141 
306	117 
307	45 
308	56 
309	53 
310	49 
311	82 
312	162 
313	64 79 136 140 144 158 164 167 
314	59 
315	42 
316	41 
317	63 
318	115 
319	131 
320	61 
321	40 
322	131 
323	95 
324	71 
325	141 
326	145 
327	160 
328	70 
329	155 
330	137 
331	3 
332	72 
333	38 
334	30 
335	162 
336	75 
337	15 82 102 123 125 146 150 154 
338	53 
339	31 34 45 57 62 125 128 142 
340	101 
341	65 
342	31 
343	155 
344	64 
345	19 
346	88 
347	17 
348	7 12 14 20 28 69 166 171 
349	170 
350	34 
351	74 
352	125 
353	55 
354	64 
355	172 
356	51 
357	136 
358	142 
359	82 
360	33 
361	113 
362	2 
363	34 39 88 104 106 137 146 172 
364	80 
365	19 58 61 63 67 88 92 117 
366	44 
367	6 11 21 30 60 96 100 160 
368	39 
369	106 
370	56 
371	53 
372	15 
373	145 
374	6 
375	21 
376	4 32 80 90 126 134 142 167 
377	74 
378	138 
379	53 
380	86 
381	7 
382	159 
383	69 75 80 81 91 125 131 144 
384	171 
385	92 
386	169 
387	130 
388	67 
389	158 
390	13 43 50 95 127 137 147 172 
391	80 
392	131 
393	34 
394	129 
395	10 16 18 79 89 100 146 166 
396	167 
397	107 
398	164 
399	8 
400	141 
401	1 46 58 64 74 150 164 171 
402	63 
403	60 
404	114 
405	153 
406	174 
407	34 
408	85 
409	71 
410	82 
411	125 
412	28 
413	58 
414	74 
415	9 64 73 128 148 152 167 169 
416	125 
417	14 
418	5 16 45 80 137 141 151 164 
419	15 
420	1 21 29 46 47 53 63 142 
421	19 
422	98 
423	55 
424	161 
425	39 
426	164 
427	104 
428	22 30 34 66 72 131 165 167 
429	3 34 74 103 105 131 162 163 
430	14 
431	51 
432	132 
433	149 
434	1 44 51 61 97 133 150 163 
435	110 
436	19 
437	3 
438	5 13 21 22 61 64 118 120 
439	148 
440	85 
441	101 
442	171 
443	15 
444	30 
445	28 
446	19 
447	83 
448	56 
449	17 
450	102 
451	158 
452	86 
453	113 
454	163 
455	168 
456	104 
457	150 
458	116 
459	166 
460	138 
461	85 
462	56 
463	67 77 97 114 118 132 134 136 
464	134 
465	80 
466	21 
467	15 
468	57 
469	46 47 90 117 118 121 124 129 
470	15 51 106 107 114 131 136 157 
471	59 
472	31 
473	146 
474	53 
475	142 
476	13 
477	48 
478	21 35 66 79 107 145 158 160 
479	167 
480	117 
481	33 
482	164 
483	19 
484	102 
485	55 
486	35 40 53 84 96 129 151 170 
487	121 
488	159 
489	90 
490	43 
491	36 
492	18 
493	13 
494	13 40 88 101 110 124 139 148 
495	101 
496	71 
497	109 
498	13 
499	166 
500	56 
501	137 
502	6 
503	119 
504	30 
505	171 
506	122 
507	46 53 78 81 103 119 137 155 
508	123 
509	164 
510	55 
511	7 16 28 50 52 80 164 165 
512	15 
513	57 
514	42 
515	139 
516	36 
517	145 
518	138 
519	33 
520	75 
521	139 
522	85 
523	24 
524	58 
525	162 
526	115 
527	82 
528	123 
529	81 
530	34 
531	73 
532	94 
533	33 
534	7 41 55 71 121 131 139 171 
535	87 
536	85 
537	73 
538	156 
539	19 
540	20 
541	34 
542	114 
543	106 
544	115 
545	19 
546	38 
547	21 
548	45 
549	115 
550	30 
551	30 
552	79 
553	116 
554	117 
555	101 
556	15 17 22 23 98 112 129 140 
557	108 
558	44 
559	32 
560	174 
561	66 
562	160 
563	33 
564	52 
565	139 
566	149 
567	153 
568	21 
569	121 
570	126 
571	156 
572	82 
573	109 
574	53 56 66 96 115 160 164 166 
575	85 
576	5 6 17 92 93 107 116 165 
577	142 
578	137 
579	15 
580	57 
581	5 55 92 115 117 137 150 154 
582	17 
583	22 
584	41 
585	60 
586	57 
587	143 
588	33 
589	5 
590	52 
591	162 
592	68 
593	169 
594	167 
595	138 
596	16 
597	50 
598	22 
599	144 
600	13 
601	154 
602	171 
603	14 81 85 89 121 122 152 160 
604	27 
605	18 
606	44 
607	164 
608	14 87 89 107 129 132 137 159 
609	11 
610	50 95 107 115 126 160 163 172 
611	146 
612	67 
613	5 
614	9 
615	43 
616	36 
617	100 
618	130 
619	18 
620	68 
621	54 
622	58 
623	32 
624	130 
625	57 
626	92 
627	121 
628	59 
629	9 34 35 50 56 72 86 120 
630	66 
631	3 67 74 121 131 132 141 162 
632	83 
633	147 
634	158 
635	40 
636	143 
637	7 
638	5 15 16 21 45 48 158 162 
639	13 
640	162 
641	149 
642	61 
643	147 
644	90 
645	72 
646	54 
647	163 
648	136 
649	112 
650	102 
651	79 
652	154 
653	106 
654	6 18 44 58 61 82 141 154 
655	118 
656	53 
657	159 
658	80 
659	138 
660	162 
661	44 
662	86 
663	142 
664	166 
665	14 19 21 80 84 85 148 166 
666	158 
667	165 
668	6 
669	15 19 48 91 116 139 155 167 
670	150 
671	130 
672	84 
673	75 
674	21 
675	141 
676	50 
677	4 
678	170 
679	158 
680	64 
681	5 
682	61 
683	89 
684	27 
685	69 
686	129 
687	131 
688	50 
689	104 
690	120 
691	72 
692	28 
693	53 
694	61 
695	2 
696	107 
697	167 
698	68 
699	141 
700	131 
701	85 
702	142 
703	62 
704	70 
705	112 
706	166 
707	147 
708	80 
709	34 51 62 101 103 111 115 163 
710	140 
711	167 
712	51 
713	45 
714	90 
715	17 
716	132 
717	113 
718	158 
719	71 
720	57 
721	8 
722	141 
723	142 
724	121 
725	168 
726	115 
727	34 
728	10 18 45 71 85 129 136 161 
729	49 71 90 93 119 125 136 158 
730	32 48 66 99 101 110 154 159 
731	31 
732	137 
733	67 
734	30 
735	28 
736	11 19 47 49 56 75 81 149 
737	32 
738	41 
739	1 2 11 57 61 88 127 138 
740	57 
741	156 
742	46 
743	72 
744	144 
745	15 35 36 51 60 70 97 106 
746	171 
747	148 
748	155 
749	43 
750	118 
751	14 48 66 98 122 136 142 147 
752	14 28 55 62 80 104 112 160 
753	48 
754	50 
755	157 
756	63 
757	66 
758	22 
759	166 
760	141 
761	89 
762	53 
763	102 
764	115 
765	5 34 36 45 50 97 107 132 
766	66 
767	21 
768	34 
769	13 
770	82 
771	171 
772	124 
773	167 
774	82 
775	16 
776	44 
777	157 
778	136 
779	49 
780	117 
781	172 
782	77 
783	102 
784	85 
785	173 
786	118 
787	28 
788	69 
789	26 
790	95 
791	146 
792	130 
793	35 64 71 110 115 143 161 168 
794	116 
795	137 
796	4 
797	141 
798	146 
799	137 
800	17 
801	61 
802	110 
803	71 
804	105 
805	84 
806	91 
807	155 
808	71 
809	9 
810	80 
811	139 
812	146 
813	10 11 15 38 64 101 134 138 
814	126 
815	110 
816	91 
817	155 
818	151 
819	57 
820	66 
821	48 
822	38 
823	140 
824	154 
825	142 
826	138 
827	138 
828	20 
829	59 
830	145 
831	118 
832	68 
833	128 
834	32 53 57 103 108 125 130 131 
835	167 
836	131 
837	156 
838	72 
839	8 
840	16 
841	107 
842	21 39 43 45 71 76 113 139 
843	122 
844	164 
845	121 
846	43 
847	123 
848	44 
849	45 
850	87 
851	12 26 36 45 49 80 134 146 
852	81 
853	92 
854	147 
855	90 
856	142 
857	16 
858	154 
859	49 
860	55 
861	172 
862	74 
863	38 
864	53 
865	164 
866	32 33 69 77 81 93 94 169 
867	12 
868	151 
869	137 
870	27 
871	105 
872	33 
873	69 
874	119 
875	59 
876	16 88 102 118 130 141 166 167 
877	53 
878	49 
879	38 
880	84 
881	109 
882	110 
883	150 
884	155 
885	49 69 84 85 112 122 166 167 
886	102 
887	146 
888	50 
889	69 
890	99 
891	16 41 49 52 65 101 162 166 
892	53 
893	107 
894	137 
895	2 
896	155 
897	50 
898	31 34 43 57 84 150 155 166 
899	49 
900	141 
901	29 
902	12 
903	34 35 45 82 96 125 155 166 
904	70 
905	31 
906	45 58 92 111 123 137 138 167 
907	106 
908	123 
909	164 
910	146 
911	23 
912	13 19 28 53 78 131 142 158 
913	131 
914	138 
915	26 
916	5 14 15 68 122 131 132 158 
917	154 
918	136 
919	15 
920	17 23 46 108 110 113 120 138 
921	143 
922	5 25 36 68 74 76 136 160 
923	164 
924	38 
925	21 
926	84 
927	166 
928	81 
929	16 
930	23 
931	17 
932	7 
933	38 
934	25 
935	2 
936	88 
937	62 
938	73 
939	137 
940	138 
941	6 38 50 58 112 115 158 169 
942	118 
943	171 
944	49 
945	44 55 56 79 119 121 147 171 
946	75 
947	142 
948	73 
949	156 
950	41 
951	69 74 75 85 115 127 166 167 
952	45 
953	92 
954	17 20 48 64 81 105 121 137 
955	34 
956	15 50 51 83 85 94 157 161 
957	31 
958	107 
959	54 
960	146 
961	29 
962	45 
963	123 
964	131 
965	14 
966	122 
967	101 
968	169 
969	139 
970	38 
971	53 
972	159 
973	31 
974	158 
975	38 
976	164 
977	29 
978	17 45 55 109 128 142 166 167 
979	30 54 69 85 92 131 139 150 
980	134 
981	16 
982	4 
983	136 
984	57 
985	6 
986	82 
987	6 15 30 49 50 80 83 151 
988	60 
989	35 
990	10 
991	44 
992	50 
993	166 
994	115 
995	81 
996	52 55 56 72 92 107 127 131 
997	110 
998	129 
999	62 
1000	74 
1001	5 
1002	145 
1003	87 
1004	44 
1005	14 
1006	11 13 71 82 103 122 158 168 
1007	95 
1008	9 34 41 58 64 88 144 161 
1009	123 
1010	159 
1011	123 
1012	126 
1013	34 
1014	172 
1015	166 
1016	10 55 65 90 118 122 139 141 
1017	30 
1018	15 
1019	15 
1020	141 
1021	115 
1022	139 
1023	17 
1024	124 
1025	72 
1026	21 
1027	71 
1028	46 
1029	91 
1030	11 49 53 57 136 142 153 156 
1031	56 
1032	75 
1033	4 49 57 98 115 135 141 172 
1034	144 
1035	88 
1036	8 
1037	61 
1038	10 
1039	128 
1040	94 
1041	121 
1042	146 
1043	6 28 38 50 53 132 138 140 
1044	61 
1045	15 
1046	21 
1047	15 
1048	60 
1049	77 
1050	3 13 53 80 82 92 134 157 
1051	21 
1052	102 
1053	136 
1054	152 
1055	35 
1056	128 
1057	30 
1058	103 
1059	158 
1060	19 
1061	41 
1062	32 41 42 55 60 76 77 171 
1063	45 51 52 53 60 102 160 166 
1064	15 33 63 88 109 139 147 149 
1065	34 45 87 96 107 116 131 147 
1066	154 
1067	56 
1068	14 19 61 86 94 113 122 157 
1069	80 
1070	2 38 41 56 118 125 141 147 
1071	41 
1072	15 
1073	102 
1074	129 
1075	59 
1076	15 
1077	143 
1078	22 50 66 85 90 136 147 160 
1079	60 
1080	104 
1081	94 
1082	110 
1083	61 
1084	48 
1085	33 
1086	80 
1087	135 
1088	43 
1089	143 
1090	61 
1091	169 
1092	99 
1093	13 
1094	80 
1095	125 
1096	19 21 24 42 82 108 129 167 
1097	166 
1098	123 
1099	85 
1100	6 31 40 50 65 79 80 89 
1101	9 
1102	52 
1103	121 
1104	56 
1105	107 
1106	56 
1107	32 
1108	85 
1109	102 
1110	142 
1111	167 
1112	36 
1113	76 
1114	31 
1115	13 
1116	38 
1117	95 
1118	136 
1119	125 
1120	46 
1121	72 
1122	129 
1123	5 
1124	130 
1125	159 
1126	82 
1127	75 
1128	172 
1129	118 
1130	142 
1131	33 
1132	152 
1133	17 51 53 66 112 121 149 154 
1134	76 
1135	116 
1136	125 
1137	47 
1138	43 58 69 77 90 157 164 173 
1139	80 
1140	11 
1141	18 
1142	72 
1143	155 
1144	140 
1145	1 21 47 58 98 126 130 167 
1146	30 34 55 64 89 115 123 137 
1147	104 
1148	19 
1149	150 
1150	79 
1151	145 
1152	53 
1153	131 
1154	158 
1155	88 
1156	148 
1157	35 53 63 79 121 144 146 170 
1158	82 
1159	40 
1160	74 
1161	157 
1162	97 
1163	21 
1164	83 
1165	30 56 81 90 109 114 125 172 
1166	134 
1167	30 55 79 84 89 121 128 173 
1168	14 
1169	69 
1170	47 
1171	84 
1172	50 
1173	51 
1174	6 15 104 108 155 162 169 173 
1175	80 
1176	101 
1177	163 
1178	3 
1179	90 
1180	49 
1181	37 
1182	58 
1183	55 
1184	13 
1185	98 
1186	129 
1187	21 
1188	140 
1189	72 
1190	139 
1191	105 
1192	43 
1193	167 
1194	82 
1195	29 
1196	167 
1197	74 
1198	141 
1199	106 
1200	41 
1201	87 
1202	5 
1203	65 
1204	155 
1205	46 
1206	121 
1207	150 
1208	139 
1209	114 
1210	10 
1211	38 
1212	121 
1213	81 
1214	45 
1215	142 
1216	38 
1217	129 
1218	155 
1219	58 
1220	14 
1221	47 118 126 131 137 139 154 168 
1222	52 59 60 78 106 118 121 161 
1223	112 
1224	82 
1225	110 
1226	135 
1227	156 
1228	71 
1229	172 
1230	74 
1231	110 
1232	65 
1233	98 
1234	158 
1235	51 
1236	13 
1237	139 
1238	126 
1239	47 
1240	1 
1241	65 
1242	31 41 43 113 125 140 167 171 
1243	139 
1244	56 
1245	54 
1246	103 
1247	169 
1248	106 
1249	87 
1250	88 
1251	174 
1252	17 
1253	12 38 46 76 81 98 139 158 
1254	4 
1255	75 
1256	62 
1257	18 66 90 103 104 113 126 154 
1258	142 
1259	126 
1260	174 
1261	74 
1262	40 
1263	55 
1264	84 
1265	51 
1266	4 30 52 55 58 71 152 172 
1267	21 38 89 104 105 118 131 171 
1268	46 
1269	50 
1270	61 
1271	137 
1272	46 
1273	112 
1274	38 
1275	159 
1276	131 
1277	112 
1278	90 
1279	97 
1280	47 
1281	102 
1282	106 
1283	41 
1284	112 
1285	38 
1286	118 
1287	88 
1288	15 
1289	38 
1290	77 
1291	11 31 45 55 58 71 101 135 
1292	21 23 61 86 93 144 164 171 
1293	171 
1294	158 
1295	137 
1296	31 
1297	45 
1298	97 
1299	156 
1300	131 
1301	154 
1302	15 
1303	95 
1304	171 
1305	133 
1306	51 
1307	27 
1308	90 
1309	172 
1310	40 
1311	158 
1312	122 
1313	61 
1314	119 
1315	53 
1316	69 
1317	141 
1318	4 
1319	83 
1320	16 
1321	164 
1322	104 
1323	139 
1324	61 
1325	50 
1326	57 
1327	41 57 71 91 101 126 155 162 
1328	116 
1329	133 
1330	43 
1331	63 
1332	115 
1333	41 
1334	7 
1335	85 
1336	160 
1337	26 
1338	88 
1339	101 
1340	72 
1341	58 
1342	89 
1343	84 
1344	4 11 53 126 131 135 159 172 
1345	127 
1346	141 
1347	30 
1348	167 
1349	15 
1350	30 
1351	107 
1352	41 
1353	171 
1354	35 
1355	124 
1356	2 4 43 76 107 110 130 139 
1357	60 
1358	118 
1359	118 
1360	89 
1361	15 30 41 61 109 114 151 173 
1362	40 
1363	12 13 17 41 67 78 85 126 
1364	26 35 63 69 125 150 154 158 
1365	80 
1366	107 
1367	137 
1368	148 
1369	41 46 85 90 98 101 112 166 
1370	71 
1371	86 
1372	9 17 67 104 129 130 147 158 
1373	90 
1374	52 
1375	172 
1376	6 
1377	39 
1378	11 
1379	102 
1380	156 
1381	118 
1382	61 
1383	137 
1384	104 
1385	41 
1386	50 
1387	129 
1388	115 
1389	30 
1390	128 
1391	76 
1392	169 
1393	150 
1394	114 
1395	170 
1396	69 
1397	2 
1398	137 
1399	55 
1400	154 
1401	14 44 55 60 80 112 115 158 
1402	121 
1403	152 
1404	153 
1405	14 54 74 80 82 88 97 137 
1406	50 
1407	37 
1408	5 43 48 85 103 106 126 154 
1409	45 
1410	85 
1411	154 
1412	7 
1413	57 
1414	158 
1415	69 
1416	85 
1417	138 
1418	28 
1419	82 
1420	19 
1421	21 
1422	25 
1423	52 
1424	13 23 34 76 82 93 136 159 
1425	101 
1426	44 
1427	164 
1428	137 
1429	98 
1430	84 
1431	36 
1432	36 
1433	1 31 54 60 110 140 147 162 
1434	80 
1435	127 
1436	173 
1437	41 
1438	15 26 41 52 95 123 168 171 
1439	96 
1440	126 
1441	102 
1442	138 
1443	129 
1444	5 61 76 83 137 140 143 166 
1445	31 
1446	7 
1447	149 
1448	4 5 13 70 79 110 143 165 
1449	164 
1450	21 
1451	23 
1452	45 
1453	53 
1454	42 
1455	63 
1456	167 
1457	69 
1458	46 
1459	34 
1460	35 
1461	4 
1462	66 
1463	136 
1464	51 
1465	133 
1466	102 
1467	24 
1468	73 
1469	43 
1470	152 
1471	133 
1472	139 
1473	123 
1474	45 48 69 105 129 139 159 165 
1475	72 
1476	72 
1477	19 
1478	171 
1479	53 
1480	77 
1481	143 
1482	32 
1483	167 
1484	92 
1485	56 
1486	30 34 64 88 136 151 154 169 
1487	56 74 104 126 131 140 144 150 
1488	73 
1489	15 
1490	85 
1491	21 
1492	168 
1493	164 
1494	50 64 78 102 120 122 136 146 
1495	65 
1496	77 
1497	120 
1498	12 
1499	123 
1500	64 
1501	138 
1502	24 
1503	107 
1504	43 
1505	129 
1506	32 
1507	102 
1508	20 
1509	21 
1510	108 
1511	43 53 76 77 80 100 138 150 
1512	49 
1513	30 41 53 55 84 92 103 115 
1514	46 
1515	16 38 63 76 81 95 140 166 
1516	100 
1517	101 
1518	123 
1519	132 
1520	142 
1521	71 
1522	89 
1523	5 34 60 61 69 79 80 82 
1524	116 
1525	77 
1526	46 
1527	88 
1528	98 
1529	129 
1530	159 
1531	102 
1532	64 
1533	155 
1534	82 
1535	136 
1536	84 
1537	141 
1538	49 
1539	61 71 88 121 126 139 158 167 
1540	60 
1541	69 
1542	168 
1543	168 
1544	48 
1545	72 
1546	56 
1547	45 
1548	57 
1549	23 
1550	30 
1551	127 
1552	137 
1553	168 
1554	129 
1555	166 
1556	61 
1557	173 
1558	129 
1559	30 
1560	75 
1561	162 
1562	74 
1563	112 
1564	167 
1565	167 
1566	93 
1567	72 
1568	167 
1569	56 
1570	35 38 82 97 104 106 120 171 
1571	80 
1572	131 
1573	68 
1574	141 
1575	64 
1576	105 
1577	156 
1578	97 
1579	165 
1580	86 
1581	72 
1582	138 
1583	142 
1584	55 
1585	46 
1586	67 
1587	84 
1588	19 
1589	34 42 58 62 70 116 127 158 
1590	154 
1591	98 
1592	49 
1593	17 
1594	79 
1595	172 
1596	53 
1597	165 
1598	69 
1599	166 
1600	158 
1601	125 
1602	159 
1603	17 
1604	52 
1605	122 
1606	76 
1607	3 13 49 70 88 105 108 163 
1608	141 
1609	162 
1610	102 
1611	28 74 78 85 88 121 158 167 
1612	163 
1613	94 
1614	1 
1615	164 
1616	46 
1617	174 
1618	41 49 53 78 116 129 160 167 
1619	29 
1620	153 
1621	43 
1622	63 
1623	149 
1624	46 
1625	50 
1626	21 26 38 46 66 107 130 142 
1627	104 
1628	119 
1629	136 
1630	83 
1631	61 
1632	90 
1633	49 
1634	118 
1635	33 
1636	115 
1637	17 
1638	36 
1639	153 
1640	14 
1641	144 
1642	28 
1643	38 
1644	14 55 80 102 108 116 138 143 
1645	25 
1646	84 
1647	69 
1648	7 
1649	75 
1650	46 
1651	44 
1652	115 
1653	130 
1654	53 
1655	60 97 101 111 121 137 149 159 
1656	108 
1657	38 
1658	17 
1659	107 
1660	131 
1661	136 
1662	88 
1663	80 
1664	117 
1665	150 
1666	144 
1667	64 
1668	53 
1669	21 
1670	162 
1671	164 
1672	99 
1673	57 
1674	13 
1675	49 
1676	72 
1677	89 
1678	9 13 53 91 115 142 154 159 
1679	30 
1680	122 
1681	21 
1682	102 
1683	25 
1684	92 
1685	74 
1686	141 
1687	142 
1688	33 
1689	28 
1690	153 
1691	86 
1692	38 45 66 72 78 101 105 150 
1693	141 
1694	158 
1695	96 
1696	149 
1697	84 
1698	88 
1699	95 
1700	87 
1701	75 
1702	3 9 33 35 55 84 115 131 
1703	45 
1704	7 
1705	130 
1706	105 
1707	41 
1708	43 
1709	137 
1710	21 
1711	136 
1712	83 
1713	13 
1714	64 
1715	103 
1716	133 
1717	139 
1718	33 
1719	11 38 49 51 56 95 122 157 
1720	55 
1721	70 
1722	113 
1723	133 
1724	70 
1725	42 
1726	21 23 59 61 83 84 85 141 
1727	14 15 34 46 49 95 102 142 
1728	108 
1729	116 
1730	55 
1731	57 
1732	32 
1733	43 
1734	102 
1735	71 
1736	7 
1737	15 23 90 98 129 136 166 171 
1738	56 66 78 84 89 130 159 172 
1739	142 
1740	44 
1741	55 
1742	163 
1743	10 
1744	112 
1745	35 
1746	154 
1747	18 
1748	63 
1749	64 
1750	109 
1751	91 
1752	111 
1753	75 
1754	78 
1755	16 
1756	9 
1757	7 
1758	163 
1759	71 
1760	121 
1761	5 
1762	133 
1763	15 
1764	1 
1765	46 
1766	147 
1767	71 
1768	165 
1769	44 
1770	139 
1771	67 
1772	21 57 105 107 129 149 160 166 
1773	107 
1774	82 
1775	66 
1776	131 
1777	154 
1778	79 
1779	150 
1780	44 
1781	84 
1782	154 
1783	64 
1784	145 
1785	19 34 99 102 137 147 154 164 
1786	43 
1787	166 
1788	161 
1789	56 
1790	2 3 21 34 56 75 104 134 
1791	168 
1792	19 
1793	66 
1794	14 
1795	48 
1796	78 
1797	51 
1798	85 
1799	147 
1800	15 60 92 126 131 147 162 174 
1801	55 
1802	165 
1803	63 
1804	60 
1805	79 
1806	60 
1807	149 
1808	61 
1809	9 26 38 41 69 122 136 155 
1810	67 
1811	82 
1812	141 
1813	72 
1814	61 
1815	81 
1816	4 
1817	34 38 44 103 118 164 171 172 
1818	45 46 49 52 72 84 97 161 
1819	19 38 46 74 75 121 168 172 
1820	17 
1821	126 
1822	115 
1823	38 
1824	15 29 45 76 99 111 126 133 
1825	14 
1826	21 
1827	9 10 53 85 115 116 136 149 
1828	152 
1829	35 
1830	33 
1831	146 
1832	115 
1833	76 
1834	166 
1835	138 
1836	4 
1837	81 
1838	141 
1839	44 
1840	30 
1841	55 
1842	104 
1843	30 
1844	85 
1845	10 
1846	12 80 115 124 126 136 139 160 
1847	174 
1848	146 
1849	19 29 32 38 45 119 121 159 
1850	12 28 75 97 121 125 160 172 
1851	58 
1852	76 
1853	38 
1854	77 
1855	21 
1856	68 
1857	146 
1858	158 
1859	61 
1860	21 
1861	130 
1862	173 
1863	166 
1864	137 
1865	142 
1866	142 
1867	19 
1868	167 
1869	132 
1870	9 
1871	38 
1872	56 
1873	126 
1874	146 
1875	45 
1876	117 
1877	76 
1878	2 
1879	146 
1880	30 
1881	18 53 78 80 110 149 159 163 
1882	159 
1883	164 
1884	139 
1885	153 
1886	26 56 64 81 84 105 126 139 
1887	3 
1888	71 
1889	22 
1890	170 
1891	58 
1892	152 
1893	1 
1894	18 38 96 100 121 133 161 164 
1895	19 
1896	105 
1897	90 
1898	148 
1899	15 
1900	31 
1901	13 
1902	35 56 102 106 110 124 133 135 
1903	51 
1904	126 
1905	6 
1906	138 
1907	51 69 73 136 140 142 149 164 
1908	66 
1909	163 
1910	31 35 36 80 101 118 137 174 
1911	132 
1912	6 33 34 103 120 136 166 174 
1913	19 
1914	46 
1915	8 
1916	90 
1917	137 
1918	166 
1919	67 
1920	65 
1921	73 
1922	6 
1923	46 
1924	155 
1925	38 
1926	1 67 80 106 111 128 142 155 
1927	14 47 50 66 88 97 149 166 
1928	24 
1929	2 3 17 19 71 72 82 103 
1930	15 
1931	63 
1932	24 31 64 72 93 126 166 172 
1933	60 
1934	88 
1935	8 
1936	15 45 64 107 126 131 137 169 
1937	2 24 44 53 67 68 129 156 
1938	69 
1939	18 
1940	110 
1941	142 
1942	23 60 72 73 87 88 95 139 
1943	45 
1944	106 
1945	146 
1946	172 
1947	172 
1948	142 
1949	147 
1950	19 
1951	15 
1952	8 
1953	5 
1954	160 
1955	19 
1956	85 
1957	71 
1958	174 
1959	2 
1960	58 
1961	145 
1962	28 
1963	18 
1964	89 
1965	88 
1966	99 
1967	53 
1968	105 
1969	143 
1970	110 
1971	116 
1972	146 
1973	71 
1974	11 
1975	82 
1976	139 
1977	46 49 60 107 108 110 116 140 
1978	136 
1979	142 
1980	86 
1981	65 
1982	141 
1983	125 
1984	64 
1985	102 
1986	155 
1987	138 
1988	128 
1989	122 
1990	38 
1991	121 
1992	58 
1993	103 
1994	121 
1995	85 
1996	102 
1997	8 
1998	71 
1999	139 
2000	125 
2001	85 
2002	172 
2003	136 
2004	72 
2005	64 
2006	137 
2007	69 
2008	114 
2009	44 
2010	172 
2011	83 
2012	53 
2013	107 
2014	162 
2015	99 
2016	42 
2017	138 
2018	43 
2019	4 21 67 95 120 137 164 172 
2020	158 
2021	7 69 106 136 137 150 165 174 
2022	100 
2023	32 
2024	10 
2025	39 
2026	52 
2027	26 37 49 90 107 149 159 164 
2028	63 
2029	42 
2030	155 
2031	57 
2032	133 
2033	61 
2034	112 
2035	126 
2036	41 
2037	124 
2038	121 
2039	66 
2040	135 
2041	49 
2042	15 
2043	31 61 71 88 105 111 156 163 
2044	173 
2045	36 
2046	30 
2047	91 
2048	11 31 60 103 117 139 154 164 
2049	10 
2050	18 
2051	76 
2052	17 
2053	15 
2054	110 
2055	28 
2056	171 
2057	45 
2058	79 
2059	5 
2060	154 
2061	14 
2062	92 
2063	167 
2064	63 
2065	158 
2066	56 
2067	131 
2068	167 
2069	152 
2070	30 
2071	90 
2072	117 
2073	4 26 98 121 144 146 154 172 
2074	71 
2075	56 
2076	55 
2077	69 
2078	38 48 80 81 136 144 147 156 
2079	98 
2080	126 
2081	21 
2082	29 33 62 80 102 127 147 167 
2083	26 87 116 120 141 147 156 157 
2084	154 
2085	132 
2086	171 
2087	11 15 31 59 104 113 129 159 
2088	108 
2089	131 
2090	101 
2091	49 
2092	18 
2093	169 
2094	140 
2095	55 
2096	150 
2097	53 69 72 83 120 129 146 164 
2098	15 
2099	7 47 79 101 110 125 132 146 
2100	76 
2101	119 
2102	110 
2103	142 
2104	154 
2105	158 
2106	22 
2107	34 
2108	104 
2109	103 
2110	107 
2111	65 66 111 131 140 145 146 155 
2112	155 
2113	151 
2114	19 
2115	161 
2116	105 
2117	85 
2118	66 
2119	107 
2120	88 
2121	158 
2122	117 
2123	18 
2124	114 
2125	3 
2126	114 
2127	160 
2128	77 
2129	168 
2130	44 
2131	31 
2132	12 
2133	102 
2134	95 
2135	164 
2136	122 
2137	14 
2138	71 
2139	129 
2140	85 
2141	63 
2142	30 
2143	115 
2144	34 
2145	164 
2146	101 
2147	49 
2148	19 21 63 85 128 136 149 171 
2149	14 
2150	99 
2151	38 
2152	89 
2153	30 45 57 64 125 141 145 162 
2154	63 
2155	24 
2156	28 
2157	11 13 105 107 122 136 161 171 
2158	31 
2159	121 
2160	163 
2161	4 
2162	41 
2163	28 
2164	149 
2165	13 
2166	142 
2167	138 
2168	105 
2169	80 
2170	173 
2171	116 
2172	61 
2173	136 
2174	69 
2175	65 
2176	31 
2177	129 
2178	160 
2179	82 
2180	83 
2181	14 
2182	17 
2183	136 
2184	89 
2185	125 
2186	69 
2187	155 
2188	117 
2189	13 
2190	14 
2191	86 
2192	69 
2193	80 
2194	71 
2195	131 
2196	4 53 78 100 107 129 148 159 
2197	6 
2198	19 
2199	56 
2200	21 
2201	86 
2202	136 
2203	85 
2204	32 
2205	148 
2206	92 
2207	44 
2208	53 81 86 112 130 136 139 142 
2209	106 
2210	90 
2211	39 
2212	137 
2213	116 
2214	98 
2215	132 
2216	154 
2217	82 
2218	83 
2219	23 26 31 72 93 139 146 166 
2220	59 
2221	131 
2222	23 
2223	123 
2224	79 
2225	38 
2226	172 
2227	118 
2228	11 34 47 60 90 142 157 171 
2229	38 
2230	126 
2231	140 
2232	3 5 10 31 43 55 98 138 
2233	51 
2234	24 
2235	16 
2236	37 
2237	17 
2238	165 
2239	114 
2240	55 
2241	123 
2242	101 
2243	30 
2244	63 
2245	58 
2246	21 
2247	173 
2248	37 44 57 66 68 84 116 120 
2249	72 
2250	112 
2251	31 41 71 84 112 119 121 139 
2252	147 
2253	12 16 17 43 49 85 138 142 
2254	71 
2255	48 
2256	123 
2257	105 
2258	89 
2259	105 
2260	44 
2261	156 
2262	45 
2263	44 
2264	156 
2265	87 
2266	43 
2267	31 
2268	1 
2269	152 
2270	83 
2271	168 
2272	61 
2273	100 
2274	71 
2275	2 17 41 45 60 69 97 115 
2276	78 
2277	130 
2278	84 
2279	81 
2280	95 
2281	75 
2282	84 
2283	2 17 26 59 84 115 121 169 
2284	168 
2285	5 
2286	53 
2287	84 
2288	37 55 60 75 83 92 138 164 
2289	101 
2290	120 
2291	48 
2292	137 
2293	148 
2294	121 
2295	115 
2296	58 
2297	106 
2298	10 16 57 75 76 83 105 166 
2299	19 
2300	167 
2301	130 
2302	34 
2303	142 
2304	71 
2305	84 
2306	21 
2307	141 
2308	80 
2309	27 36 46 52 102 104 138 164 
2310	5 21 30 63 64 71 142 154 
2311	83 
2312	108 
2313	121 
2314	57 
2315	63 
2316	7 
2317	15 30 80 103 116 129 169 171 
2318	134 
2319	13 
2320	11 
2321	16 
2322	147 
2323	43 
2324	55 
2325	43 
2326	100 
2327	53 
2328	118 
2329	9 
2330	16 54 83 103 104 142 150 153 
2331	41 
2332	115 
2333	17 
2334	139 
2335	162 
2336	92 
2337	149 
2338	15 
2339	11 30 38 55 78 107 167 174 
2340	3 13 70 84 126 150 155 157 
2341	49 
2342	134 
2343	123 
2344	43 
2345	71 
2346	91 
2347	125 
2348	123 
2349	142 
2350	154 
2351	38 
2352	150 
2353	97 
2354	106 
2355	102 
2356	126 
2357	139 
2358	171 
2359	31 
2360	108 
2361	58 
2362	30 
2363	76 
2364	166 
2365	162 
2366	76 
2367	13 
2368	13 15 35 36 45 59 118 150 
2369	31 
2370	64 
2371	31 
2372	45 
2373	73 
2374	5 
2375	37 
2376	19 
2377	168 
2378	64 
2379	31 
2380	9 38 44 66 80 104 164 169 
2381	34 96 119 131 140 149 156 158 
2382	10 
2383	94 
2384	120 
2385	90 
2386	159 
2387	84 
2388	163 
2389	18 
2390	103 
2391	156 
2392	55 
2393	90 
2394	2 4 13 45 49 87 130 134 
2395	34 
2396	2 19 20 62 89 120 121 164 
2397	167 
2398	3 
2399	55 
2400	17 38 52 61 95 148 159 171 
2401	50 
2402	137 
2403	47 
2404	148 
2405	5 
2406	56 
2407	135 
2408	15 33 62 86 90 127 152 162 
2409	131 
2410	112 
2411	15 
2412	60 
2413	8 
2414	42 45 71 74 75 81 84 154 
2415	13 
2416	77 
2417	46 
2418	85 
2419	4 56 59 81 90 120 161 173 
2420	56 66 85 111 112 113 114 123 
2421	122 
2422	18 
2423	30 56 73 79 81 121 127 150 
2424	127 
2425	7 
2426	112 
2427	21 
2428	46 
2429	50 
2430	152 
2431	28 
2432	81 
2433	43 
2434	19 
2435	164 
2436	45 
2437	46 
2438	60 
2439	110 
2440	19 
2441	50 
2442	141 
2443	63 
2444	15 
2445	19 
2446	155 
2447	14 15 74 95 97 123 160 171 
2448	106 
2449	53 
2450	90 
2451	168 
2452	15 
2453	21 83 103 106 126 156 159 162 
2454	87 
2455	63 
2456	68 
2457	161 
2458	49 
2459	44 47 52 55 119 129 144 160 
2460	115 
2461	35 
2462	56 
2463	56 
2464	28 
2465	56 
2466	111 
2467	171 
2468	72 
2469	14 
2470	168 
2471	172 
2472	99 
2473	75 
2474	69 
2475	8 
2476	155 
2477	160 
2478	110 
2479	127 
2480	14 
2481	98 
2482	118 
2483	158 
2484	142 
2485	16 
2486	118 
2487	31 
2488	13 
2489	50 
2490	7 
2491	55 
2492	78 
2493	10 
2494	13 
2495	74 
2496	15 
2497	107 
2498	109 
2499	39 41 44 49 84 92 142 164 
2500	25 
2501	2 42 90 110 113 115 139 153 
2502	104 
2503	49 
2504	140 
2505	102 
2506	171 
2507	142 
2508	142 
2509	2 
2510	29 
2511	15 
2512	161 
2513	61 
2514	16 
2515	161 
2516	59 
2517	43 
2518	113 
2519	8 
2520	131 
2521	28 34 38 106 122 151 158 172 
2522	11 
2523	102 
2524	103 
2525	1 
2526	90 
2527	37 
2528	84 
2529	126 
2530	52 
2531	142 
2532	138 
2533	83 
2534	169 
2535	66 
2536	171 
2537	45 
2538	174 
2539	24 
2540	8 
2541	159 
2542	114 
2543	158 
2544	83 
2545	22 56 62 72 74 112 117 139 
2546	150 
2547	109 
2548	40 
2549	150 
2550	157 
2551	158 
2552	54 
2553	125 
2554	137 
2555	98 
2556	72 
2557	33 34 82 115 134 148 162 174 
2558	139 
2559	96 
2560	2 
2561	76 
2562	92 
2563	84 
2564	174 
2565	169 
2566	146 
2567	121 
2568	47 
2569	44 
2570	139 
2571	142 
2572	108 
2573	89 
2574	157 
2575	103 
2576	166 
2577	12 
2578	43 
2579	122 
2580	62 
2581	138 
2582	34 
2583	21 
2584	166 
2585	62 
2586	45 
2587	94 
2588	9 
2589	140 
2590	81 
2591	38 
2592	43 
2593	149 
2594	147 
2595	13 14 58 80 85 90 106 125 
2596	25 
2597	58 
2598	102 
2599	36 
2600	18 33 53 80 83 121 141 159 
2601	66 
2602	122 
2603	15 23 34 41 66 104 142 150 
2604	68 
2605	30 
2606	39 
2607	118 
2608	142 
2609	118 
2610	57 
2611	85 
2612	105 
2613	159 
2614	126 
2615	85 
2616	69 
2617	84 
2618	5 
2619	158 
2620	126 
2621	27 
2622	21 
2623	53 58 65 82 108 117 131 154 
2624	56 
2625	58 
2626	46 70 77 114 116 137 150 164 
2627	103 
2628	21 
2629	142 
2630	18 
2631	29 
2632	54 
2633	116 
2634	114 
2635	17 30 31 42 77 139 143 146 
2636	49 
2637	23 
2638	124 
2639	31 
2640	15 38 41 85 105 137 167 171 
2641	166 
2642	60 
2643	170 
2644	39 
2645	104 
2646	38 
2647	56 
2648	166 
2649	116 
2650	56 
2651	161 
2652	141 
2653	59 
2654	45 
2655	77 
2656	7 
2657	38 
2658	63 
2659	149 
2660	58 
2661	29 
2662	167 
2663	169 
2664	136 
2665	2 
2666	21 23 54 64 69 90 172 174 
2667	85 
2668	133 
2669	16 
2670	16 22 90 99 137 149 153 157 
2671	139 
2672	9 30 94 103 109 142 145 169 
2673	55 
2674	172 
2675	8 13 14 50 103 104 126 172 
2676	37 
2677	7 19 24 63 97 146 152 168 
2678	102 
2679	62 
2680	42 
2681	131 
2682	172 
2683	13 
2684	27 
2685	13 
2686	148 
2687	72 
2688	31 
2689	11 
2690	15 
2691	51 
2692	11 
2693	72 
2694	136 
2695	136 
2696	45 
2697	28 
2698	160 
2699	137 
2700	139 
2701	14 
2702	36 
2703	58 
2704	91 
2705	115 
2706	74 76 89 93 109 113 118 156 
2707	11 
2708	122 
2709	170 
2710	38 
2711	18 
2712	107 
2713	10 
2714	146 
2715	162 
2716	115 
2717	136 
2718	163 
2719	32 
2720	1 46 84 107 122 148 164 168 
2721	59 
2722	87 
2723	25 
2724	38 
2725	53 
2726	116 
2727	117 
2728	137 
2729	17 53 66 84 107 116 142 172 
2730	15 
2731	44 
2732	74 
2733	106 
2734	23 51 85 111 139 158 159 171 
2735	41 
2736	121 
2737	79 
2738	112 
2739	88 
2740	46 
2741	110 
2742	10 
2743	129 
2744	167 
2745	121 
2746	45 
2747	167 
2748	67 
2749	19 
2750	57 
2751	69 
2752	146 
2753	44 
2754	50 
2755	167 
2756	21 
2757	69 
2758	17 19 55 56 122 129 146 165 
2759	144 
2760	30 
2761	57 
2762	107 
2763	103 
2764	72 
2765	29 
2766	166 
2767	77 
2768	56 
2769	131 
2770	41 
2771	7 
2772	137 
2773	115 
2774	14 56 57 61 131 132 150 160 
2775	23 
2776	155 
2777	147 
2778	170 
2779	106 
2780	3 
2781	96 
2782	158 
2783	117 
2784	31 
2785	27 
2786	167 
2787	142 
2788	6 
2789	141 
2790	7 
2791	118 
2792	85 
2793	164 
2794	91 
2795	112 
2796	150 
2797	37 
2798	11 41 60 120 122 139 145 167 
2799	58 
2800	150 
2801	88 
2802	13 
2803	55 
2804	137 
2805	141 
2806	165 
2807	71 
2808	46 
2809	84 
2810	80 
2811	156 
2812	27 
2813	58 
2814	146 
2815	124 
2816	58 
2817	46 
2818	54 
2819	55 
2820	61 
2821	53 
2822	25 
2823	159 
2824	30 
2825	70 
2826	139 
2827	59 
2828	172 
2829	85 
2830	21 
2831	30 
2832	54 
2833	118 
2834	82 
2835	138 
2836	30 
2837	165 
2838	84 
2839	126 
2840	52 
2841	102 
2842	145 
2843	121 
2844	84 
2845	4 26 78 79 84 102 118 171 
2846	115 
2847	10 
2848	83 
2849	17 
2850	160 
2851	16 
2852	152 
2853	49 
2854	165 
2855	143 
2856	166 
2857	49 
2858	18 
2859	23 
2860	54 
2861	14 
2862	75 
2863	45 50 55 84 111 121 129 140 
2864	112 
2865	32 
2866	5 31 38 41 53 106 120 146 
2867	171 
2868	70 
2869	41 
2870	152 
2871	37 
2872	19 
2873	131 
2874	114 
2875	154 
2876	93 
2877	114 
2878	110 
2879	59 
2880	163 
2881	121 
2882	124 
2883	123 
2884	116 
2885	22 
2886	10 
2887	14 
2888	100 
2889	98 
2890	33 
2891	168 
2892	106 
2893	13 30 33 41 61 64 102 107 
2894	12 
2895	19 
2896	152 
2897	141 
2898	58 
2899	36 
2900	22 
2901	150 
2902	110 
2903	45 53 83 90 92 94 98 123 
2904	171 
2905	69 
2906	116 
2907	147 
2908	63 
2909	157 
2910	81 
2911	66 
2912	21 
2913	122 
2914	16 
2915	56 
2916	137 
2917	95 
2918	47 
2919	5 46 50 66 92 118 123 170 
2920	9 14 26 53 63 100 131 167 
2921	134 
2922	5 
2923	85 
2924	72 
2925	164 
2926	84 
2927	75 
2928	58 
2929	133 
2930	163 
2931	25 
2932	55 
2933	164 
2934	19 
2935	93 
2936	142 
2937	50 61 134 143 158 160 164 166 
2938	60 
2939	101 
2940	31 
2941	54 
2942	19 
2943	125 
2944	132 
2945	108 
2946	75 
2947	16 
2948	136 
2949	19 
2950	23 
2951	140 
2952	28 35 43 89 104 126 133 153 
2953	116 
2954	78 
2955	18 
2956	64 
2957	85 
2958	1 7 16 17 78 91 139 150 
2959	9 
2960	132 
2961	46 
2962	38 
2963	154 
2964	62 
2965	33 59 66 135 137 140 145 146 
2966	141 
2967	145 
2968	13 
2969	95 
2970	166 
2971	87 
2972	89 
2973	161 
2974	38 
2975	142 
2976	49 
2977	135 
2978	14 
2979	155 
2980	6 
2981	141 
2982	49 
2983	146 
2984	49 
2985	58 
2986	136 
2987	91 
2988	141 
2989	55 71 88 105 126 129 137 168 
2990	162 
2991	15 39 55 87 116 135 151 161 
2992	107 
2993	79 
2994	75 
2995	50 
2996	19 
2997	55 
2998	14 24 29 31 89 108 115 118 
2999	75 
3000	160 
3001	8 
3002	26 31 61 75 85 93 110 160 
3003	24 
3004	6 
3005	117 
3006	55 
3007	167 
3008	80 
3009	169 
3010	18 
3011	140 
3012	15 
3013	173 
3014	86 
3015	158 
3016	7 15 16 47 105 158 163 165 
3017	35 
3018	34 
3019	53 
3020	143 
3021	20 34 45 88 107 110 139 166 
3022	46 
3023	60 
3024	41 
3025	50 
3026	82 
3027	14 21 108 112 138 141 142 172 
3028	139 
3029	131 
3030	50 
3031	14 
3032	71 
3033	13 25 32 61 89 123 132 167 
3034	65 
3035	17 26 71 81 84 118 158 165 
3036	30 
3037	35 
3038	157 
3039	34 
3040	57 
3041	51 
3042	53 
3043	146 
3044	56 
3045	158 
3046	134 
3047	129 
3048	12 35 63 101 116 118 126 141 
3049	166 
3050	86 
3051	96 
3052	13 
3053	30 
3054	74 
3055	15 
3056	76 
3057	129 
3058	153 
3059	2 
3060	7 16 53 94 103 107 112 150 
3061	118 
3062	69 
3063	141 
3064	150 
3065	11 
3066	84 
3067	15 
3068	71 
3069	20 
3070	7 54 55 76 90 110 119 139 
3071	60 
3072	50 
3073	20 
3074	15 
3075	46 82 84 136 141 146 152 157 
3076	125 
3077	123 
3078	154 
3079	44 
3080	157 
3081	116 
3082	41 
3083	12 16 30 32 66 115 151 154 
3084	2 60 84 121 135 137 162 163 
3085	110 
3086	20 
3087	13 
3088	56 
3089	26 
3090	64 
3091	169 
3092	94 
3093	159 
3094	149 
3095	43 
3096	87 
3097	171 
3098	21 51 53 76 97 112 129 166 
3099	97 
3100	15 32 49 64 102 133 137 150 
3101	64 
3102	1 
3103	162 
3104	124 
3105	21 53 75 79 126 147 159 172 
3106	137 
3107	16 
3108	132 
3109	98 
3110	41 
3111	13 
3112	107 
3113	121 
3114	46 
3115	110 
3116	45 
3117	144 
3118	126 
3119	124 
3120	32 
3121	34 
3122	6 
3123	135 
3124	31 38 39 112 117 118 125 134 
3125	58 
3126	145 
3127	47 
3128	94 
3129	107 
3130	28 
3131	137 
3132	51 
3133	85 
3134	18 
3135	11 69 77 82 114 116 123 131 
3136	32 
3137	131 
3138	138 
3139	115 
3140	16 
3141	164 
3142	121 
3143	121 
3144	103 
3145	45 
3146	162 
3147	115 
3148	9 84 112 136 148 157 162 166 
3149	102 
3150	58 65 71 102 114 117 136 158 
3151	18 37 65 85 114 133 137 138 
3152	29 34 60 115 118 131 137 174 
3153	27 35 64 67 88 129 146 154 
3154	160 
3155	34 49 52 60 100 102 132 144 
3156	104 
3157	99 
3158	6 
3159	117 
3160	145 
3161	53 
3162	9 14 31 53 102 104 120 154 
3163	49 
3164	112 
3165	168 
3166	162 
3167	115 
3168	57 
3169	152 
3170	105 
3171	71 
3172	13 
3173	164 
3174	80 
3175	37 
3176	79 
3177	65 
3178	48 
3179	102 
3180	45 
3181	34 39 48 51 66 73 79 118 
3182	90 
3183	40 
3184	48 
3185	151 
3186	115 
3187	136 
3188	82 
3189	10 68 85 89 116 117 137 152 
3190	163 
3191	172 
3192	20 21 28 83 102 121 127 158 
3193	46 
3194	45 
3195	164 
3196	55 
3197	64 
3198	25 
3199	167 
3200	112 
3201	59 
3202	30 
3203	13 15 18 37 43 45 115 131 
3204	53 56 60 129 135 136 138 145 
3205	61 
3206	50 
3207	67 
3208	127 
3209	32 
3210	112 
3211	48 
3212	13 19 38 65 95 104 160 171 
3213	121 
3214	173 
3215	34 
3216	10 21 30 74 90 105 126 139 
3217	37 
3218	57 
3219	3 5 38 45 102 129 135 141 
3220	76 
3221	80 
3222	31 
3223	74 
3224	39 43 66 85 107 157 162 169 
3225	138 
3226	16 41 56 72 91 123 137 140 
3227	38 
3228	56 
3229	151 
3230	140 
3231	172 
3232	30 
3233	104 
3234	122 
3235	16 
3236	46 
3237	34 
3238	141 
3239	149 
3240	16 17 38 39 56 84 108 142 
3241	102 
3242	71 
3243	5 17 63 71 80 82 146 174 
3244	73 
3245	15 58 106 110 112 136 147 159 
3246	75 
3247	69 
3248	66 
3249	69 
3250	62 84 93 115 142 144 166 171 
3251	122 
3252	21 
3253	84 
3254	3 
3255	63 
3256	31 
3257	19 
3258	17 
3259	47 
3260	125 
3261	66 
3262	28 
3263	121 
3264	15 
3265	50 
3266	169 
3267	72 
3268	156 
3269	110 
3270	161 
3271	112 
3272	97 
3273	93 
3274	146 
3275	132 
3276	31 110 127 137 138 144 151 171 
3277	64 
3278	69 
3279	12 14 44 57 80 96 129 167 
3280	107 
3281	140 
3282	160 
3283	115 
3284	47 
3285	56 
3286	98 
3287	80 
3288	152 
3289	91 
3290	90 
3291	112 
3292	59 
3293	88 
3294	121 
3295	136 
3296	150 
3297	172 
3298	115 
3299	1 
3300	50 
3301	162 
3302	90 
3303	121 
3304	89 
3305	66 
3306	103 
3307	17 
3308	4 6 8 16 23 32 39 55 
3309	118 
3310	154 
3311	5 53 78 105 112 117 121 157 
3312	21 28 30 58 63 121 136 156 
3313	1 22 27 35 64 83 89 112 
3314	71 
3315	115 
3316	125 
3317	76 
3318	34 
3319	82 
3320	37 
3321	39 
3322	118 
3323	16 
3324	105 
3325	150 
3326	107 
3327	107 
3328	53 
3329	151 
3330	7 30 37 46 79 112 114 124 
3331	157 
3332	157 
3333	46 
3334	68 
3335	61 
3336	61 
3337	4 20 45 48 95 111 158 169 
3338	106 
3339	63 
3340	60 
3341	14 59 60 79 110 117 128 160 
3342	69 
3343	131 
3344	90 
3345	28 
3346	13 19 38 78 80 107 129 155 
3347	37 45 50 101 103 119 156 167 
3348	141 
3349	53 
3350	41 
3351	9 17 21 40 47 53 66 151 
3352	172 
3353	66 
3354	11 
3355	139 
3356	34 
3357	173 
3358	14 
3359	53 
3360	83 
3361	112 
3362	76 
3363	154 
3364	166 
3365	149 
3366	58 
3367	71 
3368	56 
3369	22 84 119 122 123 146 162 166 
3370	11 
3371	150 
3372	124 
3373	49 
3374	134 
3375	134 
3376	160 
3377	152 
3378	88 
3379	139 
3380	31 
3381	8 18 21 32 37 50 82 148 
3382	3 
3383	79 
3384	171 
3385	99 
3386	19 
3387	85 
3388	125 
3389	35 
3390	38 
3391	37 
3392	164 
3393	164 
3394	161 
3395	137 
3396	15 
3397	129 
3398	112 
3399	58 
3400	18 
3401	58 
3402	129 
3403	39 72 98 118 120 122 142 148 
3404	143 
3405	28 
3406	50 
3407	46 
3408	48 
3409	69 
3410	83 
3411	153 
3412	107 
3413	48 
3414	38 
3415	91 
3416	21 
3417	20 
3418	106 
3419	85 
3420	107 
3421	102 
3422	19 46 71 85 102 112 129 171 
3423	132 
3424	88 
3425	99 
3426	30 56 66 91 116 124 149 158 
3427	103 
3428	167 
3429	14 
3430	34 
3431	126 
3432	73 
3433	110 
3434	41 
3435	89 
3436	11 
3437	64 
3438	105 
3439	11 34 61 86 87 89 110 131 
3440	27 
3441	24 
3442	112 
3443	15 
3444	30 
3445	2 15 34 50 121 134 136 167 
3446	27 
3447	35 
3448	80 
3449	19 
3450	106 
3451	77 
3452	76 
3453	37 
3454	122 
3455	77 
3456	126 
3457	11 38 67 69 71 83 109 137 
3458	85 
3459	142 
3460	2 5 13 50 71 74 107 161 
3461	172 
3462	120 
3463	34 
3464	122 
3465	71 
3466	150 
3467	164 
3468	169 
3469	46 
3470	83 
3471	83 
3472	158 
3473	21 
3474	71 
3475	150 
3476	161 
3477	88 
3478	17 
3479	41 
3480	69 
3481	41 
3482	13 27 31 45 95 140 148 154 
3483	68 
3484	162 
3485	140 
3486	157 
3487	137 
3488	56 
3489	20 
3490	68 
3491	136 
3492	21 28 69 73 83 98 167 168 
3493	133 
3494	34 
3495	76 
3496	170 
3497	2 7 38 61 72 113 141 163 
3498	130 
3499	17 
3500	38 
3501	56 
3502	57 
3503	110 
3504	33 
3505	31 
3506	90 
3507	50 
3508	82 
3509	159 
3510	144 
3511	52 
3512	5 
3513	15 
3514	60 
3515	19 
3516	9 
3517	30 
3518	159 
3519	41 
3520	174 
3521	115 
3522	162 
3523	91 
3524	148 
3525	21 
3526	14 
3527	41 
3528	141 
3529	39 
3530	110 
3531	29 
3532	81 
3533	50 
3534	16 55 80 82 86 124 137 156 
3535	66 
3536	41 
3537	106 
3538	138 
3539	158 
3540	35 53 56 68 71 88 139 140 
3541	90 
3542	107 
3543	30 46 62 80 103 125 136 169 
3544	5 58 64 137 139 142 158 170 
3545	133 
3546	10 
3547	35 76 88 103 107 121 153 156 
3548	75 
3549	150 
3550	123 
3551	83 
3552	69 
3553	98 
3554	5 
3555	149 
3556	152 
3557	112 
3558	155 
3559	169 
3560	140 
3561	63 
3562	118 
3563	121 
3564	110 
3565	56 
3566	55 
3567	83 
3568	63 
3569	31 
3570	64 
3571	19 21 44 98 115 121 129 154 
3572	125 
3573	121 
3574	2 
3575	154 
3576	111 
3577	59 
3578	169 
3579	47 
3580	17 38 48 128 129 146 160 166 
3581	17 49 59 69 70 91 103 107 
3582	115 
3583	10 
3584	88 
3585	45 
3586	125 
3587	30 
3588	85 
3589	125 
3590	42 
3591	102 
3592	52 
3593	124 
3594	61 
3595	84 
3596	166 
3597	42 
3598	85 
3599	12 
3600	153 
3601	98 
3602	61 
3603	100 
3604	149 
3605	14 
3606	21 84 105 121 141 150 154 169 
3607	46 
3608	158 
3609	166 
3610	3 
3611	118 
3612	17 32 46 83 91 123 139 154 
3613	61 
3614	30 
3615	15 
3616	18 
3617	71 115 123 138 144 158 169 174 
3618	1 12 66 112 116 122 123 157 
3619	137 
3620	157 
3621	30 
3622	129 
3623	51 
3624	163 
3625	78 
3626	7 8 38 69 73 108 109 142 
3627	139 
3628	167 
3629	43 
3630	68 
3631	93 
3632	80 
3633	39 
3634	133 
3635	83 
3636	13 
3637	45 
3638	17 
3639	93 
3640	44 
3641	41 
3642	56 
3643	157 
3644	87 
3645	34 
3646	55 
3647	167 
3648	171 
3649	45 
3650	76 
3651	33 
3652	87 
3653	104 
3654	49 
3655	45 
3656	160 
3657	125 
3658	115 
3659	125 
3660	160 
3661	41 
3662	53 
3663	96 
3664	99 
3665	61 
3666	71 
3667	38 
3668	5 
3669	19 33 78 112 115 129 130 163 
3670	64 
3671	83 
3672	5 25 38 69 80 88 112 169 
3673	163 
3674	59 
3675	82 
3676	108 
3677	56 
3678	140 
3679	97 
3680	158 
3681	124 
3682	31 
3683	121 
3684	11 45 66 67 100 122 146 156 
3685	32 
3686	77 
3687	174 
3688	139 
3689	30 
3690	74 
3691	80 
3692	148 
3693	115 
3694	165 
3695	59 
3696	19 41 129 130 146 149 155 171 
3697	166 
3698	84 
3699	133 
3700	42 69 70 91 109 136 138 166 
3701	69 
3702	24 31 58 123 131 142 163 164 
3703	94 
3704	103 
3705	38 
3706	80 
3707	151 
3708	60 
3709	15 
3710	160 
3711	6 34 50 66 105 123 150 154 
3712	153 
3713	61 
3714	68 
3715	75 
3716	37 52 73 83 84 110 146 155 
3717	88 
3718	137 
3719	19 
3720	123 
3721	51 
3722	165 
3723	162 
3724	45 
3725	34 
3726	162 
3727	112 
3728	17 
3729	171 
3730	145 
3731	100 
3732	140 
3733	106 
3734	16 
3735	21 31 41 75 105 118 160 163 
3736	103 
3737	22 
3738	131 
3739	117 
3740	55 
3741	126 
3742	38 53 61 63 69 79 121 130 
3743	147 
3744	24 
3745	21 
3746	68 
3747	15 
3748	158 
3749	15 
3750	5 13 33 38 42 67 117 137 
3751	67 
3752	72 
3753	34 
3754	55 
3755	15 
3756	115 
3757	110 
3758	140 
3759	141 
3760	92 
3761	115 
3762	138 
3763	64 
3764	146 
3765	45 
3766	121 
3767	29 
3768	141 
3769	21 
3770	172 
3771	5 25 80 89 121 130 162 170 
3772	88 
3773	35 
3774	11 
3775	78 
3776	27 
3777	11 
3778	13 14 19 40 75 84 138 150 
3779	66 
3780	166 
3781	107 
3782	56 
3783	120 
3784	166 
3785	2 8 79 89 101 107 168 174 
3786	56 
3787	45 
3788	170 
3789	78 
3790	137 
3791	97 
3792	125 
3793	58 
3794	130 
3795	154 
3796	24 50 55 89 94 123 149 151 
3797	129 
3798	171 
3799	21 
3800	95 
3801	8 
3802	4 14 30 33 69 73 92 118 
3803	112 
3804	65 
3805	107 
3806	110 
3807	107 
3808	118 
3809	123 
3810	94 
3811	72 
3812	172 
3813	82 
3814	66 70 80 102 115 118 162 167 
3815	170 
3816	71 
3817	107 
3818	8 13 34 42 75 89 135 154 
3819	59 
3820	59 
3821	85 
3822	3 18 80 90 103 112 122 142 
3823	32 35 46 56 103 121 152 165 
3824	12 21 27 46 60 68 146 153 
3825	41 
3826	139 
3827	142 
3828	158 
3829	13 15 26 90 110 139 156 174 
3830	45 
3831	150 
3832	166 
3833	95 
3834	82 
3835	141 
3836	166 
3837	139 
3838	93 
3839	58 80 89 115 116 141 158 164 
3840	169 
3841	33 
3842	142 
3843	61 
3844	47 
3845	5 
3846	56 
3847	157 
3848	48 
3849	159 
3850	166 
3851	116 
3852	122 
3853	90 
3854	38 
3855	158 
3856	107 
3857	46 
3858	137 
3859	84 
3860	158 
3861	88 
3862	13 
3863	159 
3864	14 34 45 55 85 122 137 141 
3865	75 
3866	37 
3867	121 
3868	30 
3869	128 
3870	126 
3871	76 
3872	117 
3873	31 
3874	107 
3875	137 
3876	23 
3877	55 
3878	46 
3879	76 
3880	68 
3881	89 
3882	46 
3883	71 
3884	132 
3885	55 
3886	21 55 59 60 99 128 167 172 
3887	147 
3888	102 
3889	111 
3890	158 
3891	103 
3892	160 
3893	80 
3894	164 
3895	15 
3896	159 
3897	17 24 44 84 127 134 153 162 
3898	20 28 49 52 64 90 101 136 
3899	146 
3900	154 
3901	81 
3902	28 
3903	52 
3904	2 30 43 44 79 121 125 164 
3905	1 
3906	142 
3907	149 
3908	57 
3909	100 
3910	21 63 66 93 106 110 113 116 
3911	142 
3912	63 
3913	17 
3914	132 
3915	21 
3916	129 
3917	150 
3918	154 
3919	4 
3920	137 
3921	85 
3922	142 
3923	23 
3924	15 
3925	60 
3926	75 
3927	154 
3928	74 
3929	44 
3930	70 
3931	109 
3932	136 
3933	39 
3934	41 
3935	19 
3936	17 
3937	109 
3938	69 
3939	162 
3940	167 
3941	35 45 53 103 113 136 150 172 
3942	41 
3943	57 
3944	121 
3945	49 
3946	61 
3947	63 
3948	63 
3949	18 
3950	31 
3951	124 
3952	83 
3953	4 7 16 42 69 142 154 161 
3954	160 
3955	167 
3956	35 
3957	121 
3958	54 
3959	85 
3960	110 
3961	88 
3962	26 31 33 53 110 140 154 158 
3963	117 
3964	89 
3965	85 
3966	69 
3967	1 9 31 54 57 84 86 168 
3968	50 
3969	150 
3970	38 
3971	89 
3972	60 
3973	159 
3974	31 
3975	129 
3976	61 
3977	51 
3978	143 
3979	136 
3980	84 
3981	51 
3982	63 
3983	129 
3984	65 
3985	10 
3986	72 
3987	88 
3988	138 
3989	103 
3990	171 
3991	59 
3992	93 
3993	16 
3994	19 
3995	88 
3996	162 
3997	30 
3998	142 
3999	98 
4000	150 
4001	172 
4002	148 
4003	131 
4004	158 
4005	38 
4006	152 
4007	67 
4008	86 
4009	167 
4010	11 
4011	61 
4012	34 
4013	171 
4014	174 
4015	118 
4016	38 
4017	122 
4018	99 
4019	166 
4020	105 
4021	2 3 60 80 124 137 141 173 
4022	28 38 49 57 125 129 132 140 
4023	3 5 83 85 136 150 158 161 
4024	142 
4025	16 
4026	166 
4027	92 
4028	57 
4029	27 
4030	155 
4031	129 
4032	119 
4033	18 
4034	166 
4035	168 
4036	37 
4037	88 
4038	82 
4039	102 
4040	107 
4041	1 
4042	52 57 59 118 127 131 136 141 
4043	33 
4044	45 
4045	71 
4046	113 
4047	46 
4048	30 60 72 92 98 120 167 171 
4049	69 
4050	60 
4051	96 
4052	97 
4053	2 
4054	31 
4055	132 
4056	50 
4057	61 
4058	15 
4059	83 
4060	159 
4061	17 
4062	91 
4063	164 
4064	1 
4065	137 
4066	55 
4067	122 
4068	28 
4069	90 
4070	14 
4071	121 
4072	141 
4073	163 
4074	58 
4075	23 
4076	55 
4077	135 
4078	80 
4079	83 
4080	56 
4081	118 
4082	13 
4083	103 
4084	121 
4085	137 
4086	77 
4087	151 
4088	59 
4089	137 
4090	40 
4091	92 
4092	146 
4093	62 
4094	136 
4095	128 
4096	131 
4097	159 
4098	138 
4099	78 
4100	13 
4101	118 
4102	137 
4103	140 
4104	147 
4105	76 
4106	8 29 56 79 116 155 156 167 
4107	41 
4108	38 
4109	13 21 38 70 105 107 141 172 
4110	24 75 117 125 138 147 162 170 
4111	60 
4112	41 
4113	170 
4114	121 
4115	71 
4116	123 
4117	30 
4118	167 
4119	39 41 44 53 60 92 102 139 
4120	17 26 42 52 72 113 119 140 
4121	61 
4122	171 
4123	19 48 53 114 158 159 160 171 
4124	22 
4125	28 
4126	167 
4127	161 
4128	70 
4129	30 
4130	15 17 32 43 85 148 164 171 
4131	167 
4132	112 
4133	64 
4134	50 
4135	171 
4136	19 
4137	16 
4138	31 
4139	5 18 39 43 47 58 138 173 
4140	171 
4141	174 
4142	58 
4143	158 
4144	19 
4145	158 
4146	25 
4147	28 
4148	74 
4149	13 
4150	75 
4151	64 
4152	66 
4153	30 
4154	104 
4155	127 
4156	71 
4157	44 
4158	22 43 56 85 90 109 126 161 
4159	160 
4160	113 
4161	111 
4162	100 
4163	115 
4164	2 
4165	81 
4166	78 
4167	122 
4168	164 
4169	46 
4170	69 
4171	15 
4172	80 
4173	133 
4174	6 44 59 61 66 69 129 142 
4175	3 
4176	1 
4177	22 
4178	83 
4179	112 
4180	54 
4181	7 
4182	15 
4183	131 
4184	30 
4185	93 
4186	81 
4187	92 
4188	137 
4189	45 58 65 71 74 84 154 172 
4190	2 
4191	172 
4192	50 
4193	65 
4194	33 
4195	92 
4196	16 31 51 71 139 141 156 166 
4197	23 25 56 71 112 118 131 155 
4198	116 
4199	29 
4200	160 
4201	157 
4202	115 
4203	136 
4204	142 
4205	142 
4206	51 
4207	21 
4208	39 
4209	76 
4210	61 
4211	57 
4212	8 13 45 55 66 139 154 167 
4213	13 
4214	71 
4215	14 
4216	30 
4217	145 
4218	134 
4219	28 35 36 71 72 84 140 166 
4220	154 
4221	14 
4222	44 
4223	168 
4224	6 15 22 40 121 125 128 166 
4225	38 
4226	46 
4227	50 
4228	159 
4229	96 
4230	17 
4231	135 
4232	14 38 43 55 112 118 137 152 
4233	21 
4234	39 
4235	102 
4236	143 
4237	119 
4238	18 
4239	162 
4240	136 
4241	121 
4242	55 
4243	123 
4244	16 
4245	14 
4246	156 
4247	41 
4248	129 
4249	60 
4250	133 
4251	124 
4252	75 
4253	131 
4254	159 
4255	89 
4256	170 
4257	126 
4258	106 
4259	37 
4260	74 
4261	115 
4262	14 
4263	48 
4264	39 
4265	89 
4266	118 
4267	34 
4268	21 
4269	13 27 112 129 139 147 159 171 
4270	150 
4271	21 
4272	72 
4273	164 
4274	36 
4275	6 13 57 61 74 85 103 129 
4276	141 
4277	110 
4278	116 
4279	19 
4280	119 
4281	60 
4282	136 
4283	133 
4284	173 
4285	146 
4286	50 
4287	134 
4288	101 
4289	20 28 41 45 99 104 109 145 
4290	52 
4291	21 
4292	38 
4293	139 
4294	95 
4295	71 76 85 92 126 131 142 167 
4296	83 
4297	106 
4298	13 47 52 54 106 117 121 130 
4299	170 
4300	59 
4301	104 
4302	151 
4303	159 
4304	149 
4305	5 59 79 84 100 104 145 167 
4306	64 
4307	16 
4308	67 
4309	7 
4310	108 
4311	80 
4312	71 
4313	111 
4314	71 
4315	123 
4316	168 
4317	27 
4318	15 82 107 118 142 146 158 169 
4319	9 16 34 38 46 115 147 163 
4320	154 
4321	69 
4322	168 
4323	59 
4324	71 
4325	58 
4326	53 
4327	150 
4328	8 
4329	50 
4330	136 
4331	88 
4332	149 
4333	122 
4334	97 
4335	102 
4336	2 18 25 45 59 76 122 139 
4337	17 
4338	95 
4339	166 
4340	16 38 56 67 83 98 125 171 
4341	36 
4342	43 
4343	117 
4344	137 
4345	83 
4346	109 
4347	18 
4348	31 
4349	139 
4350	8 15 51 63 121 150 159 171 
4351	165 
4352	4 9 40 67 89 105 137 145 
4353	53 
4354	34 
4355	173 
4356	84 
4357	28 
4358	56 
4359	113 
4360	32 
4361	121 
4362	30 45 84 110 141 159 162 164 
4363	19 40 103 118 144 146 166 173 
4364	158 
4365	136 
4366	30 
4367	44 64 75 80 107 118 131 161 
4368	162 
4369	8 
4370	171 
4371	110 
4372	131 
4373	6 
4374	155 
4375	146 
4376	142 
4377	118 
4378	87 
4379	126 
4380	93 
4381	1 
4382	147 
4383	31 
4384	119 
4385	64 
4386	5 62 71 107 115 155 168 172 
4387	85 
4388	171 
4389	5 31 49 54 62 71 123 137 
4390	55 
4391	154 
4392	5 6 71 72 73 136 149 169 
4393	51 
4394	12 
4395	30 
4396	131 
4397	106 
4398	49 
4399	32 71 72 90 102 103 109 160 
4400	9 
4401	150 
4402	162 
4403	127 
4404	57 
4405	24 
4406	103 
4407	86 
4408	85 
4409	3 30 34 35 92 93 116 174 
4410	104 
4411	171 
4412	30 
4413	64 
4414	140 
4415	21 
4416	146 
4417	129 
4418	18 
4419	82 
4420	156 
4421	108 
4422	99 
4423	129 
4424	136 
4425	73 
4426	9 29 64 84 85 129 150 166 
4427	158 
4428	3 14 43 74 86 110 118 127 
4429	60 
4430	66 
4431	58 
4432	149 
4433	2 8 11 19 82 119 126 163 
4434	5 
4435	17 44 88 103 108 124 125 140 
4436	5 
4437	35 
4438	20 
4439	63 
4440	30 42 67 83 127 142 151 155 
4441	37 
4442	123 
4443	20 
4444	41 
4445	58 
4446	15 
4447	124 
4448	16 
4449	63 
4450	29 
4451	114 
4452	70 
4453	43 
4454	9 22 31 79 107 112 146 162 
4455	10 
4456	134 
4457	172 
4458	51 
4459	8 
4460	154 
4461	111 
4462	84 
4463	83 
4464	142 
4465	3 30 45 53 88 130 139 148 
4466	39 
4467	53 
4468	151 
4469	33 
4470	21 
4471	56 
4472	80 
4473	172 
4474	129 
4475	78 
4476	13 
4477	126 
4478	6 16 41 53 85 91 129 154 
4479	131 
4480	76 
4481	137 
4482	59 
4483	11 
4484	21 
4485	120 
4486	3 
4487	125 
4488	2 
4489	52 
4490	170 
4491	173 
4492	74 
4493	166 
4494	169 
4495	170 
4496	161 
4497	97 
4498	8 45 65 66 79 82 137 167 
4499	72 
4500	33 
4501	31 
4502	13 
4503	105 
4504	151 
4505	72 
4506	38 
4507	166 
4508	157 
4509	44 
4510	131 
4511	14 
4512	64 
4513	43 
4514	45 
4515	35 
4516	69 
4517	116 
4518	17 49 83 85 98 101 118 122 
4519	49 
4520	92 
4521	53 
4522	35 
4523	84 
4524	43 
4525	21 
4526	53 
4527	166 
4528	106 
4529	46 
4530	138 
4531	97 
4532	147 
4533	31 
4534	79 
4535	128 
4536	22 
4537	115 
4538	155 
4539	81 
4540	169 
4541	169 
4542	46 
4543	54 
4544	35 38 59 68 116 127 139 163 
4545	108 
4546	141 
4547	25 
4548	57 
4549	8 
4550	158 
4551	34 
4552	62 
4553	115 
4554	167 
4555	159 
4556	160 
4557	27 45 60 84 89 101 128 146 
4558	118 
4559	144 
4560	17 
4561	164 
4562	41 
4563	30 
4564	48 
4565	6 
4566	103 
4567	103 
4568	53 
4569	62 
4570	167 
4571	89 
4572	171 
4573	137 
4574	123 
4575	12 76 101 102 129 149 161 164 
4576	79 
4577	122 
4578	79 
4579	2 
4580	136 
4581	75 
4582	162 
4583	34 
4584	21 
4585	91 
4586	172 
4587	107 
4588	36 67 85 89 110 120 139 173 
4589	22 
4590	32 
4591	107 
4592	6 12 98 120 122 148 162 167 
4593	46 
4594	80 
4595	110 
4596	129 
4597	31 
4598	111 
4599	84 
4600	153 
4601	55 
4602	83 
4603	87 
4604	68 
4605	7 
4606	1 
4607	126 
4608	6 
4609	97 
4610	30 41 56 68 74 93 105 131 
4611	64 
4612	52 
4613	17 21 28 32 68 85 90 147 
4614	104 
4615	112 
4616	45 49 58 61 78 79 87 153 
4617	62 
4618	48 
4619	11 17 37 64 76 146 154 172 
4620	168 
4621	85 
4622	115 
4623	56 
4624	18 
4625	167 
4626	167 
4627	112 
4628	17 
4629	23 
4630	142 
4631	5 
4632	147 
4633	84 
4634	3 
4635	54 
4636	56 
4637	30 
4638	144 
4639	17 
4640	43 
4641	141 
4642	43 
4643	122 
4644	6 
4645	58 
4646	85 
4647	11 
4648	67 
4649	167 
4650	14 
4651	40 
4652	45 
4653	72 
4654	19 
4655	155 
4656	93 
4657	109 
4658	56 
4659	84 
4660	3 
4661	81 
4662	118 
4663	63 
4664	121 
4665	115 
4666	123 
4667	71 
4668	64 
4669	145 
4670	89 
4671	118 
4672	13 
4673	61 
4674	40 
4675	122 
4676	90 
4677	8 
4678	41 43 75 98 141 147 167 172 
4679	149 
4680	139 
4681	12 
4682	49 
4683	158 
4684	47 
4685	90 
4686	2 
4687	158 
4688	53 55 78 83 139 142 146 157 
4689	58 
4690	58 
4691	154 
4692	19 31 58 61 71 85 110 143 
4693	5 
4694	4 
4695	8 
4696	149 
4697	31 
4698	55 
4699	173 
4700	21 49 54 61 79 95 97 101 
4701	154 
4702	84 
4703	108 
4704	123 
4705	157 
4706	38 
4707	19 
4708	117 
4709	35 
4710	7 
4711	173 
4712	139 
4713	167 
4714	125 
4715	58 89 90 92 107 108 114 123 
4716	107 
4717	5 
4718	139 
4719	5 15 66 72 83 91 116 167 
4720	60 122 132 133 138 151 166 167 
4721	135 
4722	5 
4723	158 
4724	39 
4725	6 
4726	66 
4727	112 
4728	14 
4729	89 
4730	33 
4731	8 
4732	60 61 66 81 90 94 122 151 
4733	124 
4734	30 62 68 83 85 129 142 155 
4735	53 
4736	15 
4737	14 
4738	84 
4739	21 
4740	171 
4741	87 
4742	11 18 38 80 90 100 106 141 
4743	136 
4744	52 
4745	46 
4746	156 
4747	88 
4748	96 
4749	47 
4750	139 
4751	57 
4752	151 
4753	139 
4754	129 
4755	84 
4756	166 
4757	102 
4758	32 
4759	118 
4760	11 14 47 54 58 112 115 138 
4761	7 9 47 53 67 94 123 129 
4762	28 
4763	15 
4764	20 
4765	7 45 47 67 101 139 149 152 
4766	31 
4767	13 43 52 79 120 132 144 163 
4768	58 
4769	34 
4770	45 
4771	139 
4772	70 
4773	63 
4774	103 
4775	139 
4776	7 8 9 66 160 162 171 172 
4777	46 
4778	7 
4779	7 
4780	83 
4781	139 
4782	75 
4783	88 
4784	174 
4785	122 
4786	129 
4787	32 
4788	39 
4789	121 
4790	112 
4791	80 
4792	166 
4793	117 
4794	163 
4795	90 
4796	141 
4797	150 
4798	114 
4799	166 
4800	53 
4801	58 
4802	110 
4803	127 
4804	16 69 89 102 103 112 140 166 
4805	19 
4806	154 
4807	150 
4808	152 
4809	52 
4810	58 
4811	11 17 50 76 121 140 159 167 
4812	131 
4813	120 
4814	106 
4815	45 
4816	158 
4817	45 
4818	15 47 83 84 113 128 129 131 
4819	127 
4820	125 
4821	38 
4822	50 
4823	157 
4824	62 
4825	74 
4826	93 
4827	53 
4828	97 
4829	56 
4830	121 
4831	82 
4832	139 
4833	139 
4834	57 
4835	11 13 44 88 110 113 121 148 
4836	79 
4837	136 
4838	17 43 50 60 78 129 136 166 
4839	13 31 46 83 118 140 155 157 
4840	158 
4841	59 
4842	46 
4843	84 
4844	141 
4845	103 
4846	79 
4847	7 
4848	11 21 33 75 90 112 118 125 
4849	5 
4850	129 
4851	38 
4852	4 
4853	157 
4854	107 
4855	46 
4856	149 
4857	92 
4858	108 
4859	118 
4860	32 
4861	151 
4862	66 89 90 93 104 126 149 160 
4863	76 
4864	9 
4865	150 
4866	39 
4867	172 
4868	72 
4869	53 
4870	90 
4871	138 
4872	50 
4873	55 
4874	5 18 33 142 150 163 167 170 
4875	114 
4876	117 
4877	34 
4878	19 31 61 67 92 113 115 150 
4879	80 
4880	81 
4881	161 
4882	136 
4883	154 
4884	5 
4885	67 
4886	38 
4887	136 
4888	60 
4889	121 
4890	146 
4891	62 
4892	137 
4893	88 
4894	46 
4895	162 
4896	49 
4897	167 
4898	85 
4899	47 
4900	171 
4901	116 
4902	3 
4903	18 
4904	149 
4905	46 
4906	123 
4907	49 
4908	82 
4909	123 
4910	32 63 70 80 136 157 166 173 
4911	57 
4912	131 
4913	102 
4914	33 46 93 118 123 124 137 147 
4915	112 
4916	136 
4917	90 
4918	6 7 11 56 126 138 140 154 
4919	84 
4920	74 
4921	118 
4922	23 30 43 46 63 112 139 163 
4923	136 
4924	84 
4925	160 
4926	92 
4927	159 
4928	115 
4929	81 
4930	4 5 45 75 88 137 138 154 
4931	28 33 80 97 136 137 140 166 
4932	60 
4933	91 
4934	76 
4935	53 
4936	53 
4937	103 
4938	115 
4939	84 
4940	115 
4941	93 
4942	46 
4943	81 
4944	8 14 80 93 131 139 141 163 
4945	19 69 80 87 121 139 164 167 
4946	30 
4947	34 
4948	21 
4949	139 
4950	139 
4951	164 
4952	6 44 50 60 61 96 123 126 
4953	66 
4954	56 79 122 129 152 164 165 168 
4955	116 
4956	28 45 55 62 90 91 112 134 
4957	69 
4958	31 
4959	158 
4960	151 
4961	16 40 43 50 53 96 110 144 
4962	112 
4963	167 
4964	30 
4965	154 
4966	53 
4967	56 
4968	146 
4969	121 
4970	121 
4971	83 
4972	82 
4973	41 
4974	90 
4975	55 
4976	45 
4977	85 
4978	13 
4979	58 
4980	19 91 96 128 150 154 161 162 
4981	129 
4982	166 
4983	126 
4984	151 
4985	44 
4986	5 
4987	14 
4988	106 
4989	166 
4990	59 
4991	17 
4992	21 38 64 96 107 118 157 166 
4993	52 
4994	13 
4995	122 
4996	121 
4997	103 
4998	167 
4999	162 
5000	66 
