1	112 
2	250 
3	173 
4	137 
5	122 
6	147 
7	21 
8	142 
9	14 
10	193 
11	67 
12	146 
13	139 
14	170 
15	38 
16	68 
17	253 
18	149 
19	38 
20	240 
21	203 
22	250 
23	206 
24	45 58 147 167 207 
25	175 
26	48 
27	199 
28	88 
29	142 
30	229 
31	150 
32	83 103 154 188 280 
33	252 
34	127 
35	14 
36	116 
37	51 
38	248 
39	180 
40	258 
41	237 
42	44 
43	242 
44	16 
45	199 
46	95 
47	241 
48	239 
49	50 
50	164 
51	60 
52	159 
53	284 
54	116 
55	118 
56	37 
57	5 28 71 140 225 
58	172 
59	53 
60	51 
61	271 
62	8 79 84 242 271 
63	248 
64	85 
65	98 
66	185 
67	171 
68	235 
69	192 
70	45 
71	248 
72	63 
73	40 
74	121 
75	112 
76	261 
77	95 
78	6 31 45 225 236 
79	282 
80	61 
81	129 
82	45 
83	14 
84	34 80 154 231 278 
85	19 
86	158 
87	31 
88	270 
89	98 
90	213 
91	240 
92	136 
93	163 
94	131 
95	61 
96	121 
97	31 
98	52 
99	129 
100	52 
101	274 
102	210 
103	91 
104	14 65 167 240 267 
105	40 
106	16 147 164 258 269 
107	125 
108	137 
109	37 48 62 177 239 
110	1 41 137 224 267 
111	227 
112	144 
113	148 
114	164 
115	234 
116	207 
117	71 
118	12 60 130 263 281 
119	205 
120	253 
121	125 
122	103 
123	104 
124	227 
125	29 
126	93 
127	60 
128	142 149 154 201 272 
129	164 
130	185 
131	230 
132	225 
133	269 
134	118 
135	89 
136	214 
137	258 
138	129 
139	30 
140	101 
141	96 
142	104 
143	267 
144	148 
145	138 
146	103 
147	198 
148	268 
149	21 
150	139 
151	75 
152	154 207 241 251 283 
153	56 
154	182 
155	227 
156	208 
157	75 116 147 180 213 
158	172 
159	265 
160	151 
161	38 
162	115 
163	192 
164	63 149 159 173 232 
165	253 
166	251 
167	69 
168	102 129 202 234 273 
169	179 
170	24 123 211 227 229 
171	95 
172	14 
173	92 
174	147 
175	50 
176	49 
177	229 
178	176 
179	72 
180	18 
181	198 
182	229 
183	201 
184	107 
185	1 22 139 142 227 
186	224 
187	63 
188	38 
189	3 
190	28 
191	191 
192	219 
193	281 
194	197 
195	69 
196	177 
197	266 
198	177 
199	273 
200	97 
201	161 
202	84 
203	50 139 142 158 248 
204	17 
205	7 
206	16 
207	21 
208	255 
209	61 
210	167 
211	226 
212	54 
213	36 
214	181 
215	91 
216	11 104 105 117 221 
217	30 
218	253 
219	222 
220	58 
221	59 
222	19 61 82 168 195 
223	19 
224	134 
225	16 
226	32 
227	121 
228	104 
229	255 
230	122 
231	13 110 123 137 225 
232	23 58 85 115 187 
233	46 
234	182 
235	227 
236	46 
237	19 
238	283 
239	10 
240	284 
241	31 
242	215 
243	200 
244	54 
245	239 
246	211 
247	269 
248	134 
249	245 
250	185 
251	259 
252	141 
253	31 
254	15 
255	30 
256	145 
257	173 
258	57 
259	101 
260	186 
261	66 
262	133 
263	248 
264	48 
265	212 
266	265 
267	206 
268	244 
269	95 
270	243 
271	125 
272	240 
273	111 
274	255 
275	6 45 86 126 169 
276	94 
277	263 
278	111 
279	122 
280	235 
281	146 
282	56 
283	37 118 145 185 206 
284	240 
285	74 
286	28 
287	151 
288	222 
289	214 
290	121 
291	251 
292	249 
293	102 
294	4 
295	71 110 155 205 214 
296	53 
297	14 
298	245 
299	235 
300	58 
301	139 
302	212 
303	77 
304	36 82 160 249 250 
305	238 
306	52 120 139 258 262 
307	126 
308	259 
309	23 
310	85 
311	186 
312	176 
313	43 44 85 134 264 
314	41 
315	164 
316	92 
317	212 
318	263 
319	244 
320	121 
321	43 
322	100 
323	55 98 146 205 225 
324	152 
325	83 
326	129 
327	276 
328	29 39 98 160 211 
329	11 
330	137 
331	271 
332	270 
333	58 
334	110 
335	269 
336	209 
337	150 
338	158 
339	161 
340	46 
341	84 
342	180 
343	103 
344	79 
345	120 164 241 267 275 
346	53 78 190 207 240 
347	232 
348	16 72 139 278 279 
349	140 
350	30 
351	114 
352	19 
353	208 
354	53 
355	108 110 112 239 277 
356	262 
357	170 
358	225 
359	252 
360	259 
361	47 
362	75 
363	178 
364	32 
365	141 
366	58 
367	90 
368	274 
369	99 
370	237 
371	244 
372	155 
373	218 
374	120 
375	217 
376	207 
377	171 
378	190 
379	97 
380	131 
381	16 
382	137 
383	201 
384	197 
385	177 
386	269 
387	261 
388	261 
389	21 132 157 205 245 
390	61 
391	171 
392	181 
393	264 
394	46 
395	229 
396	221 
397	201 
398	106 
399	106 
400	28 123 141 205 211 
401	263 
402	181 
403	136 
404	273 
405	224 
406	235 
407	58 
408	50 
409	178 
410	102 
411	270 
412	96 107 121 172 190 
413	27 
414	158 
415	213 
416	68 
417	53 
418	271 
419	16 
420	68 76 142 202 237 
421	17 175 207 212 279 
422	141 
423	266 
424	201 
425	83 
426	104 
427	146 
428	150 197 239 243 279 
429	110 
430	175 
431	221 
432	18 
433	217 
434	58 63 95 150 245 
435	5 
436	224 
437	162 
438	200 
439	35 
440	232 
441	53 92 172 173 211 
442	38 
443	271 
444	110 
445	210 
446	46 126 129 199 243 
447	277 
448	17 
449	61 203 235 263 273 
450	202 
451	273 
452	185 
453	96 
454	157 
455	64 
456	214 
457	213 
458	238 
459	52 
460	39 67 83 104 118 
461	269 
462	122 
463	240 
464	44 
465	19 
466	227 
467	175 
468	150 
469	63 118 133 167 210 
470	41 
471	239 
472	224 
473	71 
474	5 
475	21 81 84 103 263 
476	240 
477	210 
478	277 
479	162 
480	111 
481	205 
482	46 
483	183 
484	253 
485	97 
486	140 
487	113 
488	167 
489	5 
490	59 100 139 274 275 
491	74 
492	46 54 123 169 278 
493	184 
494	12 
495	208 
496	246 
497	212 
498	84 
499	129 139 189 258 259 
500	143 
501	90 136 168 175 192 
502	116 
503	33 
504	16 
505	276 
506	283 
507	258 
508	277 
509	247 
510	56 
511	154 
512	136 
513	131 
514	239 
515	227 
516	167 
517	13 
518	31 49 96 142 148 
519	225 
520	5 
521	14 52 175 215 229 
522	62 
523	50 59 166 213 263 
524	13 84 125 144 284 
525	21 
526	5 
527	247 
528	278 
529	145 
530	45 
531	107 
532	144 
533	71 
534	75 79 167 201 235 
535	155 
536	230 
537	85 
538	56 192 234 245 256 
539	239 
540	182 
541	165 
542	64 
543	221 
544	121 
545	56 
546	270 
547	118 
548	6 19 114 181 197 
549	237 
550	280 
551	79 
552	258 
553	58 
554	258 
555	35 
556	131 
557	84 
558	226 
559	115 
560	257 
561	95 
562	154 
563	234 
564	214 
565	58 118 157 248 250 
566	3 
567	197 
568	121 142 154 164 171 
569	220 
570	283 
571	59 70 75 80 224 
572	110 
573	17 35 107 147 227 
574	85 
575	36 87 212 232 249 
576	155 
577	91 
578	79 
579	161 
580	121 
581	114 
582	206 
583	139 
584	220 
585	102 146 150 261 277 
586	166 
587	201 
588	74 
589	136 
590	4 
591	244 
592	168 
593	59 
594	193 
595	227 
596	5 
597	196 
598	14 
599	55 
600	53 
601	74 
602	271 
603	107 
604	34 
605	9 80 202 216 220 
606	177 
607	79 
608	263 
609	126 
610	91 
611	279 
612	152 156 165 206 261 
613	38 
614	59 
615	230 
616	198 
617	166 210 259 261 278 
618	209 
619	161 
620	63 
621	97 
622	30 
623	231 
624	129 
625	127 
626	194 
627	231 
628	154 
629	17 
630	159 
631	27 
632	49 
633	270 
634	17 
635	190 
636	262 
637	106 
638	158 
639	19 
640	109 
641	142 
642	149 
643	56 
644	215 
645	112 
646	100 
647	13 
648	22 
649	115 
650	90 
651	21 55 76 84 147 
652	65 
653	98 
654	171 
655	267 
656	158 
657	272 
658	225 
659	21 91 149 159 192 
660	12 15 116 167 180 
661	186 
662	52 116 137 217 235 
663	92 
664	266 
665	116 
666	267 
667	158 
668	154 
669	107 
670	131 
671	17 
672	215 
673	64 
674	139 
675	199 
676	43 
677	203 
678	269 
679	128 
680	271 
681	247 
682	278 
683	230 
684	235 
685	58 
686	55 150 166 169 232 
687	282 
688	187 
689	225 
690	71 
691	12 116 160 232 245 
692	133 
693	122 
694	40 
695	82 
696	75 
697	233 
698	8 130 206 210 253 
699	81 
700	23 107 212 231 279 
701	236 
702	104 
703	242 
704	146 
705	255 
706	107 
707	265 
708	8 
709	214 
710	205 
711	200 
712	212 
713	186 
714	142 165 180 195 279 
715	85 
716	84 
717	102 
718	80 
719	20 
720	221 
721	249 
722	65 
723	64 
724	11 
725	185 
726	136 
727	20 
728	275 
729	30 
730	167 
731	30 
732	162 
733	158 
734	39 
735	245 
736	124 
737	206 
738	154 
739	281 
740	120 
741	267 
742	221 
743	234 
744	225 
745	143 
746	99 
747	236 
748	18 
749	161 
750	39 
751	71 
752	243 
753	150 
754	273 
755	206 
756	271 
757	178 
758	51 
759	255 
760	109 
761	199 
762	216 
763	3 7 84 108 161 
764	84 
765	270 
766	259 
767	112 
768	71 
769	258 
770	182 
771	87 
772	129 
773	162 
774	180 
775	180 
776	190 
777	283 
778	92 
779	216 
780	154 
781	45 
782	15 167 214 244 250 
783	89 
784	99 
785	83 
786	5 
787	47 
788	158 
789	268 
790	44 166 191 226 247 
791	262 
792	280 
793	45 49 69 79 141 
794	199 
795	67 
796	26 
797	72 85 229 230 275 
798	270 
799	282 
800	164 
801	66 
802	15 63 225 270 271 
803	201 
804	51 
805	254 
806	239 
807	263 
808	56 
809	190 
810	29 
811	161 
812	158 
813	13 
814	135 
815	142 
816	131 
817	53 
818	211 
819	59 
820	13 
821	270 
822	131 
823	177 
824	77 
825	184 
826	144 
827	253 
828	256 
829	32 
830	5 8 41 43 154 
831	14 133 206 217 220 
832	276 
833	227 
834	64 
835	109 
836	247 
837	281 
838	19 58 116 158 227 
839	132 
840	96 
841	164 
842	77 
843	209 
844	241 
845	248 
846	123 
847	136 
848	179 
849	26 
850	93 
851	107 
852	34 
853	33 
854	215 
855	229 
856	2 158 212 270 272 
857	262 
858	193 
859	57 
860	19 
861	99 
862	131 
863	141 
864	175 
865	66 
866	74 
867	123 
868	87 
869	81 
870	110 
871	189 
872	95 
873	62 89 109 235 276 
874	111 
875	167 
876	225 
877	83 
878	106 140 159 198 243 
879	141 
880	185 
881	80 88 227 233 246 
882	10 
883	31 209 211 235 272 
884	211 
885	44 
886	80 
887	79 
888	119 
889	30 41 55 107 173 
890	153 
891	256 
892	31 
893	261 
894	10 
895	263 
896	31 153 157 167 234 
897	28 
898	167 
899	246 
900	18 
901	56 
902	21 
903	21 
904	35 
905	121 
906	46 
907	179 
908	207 
909	195 
910	53 
911	202 
912	161 
913	175 
914	53 
915	124 
916	45 95 97 180 263 
917	2 31 54 240 278 
918	179 
919	88 
920	28 78 171 249 281 
921	74 
922	248 
923	44 
924	129 
925	67 
926	237 
927	13 
928	57 
929	117 
930	176 
931	30 
932	193 
933	178 
934	71 
935	92 
936	40 56 123 154 234 
937	164 
938	206 
939	85 184 227 254 261 
940	204 
941	106 
942	171 
943	233 
944	198 
945	17 87 212 226 231 
946	112 
947	38 45 76 212 213 
948	14 88 90 141 213 
949	58 
950	246 
951	55 
952	198 
953	206 
954	43 50 82 140 167 
955	29 41 53 206 258 
956	5 16 30 132 135 
957	169 
958	177 
959	156 
960	73 
961	278 
962	34 
963	42 71 84 165 234 
964	16 
965	244 
966	101 
967	206 
968	129 
969	225 
970	18 
971	254 
972	41 
973	14 
974	83 
975	170 
976	216 
977	35 
978	271 
979	253 
980	137 
981	98 
982	214 
983	159 
984	261 
985	199 
986	64 
987	49 
988	6 71 188 211 279 
989	30 
990	243 
991	245 
992	207 
993	227 
994	131 
995	192 
996	125 
997	233 
998	15 21 67 103 220 
999	260 
1000	57 112 134 139 222 
1001	53 
1002	167 
1003	35 
1004	122 
1005	101 
1006	204 
1007	271 
1008	141 
1009	251 
1010	15 
1011	235 
1012	16 
1013	13 
1014	74 
1015	141 
1016	252 
1017	17 
1018	48 114 150 263 279 
1019	172 
1020	134 
1021	195 
1022	145 
1023	173 
1024	205 
1025	16 
1026	150 
1027	64 
1028	126 
1029	212 
1030	212 
1031	206 
1032	43 
1033	57 
1034	71 
1035	46 
1036	284 
1037	121 207 222 226 283 
1038	166 
1039	55 
1040	15 
1041	118 
1042	38 
1043	239 
1044	29 
1045	185 
1046	223 
1047	139 
1048	40 
1049	64 
1050	9 
1051	5 
1052	34 
1053	240 
1054	128 205 212 223 236 
1055	226 
1056	151 
1057	245 
1058	14 
1059	156 
1060	66 166 187 223 248 
1061	193 
1062	5 
1063	78 
1064	209 
1065	9 103 142 228 279 
1066	85 
1067	124 
1068	229 
1069	107 
1070	254 
1071	282 
1072	96 
1073	236 
1074	14 120 148 168 179 
1075	107 
1076	49 
1077	30 37 44 193 250 
1078	235 
1079	216 
1080	50 
1081	61 
1082	248 
1083	86 
1084	101 139 163 190 226 
1085	259 
1086	141 
1087	195 
1088	2 
1089	57 
1090	165 
1091	112 119 181 275 277 
1092	76 
1093	68 82 136 160 200 
1094	255 
1095	237 
1096	50 
1097	212 
1098	280 
1099	218 
1100	84 
1101	249 
1102	219 
1103	21 28 122 131 234 
1104	116 
1105	64 115 138 139 274 
1106	122 
1107	217 
1108	240 
1109	44 
1110	49 
1111	168 
1112	23 
1113	83 
1114	208 
1115	33 
1116	30 
1117	270 
1118	17 
1119	109 
1120	92 
1121	53 
1122	82 142 175 205 229 
1123	1 176 206 207 238 
1124	88 
1125	51 
1126	229 
1127	235 
1128	136 
1129	122 
1130	93 
1131	17 
1132	115 
1133	223 
1134	219 
1135	115 185 221 239 277 
1136	169 
1137	49 54 56 121 222 
1138	89 
1139	31 112 167 195 244 
1140	192 
1141	19 185 210 226 281 
1142	179 
1143	2 
1144	33 54 142 207 246 
1145	237 
1146	45 52 83 123 221 
1147	61 70 158 167 168 
1148	18 
1149	201 
1150	125 
1151	267 
1152	190 
1153	204 
1154	43 
1155	145 
1156	19 
1157	236 
1158	260 
1159	49 
1160	45 180 206 228 270 
1161	55 88 242 275 277 
1162	145 
1163	242 
1164	53 
1165	143 
1166	154 
1167	63 
1168	60 
1169	85 
1170	49 61 69 163 259 
1171	231 
1172	186 
1173	188 
1174	29 
1175	47 
1176	52 103 158 198 226 
1177	38 
1178	241 
1179	3 
1180	162 
1181	163 
1182	112 
1183	4 
1184	229 
1185	169 
1186	71 
1187	215 
1188	56 
1189	212 
1190	71 
1191	271 
1192	128 
1193	245 
1194	221 
1195	36 
1196	51 
1197	102 
1198	215 
1199	69 
1200	207 
1201	131 
1202	112 
1203	117 
1204	71 115 121 238 263 
1205	236 
1206	126 
1207	19 
1208	186 
1209	253 
1210	86 
1211	34 80 136 211 277 
1212	69 
1213	279 
1214	41 
1215	234 
1216	119 
1217	190 
1218	229 
1219	123 163 197 239 265 
1220	263 
1221	189 
1222	117 
1223	160 
1224	89 
1225	180 
1226	267 
1227	238 
1228	104 157 207 219 225 
1229	233 
1230	57 
1231	39 130 160 238 282 
1232	25 27 183 204 252 
1233	41 
1234	150 
1235	130 
1236	46 90 105 186 259 
1237	112 
1238	242 
1239	212 
1240	36 
1241	224 
1242	187 
1243	34 
1244	166 
1245	124 
1246	206 
1247	151 
1248	174 
1249	53 
1250	29 
1251	155 
1252	42 
1253	102 
1254	163 
1255	30 
1256	20 
1257	136 
1258	238 
1259	268 
1260	68 
1261	108 
1262	185 
1263	80 
1264	198 
1265	230 
1266	17 19 80 102 155 
1267	166 
1268	133 
1269	160 
1270	225 
1271	263 
1272	245 
1273	201 
1274	71 
1275	144 
1276	5 
1277	105 
1278	125 
1279	76 
1280	158 
1281	15 
1282	195 
1283	23 
1284	149 240 257 263 264 
1285	171 
1286	93 
1287	34 
1288	281 
1289	7 
1290	258 
1291	110 
1292	55 
1293	113 
1294	46 79 136 155 259 
1295	172 
1296	78 
1297	189 
1298	223 
1299	190 
1300	130 
1301	175 
1302	195 
1303	139 
1304	41 
1305	66 
1306	43 
1307	269 
1308	94 
1309	251 
1310	158 
1311	129 
1312	47 
1313	46 
1314	26 
1315	72 
1316	137 
1317	49 
1318	160 
1319	157 
1320	140 
1321	26 
1322	146 
1323	90 
1324	7 
1325	183 
1326	88 
1327	269 
1328	63 
1329	5 45 115 136 281 
1330	42 
1331	225 
1332	2 
1333	209 
1334	212 
1335	152 
1336	25 
1337	243 
1338	121 
1339	44 
1340	219 
1341	33 
1342	38 
1343	183 
1344	250 
1345	180 
1346	131 
1347	27 
1348	157 
1349	227 
1350	206 
1351	140 
1352	144 
1353	17 56 215 275 281 
1354	15 167 176 232 243 
1355	84 
1356	136 
1357	222 
1358	154 
1359	13 
1360	281 
1361	201 
1362	253 
1363	224 
1364	75 
1365	56 
1366	207 
1367	7 
1368	180 
1369	30 66 110 140 184 
1370	127 
1371	187 
1372	230 
1373	214 
1374	50 
1375	38 
1376	23 
1377	7 
1378	270 
1379	106 
1380	144 
1381	168 
1382	243 
1383	259 
1384	173 
1385	141 
1386	191 
1387	201 
1388	66 
1389	92 
1390	19 
1391	248 
1392	59 
1393	251 
1394	58 
1395	212 
1396	238 
1397	32 
1398	281 
1399	172 
1400	150 
1401	141 
1402	103 
1403	224 
1404	45 
1405	159 
1406	17 
1407	141 
1408	30 
1409	250 
1410	22 
1411	150 
1412	132 
1413	191 
1414	227 
1415	281 
1416	136 
1417	92 
1418	241 
1419	61 
1420	183 
1421	277 
1422	190 
1423	121 
1424	148 
1425	235 
1426	41 
1427	263 
1428	56 
1429	29 
1430	65 
1431	137 
1432	261 
1433	175 177 211 250 259 
1434	234 
1435	167 
1436	72 
1437	195 
1438	154 
1439	279 
1440	146 
1441	45 
1442	90 
1443	237 
1444	135 
1445	41 
1446	152 
1447	80 
1448	85 
1449	176 
1450	142 
1451	179 
1452	132 
1453	207 
1454	9 
1455	22 
1456	225 
1457	201 
1458	105 
1459	174 
1460	40 
1461	213 
1462	106 
1463	254 
1464	279 
1465	70 
1466	107 
1467	195 
1468	173 
1469	157 
1470	178 
1471	57 
1472	169 
1473	175 
1474	142 
1475	270 
1476	41 
1477	9 
1478	180 
1479	162 
1480	205 
1481	138 
1482	98 
1483	107 
1484	222 
1485	159 
1486	277 
1487	66 78 105 199 253 
1488	11 
1489	119 
1490	82 
1491	5 
1492	167 
1493	6 
1494	39 
1495	22 
1496	13 
1497	46 
1498	248 
1499	163 
1500	24 38 118 140 207 
1501	201 
1502	252 
1503	90 109 177 190 277 
1504	192 
1505	269 
1506	212 
1507	63 
1508	271 
1509	177 
1510	269 
1511	218 
1512	30 
1513	240 
1514	11 
1515	175 
1516	55 
1517	114 
1518	27 
1519	277 
1520	211 
1521	34 
1522	51 77 86 109 268 
1523	53 
1524	250 
1525	7 13 85 108 145 
1526	156 
1527	102 
1528	238 
1529	283 
1530	75 
1531	280 
1532	80 
1533	59 
1534	153 
1535	217 
1536	279 
1537	41 
1538	41 
1539	142 
1540	52 
1541	265 
1542	113 
1543	131 
1544	205 
1545	207 
1546	53 80 101 239 254 
1547	105 
1548	242 
1549	109 
1550	38 
1551	77 
1552	217 
1553	38 
1554	127 
1555	250 
1556	214 
1557	50 90 134 199 279 
1558	225 
1559	278 
1560	67 
1561	190 
1562	162 
1563	184 
1564	121 
1565	217 
1566	211 
1567	249 
1568	34 
1569	164 
1570	145 
1571	192 
1572	56 
1573	106 
1574	56 
1575	200 
1576	53 
1577	89 
1578	12 71 72 77 89 
1579	141 
1580	88 
1581	261 
1582	35 
1583	41 
1584	31 111 158 204 266 
1585	198 
1586	185 
1587	258 
1588	53 
1589	43 45 118 218 232 
1590	37 
1591	45 
1592	260 
1593	199 
1594	212 
1595	136 
1596	15 
1597	15 
1598	64 
1599	7 
1600	8 
1601	150 
1602	217 
1603	63 136 143 238 266 
1604	115 
1605	172 
1606	7 21 38 45 180 
1607	240 
1608	228 
1609	41 
1610	167 
1611	217 
1612	155 
1613	17 
1614	125 
1615	58 121 124 146 171 
1616	137 
1617	207 
1618	30 
1619	46 
1620	165 201 221 255 280 
1621	182 
1622	269 
1623	227 
1624	5 
1625	85 
1626	129 
1627	206 
1628	209 
1629	217 
1630	246 
1631	163 
1632	210 
1633	241 
1634	240 
1635	166 
1636	98 
1637	34 
1638	255 
1639	146 
1640	21 69 101 164 190 
1641	69 
1642	225 
1643	262 
1644	53 
1645	168 
1646	167 
1647	185 
1648	239 
1649	11 
1650	239 
1651	139 
1652	177 
1653	227 
1654	180 
1655	255 
1656	83 
1657	279 
1658	149 
1659	48 
1660	54 
1661	269 
1662	63 
1663	156 
1664	5 
1665	6 
1666	204 
1667	166 
1668	243 
1669	75 
1670	21 85 142 193 276 
1671	121 
1672	57 
1673	162 
1674	55 
1675	246 
1676	264 
1677	146 
1678	121 
1679	26 
1680	72 
1681	11 
1682	214 
1683	250 
1684	247 
1685	279 
1686	206 
1687	131 143 155 211 250 
1688	206 
1689	58 107 188 204 247 
1690	278 
1691	76 
1692	198 
1693	32 
1694	24 
1695	57 112 193 245 260 
1696	64 
1697	74 188 240 241 274 
1698	129 
1699	65 
1700	22 61 157 180 217 
1701	5 
1702	53 
1703	154 
1704	34 
1705	9 
1706	50 
1707	175 
1708	223 
1709	16 
1710	282 
1711	277 
1712	75 
1713	128 
1714	185 
1715	139 
1716	176 
1717	89 161 218 253 256 
1718	229 
1719	159 
1720	126 
1721	60 
1722	263 
1723	75 
1724	284 
1725	192 
1726	229 
1727	137 
1728	2 
1729	225 
1730	95 
1731	240 
1732	185 
1733	251 
1734	218 
1735	6 
1736	205 
1737	62 
1738	192 
1739	180 
1740	180 
1741	255 
1742	176 
1743	85 
1744	31 
1745	194 
1746	126 
1747	121 
1748	255 
1749	62 
1750	37 120 200 234 268 
1751	11 
1752	65 
1753	23 
1754	157 
1755	272 
1756	7 
1757	95 212 234 235 253 
1758	205 
1759	23 
1760	112 137 198 248 258 
1761	89 
1762	53 86 172 179 231 
1763	183 
1764	151 
1765	263 
1766	88 
1767	104 
1768	51 
1769	53 
1770	221 
1771	182 
1772	33 
1773	26 
1774	115 
1775	11 
1776	186 
1777	217 
1778	175 
1779	123 124 150 155 273 
1780	255 
1781	190 
1782	108 
1783	86 
1784	157 
1785	86 
1786	211 
1787	174 
1788	258 
1789	213 
1790	208 
1791	225 
1792	269 
1793	205 
1794	16 
1795	207 
1796	190 
1797	57 
1798	243 
1799	53 112 192 197 240 
1800	274 
1801	82 
1802	19 21 146 170 195 
1803	83 99 153 159 250 
1804	30 
1805	240 
1806	58 83 103 113 138 
1807	64 
1808	21 
1809	124 
1810	131 
1811	54 
1812	2 6 20 124 137 
1813	48 
1814	158 
1815	46 
1816	72 
1817	67 129 132 200 225 
1818	274 
1819	131 
1820	73 
1821	115 
1822	5 
1823	55 
1824	152 
1825	167 
1826	18 
1827	270 
1828	114 
1829	76 
1830	61 
1831	126 
1832	269 
1833	3 
1834	154 
1835	112 
1836	186 
1837	282 
1838	211 
1839	276 
1840	277 
1841	145 
1842	41 
1843	263 
1844	185 
1845	268 
1846	8 90 205 261 270 
1847	257 
1848	93 
1849	248 
1850	154 
1851	259 
1852	154 
1853	131 
1854	200 
1855	111 
1856	262 
1857	118 
1858	72 
1859	15 
1860	90 
1861	126 
1862	225 
1863	132 
1864	87 
1865	43 
1866	104 
1867	172 
1868	76 
1869	10 
1870	38 
1871	17 
1872	142 
1873	166 
1874	150 
1875	161 
1876	27 
1877	92 
1878	141 
1879	56 
1880	253 
1881	60 
1882	249 
1883	80 
1884	106 
1885	138 
1886	34 
1887	63 70 129 166 239 
1888	5 
1889	141 
1890	207 
1891	253 
1892	3 
1893	274 
1894	32 44 47 95 112 
1895	254 
1896	71 
1897	129 
1898	56 
1899	58 
1900	180 
1901	211 
1902	269 
1903	251 
1904	2 14 68 249 267 
1905	55 
1906	202 
1907	195 
1908	148 
1909	246 
1910	160 
1911	175 199 227 237 242 
1912	60 
1913	102 
1914	179 
1915	104 115 121 126 136 
1916	76 
1917	32 
1918	75 
1919	66 
1920	6 
1921	148 
1922	18 
1923	13 
1924	73 
1925	87 
1926	263 
1927	33 
1928	94 
1929	53 
1930	201 
1931	253 
1932	159 
1933	141 
1934	150 
1935	201 
1936	270 
1937	137 
1938	205 
1939	159 
1940	181 
1941	16 
1942	225 
1943	281 
1944	5 
1945	88 
1946	2 
1947	63 121 181 238 279 
1948	78 
1949	137 
1950	282 
1951	210 
1952	255 
1953	63 216 222 263 270 
1954	19 
1955	28 
1956	73 
1957	96 
1958	21 41 88 229 248 
1959	206 
1960	126 
1961	128 
1962	270 
1963	281 
1964	102 
1965	130 
1966	64 
1967	66 
1968	88 
1969	196 
1970	163 
1971	175 
1972	189 
1973	46 
1974	34 
1975	172 
1976	57 
1977	283 
1978	54 121 152 176 207 
1979	60 
1980	17 110 122 149 281 
1981	44 
1982	11 25 144 218 252 
1983	162 
1984	184 
1985	71 
1986	250 
1987	108 
1988	67 
1989	107 
1990	264 
1991	20 
1992	1 
1993	31 
1994	118 
1995	159 
1996	80 
1997	209 
1998	66 
1999	144 
2000	14 100 127 203 240 
2001	251 
2002	207 
2003	245 
2004	236 
2005	206 
2006	108 
2007	239 
2008	76 
2009	116 
2010	272 
2011	53 
2012	171 
2013	227 
2014	146 
2015	50 
2016	147 
2017	54 
2018	75 
2019	21 
2020	119 
2021	225 
2022	185 
2023	9 
2024	121 
2025	121 
2026	32 53 69 177 282 
2027	2 88 126 234 284 
2028	225 
2029	61 
2030	171 
2031	167 
2032	212 
2033	162 
2034	23 52 81 107 274 
2035	211 
2036	34 
2037	110 
2038	208 
2039	158 
2040	248 
2041	237 
2042	59 
2043	14 
2044	183 
2045	257 
2046	258 
2047	203 
2048	271 
2049	279 
2050	85 
2051	107 
2052	235 
2053	67 167 168 206 238 
2054	70 
2055	279 
2056	274 
2057	80 
2058	17 
2059	49 
2060	127 
2061	92 
2062	64 
2063	71 
2064	142 
2065	12 
2066	261 
2067	53 
2068	128 
2069	14 
2070	283 
2071	273 
2072	17 53 87 121 281 
2073	279 
2074	281 
2075	269 
2076	240 
2077	84 
2078	97 
2079	99 
2080	198 
2081	157 
2082	175 
2083	85 
2084	211 
2085	93 
2086	239 
2087	164 
2088	15 
2089	63 
2090	53 
2091	162 
2092	221 
2093	281 
2094	105 
2095	71 78 171 191 237 
2096	77 
2097	10 
2098	279 
2099	219 
2100	87 
2101	152 
2102	175 
2103	240 
2104	239 
2105	151 
2106	63 
2107	197 
2108	134 154 261 270 281 
2109	229 
2110	230 
2111	55 
2112	246 
2113	119 
2114	114 
2115	9 
2116	49 
2117	8 15 196 231 261 
2118	152 189 199 234 277 
2119	184 
2120	130 
2121	13 15 34 104 225 
2122	253 
2123	106 
2124	217 
2125	110 
2126	156 
2127	7 
2128	199 
2129	102 
2130	214 
2131	20 
2132	118 
2133	279 
2134	122 
2135	171 
2136	196 
2137	235 
2138	191 
2139	168 
2140	134 
2141	76 
2142	121 
2143	136 
2144	253 
2145	41 83 102 181 204 
2146	183 
2147	118 
2148	208 
2149	103 
2150	115 
2151	232 
2152	8 
2153	35 
2154	47 85 112 115 145 
2155	238 
2156	130 
2157	152 
2158	46 
2159	51 
2160	212 
2161	284 
2162	224 
2163	142 
2164	215 
2165	48 
2166	56 122 180 193 223 
2167	34 
2168	55 74 132 177 192 
2169	196 
2170	254 
2171	47 
2172	15 22 152 186 259 
2173	136 
2174	39 55 85 112 178 
2175	271 
2176	107 
2177	69 113 132 166 216 
2178	186 
2179	15 204 256 257 275 
2180	213 
2181	284 
2182	198 
2183	184 
2184	30 
2185	185 
2186	176 
2187	141 
2188	74 
2189	102 
2190	203 
2191	20 
2192	216 
2193	200 
2194	61 
2195	90 
2196	160 
2197	238 
2198	13 
2199	81 
2200	249 
2201	201 
2202	154 
2203	158 
2204	224 
2205	72 
2206	242 
2207	79 
2208	73 
2209	175 
2210	193 
2211	91 
2212	15 
2213	152 
2214	176 
2215	69 
2216	49 
2217	74 
2218	251 
2219	19 
2220	173 
2221	275 
2222	15 50 82 89 229 
2223	142 
2224	227 
2225	148 
2226	56 
2227	189 
2228	7 
2229	39 
2230	61 
2231	43 50 60 112 251 
2232	162 
2233	103 
2234	238 
2235	76 
2236	140 
2237	206 
2238	60 
2239	55 
2240	102 
2241	13 
2242	72 
2243	186 
2244	36 
2245	156 
2246	175 
2247	165 
2248	21 
2249	181 
2250	197 
2251	207 
2252	225 
2253	239 
2254	14 21 83 162 216 
2255	51 154 184 235 254 
2256	117 
2257	32 
2258	35 
2259	212 
2260	253 
2261	11 
2262	225 
2263	11 
2264	92 
2265	190 
2266	227 
2267	215 
2268	49 
2269	101 
2270	64 150 177 209 214 
2271	60 
2272	18 35 97 105 172 
2273	96 
2274	206 
2275	43 
2276	284 
2277	55 
2278	166 
2279	53 
2280	200 
2281	137 
2282	34 
2283	30 
2284	12 
2285	212 
2286	71 
2287	12 59 88 122 268 
2288	13 71 227 242 261 
2289	240 
2290	61 
2291	264 
2292	102 
2293	277 
2294	270 
2295	42 84 101 142 172 
2296	73 
2297	225 
2298	140 
2299	154 
2300	186 
2301	30 
2302	16 42 81 156 199 
2303	176 
2304	151 
2305	18 
2306	32 
2307	181 
2308	200 
2309	156 
2310	18 
2311	45 
2312	135 
2313	142 
2314	198 
2315	221 
2316	114 147 225 231 237 
2317	46 
2318	72 
2319	258 
2320	229 
2321	15 
2322	250 
2323	179 
2324	156 
2325	114 
2326	14 
2327	175 
2328	110 
2329	174 
2330	116 
2331	14 
2332	261 
2333	213 
2334	75 
2335	68 
2336	118 
2337	66 
2338	167 
2339	117 
2340	138 
2341	2 4 154 175 214 
2342	33 109 117 169 255 
2343	282 
2344	165 
2345	145 
2346	141 
2347	87 89 90 110 211 
2348	29 
2349	58 
2350	94 
2351	202 
2352	182 
2353	168 
2354	240 
2355	16 
2356	200 
2357	137 
2358	142 
2359	237 
2360	235 
2361	106 
2362	104 
2363	81 
2364	14 
2365	60 
2366	184 
2367	126 
2368	237 
2369	233 
2370	63 
2371	138 
2372	174 
2373	23 
2374	38 
2375	45 
2376	271 
2377	27 
2378	80 
2379	20 
2380	4 
2381	253 
2382	261 
2383	270 
2384	64 
2385	166 
2386	7 
2387	107 
2388	277 
2389	220 
2390	18 
2391	284 
2392	137 
2393	253 
2394	223 
2395	146 
2396	113 
2397	198 
2398	62 
2399	68 
2400	248 
2401	85 
2402	257 
2403	125 
2404	212 
2405	176 
2406	104 
2407	227 
2408	81 
2409	10 
2410	150 
2411	58 
2412	30 
2413	270 
2414	97 
2415	269 
2416	14 
2417	163 
2418	223 
2419	154 
2420	283 
2421	6 
2422	83 149 150 169 262 
2423	260 
2424	181 
2425	70 
2426	84 
2427	50 
2428	194 
2429	232 
2430	126 
2431	239 
2432	45 66 85 123 189 
2433	235 
2434	149 
2435	136 
2436	151 
2437	163 
2438	177 
2439	107 
2440	88 
2441	93 
2442	274 
2443	3 37 123 258 269 
2444	121 
2445	254 
2446	9 
2447	81 
2448	271 
2449	274 
2450	38 
2451	99 
2452	90 119 154 201 206 
2453	17 19 43 130 146 
2454	13 
2455	207 
2456	88 
2457	260 
2458	240 
2459	198 
2460	213 
2461	67 
2462	102 
2463	118 
2464	4 38 171 200 226 
2465	171 
2466	162 
2467	261 
2468	166 
2469	41 
2470	72 
2471	185 
2472	74 
2473	36 49 91 101 137 
2474	246 
2475	119 
2476	71 
2477	200 
2478	102 
2479	152 
2480	69 121 137 231 251 
2481	66 74 128 200 222 
2482	45 
2483	75 
2484	138 
2485	282 
2486	72 
2487	83 
2488	198 
2489	193 
2490	279 
2491	57 80 212 215 272 
2492	45 
2493	61 
2494	9 13 33 52 163 
2495	188 
2496	126 
2497	61 141 142 195 237 
2498	169 
2499	46 
2500	90 
2501	162 
2502	72 
2503	44 
2504	185 
2505	30 
2506	94 
2507	125 
2508	253 
2509	38 
2510	226 
2511	270 
2512	279 
2513	77 
2514	227 
2515	242 
2516	196 
2517	183 
2518	9 
2519	7 
2520	52 103 163 177 186 
2521	32 
2522	95 
2523	7 31 100 142 213 
2524	233 
2525	167 
2526	270 
2527	201 
2528	38 
2529	58 
2530	15 16 32 236 271 
2531	174 
2532	217 
2533	279 
2534	120 
2535	17 
2536	180 
2537	21 
2538	21 
2539	94 
2540	160 
2541	118 
2542	41 57 106 227 246 
2543	127 
2544	94 
2545	144 
2546	49 85 86 129 280 
2547	263 
2548	10 
2549	118 
2550	140 
2551	282 
2552	109 
2553	229 
2554	115 
2555	108 
2556	209 
2557	117 
2558	136 
2559	162 
2560	107 
2561	78 164 234 263 272 
2562	15 
2563	177 
2564	118 
2565	175 
2566	198 
2567	125 181 207 221 238 
2568	221 
2569	61 
2570	234 
2571	116 
2572	60 
2573	30 
2574	107 
2575	150 
2576	190 
2577	166 
2578	237 
2579	125 
2580	272 
2581	21 
2582	85 
2583	49 
2584	211 
2585	66 
2586	183 
2587	91 100 130 159 216 
2588	38 
2589	192 
2590	16 112 135 171 195 
2591	17 
2592	185 
2593	190 
2594	72 
2595	179 
2596	233 
2597	92 
2598	17 
2599	105 
2600	221 
2601	121 
2602	19 
2603	270 
2604	82 
2605	279 
2606	15 32 164 170 258 
2607	13 
2608	226 
2609	280 
2610	220 
2611	80 
2612	271 
2613	212 
2614	222 
2615	281 
2616	60 
2617	214 
2618	83 
2619	44 71 185 207 238 
2620	277 
2621	186 
2622	116 
2623	89 
2624	24 
2625	85 
2626	24 
2627	201 
2628	48 
2629	127 
2630	274 
2631	239 
2632	154 
2633	12 
2634	205 
2635	11 
2636	137 
2637	30 
2638	43 
2639	76 
2640	14 
2641	112 
2642	50 
2643	262 
2644	162 
2645	75 
2646	55 
2647	55 
2648	164 
2649	138 
2650	15 27 38 50 77 
2651	83 
2652	146 
2653	187 
2654	147 
2655	263 
2656	60 
2657	59 69 105 115 138 
2658	282 
2659	162 
2660	150 
2661	44 
2662	235 
2663	139 
2664	84 
2665	19 
2666	56 
2667	174 
2668	239 
2669	88 
2670	28 
2671	207 
2672	21 
2673	50 
2674	204 
2675	282 
2676	98 
2677	139 
2678	250 
2679	257 
2680	258 
2681	137 
2682	217 
2683	1 139 148 225 277 
2684	79 
2685	30 
2686	137 
2687	39 
2688	225 
2689	225 
2690	115 
2691	10 
2692	70 
2693	180 
2694	88 
2695	16 
2696	166 
2697	107 
2698	31 
2699	190 
2700	61 
2701	178 
2702	238 
2703	49 
2704	227 
2705	89 
2706	232 
2707	37 110 163 166 212 
2708	69 
2709	96 
2710	138 
2711	118 
2712	131 
2713	226 
2714	50 
2715	253 
2716	256 
2717	190 
2718	203 
2719	79 81 186 187 269 
2720	270 
2721	224 
2722	73 
2723	277 
2724	235 
2725	7 
2726	269 
2727	255 
2728	47 83 115 119 279 
2729	39 43 53 162 202 
2730	225 
2731	281 
2732	265 
2733	274 
2734	121 
2735	113 
2736	164 
2737	84 
2738	266 
2739	166 
2740	264 
2741	33 
2742	224 
2743	72 223 232 247 258 
2744	71 
2745	63 158 200 242 281 
2746	242 
2747	123 
2748	159 
2749	66 
2750	268 
2751	33 
2752	235 
2753	63 
2754	151 
2755	270 
2756	185 
2757	34 
2758	155 
2759	181 
2760	271 
2761	214 
2762	41 
2763	201 
2764	158 
2765	107 
2766	21 45 61 84 129 
2767	205 
2768	142 
2769	55 72 175 192 282 
2770	3 
2771	102 
2772	92 
2773	143 159 175 180 270 
2774	15 
2775	84 
2776	139 
2777	230 
2778	144 
2779	62 
2780	265 
2781	9 
2782	106 
2783	133 
2784	31 
2785	31 
2786	72 
2787	120 
2788	118 
2789	66 
2790	42 
2791	236 
2792	230 
2793	47 
2794	67 
2795	128 
2796	227 
2797	223 
2798	150 
2799	19 73 74 112 140 
2800	30 
2801	42 
2802	164 
2803	41 
2804	13 63 147 193 282 
2805	248 
2806	8 78 199 214 253 
2807	94 
2808	111 
2809	201 
2810	151 
2811	140 
2812	91 
2813	98 
2814	186 
2815	47 
2816	16 48 138 185 246 
2817	66 
2818	82 
2819	21 81 90 185 202 
2820	157 
2821	105 
2822	103 
2823	74 
2824	59 
2825	283 
2826	164 
2827	17 
2828	158 
2829	237 
2830	174 
2831	131 
2832	29 
2833	30 
2834	58 
2835	201 
2836	246 
2837	125 133 221 267 283 
2838	264 
2839	90 
2840	103 
2841	166 
2842	118 129 168 173 266 
2843	11 
2844	156 
2845	118 
2846	139 
2847	131 
2848	227 
2849	108 
2850	137 
2851	268 
2852	79 
2853	69 
2854	37 
2855	221 
2856	149 
2857	219 
2858	196 
2859	172 
2860	81 
2861	7 
2862	43 
2863	40 
2864	184 
2865	84 
2866	281 
2867	68 
2868	19 59 75 184 237 
2869	61 
2870	109 
2871	177 
2872	33 
2873	198 
2874	34 
2875	266 
2876	66 
2877	82 
2878	8 
2879	209 
2880	207 
2881	271 
2882	237 
2883	193 
2884	209 
2885	89 
2886	216 
2887	69 
2888	254 
2889	46 
2890	35 
2891	11 
2892	274 
2893	215 
2894	264 
2895	269 
2896	63 
2897	221 
2898	272 
2899	281 
2900	182 
2901	174 
2902	15 139 147 175 264 
2903	149 
2904	100 
2905	66 
2906	227 
2907	216 
2908	89 
2909	271 
2910	267 
2911	203 
2912	102 
2913	159 
2914	89 
2915	56 
2916	271 
2917	49 
2918	261 
2919	72 
2920	83 
2921	279 
2922	21 156 174 187 258 
2923	15 34 67 239 246 
2924	259 
2925	234 
2926	276 
2927	229 
2928	123 185 191 239 263 
2929	137 
2930	46 
2931	103 
2932	33 
2933	75 91 167 201 265 
2934	138 
2935	36 82 199 249 283 
2936	136 
2937	8 25 113 166 258 
2938	15 
2939	139 
2940	197 
2941	271 
2942	181 
2943	69 
2944	9 64 269 281 282 
2945	84 
2946	69 92 235 243 281 
2947	133 
2948	21 
2949	166 
2950	189 
2951	126 
2952	269 
2953	30 
2954	11 15 55 92 235 
2955	88 
2956	30 115 156 201 226 
2957	154 
2958	270 
2959	68 
2960	225 
2961	242 
2962	279 
2963	132 
2964	245 
2965	162 
2966	256 
2967	75 
2968	246 
2969	172 
2970	202 
2971	263 
2972	177 
2973	202 
2974	166 
2975	253 
2976	50 
2977	274 
2978	84 
2979	146 
2980	252 
2981	6 80 131 219 251 
2982	80 
2983	220 
2984	129 
2985	106 
2986	205 
2987	43 
2988	17 55 76 105 196 
2989	76 78 224 258 269 
2990	175 
2991	155 
2992	167 
2993	278 
2994	97 
2995	47 
2996	9 
2997	200 
2998	161 
2999	201 
3000	193 
3001	201 
3002	238 
3003	41 
3004	168 
3005	180 
3006	125 
3007	106 
3008	230 
3009	218 
3010	45 47 182 241 274 
3011	23 
3012	231 
3013	72 
3014	259 
3015	190 
3016	61 
3017	242 
3018	185 
3019	35 
3020	137 
3021	270 
3022	145 
3023	278 
3024	174 
3025	237 
3026	266 
3027	22 
3028	88 
3029	22 
3030	165 
3031	116 
3032	264 
3033	115 
3034	133 
3035	51 
3036	2 
3037	192 
3038	129 
3039	259 
3040	7 
3041	217 
3042	257 
3043	18 
3044	276 
3045	234 
3046	82 
3047	269 
3048	82 
3049	13 
3050	40 
3051	14 
3052	269 
3053	279 
3054	4 61 76 139 211 
3055	127 
3056	273 
3057	243 
3058	205 
3059	136 
3060	207 
3061	41 71 155 214 241 
3062	270 
3063	190 
3064	158 
3065	229 
3066	120 
3067	18 63 124 231 279 
3068	159 185 211 232 278 
3069	138 
3070	18 
3071	193 
3072	256 
3073	8 
3074	3 48 184 269 281 
3075	26 
3076	75 
3077	5 
3078	177 
3079	54 116 137 168 194 
3080	35 
3081	276 
3082	214 
3083	81 
3084	151 
3085	45 
3086	89 
3087	274 
3088	126 
3089	201 
3090	115 121 188 246 279 
3091	99 
3092	189 
3093	259 
3094	259 
3095	30 
3096	194 
3097	175 
3098	31 
3099	167 
3100	46 
3101	17 25 190 217 240 
3102	19 
3103	60 62 69 222 273 
3104	180 
3105	110 
3106	97 
3107	6 
3108	88 
3109	28 
3110	221 
3111	19 32 85 88 90 
3112	21 
3113	224 
3114	175 
3115	129 
3116	164 
3117	214 
3118	59 125 198 243 251 
3119	79 
3120	60 
3121	202 
3122	234 
3123	278 
3124	71 
3125	72 
3126	161 
3127	129 
3128	105 
3129	226 
3130	226 
3131	175 
3132	195 
3133	21 38 93 190 238 
3134	192 
3135	212 
3136	264 
3137	207 
3138	226 
3139	38 71 112 123 169 
3140	46 
3141	281 
3142	2 
3143	188 
3144	209 
3145	42 
3146	123 
3147	186 
3148	283 
3149	42 
3150	269 
3151	57 
3152	229 
3153	38 70 85 107 182 
3154	236 
3155	259 
3156	274 
3157	167 
3158	66 
3159	102 
3160	114 130 142 186 225 
3161	262 
3162	153 
3163	206 
3164	158 198 214 257 282 
3165	244 
3166	28 
3167	159 
3168	26 
3169	262 
3170	46 
3171	16 30 50 85 196 
3172	259 
3173	269 
3174	164 
3175	45 71 127 132 225 
3176	122 
3177	57 66 172 212 242 
3178	156 
3179	214 
3180	70 121 146 191 261 
3181	98 
3182	269 
3183	195 
3184	108 
3185	240 
3186	21 
3187	148 
3188	243 
3189	180 
3190	199 
3191	207 
3192	58 
3193	217 
3194	49 
3195	198 
3196	274 
3197	231 
3198	69 
3199	127 
3200	50 
3201	34 
3202	38 
3203	122 
3204	158 
3205	85 
3206	245 
3207	275 
3208	207 
3209	161 
3210	217 
3211	280 
3212	8 24 84 118 223 
3213	223 
3214	283 
3215	221 
3216	45 
3217	241 
3218	64 
3219	273 
3220	31 
3221	15 
3222	170 
3223	185 
3224	279 
3225	115 
3226	137 
3227	35 
3228	201 
3229	81 
3230	121 
3231	64 
3232	52 
3233	232 
3234	147 
3235	55 
3236	236 
3237	187 
3238	84 
3239	183 
3240	6 
3241	11 
3242	55 
3243	9 
3244	41 
3245	240 
3246	172 
3247	46 49 101 152 228 
3248	168 
3249	30 
3250	232 
3251	183 
3252	90 
3253	60 74 127 141 196 
3254	277 
3255	84 
3256	41 
3257	123 
3258	14 
3259	254 
3260	221 
3261	123 
3262	59 
3263	15 38 44 91 151 
3264	79 
3265	126 
3266	216 
3267	248 
3268	55 
3269	178 
3270	28 
3271	53 
3272	218 
3273	165 
3274	59 223 237 242 244 
3275	209 
3276	226 
3277	54 
3278	90 108 138 184 231 
3279	106 
3280	15 
3281	271 
3282	72 
3283	112 
3284	2 
3285	170 
3286	158 
3287	32 
3288	265 
3289	89 
3290	259 
3291	108 
3292	226 
3293	84 
3294	22 
3295	110 136 138 221 261 
3296	158 
3297	13 44 55 60 205 
3298	91 
3299	208 
3300	13 39 83 111 224 
3301	81 141 229 256 281 
3302	18 
3303	96 
3304	229 
3305	33 
3306	38 
3307	24 80 115 149 239 
3308	103 
3309	52 107 161 189 279 
3310	88 
3311	85 
3312	128 
3313	80 
3314	53 
3315	60 
3316	190 
3317	198 
3318	54 
3319	44 82 162 185 237 
3320	76 
3321	121 
3322	13 18 23 182 227 
3323	216 
3324	269 
3325	239 
3326	114 
3327	66 
3328	139 
3329	97 
3330	24 
3331	84 113 123 126 279 
3332	233 
3333	60 
3334	64 
3335	249 
3336	45 
3337	246 
3338	145 
3339	207 
3340	247 
3341	58 
3342	47 
3343	28 
3344	53 
3345	190 
3346	110 
3347	38 98 109 195 248 
3348	158 
3349	190 
3350	166 
3351	2 
3352	91 
3353	208 
3354	84 
3355	53 
3356	36 84 118 166 228 
3357	113 
3358	94 
3359	191 
3360	108 
3361	229 
3362	186 
3363	25 43 51 102 182 
3364	235 
3365	217 
3366	205 
3367	131 
3368	110 
3369	35 
3370	20 
3371	138 
3372	221 
3373	10 
3374	149 
3375	157 
3376	52 
3377	141 
3378	227 
3379	15 28 181 182 186 
3380	166 
3381	34 
3382	221 
3383	61 
3384	279 
3385	73 
3386	45 85 129 184 274 
3387	72 
3388	198 
3389	225 
3390	89 
3391	137 
3392	281 
3393	67 134 171 207 267 
3394	268 
3395	146 
3396	183 
3397	262 
3398	219 
3399	184 
3400	278 
3401	239 
3402	170 
3403	112 
3404	282 
3405	187 
3406	282 
3407	56 
3408	132 
3409	224 
3410	275 
3411	193 
3412	188 
3413	72 
3414	248 
3415	258 
3416	240 
3417	83 
3418	125 
3419	77 
3420	252 
3421	232 
3422	213 
3423	201 
3424	171 
3425	133 
3426	107 
3427	62 146 164 186 239 
3428	171 
3429	158 
3430	10 
3431	239 
3432	245 
3433	46 
3434	122 
3435	147 
3436	223 
3437	172 
3438	150 
3439	98 
3440	61 
3441	253 
3442	12 80 84 136 261 
3443	56 
3444	4 138 151 221 271 
3445	46 
3446	16 
3447	271 
3448	63 
3449	11 
3450	44 
3451	60 
3452	33 
3453	241 
3454	14 
3455	181 
3456	106 
3457	130 
3458	132 
3459	142 
3460	48 
3461	103 
3462	167 
3463	85 
3464	160 
3465	185 
3466	34 
3467	76 
3468	68 
3469	152 
3470	195 
3471	89 
3472	44 87 238 259 265 
3473	138 
3474	138 
3475	202 
3476	204 
3477	146 
3478	171 
3479	34 78 124 165 274 
3480	64 
3481	26 
3482	170 
3483	207 
3484	181 
3485	177 
3486	160 
3487	117 
3488	160 
3489	181 
3490	126 
3491	255 
3492	281 
3493	25 
3494	56 
3495	177 
3496	31 
3497	38 82 190 241 284 
3498	45 
3499	169 
3500	42 
3501	58 
3502	19 32 46 62 180 
3503	178 
3504	77 
3505	207 
3506	88 
3507	69 
3508	61 
3509	71 
3510	31 115 149 250 275 
3511	257 
3512	83 
3513	269 
3514	69 
3515	50 
3516	272 
3517	98 
3518	84 
3519	189 
3520	104 
3521	102 118 142 196 241 
3522	178 
3523	10 
3524	126 
3525	205 
3526	225 
3527	61 190 211 221 269 
3528	284 
3529	190 
3530	1 
3531	129 
3532	103 
3533	72 
3534	44 
3535	155 
3536	181 
3537	278 
3538	237 
3539	4 
3540	79 
3541	248 
3542	284 
3543	139 
3544	46 
3545	43 
3546	11 71 142 171 221 
3547	167 
3548	105 
3549	229 
3550	50 
3551	171 
3552	33 
3553	129 
3554	155 
3555	16 67 129 133 252 
3556	43 
3557	57 
3558	131 
3559	159 
3560	187 
3561	140 
3562	2 
3563	21 41 101 140 228 
3564	160 
3565	101 
3566	220 
3567	200 
3568	167 
3569	107 
3570	55 
3571	251 
3572	217 
3573	40 163 165 229 277 
3574	30 51 182 248 250 
3575	171 
3576	218 
3577	116 
3578	146 
3579	157 
3580	51 
3581	139 
3582	82 
3583	142 
3584	103 
3585	81 
3586	274 
3587	61 
3588	139 
3589	45 
3590	221 
3591	197 
3592	45 
3593	175 
3594	50 
3595	171 
3596	81 
3597	85 
3598	135 
3599	38 
3600	9 21 200 250 269 
3601	26 246 248 263 269 
3602	190 
3603	3 
3604	62 216 221 238 267 
3605	186 
3606	201 
3607	12 
3608	66 
3609	17 34 167 201 281 
3610	224 
3611	162 
3612	206 
3613	70 
3614	261 
3615	44 
3616	153 
3617	59 
3618	52 
3619	62 
3620	217 
3621	210 
3622	131 
3623	106 
3624	249 
3625	107 
3626	88 
3627	248 
3628	80 150 157 164 284 
3629	189 
3630	159 
3631	117 
3632	227 
3633	180 
3634	277 
3635	135 
3636	139 
3637	62 
3638	11 33 82 90 146 
3639	207 
3640	55 
3641	281 
3642	34 89 97 198 257 
3643	239 
3644	89 
3645	254 
3646	93 
3647	84 
3648	47 
3649	240 
3650	136 
3651	160 
3652	28 
3653	86 
3654	201 
3655	240 
3656	198 
3657	228 
3658	167 
3659	243 
3660	45 46 159 264 284 
3661	240 
3662	259 
3663	273 
3664	74 
3665	203 
3666	259 
3667	53 
3668	113 
3669	118 
3670	53 
3671	53 
3672	136 
3673	2 
3674	142 
3675	245 
3676	143 
3677	3 
3678	172 
3679	62 
3680	177 
3681	193 
3682	104 
3683	236 
3684	115 
3685	267 
3686	73 
3687	53 
3688	115 
3689	56 
3690	117 
3691	102 
3692	80 
3693	31 60 181 200 235 
3694	125 
3695	143 
3696	205 
3697	229 
3698	131 
3699	150 
3700	187 
3701	71 
3702	45 
3703	277 
3704	122 
3705	255 
3706	107 
3707	65 
3708	197 
3709	65 
3710	48 
3711	226 
3712	5 
3713	103 
3714	166 
3715	53 
3716	1 
3717	27 
3718	221 
3719	85 
3720	168 
3721	239 
3722	189 
3723	282 
3724	177 
3725	283 
3726	93 
3727	257 
3728	201 
3729	153 
3730	213 
3731	266 
3732	192 
3733	80 105 124 125 279 
3734	160 
3735	189 
3736	187 
3737	126 
3738	224 
3739	59 
3740	123 
3741	223 
3742	261 
3743	140 
3744	138 
3745	151 
3746	93 
3747	105 
3748	47 
3749	110 
3750	201 
3751	184 
3752	263 
3753	21 
3754	147 
3755	128 
3756	59 
3757	254 
3758	11 158 182 239 258 
3759	50 
3760	162 
3761	251 
3762	71 
3763	5 
3764	194 
3765	60 
3766	34 
3767	171 
3768	58 
3769	254 
3770	150 
3771	166 
3772	38 159 175 217 271 
3773	91 
3774	103 121 136 239 241 
3775	191 
3776	31 
3777	25 
3778	282 
3779	225 
3780	66 
3781	149 
3782	97 
3783	19 
3784	56 
3785	45 142 154 164 191 
3786	51 
3787	69 
3788	16 
3789	39 67 198 274 278 
3790	156 
3791	251 
3792	166 
3793	41 
3794	92 
3795	153 
3796	3 5 83 251 270 
3797	38 
3798	159 
3799	41 
3800	232 
3801	245 
3802	25 
3803	210 
3804	129 
3805	226 
3806	56 
3807	60 85 111 125 126 
3808	90 
3809	5 
3810	79 
3811	243 
3812	84 
3813	275 
3814	101 
3815	115 
3816	180 
3817	176 
3818	184 
3819	55 
3820	69 
3821	206 
3822	212 
3823	30 59 110 201 207 
3824	241 
3825	3 
3826	21 
3827	171 
3828	94 
3829	38 
3830	167 
3831	66 
3832	194 
3833	177 
3834	213 
3835	270 
3836	85 114 172 180 221 
3837	281 
3838	79 
3839	46 
3840	272 
3841	5 
3842	202 
3843	47 
3844	261 
3845	88 
3846	279 
3847	231 
3848	259 
3849	55 
3850	275 
3851	26 83 89 118 211 
3852	253 
3853	7 
3854	255 
3855	185 
3856	235 
3857	1 
3858	170 
3859	98 
3860	119 
3861	151 
3862	27 
3863	21 64 99 186 278 
3864	147 
3865	115 
3866	15 102 118 269 278 
3867	141 
3868	182 
3869	274 
3870	71 
3871	16 
3872	140 
3873	258 
3874	195 
3875	166 
3876	245 
3877	277 
3878	126 
3879	81 115 121 131 226 
3880	110 
3881	28 
3882	73 
3883	261 
3884	123 
3885	16 
3886	72 
3887	213 
3888	14 103 167 210 274 
3889	80 
3890	240 
3891	228 
3892	202 
3893	212 
3894	137 
3895	13 33 136 173 209 
3896	43 
3897	80 
3898	98 
3899	197 
3900	35 
3901	107 
3902	1 
3903	185 
3904	115 
3905	120 
3906	57 
3907	234 
3908	182 
3909	252 
3910	231 
3911	183 
3912	270 
3913	278 
3914	70 134 172 227 260 
3915	178 
3916	226 
3917	155 
3918	87 121 186 248 276 
3919	281 
3920	19 123 155 189 223 
3921	21 
3922	102 
3923	244 
3924	78 
3925	1 
3926	3 
3927	136 
3928	116 
3929	271 
3930	55 76 90 206 217 
3931	13 81 126 186 249 
3932	117 
3933	269 
3934	112 
3935	183 
3936	173 
3937	175 
3938	70 232 251 259 281 
3939	9 
3940	36 
3941	259 
3942	2 
3943	168 
3944	193 
3945	280 
3946	205 
3947	83 
3948	124 
3949	251 
3950	32 38 131 232 267 
3951	167 
3952	115 
3953	239 
3954	158 
3955	242 
3956	106 
3957	141 
3958	229 
3959	178 
3960	7 57 105 239 261 
3961	30 
3962	280 
3963	226 
3964	5 
3965	174 
3966	141 
3967	246 
3968	232 
3969	231 
3970	22 
3971	103 
3972	175 
3973	104 
3974	4 
3975	160 
3976	180 
3977	129 
3978	252 
3979	15 
3980	263 
3981	8 104 127 176 208 
3982	11 
3983	84 
3984	4 
3985	6 
3986	30 
3987	20 
3988	207 
3989	28 
3990	32 
3991	21 
3992	216 
3993	274 
3994	241 
3995	243 
3996	110 
3997	208 
3998	117 
3999	135 
4000	112 
4001	85 
4002	201 
4003	254 
4004	198 
4005	60 
4006	279 
4007	45 138 175 179 256 
4008	235 
4009	55 
4010	15 
4011	146 
4012	50 72 185 191 228 
4013	8 28 43 80 158 
4014	5 
4015	18 
4016	31 41 57 220 271 
4017	151 
4018	53 
4019	139 
4020	272 
4021	134 
4022	221 
4023	146 
4024	102 
4025	110 
4026	177 
4027	187 
4028	68 
4029	138 
4030	51 
4031	186 
4032	161 
4033	110 
4034	130 
4035	49 
4036	6 201 221 235 261 
4037	15 96 115 129 219 
4038	51 
4039	142 
4040	235 
4041	281 
4042	276 
4043	103 
4044	64 
4045	38 
4046	164 
4047	143 
4048	201 
4049	166 
4050	61 84 119 141 142 
4051	234 
4052	271 
4053	124 
4054	201 
4055	183 
4056	37 
4057	181 
4058	53 66 67 198 219 
4059	121 
4060	35 
4061	186 
4062	64 
4063	126 
4064	8 
4065	154 
4066	218 
4067	107 
4068	57 
4069	232 
4070	233 
4071	68 
4072	76 100 158 180 268 
4073	104 
4074	15 
4075	181 
4076	166 
4077	253 
4078	48 
4079	121 
4080	106 
4081	115 
4082	281 
4083	43 56 111 199 257 
4084	190 
4085	135 
4086	228 
4087	7 
4088	79 
4089	131 
4090	251 
4091	138 
4092	183 
4093	226 
4094	120 
4095	282 
4096	140 
4097	261 
4098	121 200 235 259 283 
4099	247 
4100	241 
4101	137 
4102	240 
4103	82 
4104	10 
4105	248 
4106	208 
4107	192 
4108	228 
4109	169 
4110	269 
4111	163 
4112	79 
4113	23 
4114	261 
4115	1 
4116	41 
4117	148 
4118	203 
4119	243 
4120	140 
4121	50 
4122	5 83 122 125 131 
4123	14 
4124	60 
4125	199 
4126	56 
4127	175 
4128	258 
4129	190 
4130	43 
4131	92 
4132	206 
4133	211 
4134	92 
4135	49 63 114 198 221 
4136	49 
4137	236 
4138	205 
4139	276 
4140	233 
4141	154 
4142	172 
4143	264 
4144	45 
4145	230 
4146	166 
4147	49 102 206 223 259 
4148	49 
4149	150 
4150	271 
4151	49 162 270 278 281 
4152	98 
4153	148 
4154	45 
4155	117 
4156	8 
4157	277 
4158	15 20 139 247 260 
4159	169 
4160	271 
4161	50 
4162	132 
4163	185 
4164	60 167 171 181 271 
4165	46 
4166	259 
4167	80 
4168	21 
4169	142 
4170	28 
4171	46 
4172	73 
4173	57 164 219 240 258 
4174	133 
4175	1 
4176	137 
4177	49 
4178	56 
4179	158 
4180	228 
4181	58 
4182	195 
4183	5 45 57 103 206 
4184	16 
4185	143 197 228 261 267 
4186	18 
4187	204 
4188	69 
4189	34 
4190	78 
4191	50 
4192	211 
4193	118 184 186 212 271 
4194	112 
4195	203 
4196	264 
4197	88 
4198	274 
4199	175 
4200	31 
4201	277 
4202	43 
4203	30 
4204	19 24 59 83 250 
4205	131 
4206	241 
4207	204 
4208	77 103 139 211 217 
4209	85 
4210	33 
4211	69 
4212	190 
4213	107 
4214	31 67 118 166 227 
4215	260 
4216	271 
4217	48 
4218	118 
4219	66 
4220	39 
4221	164 
4222	35 
4223	33 97 137 143 160 
4224	13 
4225	84 
4226	147 
4227	214 
4228	241 
4229	34 
4230	71 
4231	227 
4232	14 82 85 120 237 
4233	52 
4234	137 
4235	31 
4236	6 
4237	253 
4238	272 
4239	239 
4240	21 
4241	88 
4242	199 
4243	271 
4244	64 
4245	176 
4246	221 
4247	122 
4248	110 
4249	227 
4250	158 
4251	87 172 200 201 245 
4252	59 
4253	270 
4254	18 
4255	112 
4256	112 
4257	140 
4258	137 
4259	240 
4260	21 
4261	157 
4262	21 34 121 123 237 
4263	51 
4264	55 
4265	56 
4266	164 
4267	2 38 131 147 208 
4268	124 
4269	255 
4270	161 
4271	253 
4272	171 
4273	28 
4274	190 
4275	163 
4276	136 
4277	41 
4278	277 
4279	185 
4280	93 
4281	90 
4282	13 
4283	106 
4284	123 
4285	149 
4286	13 
4287	19 100 109 177 281 
4288	144 
4289	122 
4290	192 
4291	155 158 212 225 275 
4292	83 
4293	229 
4294	58 
4295	267 
4296	212 
4297	3 140 171 180 259 
4298	79 
4299	277 
4300	40 56 99 204 270 
4301	131 
4302	90 
4303	14 
4304	5 
4305	105 
4306	154 258 277 278 284 
4307	250 
4308	15 
4309	277 
4310	283 
4311	139 
4312	6 
4313	11 117 201 220 232 
4314	239 
4315	251 
4316	68 166 203 243 279 
4317	112 
4318	64 142 146 175 255 
4319	282 
4320	80 
4321	31 
4322	129 
4323	118 
4324	79 
4325	160 
4326	197 
4327	34 65 66 91 116 
4328	199 
4329	45 
4330	208 
4331	183 227 236 254 270 
4332	275 
4333	197 206 212 236 248 
4334	66 
4335	139 
4336	104 
4337	186 
4338	17 
4339	101 
4340	95 
4341	131 
4342	174 
4343	258 
4344	46 
4345	79 
4346	4 
4347	183 
4348	102 
4349	129 
4350	115 
4351	154 
4352	122 
4353	258 
4354	118 
4355	267 
4356	13 
4357	34 57 107 131 278 
4358	269 
4359	75 
4360	229 
4361	130 
4362	116 
4363	110 
4364	189 
4365	149 
4366	19 
4367	55 86 122 134 135 
4368	93 
4369	202 
4370	76 
4371	52 
4372	132 
4373	150 
4374	213 
4375	131 
4376	187 
4377	164 
4378	45 
4379	269 
4380	150 
4381	259 
4382	60 76 147 276 280 
4383	50 
4384	171 
4385	121 
4386	82 
4387	125 
4388	95 141 201 231 259 
4389	101 
4390	69 
4391	261 
4392	157 
4393	19 
4394	146 
4395	223 
4396	155 
4397	56 
4398	154 
4399	263 
4400	239 
4401	16 
4402	267 
4403	207 
4404	117 
4405	80 
4406	198 
4407	169 
4408	221 
4409	190 
4410	227 
4411	221 
4412	149 
4413	31 117 194 201 223 
4414	167 
4415	177 
4416	225 
4417	80 
4418	118 
4419	235 
4420	249 
4421	245 
4422	58 107 148 214 282 
4423	198 
4424	45 
4425	189 
4426	93 
4427	139 
4428	114 
4429	211 
4430	71 
4431	227 
4432	208 
4433	214 
4434	15 35 129 180 206 
4435	175 
4436	87 163 164 166 226 
4437	90 
4438	61 
4439	239 
4440	160 
4441	224 
4442	16 
4443	187 
4444	157 
4445	116 
4446	219 
4447	253 
4448	137 
4449	53 
4450	146 
4451	137 
4452	162 
4453	49 
4454	172 
4455	180 
4456	175 
4457	242 
4458	84 
4459	162 
4460	78 
4461	238 
4462	19 
4463	3 
4464	176 
4465	253 
4466	204 
4467	142 160 166 243 270 
4468	41 
4469	149 
4470	21 
4471	237 
4472	14 
4473	33 
4474	107 
4475	82 
4476	272 
4477	64 
4478	66 
4479	207 
4480	32 
4481	101 105 136 258 261 
4482	101 
4483	138 
4484	270 
4485	11 
4486	171 
4487	117 179 183 193 239 
4488	138 
4489	190 
4490	19 
4491	122 
4492	72 
4493	106 
4494	12 18 89 138 264 
4495	103 
4496	185 
4497	137 
4498	21 74 93 125 152 
4499	139 
4500	231 
4501	249 
4502	105 
4503	61 
4504	123 
4505	43 
4506	55 
4507	117 
4508	186 
4509	201 
4510	195 
4511	156 
4512	4 38 52 83 269 
4513	158 
4514	163 
4515	32 
4516	270 
4517	2 
4518	213 
4519	224 
4520	189 
4521	267 
4522	279 
4523	18 
4524	80 
4525	133 152 158 198 243 
4526	30 118 238 273 279 
4527	121 
4528	82 
4529	15 
4530	253 
4531	115 
4532	234 
4533	162 
4534	89 
4535	271 
4536	235 
4537	44 
4538	78 
4539	248 
4540	5 97 135 201 283 
4541	189 209 258 283 284 
4542	5 
4543	118 
4544	279 
4545	225 
4546	102 
4547	41 
4548	53 
4549	235 
4550	201 
4551	38 
4552	38 56 65 83 221 
4553	85 
4554	137 
4555	199 
4556	57 
4557	150 
4558	46 
4559	57 
4560	64 164 221 253 284 
4561	177 
4562	154 
4563	21 
4564	106 
4565	85 
4566	38 
4567	112 
4568	7 
4569	53 
4570	282 
4571	146 
4572	253 
4573	202 
4574	212 
4575	248 
4576	15 
4577	50 214 231 243 270 
4578	19 
4579	46 
4580	136 
4581	122 
4582	53 136 206 227 231 
4583	206 
4584	190 
4585	169 
4586	56 
4587	31 
4588	281 
4589	193 
4590	213 
4591	270 
4592	279 
4593	209 
4594	33 
4595	240 
4596	123 
4597	55 
4598	56 
4599	22 79 90 146 212 
4600	242 
4601	199 
4602	31 
4603	53 
4604	39 102 110 200 219 
4605	69 
4606	149 
4607	183 
4608	201 
4609	283 
4610	167 
4611	42 56 204 217 282 
4612	139 
4613	117 
4614	183 
4615	31 110 125 175 277 
4616	137 214 225 235 254 
4617	8 43 167 229 251 
4618	139 
4619	21 
4620	277 
4621	38 
4622	113 142 217 271 279 
4623	261 
4624	5 
4625	261 
4626	74 
4627	283 
4628	279 
4629	171 
4630	217 
4631	241 
4632	136 
4633	46 
4634	277 
4635	136 
4636	122 
4637	1 13 23 114 157 
4638	147 
4639	261 
4640	205 
4641	115 
4642	17 
4643	237 
4644	80 
4645	90 
4646	118 
4647	85 
4648	193 
4649	44 
4650	74 
4651	171 
4652	136 
4653	235 
4654	214 
4655	217 
4656	270 
4657	270 
4658	51 
4659	253 
4660	160 
4661	190 
4662	82 
4663	90 
4664	212 
4665	269 
4666	172 
4667	189 
4668	126 
4669	246 
4670	234 
4671	164 
4672	241 
4673	141 
4674	131 
4675	149 
4676	104 
4677	226 
4678	80 
4679	164 
4680	140 
4681	139 
4682	139 
4683	71 125 171 183 215 
4684	118 
4685	141 
4686	186 
4687	108 136 190 213 227 
4688	75 
4689	125 
4690	116 
4691	147 
4692	126 
4693	15 
4694	31 
4695	271 
4696	231 
4697	206 
4698	235 
4699	248 
4700	270 
4701	183 
4702	223 
4703	30 
4704	234 
4705	123 
4706	71 226 261 268 277 
4707	221 
4708	69 
4709	17 
4710	155 
4711	254 
4712	34 137 234 248 260 
4713	34 
4714	63 
4715	166 
4716	158 
4717	116 
4718	44 
4719	154 
4720	166 
4721	142 
4722	76 
4723	68 118 159 179 202 
4724	13 
4725	180 204 229 274 281 
4726	80 
4727	180 
4728	69 74 85 208 226 
4729	221 
4730	59 65 129 142 172 
4731	261 
4732	263 
4733	43 80 84 223 250 
4734	6 
4735	142 
4736	90 
4737	50 
4738	46 188 239 258 283 
4739	207 
4740	205 
4741	44 
4742	282 
4743	282 
4744	139 
4745	248 
4746	14 31 193 208 260 
4747	37 64 90 121 181 
4748	38 158 217 226 284 
4749	110 
4750	185 
4751	240 
4752	190 
4753	129 
4754	175 
4755	13 
4756	155 
4757	136 
4758	122 
4759	129 
4760	126 
4761	269 
4762	232 
4763	30 
4764	28 190 201 217 269 
4765	281 
4766	237 
4767	229 
4768	41 61 149 166 225 
4769	150 
4770	55 
4771	2 175 253 271 272 
4772	177 
4773	283 
4774	19 
4775	185 
4776	181 
4777	45 
4778	50 
4779	66 
4780	139 
4781	85 
4782	234 
4783	160 
4784	251 
4785	271 
4786	123 
4787	141 
4788	270 
4789	17 
4790	248 
4791	45 
4792	48 141 153 178 221 
4793	282 
4794	281 
4795	282 
4796	69 
4797	158 
4798	155 
4799	98 134 159 269 278 
4800	56 
4801	61 121 142 190 225 
4802	207 
4803	38 115 122 163 186 
4804	141 
4805	283 
4806	112 
4807	221 
4808	166 
4809	34 156 190 235 282 
4810	185 
4811	226 
4812	240 
4813	166 
4814	55 
4815	239 
4816	205 
4817	46 
4818	30 
4819	271 
4820	43 200 227 261 278 
4821	274 
4822	21 
4823	129 
4824	278 
4825	136 
4826	126 
4827	116 
4828	122 
4829	82 
4830	211 
4831	84 
4832	171 
4833	136 
4834	56 
4835	172 
4836	137 
4837	271 
4838	139 
4839	45 
4840	271 
4841	221 
4842	253 
4843	64 
4844	56 
4845	13 
4846	146 
4847	34 
4848	139 
4849	34 
4850	38 
4851	5 
4852	71 
4853	35 37 75 169 186 
4854	37 80 223 275 281 
4855	162 
4856	15 
4857	123 
4858	185 
4859	71 
4860	139 
4861	277 
4862	17 19 28 158 181 
4863	69 
4864	125 
4865	138 
4866	205 
4867	137 
4868	115 
4869	45 
4870	38 146 167 210 271 
4871	88 
4872	15 
4873	207 
4874	112 
4875	150 
4876	58 
4877	281 
4878	4 84 100 137 279 
4879	50 97 219 254 282 
4880	3 182 232 238 261 
4881	82 
4882	115 
4883	269 
4884	10 26 84 85 214 
4885	4 35 155 186 278 
4886	279 
4887	180 
4888	277 
4889	25 172 190 204 231 
4890	169 175 187 194 282 
4891	214 
4892	271 
4893	38 45 58 180 257 
4894	258 
4895	186 
4896	60 
4897	71 
4898	180 
4899	58 66 86 216 276 
4900	159 
4901	221 
4902	217 
4903	258 
4904	31 45 108 268 277 
4905	53 103 105 145 172 
4906	30 
4907	234 
4908	53 159 219 251 259 
4909	122 
4910	166 
4911	281 
4912	31 159 176 202 281 
4913	13 78 129 154 196 
4914	172 
4915	84 
4916	171 
4917	61 
4918	259 
4919	15 
4920	226 
4921	206 
4922	259 
4923	66 
4924	15 
4925	235 
4926	142 
4927	239 
4928	32 39 130 137 271 
4929	14 
4930	49 
4931	207 
4932	211 
4933	279 
4934	55 
4935	5 
4936	221 
4937	58 120 137 239 248 
4938	166 
4939	207 
4940	214 
4941	126 
4942	172 
4943	166 
4944	281 
4945	263 
4946	185 
4947	30 
4948	166 
4949	139 
4950	61 
4951	137 
4952	110 
4953	90 
4954	89 169 170 204 283 
4955	137 
4956	24 36 37 164 279 
4957	261 
4958	165 199 236 253 277 
4959	217 
4960	13 
4961	17 177 194 203 237 
4962	185 
4963	253 
4964	281 
4965	69 
4966	129 
4967	56 126 153 184 226 
4968	13 64 107 178 203 
4969	101 112 190 246 258 
4970	80 
4971	6 179 190 225 232 
4972	186 
4973	102 159 191 207 269 
4974	131 
4975	6 21 43 115 262 
4976	212 
4977	69 
4978	180 
4979	235 
4980	164 
4981	56 
4982	175 
4983	271 
4984	19 
4985	31 
4986	85 
4987	129 
4988	34 
4989	270 
4990	13 69 86 144 167 
4991	271 
4992	6 60 120 151 216 
4993	129 
4994	19 
4995	186 
4996	136 
4997	141 162 189 234 260 
4998	75 92 131 136 270 
4999	142 
5000	34 
