1 4806
2 2678
3 1384
4 4955
5 4909
6 4691
7 4822
8 4999
9 4929
10 4589
11 1560
12 4846
13 4949
14 3402
15 4850
16 4071
17 4963
18 4675
19 4850
20 4812
21 4118
22 2678
23 4921
24 4876
25 4982
26 4217
27 4555
28 4871
29 4999
30 4293
31 4875
32 3962 4495 4864
33 3909
34 2629
35 4929
36 4827
37 4263
38 4745
39 4978
40 4894
41 4766
42 4741
43 4600
44 4442
45 4555
46 4340
47 4672
48 4927
49 4778
50 4980
51 4005
52 4900
53 2391
54 4827
55 4406 4546
56 2854
57 4273 4932
58 4942
59 4569
60 4263
61 4983
62 4112
63 4745
64 4986
65 4152
66 4946
67 4916
68 4979
69 3037
70 4839
71 4745
72 3448
73 3050
74 3230
75 4806
76 4957
77 4340
78 2858
79 4795
80 4950
81 4987
82 4839
83 4929
84 4005
85 4994
86 4716
87 4985
88 4989
89 4152
90 4518
91 4812
92 4996
93 4514
94 4974
95 4950
96 3230
97 4985
98 4233
99 4987
100 4233
101 4821
102 3621
103 2812
104 3707 4534 4610
105 2863
106 4442 4608
107 4864
108 4955
109 3679 4217 4944
110 3902 4468 4839
111 4231
112 4822
113 4153
114 4980
115 4907
116 4939
117 4852
118 1862 3607
119 4866
120 4963
121 4864
122 4495
123 4336
124 4231
125 2832
126 4426
127 4005
128 4238 4772
129 4980
130 4946
131 3008
132 2960
133 4761
134 4684
135 4534
136 4940
137 4894
138 4987
139 4947
140 4389
141 2709
142 4336
143 4521
144 4153
145 4865
146 4495
147 4406
148 2750
149 4822
150 4949
151 4359
152 4005 4672 4773
153 4981
154 3868
155 4231
156 4432
157 4359 4929
158 4942
159 3288
160 3745
161 4850
162 4882
163 3037
164 3448 4675 4900
165 4963
166 4315
167 4977
168 4495 4546
169 2323
170 4786 4855 4932
171 4340
172 4929
173 2772
174 4691
175 4778
176 4930
177 4293
178 4464
179 4492
180 4523
181 4406
182 4293
183 4608
184 4213
185 3294 4922
186 4441
187 3448
188 4850
189 4463
190 4273
191 4946 4970
192 4855
193 4944
194 4326
195 4977
196 4772
197 3026
198 4772
199 3219
200 3106
201 4270
202 4915
203 4789 4999
204 4789
205 4087
206 4442
207 4822
208 3491
209 4950
210 4610
211 4920
212 3277
213 2244
214 4776
215 2812
216 2772
217 4947
218 4963
219 1484
220 4876
221 3739
222 4762
223 4994
224 4021
225 4442
226 4480
227 3230
228 4336
229 3491
230 4909
231 4569 4952
232 2193 4113 4876
233 4817
234 3868
235 4231
236 4817
237 4994
238 4773
239 4104 4395 4798
240 2391 4270
241 4985
242 2893
243 1484 2193 2997
244 3277
245 4927
246 4932
247 4761
248 4021
249 3876
250 4946
251 4922
252 4787
253 4985
254 4924
255 4947
256 3022
257 1384
258 4556
259 4389
260 4995
261 4923
262 3425
263 4745
264 4217
265 4976
266 3288
267 4921
268 3923
269 4340
270 4119
271 4864
272 4812
273 874
274 3491
275 4734 4789 4839 4941
276 3828
277 4945
278 2808
279 4909
280 4979
281 4846
282 4981
283 4684 4855 4946
284 4812
285 4626
286 4273
287 3745
288 1484
289 4940
290 3230
291 4315
292 4420
293 4546
294 4346
295 4466
296 4569
297 4929
298 3876
299 4979
300 4864 4876
301 4949
302 4976
303 3419
304 2244 4420 4881
305 1258
306 4094 4233
307 4941
308 4922
309 4113
310 4986
311 4995
312 4464
313 4505 4789
314 4468
315 4980
316 2772
317 4976
318 4945
319 3923
320 3230 4217
321 4505
322 322
323 4152
324 2213 4564
325 3947
326 4987
327 4139
328 2832 4152 4220
329 2261
330 4955
331 4983
332 4989
333 4876
334 4952
335 3360 4939
336 3275
337 4875
338 4716
339 4270
340 4817
341 4915
342 4978
343 4495
344 4112
345 3813 4094 4569
346 4070 4460
347 4762
348 4492
349 4680
350 4947
351 3326
352 4994
353 4432
354 4569
355 3360
356 3169
357 3402
358 2960
359 3909
360 4922
361 3748
362 4359
363 3915 4761
364 4480
365 4787
366 4876
367 4953
368 4821
369 3091
370 4766
371 3923
372 4798
373 3576
374 4094
375 4959
376 4939
377 4916
378 4752
379 3106 3782
380 4974
381 4442
382 4955
383 4608
384 4326
385 4772
386 4761
387 4957
388 4957
389 3458 3764 4392 4822
390 4950
391 4916
392 4776
393 4196
394 4817
395 4293
396 4936
397 4608
398 4564
399 4564
400 3813 4273 4932
401 4945
402 4776
403 4996
404 3219
405 4441
406 4979
407 4876
408 4778
409 3915
410 4546
411 4989
412 4153 4213 4942 4994
413 3717
414 4716
415 4518
416 4071
417 4569
418 4983
419 4442
420 4071 4336 4722
421 4789 4982
422 4787
423 3026
424 4608
425 3947
426 4336
427 4846
428 4087 4326
429 4952
430 4982
431 4936
432 4523
433 4959
434 4340
435 4851
436 4441
437 4855
438 3448
439 4060
440 4762
441 4942
442 4850
443 4983
444 4952
445 3621
446 4555 4795 4817
447 4888
448 4789
449 4994
450 4369
451 3219
452 4946
453 2709
454 4392
455 4843
456 4940
457 4518
458 1258 3621
459 4233
460 4220
461 4761
462 4909
463 4812
464 4741
465 4994
466 4231
467 4982
468 4875
469 4610
470 4468
471 4927
472 4441
473 4852
474 4851
475 2860
476 4812
477 3621
478 4888
479 4855
480 874
481 4866
482 4817
483 4701
484 4963
485 3782
486 4680
487 3668
488 4610
489 4851
490 3739 3813 4342
491 4626
492 3277
493 3751
494 3607
495 4432
496 4669
497 4976
498 4915
499 4667 4996
500 3676
501 4851
502 4827
503 4594
504 4442
505 4139
506 4773
507 4894
508 4888
509 3340
510 4981
511 4719
512 4996
513 4974
514 4927
515 3008
516 4610
517 4960
518 4153 4930 4985
519 1862
520 4851
521 4824
522 3679
523 3739 4293 4945
524 4288
525 4822
526 4851
527 3340
528 4824
529 3022
530 4839
531 4213
532 4288
533 4852
534 4610
535 4798
536 3008
537 4986
538 3037 4907
539 4927
540 3868
541 3030
542 4843
543 4936
544 3230
545 4981
546 4989
547 4684
548 3326
549 4766
550 3962
551 4112
552 4894
553 4876
554 4894
555 4060
556 4974
557 4915
558 4920
559 4882
560 3727
561 4340
562 4719
563 4907
564 4940
565 4392 4876
566 4463
567 4326
568 3230 4719
569 3566
570 4773
571 3739 4213
572 4952
573 4060 4213
574 4986
575 1864 2244
576 4798
577 2812
578 4112
579 4270
580 3230
581 3326
582 4921
583 4949
584 3566
585 4546 4846 4875
586 4943
587 4608
588 4626
589 4996
590 4346
591 3923
592 3720
593 3739
594 4589
595 4231
596 4851
597 2858
598 4929
599 4934
600 4569
601 4626
602 4983
603 4213
604 4988
605 1456 3939
606 4772
607 4112
608 4945
609 4941
610 2812
611 4933
612 2213 3030
613 4850
614 3739
615 3008
616 4406
617 3621 4231 4495 4824
618 3275
619 4270
620 3448
621 3782
622 4947
623 4696
624 4987
625 2629
626 3764
627 4696
628 4719
629 4789
630 4900
631 3717
632 4930
633 4989
634 4789
635 4752
636 3169
637 4564
638 4716
639 4994
640 2552
641 4999
642 4675
643 4981
644 2893
645 4806
646 322 3790
647 4960
648 3294
649 4882
650 4953
651 4722
652 3707
653 4152
654 4916
655 4521
656 4716
657 4238
658 744
659 2812 4821
660 3607
661 4995
662 4233 4789
663 2772
664 3026
665 4827
666 4521
667 4716
668 4719
669 4213
670 4974
671 4789
672 2893
673 4843
674 4949
675 4555
676 4505
677 4118
678 4761
679 2795
680 4983
681 3340
682 4824
683 3008
684 4979
685 4876
686 4407 4875 4934
687 4795
688 4443
689 2960
690 4852
691 3607
692 3425
693 4909
694 2863 3050
695 4881
696 4359
697 4070
698 4156 4761
699 2860
700 4113 4213
701 4137
702 4336
703 4600
704 4846
705 3491
706 4213
707 3288
708 4156
709 4940
710 4866
711 2193
712 4976
713 4995
714 3802 4999
715 4986
716 4915
717 4406 4546
718 4970
719 3370
720 4936
721 4420
722 3707
723 4843
724 2261
725 4946
726 4996
727 3370
728 3813
729 4947
730 4610
731 4947
732 4855
733 4716
734 4220
735 3876
736 4053
737 4921
738 4719
739 4944
740 4094 4196
741 4521
742 4936
743 4907
744 744
745 3676
746 3091
747 4137
748 4523
749 4270
750 4220
751 4852
752 4119
753 4875
754 3219
755 4921
756 4983
757 3915
758 4263
759 3491
760 2552
761 4555
762 3266
763 4087 4915
764 4915
765 4989
766 4922
767 4806
768 4852
769 4894
770 3868
771 1864
772 4987
773 4855
774 4978
775 4978
776 4752
777 4773
778 2772
779 3266
780 4719
781 4839
782 3923
783 4534
784 3947
785 3947
786 4851
787 3748
788 4716
789 2750
790 3340 3359 3790
791 3169
792 3962
793 4930 4976
794 4555
795 1560
796 3481
797 4492 4610
798 4989
799 4795
800 4980
801 4923
802 2323 3448
803 4608
804 4263
805 4711
806 4927
807 4945
808 4981
809 4752
810 2832
811 4270
812 4716
813 4960
814 3999
815 4999
816 4974
817 4569
818 4932
819 3813 4987
820 4960
821 4989
822 4974
823 4772
824 3419
825 3751
826 4288
827 4963
828 2966
829 4480
830 3230 4156 4468
831 3425 4921
832 4139
833 4231
834 4843
835 2552
836 3340
837 4944
838 4876 4922
839 3458
840 2709
841 4980
842 3419
843 3275
844 4672
845 4745
846 4786
847 4996
848 2323 4502
849 3481 4442
850 4426
851 3143 4213
852 4988
853 4594
854 2893
855 4293
856 4238 4517
857 3169
858 4589
859 4556
860 4994
861 3091
862 4974
863 4787
864 4982
865 4923
866 4626
867 4786
868 1864
869 3585
870 4952
871 3294
872 4340
873 3679 4534
874 874
875 4610
876 3389
877 3947
878 3607
879 4787
880 4946
881 4070 4231
882 4104
883 3275 4932
884 4932
885 4741
886 4970
887 4112
888 2020
889 1384 3813 4053
890 4941
891 2966
892 4985
893 4957
894 4104
895 4945
896 4933 4941
897 4273
898 4610
899 4669
900 4523
901 4981
902 4822
903 4822
904 4060
905 3230
906 4817
907 4007
908 4939
909 4182
910 4569
911 4369
912 4270
913 4982
914 4569
915 4053
916 3782 4340 4839 4945 4978
917 3277
918 4007
919 4871
920 4420 4460 4916
921 4626
922 4745
923 4741
924 4987
925 4152
926 4766
927 4960
928 4556
929 4613
930 4464
931 4947
932 4589
933 3915
934 4852
935 2772
936 3050
937 4980
938 4921
939 3751 4231
940 4466
941 4564
942 4916
943 4070
944 4406
945 1864 4789
946 4806
947 4502 4722
948 4518 4871 4953
949 4876
950 4669
951 4934
952 4406
953 4921
954 1258
955 2832 4468
956 3458 3999 4442 4866
957 4407
958 4772
959 3790 4850
960 3882
961 4824
962 4988
963 4976
964 4442
965 3923
966 4389
967 4921
968 4987
969 1456
970 4523
971 4711
972 4468 4812
973 4929
974 3947
975 3402
976 3266
977 4060
978 4983
979 4963
980 4955
981 4152
982 4940
983 4900
984 4957
985 4555
986 4843
987 4930
988 3143
989 4947
990 4119
991 3876 4894
992 4939
993 4231
994 4974
995 3037
996 4864
997 4070
998 4152
999 2457
1000 2812 4556
1001 4569
1002 4610
1003 4060
1004 4909
1005 4389
1006 4466
1007 4983
1008 4787
1009 4315
1010 4924
1011 4979
1012 4442
1013 4960
1014 4626
1015 4787
1016 3909
1017 4789
1018 3326 4514
1019 4942
1020 4021
1021 4182
1022 3022 3338
1023 1384
1024 4866
1025 4442
1026 4875
1027 4442
1028 4941
1029 4976
1030 4976
1031 4921
1032 4505
1033 4556
1034 4852
1035 4817
1036 2391
1037 1484 3230
1038 4943
1039 4934
1040 4924
1041 4684
1042 4850
1043 4927
1044 2832
1045 4946
1046 4395
1047 4949
1048 3050
1049 4843
1050 3939
1051 4851
1052 4988
1053 4812
1054 2795 4534
1055 4920
1056 3745
1057 3876
1058 4929
1059 3790
1060 1258 4923
1061 4589
1062 4851
1063 4460
1064 3275
1065 3668 3939
1066 4986
1067 4053
1068 4293
1069 4213
1070 4711
1071 4795
1072 2709
1073 4094 4137
1074 4153 4929 4988
1075 4213
1076 4930
1077 4610
1078 4979
1079 3266
1080 4778
1081 4950
1082 4745
1083 3653 4594
1084 4949
1085 4922
1086 4787
1087 4182
1088 4517
1089 4556
1090 3030
1091 2020
1092 4722
1093 4053 4071
1094 3491
1095 4766
1096 4778
1097 4976
1098 3962
1099 3576
1100 4915
1101 4420
1102 3008 4855
1103 4273 4389 4822
1104 4827
1105 4546
1106 4909
1107 4959
1108 4812
1109 4741
1110 4930
1111 3720
1112 4113
1113 3668 3947
1114 4432
1115 4594
1116 4947
1117 4989
1118 4789
1119 2552
1120 2772
1121 4569
1122 4846
1123 4464
1124 4871
1125 4263
1126 4293
1127 4979
1128 4996
1129 4909
1130 4426
1131 4789
1132 4882
1133 4395
1134 4855
1135 4882 4986
1136 4407
1137 3277
1138 4534
1139 3923 4610 4871
1140 3037
1141 3621 4556
1142 2323
1143 4517
1144 3277 4594 4934
1145 4766
1146 4233 4786 4839
1147 2425 4569
1148 4523
1149 4608
1150 4864
1151 4521
1152 4752
1153 4466
1154 4505
1155 3338
1156 4994
1157 4137
1158 2457
1159 4930
1160 4610 4907
1161 3739 3813
1162 3338
1163 4600
1164 4569
1165 3676
1166 4719
1167 3448
1168 4005
1169 4986
1170 3230 4930
1171 4696
1172 4995
1173 3143
1174 2832
1175 3748
1176 4589 4716
1177 4850
1178 4672
1179 4463
1180 4855
1181 4514
1182 4806
1183 4346
1184 4293
1185 4407
1186 4852
1187 2893
1188 4981
1189 4976
1190 4852
1191 4983
1192 2795
1193 3876
1194 4936
1195 2244
1196 4263
1197 4546
1198 2893
1199 4977
1200 4939
1201 4974
1202 4806
1203 4613
1204 3230 4608
1205 4137
1206 4941
1207 4994
1208 4995
1209 4963
1210 3653
1211 4988 4994 4996
1212 4977
1213 4933
1214 4468
1215 4907
1216 2020
1217 4752
1218 4293
1219 2624 4005
1220 4945
1221 4667
1222 4613
1223 4783
1224 4534
1225 4978
1226 4521
1227 1258
1228 3091
1229 4070
1230 4556
1231 4034 4220
1232 3717 3802 3909
1233 4468
1234 4875
1235 4034
1236 4502 4817 4953
1237 4806
1238 4600
1239 4976
1240 2244
1241 4441
1242 4443
1243 4988
1244 4943
1245 4053
1246 4921
1247 3745
1248 4342
1249 4569
1250 2832
1251 4798
1252 3500
1253 4546
1254 4514
1255 4947
1256 3370
1257 4996
1258 1258
1259 2750
1260 4071
1261 3360
1262 4946
1263 4970
1264 4406
1265 3008
1266 4789 4827 4994
1267 4943
1268 3425
1269 4783
1270 3389 4980
1271 4945
1272 3876
1273 4608
1274 4852
1275 4288
1276 4851
1277 4502
1278 4864
1279 4722
1280 4716
1281 4924
1282 4182
1283 4113
1284 3739 4812 4945
1285 4916
1286 4426
1287 4988
1288 4944
1289 4087
1290 4894
1291 4952
1292 4934
1293 3668
1294 4395 4798
1295 4942
1296 4460
1297 4667
1298 4395
1299 4752
1300 4034
1301 4982
1302 4182
1303 4949
1304 4468
1305 4923
1306 4505
1307 4761
1308 3828
1309 4315
1310 4716
1311 4987
1312 3748
1313 4817
1314 3481
1315 4492
1316 4955
1317 4930
1318 4783
1319 4392
1320 4680
1321 3481
1322 4846
1323 4953
1324 4087
1325 4701
1326 4871
1327 4761
1328 3448
1329 4882 4977
1330 3500
1331 1456 3389 4213
1332 4517
1333 3275
1334 4976
1335 2213
1336 3802
1337 4119
1338 3230
1339 4741
1340 4855
1341 4594
1342 4850
1343 4701
1344 2678
1345 4978
1346 4974
1347 3717
1348 4392
1349 4231
1350 4921
1351 4680
1352 4288
1353 2893 3813
1354 4464 4610 4985
1355 4915
1356 4996
1357 1484
1358 4719
1359 4960
1360 4944
1361 4608
1362 4963
1363 4441
1364 4359
1365 4981
1366 4939
1367 4087
1368 4978
1369 4947 4976
1370 2629
1371 4443
1372 3008
1373 4940
1374 4778
1375 4850
1376 4113
1377 4087
1378 4989
1379 4564
1380 4288
1381 3720
1382 4119
1383 4922
1384 1384
1385 4787
1386 3359
1387 4608
1388 4923
1389 2772
1390 4994
1391 4745
1392 3739
1393 4315
1394 4876
1395 4976
1396 1258
1397 4480
1398 4944
1399 4942
1400 4875
1401 4787
1402 4495
1403 4441
1404 4839
1405 4900
1406 4789
1407 4787
1408 4947
1409 2678
1410 3294
1411 4875
1412 3458
1413 3359
1414 4231
1415 4944
1416 4996
1417 2772
1418 4672
1419 4950
1420 4701
1421 4888
1422 4752
1423 3230
1424 4153
1425 4979
1426 4468
1427 4945
1428 4981
1429 2832
1430 3707
1431 4955
1432 4957
1433 4104 4680
1434 4907
1435 4610
1436 4492
1437 4182
1438 4719
1439 4933
1440 4846
1441 4839
1442 4953
1443 4766
1444 3999
1445 4468
1446 2213
1447 4970
1448 4986
1449 4464
1450 4999
1451 2323 4569
1452 3458
1453 4939
1454 3939
1455 3294
1456 1456 3389 4521
1457 4608
1458 4502
1459 4342
1460 2863 3050
1461 4518
1462 4564
1463 4711
1464 4933
1465 2425
1466 4213
1467 4182
1468 1384
1469 4392
1470 3915
1471 4556
1472 4407
1473 4982
1474 4999
1475 4989
1476 4468
1477 3939
1478 4978
1479 4855
1480 4866
1481 4865
1482 4152
1483 4213
1484 1484
1485 4900
1486 4888
1487 3607 4460 4502
1488 2261
1489 2020
1490 4881
1491 4851
1492 4610
1493 4734
1494 4220
1495 3294
1496 4960
1497 4817
1498 4745
1499 4514
1500 4680 4684 4850 4989
1501 4608
1502 3909
1503 2552 3962
1504 3037
1505 4761
1506 4976
1507 3448
1508 4983
1509 4772
1510 4761
1511 3576
1512 4947
1513 4812
1514 3169
1515 4982
1516 4934
1517 3326
1518 3717
1519 4888
1520 4932
1521 4988
1522 2552 3419
1523 3037 4569
1524 2678 4772
1525 3360 4589
1526 3790
1527 4546
1528 1258
1529 4773
1530 4359
1531 3962
1532 4970
1533 3739
1534 4941
1535 4959
1536 4933
1537 4468
1538 4468
1539 4999
1540 4233
1541 3288
1542 3668
1543 4974
1544 4866
1545 4939
1546 2624 4569 4927
1547 4502
1548 4600
1549 2552
1550 4850
1551 3419
1552 4959
1553 4850
1554 2629
1555 2678
1556 4940
1557 4021 4608
1558 744 3389
1559 4824
1560 1560
1561 4752
1562 4855
1563 3751
1564 3230
1565 4959
1566 4932
1567 4420
1568 4988
1569 4980
1570 3022 3338
1571 3037
1572 4981
1573 4564
1574 4981
1575 2858 2997 4981
1576 4569
1577 4534
1578 3607 4492
1579 4787
1580 4871
1581 4957
1582 4060
1583 4468
1584 4395 4716 4985
1585 4406
1586 4946
1587 4894
1588 4569
1589 3576 4152 4762 4839
1590 2854
1591 4839
1592 2457
1593 4555
1594 4976
1595 4996
1596 4924
1597 4924
1598 4843
1599 4087
1600 4156
1601 4875
1602 4959
1603 1258 3448 3676
1604 4882
1605 4942
1606 4087 4761 4850 4923
1607 4812
1608 4086
1609 4468
1610 4610
1611 4959
1612 4798
1613 4789
1614 4864
1615 3230 4876
1616 4955
1617 4939
1618 4947
1619 4817
1620 3030 3491 3962
1621 3868
1622 4761
1623 4231
1624 4851
1625 4986
1626 4987
1627 4921
1628 3275
1629 4959
1630 4669
1631 4514
1632 3621
1633 4672
1634 4812
1635 4943
1636 4152
1637 4988
1638 3491
1639 4846
1640 4822
1641 4977
1642 744 2960
1643 3169
1644 4060 4569 4675
1645 3720
1646 4610 4995
1647 4946
1648 4927
1649 2261
1650 4927
1651 4949
1652 4772
1653 4231
1654 4978
1655 3491
1656 3947
1657 4933
1658 4675
1659 4217
1660 3277
1661 4761
1662 3448
1663 3790
1664 4851
1665 4734
1666 4466
1667 4943
1668 4119
1669 4359
1670 4822 4986
1671 3230
1672 4556
1673 4855
1674 4934
1675 4669
1676 4196
1677 4846
1678 3230
1679 3481
1680 4492
1681 2261
1682 4940
1683 2678
1684 3340
1685 4933
1686 4921
1687 3676 4463
1688 4921
1689 3143
1690 4824
1691 4722
1692 4406
1693 4480
1694 2624
1695 2457 4556 4589 4778
1696 4843
1697 3143 4851
1698 4987
1699 3707
1700 3294 4392 4776
1701 4851
1702 4569
1703 4719 4817 4988
1704 4988
1705 3939
1706 4778
1707 4982
1708 4395
1709 4442
1710 4795
1711 4888
1712 4359
1713 2795
1714 4946
1715 4949
1716 4464
1717 3576 4270 4806
1718 4293
1719 4900
1720 4941
1721 4005
1722 4945
1723 4359
1724 2391
1725 3037
1726 4293
1727 4955
1728 4517
1729 2960
1730 4340
1731 4812
1732 4946
1733 4315
1734 3576
1735 4734
1736 4866
1737 3679
1738 3037
1739 4978
1740 4978
1741 3491
1742 4464
1743 4986
1744 4985
1745 3764
1746 4941
1747 3230
1748 3491
1749 3679
1750 1560 4094 4460
1751 2261
1752 3707 4812
1753 4113
1754 4392
1755 4238
1756 4087
1757 4060 4340
1758 4866
1759 4113
1760 4406 4806 4851
1761 4534
1762 4007 4213
1763 4701
1764 3745
1765 4945
1766 4871
1767 4336
1768 4263
1769 4569
1770 4936
1771 3868
1772 4594
1773 3481
1774 4882
1775 3169
1776 4995
1777 4959
1778 4982
1779 4053 4608
1780 3491
1781 4752
1782 3360
1783 3653 4876
1784 4392
1785 3653
1786 4932
1787 4342
1788 4894
1789 4518
1790 4432
1791 2960 4534
1792 4761
1793 4866
1794 4442
1795 4939
1796 4752
1797 4556
1798 4119
1799 3037 4326
1800 4821
1801 4881
1802 3402 3813
1803 3947
1804 4947
1805 4812
1806 3668
1807 4843
1808 4822
1809 4053
1810 4974
1811 3277
1812 3370 4053 4517
1813 4217
1814 4716
1815 4817
1816 4492
1817 1560 3458
1818 4821
1819 4974
1820 3882
1821 4882
1822 4851
1823 4934
1824 2213
1825 4610
1826 4523
1827 4989
1828 3326
1829 4722
1830 4950
1831 4941
1832 4761
1833 4463
1834 4719
1835 4806
1836 4995
1837 4795
1838 4932
1839 4139
1840 4888
1841 3338
1842 4468
1843 4945
1844 4946
1845 2750
1846 4156 4359
1847 3727
1848 4426
1849 4745
1850 4719
1851 4922
1852 4719
1853 4974
1854 2193
1855 2808
1856 3169
1857 4684
1858 4492
1859 4924
1860 4953
1861 4941
1862 1862
1863 3458
1864 1864
1865 4505
1866 4336
1867 4942
1868 4722
1869 4104
1870 4850
1871 4789
1872 4999
1873 4943
1874 4875
1875 4270
1876 3717
1877 2772
1878 4787
1879 4981
1880 4963
1881 4005
1882 4420
1883 4970
1884 4564
1885 4865
1886 4988
1887 2425 3448 4555
1888 4851
1889 4787
1890 4939
1891 4963
1892 4463
1893 4821
1894 3748 4340
1895 4711
1896 4852
1897 4987
1898 4981
1899 4876
1900 4978
1901 4932
1902 4761
1903 4315
1904 4071
1905 4934
1906 4369
1907 4182
1908 4153
1909 4669
1910 4783
1911 3008
1912 4005
1913 4546
1914 2323 4007
1915 3230 4882
1916 4722
1917 4480
1918 4359
1919 4923
1920 4734
1921 4153
1922 4523
1923 4960
1924 3882
1925 1864
1926 4945
1927 4594
1928 3828
1929 4569 4982
1930 4608
1931 4963
1932 4900
1933 4787
1934 4875
1935 4608
1936 4989
1937 4955
1938 4866
1939 4900
1940 4776
1941 4442
1942 2960
1943 4944
1944 4851
1945 4871
1946 4517
1947 3230 4776
1948 4460
1949 4955
1950 4795
1951 3621
1952 3491
1953 1484 3448
1954 4994
1955 4273
1956 3882
1957 2709
1958 4053 4293
1959 4921
1960 4941
1961 2795
1962 4989
1963 4944
1964 4546
1965 4034
1966 4843
1967 4923
1968 4871
1969 2858
1970 4514
1971 4982
1972 4667
1973 4817
1974 4988
1975 4942
1976 4556
1977 4773
1978 2213 4021 4716
1979 4005
1980 4480 4675 4789
1981 4741
1982 4340
1983 4855
1984 3751
1985 4852
1986 2678
1987 3360
1988 1560
1989 4213
1990 4196
1991 3370
1992 3902
1993 4985
1994 4684
1995 4900
1996 4970
1997 3275
1998 4923
1999 4288
2000 322 4118 4182
2001 4315
2002 4939
2003 3876
2004 4137
2005 4921
2006 3360
2007 4927
2008 4722
2009 4827
2010 4238
2011 4569
2012 4916
2013 4231
2014 4846
2015 4778
2016 4691
2017 3277
2018 4359
2019 4822
2020 2020
2021 3389 4213
2022 4946
2023 3939
2024 3230
2025 3230
2026 4569
2027 2391 4517 4871 4942
2028 2960
2029 4950
2030 4916
2031 4610
2032 4976
2033 4855
2034 2772 3402 3585 4113 4233
2035 4932
2036 4988
2037 4952
2038 4432
2039 4716
2040 4745
2041 4766
2042 3739
2043 4929
2044 4701
2045 3727
2046 4894
2047 4118
2048 4983
2049 4933
2050 4986
2051 4213
2052 4979
2053 3720 3923 4112
2054 2425
2055 4933
2056 4821
2057 4970
2058 4789
2059 4930
2060 2629
2061 2772
2062 4843
2063 4852
2064 4999
2065 3607
2066 4957
2067 4569
2068 2795
2069 4929
2070 4773
2071 3219
2072 3230 4741
2073 4933
2074 4944
2075 4761
2076 4812
2077 4915
2078 3782
2079 3091
2080 4406
2081 4392
2082 4982
2083 4986
2084 4932
2085 4426
2086 4927
2087 4980
2088 4924
2089 3448
2090 4569
2091 4855
2092 4936
2093 4944
2094 4502
2095 3359 4460 4852
2096 3419
2097 4104
2098 4933
2099 4855
2100 1864
2101 2213
2102 4982
2103 4812
2104 4927
2105 3745
2106 3448
2107 4326
2108 4021 4719
2109 4293
2110 3008
2111 4934
2112 4669
2113 2020
2114 3326
2115 3939
2116 4930
2117 2425 2858 4156
2118 2457 4667 4907
2119 3751
2120 4034
2121 4812 4855
2122 4963
2123 4564
2124 4959
2125 4952
2126 3790
2127 4087
2128 4555
2129 4546
2130 4940
2131 3370
2132 4684
2133 4933
2134 4909
2135 4916
2136 2858
2137 4979
2138 3359
2139 3720
2140 4021
2141 4722
2142 3230
2143 4996
2144 4963
2145 3947 4468 4546
2146 4701
2147 4684
2148 4432
2149 4495
2150 4882
2151 4762
2152 4156
2153 4060
2154 3748 4806 4882 4986
2155 1258
2156 4034
2157 2213
2158 4817
2159 4263
2160 4976
2161 2391
2162 4441
2163 4999
2164 2893
2165 4217
2166 4556 4589 4909
2167 4988
2168 1862 4999
2169 2858
2170 4711
2171 3748
2172 3294 4672 4970
2173 4996
2174 4220 4761
2175 4983
2176 4213
2177 3458 3668
2178 4995
2179 2966 3813 4921 4947
2180 4518
2181 2391
2182 4406
2183 3751
2184 4947
2185 4946
2186 4464
2187 4787
2188 4626
2189 4546
2190 4118
2191 3370
2192 3266
2193 2193
2194 4950
2195 4953
2196 4783
2197 1258
2198 4960
2199 2860
2200 4420
2201 4608
2202 4719
2203 4716
2204 4441
2205 4492
2206 4600
2207 4112
2208 3882
2209 4982
2210 4589
2211 2812
2212 4924
2213 2213
2214 4464
2215 4977
2216 4930
2217 4626
2218 4315
2219 4994
2220 1384
2221 3813
2222 4534 4600
2223 4999
2224 4231
2225 4153
2226 4981
2227 4667
2228 4087
2229 4220
2230 4950
2231 4021 4315 4505
2232 4855
2233 4495
2234 1258
2235 4722
2236 4680
2237 4921
2238 4005
2239 4934
2240 4546
2241 4960
2242 4492
2243 4995
2244 2244
2245 3790
2246 4982
2247 3030
2248 4822
2249 4776
2250 4326
2251 4939
2252 3389
2253 4927
2254 3947 4534 4929
2255 3882 4263 4711 4772 4979
2256 4613
2257 4480
2258 4060
2259 4976
2260 4963
2261 2261
2262 2960
2263 2261
2264 2772
2265 4752
2266 4231
2267 2893
2268 4930
2269 4389
2270 3275 4546 4772
2271 4005
2272 3782 4060 4523
2273 2709
2274 4921
2275 4505
2276 2391
2277 4934
2278 4943
2279 4569
2280 2193
2281 4955
2282 4988
2283 4947
2284 3607
2285 4976
2286 4852
2287 3607 3739
2288 4231
2289 4812
2290 4950
2291 4196
2292 4492 4546
2293 4888
2294 4989
2295 3500 4915 4986
2296 3882
2297 2960
2298 4680
2299 4719
2300 4995
2301 4947
2302 4976
2303 4464
2304 3745
2305 4523
2306 4480
2307 4776
2308 2193
2309 3790
2310 4523
2311 4839
2312 3999
2313 4999
2314 4406
2315 4936
2316 2960 3026
2317 4817
2318 4492
2319 4894
2320 4293
2321 4924
2322 2678
2323 2323
2324 3790
2325 3326
2326 4929
2327 4982
2328 4952
2329 4342
2330 4827
2331 4929
2332 4957
2333 4518
2334 4359
2335 4071
2336 4684
2337 4923
2338 4610
2339 4613
2340 4865
2341 3576 4346 4517 4719
2342 2552
2343 4795
2344 3030
2345 3022
2346 4787
2347 1864 4270 4534
2348 2832
2349 4876
2350 3828
2351 4369
2352 3868
2353 3720
2354 4812
2355 4442
2356 2997
2357 4955
2358 4999
2359 4766
2360 4979
2361 4564
2362 4336
2363 3585
2364 4929
2365 4005
2366 3751
2367 4941
2368 4766
2369 4070
2370 3448
2371 4865
2372 4342
2373 4113
2374 4850
2375 4839
2376 4983
2377 3717
2378 4970
2379 3370
2380 4346
2381 4963
2382 4957
2383 4989
2384 4843
2385 4943
2386 4087
2387 4213
2388 4888
2389 3566
2390 4523
2391 2391
2392 4955
2393 4963
2394 4395
2395 4846
2396 3668
2397 4406
2398 3679
2399 4071
2400 4745
2401 4986
2402 3727
2403 4864
2404 4976
2405 4464
2406 4336
2407 4231
2408 2860 3585
2409 4104
2410 4875
2411 4876
2412 4947
2413 4989
2414 3782
2415 4761
2416 4929
2417 4514
2418 4395
2419 4719
2420 4773
2421 4734
2422 4231 4766
2423 2457
2424 4776
2425 2425
2426 4915
2427 4778
2428 3764
2429 4762
2430 4941
2431 4927
2432 4359 4923 4985 4986
2433 4979
2434 4675
2435 4996
2436 3745
2437 4514
2438 4772
2439 4213
2440 4871
2441 4426
2442 4821
2443 1560 4463 4959
2444 3230
2445 4711
2446 3939
2447 2860
2448 4983
2449 4821
2450 4850
2451 3091
2452 2020 3748 4608 4719
2453 4034 4789 4900
2454 4960
2455 4939
2456 4871
2457 2457
2458 4812
2459 4406
2460 4518
2461 1560 4021 4983
2462 4546
2463 4684
2464 2193 4463 4850
2465 4916
2466 4855
2467 4957
2468 4943
2469 4468
2470 4492
2471 4946
2472 4626
2473 2812 4060
2474 4669
2475 2020
2476 4852
2477 2997
2478 4546
2479 2213
2480 4315 4696 4932
2481 2193 2213 3448
2482 4839
2483 4359
2484 4865
2485 4795
2486 4492
2487 3947
2488 4406
2489 4589
2490 4933
2491 2893 4745
2492 4839
2493 4950
2494 3939 4233 4594
2495 3143
2496 4941
2497 4608 4766 4950
2498 4407
2499 4817
2500 4953
2501 4855
2502 4492
2503 4741
2504 4946
2505 4947
2506 3828
2507 4864
2508 4963
2509 4850
2510 4920
2511 4989
2512 4933
2513 3419
2514 4231
2515 4600
2516 2858
2517 4701
2518 3939
2519 4087
2520 4233 4495 4514 4610
2521 4480
2522 4340
2523 322 4518
2524 4070
2525 4610
2526 4989
2527 4608
2528 4850
2529 4876
2530 4480
2531 4342
2532 4959
2533 4933
2534 4094
2535 4789
2536 4978
2537 4822
2538 4822
2539 3828
2540 4783
2541 4684
2542 2812 3607 4812
2543 2629
2544 3828
2545 4288
2546 3962 4626 4930 4986
2547 4945
2548 4104
2549 4684
2550 4680
2551 4795
2552 2552
2553 4293
2554 4882
2555 3360
2556 3275
2557 4613
2558 4996
2559 4855
2560 4213
2561 4460 4761 4915
2562 4924
2563 4772
2564 4684
2565 4982
2566 4406
2567 1258 4406 4776
2568 4936
2569 4950
2570 4907
2571 4827
2572 4005
2573 4947
2574 4213
2575 4875
2576 4752
2577 4943
2578 4766
2579 4864
2580 4238
2581 4822
2582 4986
2583 4930
2584 4932
2585 4923
2586 4701
2587 2812 3448 4034 4900 4944
2588 4850
2589 3037
2590 3277 3999 4182 4442
2591 4789
2592 4946
2593 4752
2594 4492
2595 2323
2596 4070
2597 2772
2598 4789
2599 4502
2600 4936
2601 3230
2602 4994
2603 4989
2604 4881
2605 4933
2606 3402 4480 4776 4952
2607 4960
2608 4920
2609 3962
2610 3566
2611 4970
2612 4983
2613 4976
2614 1484
2615 4944
2616 4005
2617 4940
2618 3947
2619 1258 3566 4761
2620 4888
2621 4995
2622 4827
2623 4534
2624 2624
2625 4986
2626 2624
2627 4608
2628 4217
2629 2629
2630 4821
2631 4927
2632 4719
2633 3607
2634 4866
2635 2261 4217
2636 4955
2637 4947
2638 4505
2639 4722
2640 4929
2641 4806
2642 4778
2643 3169
2644 4855
2645 4359
2646 4934
2647 4934
2648 4980
2649 4865
2650 3419 3717 4315
2651 3947
2652 4846
2653 4443
2654 4691
2655 4945
2656 4005
2657 3739 4112
2658 4795
2659 4855
2660 4875
2661 4741
2662 4979
2663 4949
2664 4915
2665 4994
2666 4981
2667 4342
2668 4927
2669 4871
2670 4273
2671 4939
2672 4822
2673 4778
2674 4466
2675 4795
2676 4152
2677 4949
2678 2678
2679 3727
2680 4894
2681 4955
2682 4959
2683 2960 3288 3621
2684 4112
2685 4947
2686 4955
2687 4220
2688 1862 2960 3389
2689 1456 2960 4395
2690 4882
2691 4104
2692 2425
2693 4978
2694 4871
2695 4442
2696 4943
2697 4213
2698 4985
2699 4752
2700 4950
2701 3915
2702 1258
2703 4930
2704 4231
2705 4534
2706 4762
2707 4514 4789 4976
2708 4977
2709 2709
2710 4865
2711 4684
2712 4974
2713 4920
2714 4778
2715 4963
2716 2966
2717 4752
2718 4118
2719 4995
2720 4989
2721 4441
2722 3882
2723 4888
2724 4979
2725 4087
2726 4761
2727 3491
2728 2020 3748 3876 4933
2729 4505 4855 4989
2730 2960
2731 4944
2732 3288
2733 4821
2734 3230
2735 3668
2736 4980
2737 4915
2738 3026
2739 4943
2740 4196
2741 4594
2742 4441
2743 3340 3745 4812
2744 4852
2745 3448
2746 4600
2747 4786
2748 4900
2749 4923
2750 2750
2751 4594
2752 4979
2753 3448
2754 3745
2755 4989
2756 4946
2757 4988
2758 4798
2759 4776
2760 4983
2761 4940
2762 4468
2763 4608
2764 4716
2765 4213
2766 4822 4915 4941 4950
2767 4866
2768 4999
2769 3037 4492 4711 4982
2770 4463
2771 4546
2772 2772
2773 1484 3676 4989
2774 4924
2775 4915
2776 4949
2777 3008
2778 4288
2779 3679
2780 3288
2781 3939
2782 4564
2783 3425
2784 4985
2785 4985
2786 4492
2787 4094
2788 4684
2789 4923
2790 3500
2791 4137
2792 3008
2793 3748
2794 1560
2795 2795
2796 4231
2797 4395
2798 4875
2799 3882 4626 4680 4994
2800 4947
2801 3500
2802 4980
2803 4468
2804 3389 3448
2805 4745
2806 4156 4846
2807 3828
2808 874 2808
2809 4608
2810 3745
2811 4680
2812 2812
2813 4152
2814 4995
2815 3748
2816 3008 4217 4442 4669 4900
2817 4923
2818 4881
2819 4986
2820 4392
2821 4502
2822 4495
2823 4626
2824 3739
2825 4773
2826 4980
2827 4789
2828 4716
2829 4766
2830 4342
2831 4974
2832 2832
2833 4947
2834 4876
2835 4608
2836 4669
2837 3425 4521 4989
2838 4196
2839 4953
2840 4495
2841 4943
2842 1384 3026 3720 4005 4406
2843 2261
2844 3790
2845 4684
2846 4949
2847 4974
2848 4231
2849 3360
2850 4955
2851 2750
2852 4112
2853 4977
2854 2854
2855 4936
2856 4675
2857 4855
2858 2858
2859 4942
2860 2860
2861 4087
2862 4505
2863 2863 3050
2864 3751
2865 4915
2866 4944
2867 4071
2868 3739 3751 4359
2869 4950
2870 2552
2871 4772
2872 4594
2873 4406
2874 4988
2875 3026
2876 4923
2877 4881
2878 4156
2879 3275
2880 4939
2881 4983
2882 4766
2883 4589
2884 3275
2885 4534
2886 3266
2887 4977
2888 4711
2889 4817
2890 4060
2891 3169
2892 4821
2893 2893
2894 4196
2895 4761
2896 3448
2897 4936
2898 4238
2899 4944
2900 3868
2901 4342
2902 4196 4691 4924 4942 4982
2903 4675
2904 322
2905 4923
2906 4231
2907 3266
2908 4534
2909 4983
2910 4521
2911 4118
2912 4546
2913 4900
2914 4534
2915 4981
2916 4983
2917 4930
2918 4957
2919 4492
2920 3947
2921 4933
2922 4822
2923 2244 4220 4669 4980
2924 4922
2925 4907
2926 4139
2927 4293
2928 4786 4945
2929 4955
2930 4817
2931 3275 4495
2932 4594
2933 3288 4359 4608
2934 4865
2935 2244 4420
2936 4996
2937 3668 3802 4112 4923
2938 4924
2939 4949
2940 4326
2941 4983
2942 4776
2943 4977
2944 3939 4600 4843
2945 4915
2946 2772 4119 4944 4949
2947 3425
2948 4822
2949 4943
2950 4667
2951 4941
2952 4761
2953 4947
2954 3169
2955 4871
2956 4196 4608 4939
2957 4719
2958 4989
2959 4071
2960 2960
2961 4600
2962 4933
2963 3458
2964 3876
2965 4855
2966 2966
2967 4359
2968 4669
2969 4942
2970 4369
2971 4945
2972 4772
2973 4369
2974 4943
2975 4963
2976 4778
2977 4821
2978 4915
2979 4846
2980 3909
2981 4734
2982 4970
2983 3566
2984 4987
2985 4564
2986 4866
2987 4505
2988 4789
2989 4722
2990 4982
2991 4798
2992 4610
2993 4824
2994 3106 3782
2995 3748
2996 3939
2997 2193 2997
2998 4270
2999 4608
3000 4589
3001 4608
3002 1258
3003 4468
3004 3720
3005 4978
3006 4864
3007 4564
3008 3008
3009 3576
3010 3748 3868 4495 4594
3011 4113
3012 4696
3013 4492
3014 4922
3015 4752
3016 4950
3017 4600
3018 4946
3019 4060
3020 4955
3021 4989
3022 3022
3023 4824
3024 4342
3025 4766
3026 3026
3027 3294
3028 4871
3029 3294
3030 3030
3031 4827
3032 4196
3033 4882
3034 3425
3035 4263
3036 4517
3037 3037
3038 4987
3039 4922
3040 4087
3041 4959
3042 3727
3043 4523
3044 4139
3045 4907
3046 4881
3047 4761
3048 4881
3049 4960
3050 3050
3051 4929
3052 4761
3053 4933
3054 4346
3055 2629
3056 3219
3057 4119
3058 4866
3059 4996
3060 4939
3061 4468 4786
3062 4989
3063 4752
3064 4716
3065 4293
3066 4094
3067 3448 4053 4466 4696 4786 4960
3068 4761 4824 4900 4932
3069 4865
3070 4523
3071 4589
3072 2966
3073 4156
3074 4463
3075 3481
3076 4359
3077 4851
3078 4772
3079 3277
3080 4060
3081 4139
3082 4940
3083 2860 3585
3084 3745
3085 4839
3086 4534
3087 4821
3088 4941
3089 4608
3090 4882
3091 3091
3092 4667
3093 4922
3094 4922
3095 4947
3096 3764
3097 4982
3098 4985
3099 4610
3100 4817
3101 3802 4680 4789 4855 4949 4986
3102 4994
3103 1484 4005
3104 4978
3105 4952
3106 3106 3782
3107 4734
3108 4871
3109 4273
3110 4936
3111 4113 4821 4871
3112 4822
3113 4441
3114 4982
3115 4987
3116 4980
3117 4940
3118 3050 3739 4406
3119 4112
3120 4005
3121 4369
3122 4907
3123 4824
3124 4852
3125 4492
3126 4270
3127 4987
3128 4502
3129 4920
3130 4920
3131 4982
3132 4182
3133 1258 4822 4850
3134 3037
3135 4976
3136 4196
3137 4939
3138 4920
3139 4407 4762 4850 4963
3140 4817
3141 4944
3142 4517
3143 3143
3144 3275
3145 3500
3146 4786
3147 4995
3148 4773
3149 3500
3150 4761
3151 4556
3152 4293
3153 2425 3868
3154 4137
3155 4922
3156 4821
3157 4610
3158 4923
3159 4546
3160 3326
3161 3169
3162 4941
3163 4921
3164 3727 4406 4468 4716
3165 3923
3166 4273
3167 4900
3168 3481
3169 3169
3170 4817
3171 4492 4778 4789
3172 4922
3173 4761
3174 4980
3175 2629 3458 4556
3176 4909
3177 4556 4600 4976
3178 3790
3179 4940
3180 2425
3181 4152
3182 4761
3183 4182
3184 3360
3185 4812
3186 4822
3187 4153
3188 4119
3189 4978
3190 4555
3191 4939
3192 4876
3193 4959
3194 4930
3195 4406
3196 4821
3197 4696
3198 4977
3199 2629
3200 4778
3201 4988
3202 4850
3203 4909
3204 4667 4716
3205 4986
3206 3876
3207 3813
3208 4939
3209 4270
3210 4959
3211 3962
3212 4156 4945
3213 4395
3214 4773
3215 4936
3216 4839
3217 4672
3218 4843
3219 3219
3220 4985
3221 4924
3222 3402
3223 4946
3224 4933
3225 4882
3226 4955
3227 4060
3228 4608
3229 2860 3585
3230 3230
3231 4843
3232 4233
3233 4762
3234 4691
3235 4934
3236 4137
3237 4443
3238 4915
3239 4701
3240 4734
3241 3169
3242 4934
3243 3939
3244 4468
3245 4812
3246 4942
3247 4817 4930
3248 3720
3249 4947
3250 4762
3251 4701
3252 4953
3253 2629 2858 4005
3254 4888
3255 4915
3256 4468
3257 4786
3258 4929
3259 4711
3260 4936
3261 4786
3262 3739
3263 2812 4850 4924
3264 4112
3265 4941
3266 3266
3267 4745
3268 4934
3269 3915
3270 4273
3271 4569
3272 3576
3273 3030
3274 3739 3923 4213 4395 4600 4766
3275 3275
3276 4920
3277 3277
3278 3360 4953
3279 4564
3280 4924
3281 4983
3282 4492
3283 4806
3284 4517
3285 3402
3286 4716
3287 4480
3288 3288
3289 4534
3290 4922
3291 3360
3292 4920
3293 4915
3294 3294
3295 4359 4952
3296 4716
3297 4492 4960
3298 2812
3299 4432
3300 4220 4960
3301 4787 4995
3302 4523
3303 2709
3304 4293
3305 4594
3306 4850
3307 2624
3308 4495
3309 4213 4233
3310 4871
3311 4986
3312 2795
3313 4970
3314 4569
3315 4005
3316 4752
3317 4406
3318 3277
3319 4741
3320 4722
3321 3230
3322 4960
3323 3266
3324 4761
3325 4927
3326 3326
3327 4923
3328 4949
3329 3106 3782
3330 2624
3331 3668 4915
3332 4070
3333 4005
3334 4843
3335 4420
3336 4839
3337 4669
3338 3022 3338
3339 4939
3340 3340
3341 4876
3342 3748
3343 4273
3344 4569
3345 4752
3346 4952
3347 2552 3360 4850
3348 4716
3349 4752
3350 4943
3351 4517
3352 2812
3353 4432
3354 4915
3355 4569
3356 2244 4684 4752
3357 3668
3358 3828
3359 3359
3360 3360
3361 4293
3362 4995
3363 2812 3802
3364 4979
3365 4959
3366 4866
3367 4974
3368 4952
3369 4060
3370 3370
3371 4865
3372 4936
3373 4104
3374 4675
3375 4392
3376 4233
3377 4787
3378 4231
3379 4273 4924
3380 4943
3381 4988
3382 4936
3383 4950
3384 4933
3385 3882
3386 4839 4986
3387 4492
3388 4406
3389 3389
3390 4534
3391 4955
3392 4944
3393 4021 4152
3394 2750
3395 4846
3396 4701
3397 3169
3398 4855
3399 3751
3400 4824
3401 4927
3402 3402
3403 4806
3404 4795
3405 4443
3406 4795
3407 4981
3408 3458
3409 4441
3410 3813
3411 4589
3412 3143
3413 4492
3414 4745
3415 4894
3416 4812
3417 3947
3418 4864
3419 3419
3420 3909
3421 4762
3422 4518
3423 4608
3424 4916
3425 3425
3426 4213
3427 3679 4846
3428 4916
3429 4716
3430 4104
3431 4927
3432 3876
3433 4817
3434 4909
3435 4691
3436 4395
3437 4942
3438 4875
3439 4152
3440 4950
3441 4963
3442 3607 4970
3443 4981
3444 4346 4865
3445 4817
3446 4442
3447 4983
3448 3448
3449 3169
3450 4741
3451 4005
3452 4594
3453 4672
3454 4929
3455 4776
3456 4564
3457 4034
3458 3458
3459 4999
3460 4217
3461 4495
3462 4610
3463 4986
3464 4783
3465 4946
3466 4988
3467 4722
3468 4071
3469 2213
3470 4182
3471 4534
3472 4741
3473 4865
3474 4865
3475 4369
3476 4466
3477 4846
3478 4916
3479 4460 4988
3480 4843
3481 3481
3482 3402
3483 4939
3484 4776
3485 4772
3486 4783
3487 4613
3488 4783
3489 4776
3490 4941
3491 3491
3492 4944
3493 3802
3494 4981
3495 4772
3496 4985
3497 4850 4881
3498 4839
3499 4407
3500 3500
3501 4876
3502 4480 4994
3503 3915
3504 3419
3505 4939
3506 4871
3507 4977
3508 4950
3509 4852
3510 4787 4985
3511 3727
3512 3947
3513 4761
3514 4977
3515 4778
3516 4238
3517 4152
3518 4915
3519 4667
3520 4336
3521 2858 3751 4684
3522 3915
3523 4104
3524 4941
3525 4866
3526 3389
3527 4752 4950
3528 2391
3529 4752
3530 3902
3531 4987
3532 4495
3533 4492
3534 4741
3535 4798
3536 4776
3537 4824
3538 4766
3539 4346
3540 4112
3541 4745
3542 2391
3543 4949
3544 4817
3545 4505
3546 3169 4182 4852
3547 4610
3548 4502
3549 4293
3550 4778
3551 4916
3552 4594
3553 4987
3554 4798
3555 1560 4152 4442
3556 4505
3557 4556
3558 4974
3559 4900
3560 4443
3561 4680
3562 4517
3563 4468 4822
3564 4783
3565 4389
3566 3566
3567 2193 2997
3568 4610
3569 4213
3570 4934
3571 4315
3572 4959
3573 3050 4514
3574 4263 4947
3575 4916
3576 3576
3577 4827
3578 4846
3579 4392
3580 4263
3581 4949
3582 4881
3583 4999
3584 4495
3585 2860 3585 4976
3586 4821
3587 4950
3588 4949
3589 4839
3590 4936
3591 4326
3592 4839
3593 4982
3594 4778
3595 4916
3596 2860 3585
3597 4986
3598 3999
3599 4850
3600 3939 4822
3601 2020 3481 4669
3602 4752
3603 4463
3604 1258 3266 3679
3605 4995
3606 4608
3607 3607
3608 4923
3609 4789 4988
3610 4441
3611 4855
3612 4921
3613 2425
3614 4957
3615 4741
3616 4941
3617 3739
3618 4233
3619 3679
3620 4959
3621 3621
3622 4974
3623 4564
3624 4420
3625 4213
3626 4871
3627 4745
3628 4392 4875 4970
3629 4667
3630 4900
3631 4613
3632 4231
3633 4978
3634 4888
3635 3999
3636 4949
3637 3679
3638 2261 4594
3639 4939
3640 4934
3641 4944
3642 4534 4988
3643 4927
3644 4534
3645 4711
3646 4426
3647 4915
3648 3748
3649 4812
3650 4996
3651 4783
3652 4273
3653 3653
3654 4608
3655 4812
3656 4406
3657 4086
3658 4610
3659 4119
3660 4817 4839 4900
3661 4812
3662 4922
3663 3219
3664 4626
3665 4118
3666 4922
3667 4569
3668 3668
3669 4684
3670 4569
3671 4569
3672 4996
3673 4517
3674 4999
3675 3876
3676 3676
3677 4463
3678 4942
3679 3679
3680 4772
3681 4589
3682 4336
3683 4137
3684 4882
3685 4521
3686 3882
3687 4569
3688 4882
3689 4981
3690 4613
3691 4546
3692 4970
3693 4005 4985
3694 4864
3695 3676
3696 4866
3697 4293
3698 4974
3699 4875
3700 4443
3701 4852
3702 4839
3703 4888
3704 4909
3705 3491
3706 4213
3707 3707
3708 4326
3709 3707
3710 4217
3711 4920
3712 4851
3713 4495
3714 4943
3715 4569
3716 3902
3717 3717
3718 4936
3719 4986
3720 3720
3721 4927
3722 4667
3723 4795
3724 4772
3725 4773
3726 4426
3727 3727
3728 4608
3729 4941
3730 4518
3731 3026
3732 3037
3733 4053 4970
3734 4783
3735 4667
3736 4443
3737 4941
3738 4441
3739 3739
3740 4786
3741 4395
3742 4957
3743 4680
3744 4865
3745 3745
3746 4426
3747 4502
3748 3748
3749 4952
3750 4608
3751 3751
3752 4945
3753 4822
3754 4691
3755 2795
3756 3739
3757 4711
3758 3169 3868 4716
3759 4778
3760 4855
3761 4315
3762 4852
3763 4851
3764 3764
3765 4005
3766 4988
3767 4916
3768 4876
3769 4711
3770 4875
3771 4943
3772 4850 4900 4982
3773 2812
3774 3230 4495 4996
3775 3359
3776 4985
3777 3802
3778 4795
3779 1862 3389
3780 4923
3781 4675
3782 2832 3106 3782
3783 4994
3784 4981
3785 4719 4839 4980 4999
3786 4263
3787 4977
3788 4442
3789 1560 2552 4220 4406
3790 3790
3791 4315
3792 4943
3793 4468
3794 2772
3795 4941
3796 3947 4315 4463 4851
3797 4850
3798 4900
3799 4468
3800 4762
3801 3876
3802 3802
3803 3621
3804 4987
3805 4920
3806 4981
3807 874 4005 4986
3808 4953
3809 4851
3810 4112
3811 4119
3812 4915
3813 3813
3814 4389
3815 4882
3816 4978
3817 4464
3818 3751
3819 4934
3820 4977
3821 4921
3822 4976
3823 3739 4947 4952
3824 4672
3825 4463
3826 4822
3827 4916
3828 3828
3829 4850
3830 4610
3831 4923
3832 3764
3833 4772
3834 4518
3835 4989
3836 3326 4942 4986
3837 4944
3838 4112
3839 4817
3840 4238
3841 4851
3842 4369
3843 3748
3844 4957
3845 4871
3846 4933
3847 4696
3848 4922
3849 4934
3850 3813
3851 3947 4534 4684
3852 4963
3853 4087
3854 3491
3855 4946
3856 4979
3857 3902
3858 3402
3859 4152
3860 2020
3861 3745
3862 3717
3863 3091 4843 4995
3864 4691
3865 4882
3866 4546 4722 4924
3867 4787
3868 3868
3869 4821
3870 4852
3871 4442
3872 4680
3873 4894
3874 4182
3875 4943
3876 3876
3877 4888
3878 4941
3879 3230 3585 4778 4882
3880 4952
3881 4273
3882 3882
3883 4957
3884 4786
3885 4442
3886 4492
3887 4518
3888 3621 4495 4610 4929
3889 4970
3890 4812
3891 4086
3892 4369
3893 4976
3894 4955
3895 4594 4960 4996
3896 4505
3897 4970
3898 4152
3899 4326
3900 4060
3901 4213
3902 3902
3903 4946
3904 4882
3905 4094
3906 4556
3907 4907
3908 3868
3909 3909
3910 4696
3911 4701
3912 4989
3913 4824
3914 2425 4231 4942
3915 3915
3916 4920
3917 4798
3918 3230 4745 4995
3919 4944
3920 4667 4786 4798 4994
3921 4822
3922 4546
3923 3923
3924 4460
3925 3902
3926 4463
3927 4996
3928 4827
3929 4983
3930 4722 4921 4934 4953
3931 4941 4960 4995
3932 4613
3933 4761
3934 4806
3935 4701
3936 1384
3937 4982
3938 4315 4762 4922
3939 3939
3940 2244
3941 4922
3942 4517
3943 3720
3944 4589
3945 3962
3946 4866
3947 3947
3948 4053
3949 4315
3950 4480 4850 4974
3951 4610
3952 4882
3953 4927
3954 4716
3955 4600
3956 4564
3957 4787
3958 4293
3959 3915
3960 4087 4502 4556 4927
3961 4947
3962 3962
3963 4920
3964 4851
3965 4342
3966 4787
3967 4669
3968 4762
3969 4696
3970 3294
3971 4495
3972 4982
3973 4336
3974 4346
3975 4783
3976 4978
3977 4987
3978 3909
3979 4924
3980 4945
3981 4156 4336 4464
3982 2261 3169
3983 4915
3984 4346
3985 4734
3986 4947
3987 3370
3988 4939
3989 4273
3990 4480
3991 4822
3992 3266
3993 4821
3994 4672
3995 4119
3996 4952
3997 4432
3998 4613
3999 3999
4000 4806
4001 4986
4002 4608
4003 4711
4004 4406
4005 4005
4006 4933
4007 4007 4839 4865 4982
4008 4979
4009 4934
4010 4924
4011 4846
4012 4492 4778 4946
4013 4156 4273 4505 4970
4014 4851
4015 4523
4016 3566 4468 4556 4985
4017 3745
4018 4569
4019 4949
4020 4238
4021 4021
4022 4936
4023 4846
4024 4546
4025 4952
4026 4772
4027 4443
4028 4071
4029 4865
4030 4263
4031 4995
4032 4270
4033 4952
4034 4034
4035 4930
4036 4608 4734 4936 4979
4037 2709 4882 4924 4987
4038 4263
4039 4999
4040 4979
4041 4944
4042 4139
4043 4495
4044 4843
4045 4850
4046 4980
4047 3676
4048 4608
4049 4943
4050 2020 4787 4915 4950 4999
4051 4907
4052 4983
4053 4053
4054 4608
4055 4701
4056 2854 4610
4057 4776
4058 1560 4406 4569 4855 4923
4059 3230
4060 4060
4061 4995
4062 4843
4063 4941
4064 4156
4065 4719
4066 3576
4067 4213
4068 4556
4069 4762
4070 4070
4071 4071
4072 2750 4716 4722 4978
4073 4336
4074 4924
4075 4776
4076 4943
4077 4963
4078 4217
4079 3230
4080 4564
4081 4882
4082 4944
4083 2808 4505 4555 4981
4084 4752
4085 3999
4086 4086
4087 4087
4088 4112
4089 4974
4090 4315
4091 4865
4092 4701
4093 4920
4094 4094
4095 4795
4096 4680
4097 4957
4098 3230 4773 4922 4979
4099 3340
4100 4672
4101 4955
4102 4812
4103 4881
4104 4104
4105 4745
4106 4432
4107 3037
4108 4086
4109 4407
4110 4761
4111 4514
4112 4112
4113 4113
4114 4957
4115 3902
4116 4468
4117 4153
4118 4118
4119 4119
4120 4680
4121 4778
4122 3947 4851 4864 4909 4974
4123 4929
4124 4005
4125 4555
4126 4981
4127 4982
4128 4894
4129 4752
4130 4505
4131 2772
4132 4921
4133 4932
4134 2772
4135 3326 3448 4406 4930 4936
4136 4930
4137 4137
4138 4866
4139 4139
4140 4070
4141 4719
4142 4942
4143 4196
4144 4839
4145 3008
4146 4943
4147 4395 4546 4921 4922 4930
4148 4930
4149 4875
4150 4983
4151 4824 4855 4930 4944 4989
4152 4152
4153 4153
4154 4839
4155 4613
4156 4156
4157 4888
4158 3340 3370 4924 4949
4159 4407
4160 4983
4161 4778
4162 3458
4163 4946
4164 4005 4610 4776 4916 4983
4165 4817
4166 4922
4167 4970
4168 4822
4169 4999
4170 4273
4171 4817
4172 3882
4173 2552 4812 4855 4894 4980
4174 3425
4175 3902
4176 4955
4177 4930
4178 4981
4179 4716
4180 4086
4181 4876
4182 4182
4183 4495 4556 4839 4851 4921
4184 4442
4185 3676 4086 4326 4521 4957
4186 4523
4187 4466
4188 4977
4189 4988
4190 4460
4191 4778
4192 4932
4193 4684 4976 4983 4995
4194 4806
4195 4118
4196 4196
4197 4871
4198 4821
4199 4982
4200 4985
4201 4888
4202 4505
4203 4947
4204 2678 3739 3947 4994
4205 4974
4206 4672
4207 4466
4208 3419 4495 4932 4949 4959
4209 4986
4210 4594
4211 4977
4212 4752
4213 4213
4214 4231 4684 4943 4985
4215 2457
4216 4983
4217 4217
4218 4684
4219 4923
4220 4220
4221 4980
4222 4060
4223 3676 4594 4783 4955
4224 4960
4225 4915
4226 4691
4227 4940
4228 4672
4229 4988
4230 4852
4231 4231
4232 4094 4766 4881 4929 4986
4233 4233
4234 4955
4235 4985
4236 4734
4237 4963
4238 4238
4239 4927
4240 4822
4241 4871
4242 4555
4243 4983
4244 4843
4245 4464
4246 4936
4247 4909
4248 4952
4249 4231
4250 4716
4251 1864 3876 4608 4942
4252 3739
4253 4989
4254 4523
4255 4806
4256 4806
4257 4680
4258 4955
4259 4812
4260 4822
4261 4392
4262 4766 4786 4822 4988
4263 4263
4264 4934
4265 4981
4266 4980
4267 4432 4517 4691 4850 4974
4268 4053
4269 3491
4270 4270
4271 4963
4272 4916
4273 4273
4274 4752
4275 4514
4276 4996
4277 4468
4278 4888
4279 4946
4280 4426
4281 4953
4282 4960
4283 4564
4284 4786
4285 4675
4286 4960
4287 322 2552 4944 4994
4288 4288
4289 4909
4290 3037
4291 3813 4716 4798 4976
4292 3947
4293 4293
4294 4876
4295 4521
4296 4976
4297 4463 4680 4916 4922 4978
4298 4112
4299 4888
4300 2863 3091 4466 4981 4989
4301 4974
4302 4953
4303 4929
4304 4851
4305 4502
4306 4719 4888 4894
4307 2678
4308 4924
4309 4888
4310 4773
4311 4949
4312 4734
4313 2261 3566 4608 4613 4762
4314 4927
4315 4315
4316 4071 4118 4119 4943
4317 4806
4318 3491 4846 4982 4999
4319 4795
4320 4970
4321 4985
4322 4987
4323 4684
4324 4112
4325 4783
4326 4326
4327 2812 3707 4827 4923 4988
4328 4555
4329 4839
4330 4432
4331 4137 4231 4701 4711 4989
4332 3813
4333 4326 4745 4921 4955 4976
4334 4923
4335 4949
4336 4336
4337 4995
4338 4789
4339 4389
4340 4340
4341 4974
4342 4342
4343 4894
4344 4817
4345 4112
4346 4346
4347 4701
4348 4546
4349 4987
4350 4882
4351 4719
4352 4909
4353 4894
4354 4684
4355 4521
4356 4960
4357 4213 4556 4824 4974 4988
4358 4761
4359 4359
4360 4293
4361 4034
4362 4827
4363 4952
4364 4667
4365 4675
4366 4994
4367 3653 3999 4021 4909 4934
4368 4426
4369 4369
4370 4722
4371 4233
4372 3458
4373 4875
4374 4518
4375 4974
4376 4443
4377 4980
4378 4839
4379 4761
4380 4875
4381 4922
4382 3962 4005 4139 4691 4722
4383 4778
4384 4916
4385 3230
4386 4881
4387 4864
4388 4340 4608 4696 4787 4922
4389 4389
4390 4977
4391 4957
4392 4392
4393 4994
4394 4846
4395 4395
4396 4798
4397 4981
4398 4719
4399 4945
4400 4927
4401 4442
4402 4521
4403 4939
4404 4613
4405 4970
4406 4406
4407 4407
4408 4936
4409 4752
4410 4231
4411 4936
4412 4675
4413 3764 4608 4613 4839 4985
4414 4610
4415 4772
4416 1862 2960 3389
4417 4970
4418 4684
4419 4979
4420 4420
4421 3876
4422 4153 4213 4876 4934 4940
4423 4406
4424 4839
4425 4667
4426 4426
4427 4949
4428 3326
4429 4932
4430 4852
4431 4231
4432 4432
4433 4940
4434 4060 4921 4924 4978 4987
4435 4982
4436 4514 4920 4943 4980
4437 4953
4438 4950
4439 4927
4440 4783
4441 4441
4442 4442
4443 4443
4444 4392
4445 4827
4446 4855
4447 4963
4448 4955
4449 4569
4450 4846
4451 4955
4452 4855
4453 4930
4454 4942
4455 4978
4456 4982
4457 4600
4458 4915
4459 4855
4460 4460
4461 1258
4462 4994
4463 4463
4464 4464
4465 4963
4466 4466
4467 4119 4783 4943 4989 4999
4468 4468
4469 4675
4470 4822
4471 4766
4472 4929
4473 4594
4474 4213
4475 4881
4476 4238
4477 4843
4478 4923
4479 4939
4480 4480
4481 4389 4502 4894 4957 4996
4482 4389
4483 4865
4484 4989
4485 2261 3169
4486 4916
4487 2323 4589 4613 4701 4927
4488 4865
4489 4752
4490 4994
4491 4909
4492 4492
4493 4564
4494 3607 4196 4523 4534 4865
4495 4495
4496 4946
4497 4955
4498 4426 4626 4822 4864
4499 4949
4500 4696
4501 4420
4502 4502
4503 4950
4504 4786
4505 4505
4506 4934
4507 4613
4508 4995
4509 4608
4510 4182
4511 3790
4512 3947 4233 4346 4761 4850
4513 4716
4514 4514
4515 4480
4516 4989
4517 4517
4518 4518
4519 4441
4520 4667
4521 4521
4522 4933
4523 4523
4524 4970
4525 2213 3425 4119 4406 4716
4526 1258 3219 4684 4933 4947
4527 3230
4528 4881
4529 4924
4530 4963
4531 4882
4532 4907
4533 4855
4534 4534
4535 4983
4536 4979
4537 4741
4538 4460
4539 4745
4540 3999 4608 4773 4851
4541 3275 4667 4773 4894
4542 4851
4543 4684
4544 4933
4545 2960 3389
4546 4546
4547 4468
4548 4569
4549 4979
4550 4608
4551 4850
4552 3707 3947 4850 4936 4981
4553 4986
4554 4955
4555 4555
4556 4556
4557 4875
4558 4817
4559 4556
4560 2391 4843 4936 4963 4980
4561 4772
4562 4719
4563 4822
4564 4564
4565 4986
4566 4850
4567 4806
4568 4087
4569 4569
4570 4795
4571 4846
4572 4963
4573 4369
4574 4976
4575 4745
4576 4924
4577 4119 4696 4778 4940 4989
4578 4994
4579 4817
4580 4996
4581 4909
4582 4231 4569 4696 4921 4996
4583 4921
4584 4752
4585 4407
4586 4981
4587 4985
4588 4944
4589 4589
4590 4518
4591 4989
4592 4933
4593 3275
4594 4594
4595 4812
4596 4786
4597 4934
4598 4981
4599 3294 4112 4846 4953 4976
4600 4600
4601 4555
4602 4985
4603 4569
4604 2997 4220 4546 4608 4855 4952
4605 4977
4606 4675
4607 4701
4608 4608
4609 4773
4610 4610
4611 3500 4466 4795 4959 4981
4612 4949
4613 4613
4614 4701
4615 4864 4888 4952 4982 4985
4616 2960 4711 4940 4955 4979
4617 4156 4293 4315 4505 4610
4618 4949
4619 4822
4620 4888
4621 4850
4622 3668 4933 4959 4983 4999
4623 4957
4624 4851
4625 4957
4626 4626
4627 4773
4628 4933
4629 4916
4630 4959
4631 4672
4632 4996
4633 4817
4634 4888
4635 4996
4636 4909
4637 3326 3902 4113 4392 4960
4638 4691
4639 4957
4640 4866
4641 4882
4642 4789
4643 4766
4644 4970
4645 4953
4646 4684
4647 4986
4648 4589
4649 4741
4650 4626
4651 4916
4652 4996
4653 4979
4654 4940
4655 4959
4656 4989
4657 4989
4658 4263
4659 4963
4660 4783
4661 4752
4662 4881
4663 4953
4664 4976
4665 4761
4666 4942
4667 4667
4668 4941
4669 4669
4670 4907
4671 4980
4672 4672
4673 4787
4674 4974
4675 4675
4676 4336
4677 4920
4678 4970
4679 4980
4680 4680
4681 4949
4682 4949
4683 2893 4701 4852 4864 4916
4684 4684
4685 4787
4686 4995
4687 3360 4231 4518 4752 4996
4688 4359
4689 4864
4690 4827
4691 4691
4692 4941
4693 4924
4694 4985
4695 4983
4696 4696
4697 4921
4698 4979
4699 4745
4700 4989
4701 4701
4702 4395
4703 4947
4704 4907
4705 4786
4706 2750 4852 4888 4920 4957
4707 4936
4708 4977
4709 4789
4710 4798
4711 4711
4712 2457 4745 4907 4955 4988
4713 4988
4714 3448
4715 4943
4716 4716
4717 4827
4718 4741
4719 4719
4720 4943
4721 4999
4722 4722
4723 2323 4071 4369 4684 4900
4724 4960
4725 4293 4466 4821 4944 4978
4726 4970
4727 4978
4728 4432 4626 4920 4977 4986
4729 4936
4730 3707 4942 4987 4999
4731 4957
4732 4945
4733 2678 4395 4505 4915 4970
4734 4734
4735 4999
4736 4953
4737 4778
4738 3143 4773 4817 4894 4927
4739 4939
4740 4866
4741 4741
4742 4795
4743 4795
4744 4949
4745 4745
4746 2457 4432 4589 4929 4985
4747 2854 3230 4443 4776 4843 4953
4748 4716 4850 4920 4959
4749 4952
4750 4946
4751 4812
4752 4752
4753 4987
4754 4982
4755 4960
4756 4798
4757 4996
4758 4909
4759 4987
4760 4941
4761 4761
4762 4762
4763 4947
4764 4273 4608 4752 4761 4959
4765 4944
4766 4766
4767 4293
4768 4468 4675 4943 4950
4769 4875
4770 4934
4771 4238 4517 4963 4982 4983
4772 4772
4773 4773
4774 4994
4775 4946
4776 4776
4777 4839
4778 4778
4779 4923
4780 4949
4781 4986
4782 4907
4783 4783
4784 4315
4785 4983
4786 4786
4787 4787
4788 4989
4789 4789
4790 4745
4791 4839
4792 3915 4217 4787 4936 4941
4793 4795
4794 4944
4795 4795
4796 4977
4797 4716
4798 4798
4799 4021 4152 4761 4824 4900
4800 4981
4801 3230 4752 4950 4999
4802 4939
4803 4514 4850 4882 4909 4995
4804 4787
4805 4773
4806 4806
4807 4936
4808 4943
4809 3790 4752 4795 4979 4988
4810 4946
4811 4920
4812 4812
4813 4943
4814 4934
4815 4927
4816 4866
4817 4817
4818 4947
4819 4983
4820 2193 4231 4505 4824 4957
4821 4821
4822 4822
4823 4987
4824 3277 4824
4825 4996
4826 4941
4827 4827
4828 4909
4829 4881
4830 4932
4831 4915
4832 4916
4833 4996
4834 4981
4835 4942
4836 4955
4837 4983
4838 4949
4839 4839
4840 4983
4841 4936
4842 4963
4843 4843
4844 4981
4845 4960
4846 4846
4847 4988
4848 4949
4849 4988
4850 4850
4851 4851
4852 4852
4853 2854 4060 4359 4407 4995
4854 3813 4395 4944 4970
4855 4855
4856 4924
4857 3751 4786
4858 4946
4859 4852
4860 4949
4861 4888
4862 4273 4716 4776 4789 4994
4863 4977
4864 4864
4865 4865
4866 4866
4867 4955
4868 4882
4869 4839
4870 3621 4610 4846 4850 4983
4871 4871
4872 4924
4873 4939
4874 4806
4875 4875
4876 4876
4877 4944
4878 322 4346 4915 4933 4955
4879 3782 4711 4778 4795 4855
4880 1258 3868 4463 4762 4957
4881 4881
4882 4882
4883 4761
4884 3481 4104 4915 4940 4986
4885 4060 4346 4798 4824 4995
4886 4933
4887 4978
4888 4888
4889 3802 4466 4696 4752 4942
4890 3764 4407 4443 4795 4982
4891 4940
4892 4983
4893 3727 4839 4850 4876 4978
4894 4894
4895 4995
4896 4005
4897 4852
4898 4978
4899 3266 3653 4139 4876 4923
4900 4900 4988
4901 4936
4902 4959
4903 4894
4904 2750 3360 4839 4888 4985
4905 3022 4495 4502 4569 4942
4906 4947
4907 4907
4908 4315 4569 4855 4900 4922
4909 4909
4910 4943
4911 4944
4912 4369 4464 4900 4944 4985
4913 2858 4460 4719 4960 4987
4914 4942
4915 4915
4916 4916
4917 4950
4918 4922
4919 4924
4920 4920
4921 4921
4922 4922
4923 4923
4924 4924
4925 4979
4926 4999
4927 4927
4928 4034 4220 4480 4955 4983
4929 4929
4930 4930
4931 4939
4932 4932
4933 4933
4934 4934
4935 4851
4936 4936
4937 4094 4745 4876 4927 4955
4938 4943
4939 4939
4940 4940
4941 4941
4942 4942
4943 4943
4944 4944
4945 4945
4946 4946
4947 4947
4948 4943
4949 4949
4950 4950
4951 4955
4952 4952
4953 4953
4954 3402 4407 4466 4534 4773
4955 4955
4956 2244 2624 2854 4933 4980
4957 4957
4958 3030 4137 4555 4888 4963
4959 4959
4960 4960
4961 3764 4118 4766 4772 4789
4962 4946
4963 4963
4964 4944
4965 4977
4966 4987
4967 3751 4920 4941 4981
4968 3915 4118 4213 4843 4960
4969 4389 4669 4752 4806 4894
4970 4970
4971 2323 3389 4734 4752 4762
4972 4995
4973 3359 4546 4761 4900 4939
4974 4974
4975 3169 4505 4734 4822 4882
4976 4976
4977 4977
4978 4978
4979 4979
4980 4980
4981 4981
4982 4982
4983 4983
4984 4994
4985 4985
4986 4986
4987 4987
4988 4988
4989 4989
4990 3653 4288 4610 4960 4977
4991 4983
4992 3266 3745 4005 4094 4734
4993 4987
4994 4994
4995 4995
4996 4996
4997 2457 4667 4787 4855 4907
4998 2772 4359 4974 4989 4996
4999 4999
5000 4988
