1	339 
2	6 
3	50 
4	225 
5	98 
6	45 
7	177 
8	11 
9	38 131 164 193 200 264 293 295 
10	47 
11	219 
12	154 
13	223 
14	218 
15	295 
16	199 
17	175 
18	199 
19	121 
20	13 167 197 225 230 322 338 349 
21	239 
22	121 
23	7 
24	349 
25	18 53 126 139 144 229 261 315 
26	269 
27	190 
28	285 
29	274 
30	69 
31	163 
32	138 
33	296 
34	156 
35	259 
36	50 
37	26 
38	80 86 132 136 243 299 302 303 
39	261 
40	239 
41	33 100 190 208 212 271 323 342 
42	27 
43	123 
44	32 
45	171 
46	124 
47	286 
48	175 
49	40 
50	269 
51	71 
52	110 
53	128 
54	194 
55	208 
56	14 
57	202 
58	129 130 177 179 267 278 290 332 
59	38 53 69 137 187 283 313 315 
60	309 
61	217 
62	295 
63	339 
64	103 
65	326 
66	239 
67	237 
68	106 
69	2 
70	154 
71	56 
72	326 
73	21 
74	19 
75	14 
76	242 
77	80 119 129 153 219 285 315 327 
78	227 
79	294 
80	185 
81	148 
82	338 
83	101 
84	122 
85	102 
86	169 
87	78 
88	269 
89	207 
90	155 
91	171 
92	149 
93	223 
94	69 
95	39 
96	246 
97	219 
98	346 
99	41 
100	16 
101	125 
102	18 65 105 116 140 207 258 290 
103	135 
104	15 30 34 53 92 130 199 288 
105	336 
106	318 
107	159 
108	230 
109	49 
110	133 
111	51 
112	11 
113	34 71 89 167 182 235 253 265 
114	166 
115	124 
116	97 
117	136 
118	129 
119	181 224 242 260 264 289 305 317 
120	151 
121	275 
122	11 19 37 141 159 274 282 349 
123	146 
124	23 
125	287 
126	317 
127	181 
128	30 
129	44 
130	15 
131	33 61 118 142 188 201 279 338 
132	227 
133	241 
134	332 
135	36 
136	43 49 110 154 157 201 205 278 
137	307 
138	313 
139	30 
140	35 
141	66 
142	108 
143	325 
144	112 
145	231 
146	276 
147	166 
148	18 67 71 72 114 211 270 326 
149	41 
150	152 
151	163 
152	1 13 31 88 124 170 324 347 
153	98 102 184 192 298 318 329 335 
154	183 
155	349 
156	206 
157	128 
158	308 
159	218 
160	129 
161	13 150 181 212 235 237 238 340 
162	311 
163	132 
164	193 
165	270 
166	15 
167	55 
168	11 105 239 240 263 278 323 342 
169	20 36 115 147 224 242 261 265 
170	223 
171	331 
172	122 
173	183 
174	223 
175	41 
176	32 
177	34 60 120 141 216 225 285 292 
178	55 
179	296 
180	31 
181	150 
182	107 
183	216 
184	164 
185	182 
186	175 
187	66 
188	2 
189	175 
190	301 
191	36 
192	2 
193	64 
194	5 
195	8 
196	245 
197	214 
198	154 
199	159 
200	270 
201	63 
202	267 
203	15 
204	38 
205	118 
206	183 
207	271 
208	167 
209	15 51 103 249 255 281 299 313 
210	167 
211	174 
212	239 
213	195 
214	258 
215	248 
216	55 
217	23 
218	270 
219	160 
220	336 
221	168 
222	208 
223	168 
224	296 
225	217 
226	191 
227	133 152 158 167 202 208 248 274 
228	84 
229	33 36 70 85 123 166 210 295 
230	324 
231	253 
232	123 
233	238 
234	38 
235	53 
236	265 
237	172 
238	5 
239	126 
240	113 
241	304 
242	59 
243	69 
244	167 
245	349 
246	304 
247	277 
248	142 
249	234 
250	123 
251	106 
252	193 
253	257 
254	119 
255	89 
256	233 
257	225 
258	2 66 71 85 184 192 228 232 
259	108 
260	10 
261	243 
262	146 
263	59 61 129 162 175 186 233 327 
264	213 
265	45 
266	326 
267	80 
268	315 
269	84 
270	105 137 176 186 222 261 281 297 
271	334 
272	311 
273	298 
274	120 
275	338 
276	115 
277	90 
278	122 
279	24 
280	272 
281	267 
282	147 
283	13 
284	114 
285	338 
286	136 
287	324 
288	162 
289	71 
290	343 
291	350 
292	322 
293	274 
294	147 
295	2 55 74 119 131 212 231 328 
296	19 
297	284 
298	221 
299	13 
300	255 
301	49 
302	289 
303	14 
304	296 
305	50 114 140 148 162 263 322 349 
306	164 
307	60 
308	160 
309	312 
310	337 
311	296 
312	310 
313	47 
314	2 61 71 118 139 158 165 196 
315	73 
316	315 
317	169 
318	332 
319	346 
320	147 
321	62 
322	186 
323	162 
324	212 
325	320 
326	144 
327	55 62 159 178 199 237 242 345 
328	55 
329	8 
330	337 
331	101 
332	98 
333	193 
334	8 
335	132 
336	64 
337	41 
338	55 
339	46 
340	283 
341	333 
342	6 67 116 142 196 220 234 334 
343	288 
344	323 
345	322 
346	174 
347	69 
348	304 
349	83 
350	228 
351	233 
352	157 
353	200 
354	253 
355	335 
356	155 
357	251 
358	48 
359	346 
360	287 
361	66 88 142 177 208 226 235 283 
362	14 
363	132 
364	78 
365	118 
366	75 
367	327 
368	277 
369	59 
370	45 
371	143 
372	15 
373	4 14 68 90 239 293 301 313 
374	48 
375	4 
376	169 
377	277 
378	94 
379	64 
380	190 
381	71 
382	294 
383	33 
384	58 
385	211 
386	260 
387	34 112 121 136 166 239 315 325 
388	270 
389	136 
390	22 
391	164 
392	268 
393	340 
394	226 
395	344 
396	327 
397	13 
398	296 
399	40 137 154 229 277 317 332 338 
400	282 
401	208 
402	189 
403	107 
404	46 
405	38 
406	296 
407	7 
408	45 
409	26 60 72 125 185 238 248 284 
410	330 
411	185 
412	171 
413	139 
414	116 
415	172 
416	162 
417	167 
418	222 
419	149 
420	102 
421	323 
422	236 
423	139 
424	263 
425	297 
426	69 
427	185 
428	79 
429	238 
430	167 
431	15 30 61 103 171 299 313 332 
432	138 
433	247 
434	262 
435	68 
436	51 
437	350 
438	280 
439	2 
440	8 
441	14 
442	80 
443	18 
444	44 
445	38 67 81 164 204 221 314 340 
446	302 
447	269 
448	207 
449	275 
450	219 
451	83 
452	205 
453	107 
454	214 
455	49 
456	227 
457	283 
458	329 
459	46 150 155 215 294 322 323 335 
460	186 
461	85 
462	226 
463	154 
464	21 
465	125 
466	224 
467	234 
468	211 
469	67 
470	141 
471	227 
472	157 
473	285 
474	177 
475	158 
476	195 
477	205 
478	273 
479	19 
480	210 
481	30 
482	227 
483	84 
484	156 
485	167 
486	335 
487	268 
488	33 
489	28 
490	347 
491	337 
492	248 
493	55 
494	162 
495	17 34 108 192 257 270 332 344 
496	46 59 221 225 241 266 280 321 
497	221 
498	350 
499	294 
500	243 
501	42 60 82 166 177 190 223 225 
502	185 
503	62 
504	43 
505	190 
506	155 
507	225 
508	340 
509	129 
510	189 
511	183 
512	289 
513	21 112 114 137 154 169 331 349 
514	330 
515	96 
516	283 
517	253 
518	137 
519	19 21 38 115 139 174 247 339 
520	131 
521	91 98 137 154 201 225 315 347 
522	250 
523	102 
524	201 
525	121 
526	80 
527	212 
528	350 
529	190 
530	161 
531	68 
532	16 38 84 100 116 156 237 334 
533	47 
534	145 
535	339 
536	22 62 153 212 219 285 289 313 
537	317 
538	115 
539	160 
540	53 
541	48 
542	289 
543	295 
544	18 57 103 110 194 258 269 344 
545	72 
546	7 104 159 187 226 227 250 333 
547	5 
548	53 
549	81 
550	21 41 61 63 83 255 281 331 
551	60 
552	313 
553	324 
554	97 
555	206 
556	126 
557	240 
558	290 
559	243 
560	35 
561	185 
562	302 
563	329 
564	341 
565	37 
566	45 59 79 89 154 175 213 314 
567	211 
568	85 
569	193 
570	345 
571	88 
572	115 
573	282 
574	88 
575	19 
576	79 
577	38 
578	312 
579	182 
580	82 
581	322 
582	22 
583	128 
584	53 
585	190 
586	45 141 154 180 206 211 307 324 
587	44 
588	71 
589	35 37 64 76 118 161 164 333 
590	279 
591	318 
592	185 
593	268 
594	77 
595	326 
596	244 
597	63 127 136 180 238 287 294 323 
598	125 
599	315 
600	337 
601	317 
602	13 36 49 61 140 168 240 257 
603	285 
604	340 
605	229 
606	82 122 163 179 206 212 237 263 
607	34 
608	326 
609	264 
610	196 
611	4 31 38 170 171 270 310 330 
612	282 
613	44 
614	122 
615	41 
616	264 
617	227 
618	35 
619	137 
620	185 
621	180 
622	165 
623	110 
624	71 
625	27 
626	250 
627	274 
628	8 
629	224 
630	324 
631	234 
632	81 
633	134 
634	7 
635	33 117 201 203 227 246 264 295 
636	237 
637	109 
638	308 
639	121 
640	17 
641	85 201 217 238 253 274 300 311 
642	287 
643	15 
644	73 
645	113 
646	229 
647	30 55 118 129 158 212 248 331 
648	208 
649	214 
650	285 
651	270 
652	345 
653	317 
654	39 
655	141 
656	55 
657	96 
658	15 98 145 159 236 237 243 334 
659	323 
660	20 
661	281 
662	276 
663	174 
664	13 
665	92 
666	331 
667	45 
668	225 
669	165 
670	57 66 70 73 99 108 191 208 
671	45 
672	300 
673	88 100 203 209 230 263 310 318 
674	41 
675	108 
676	133 
677	19 52 136 152 190 235 270 342 
678	234 
679	192 
680	169 
681	139 
682	49 
683	6 221 225 234 259 261 326 346 
684	58 
685	115 
686	328 
687	71 
688	23 
689	56 
690	115 
691	173 
692	341 
693	212 
694	97 
695	137 
696	103 
697	249 
698	236 
699	343 
700	332 
701	134 
702	257 
703	111 118 126 127 142 232 269 350 
704	320 
705	55 176 198 207 259 270 343 347 
706	259 
707	137 
708	188 
709	284 
710	199 
711	6 
712	26 
713	172 
714	164 
715	322 
716	271 
717	297 
718	76 
719	57 
720	76 
721	15 61 151 192 206 269 297 317 
722	149 
723	311 
724	309 
725	229 
726	147 
727	334 
728	83 
729	338 
730	317 
731	32 
732	61 
733	12 23 38 71 109 154 212 345 
734	281 
735	39 65 82 98 146 229 324 343 
736	337 
737	44 
738	164 
739	288 
740	158 
741	205 
742	207 
743	9 60 107 186 215 248 335 338 
744	323 
745	234 
746	10 
747	219 
748	141 
749	137 
750	75 
751	336 
752	25 46 69 199 214 296 313 329 
753	61 
754	301 
755	68 
756	45 125 132 158 182 227 339 349 
757	19 
758	280 
759	13 
760	242 
761	185 
762	92 96 108 163 188 201 256 259 
763	221 
764	128 
765	153 
766	186 
767	327 
768	10 79 84 90 138 243 326 339 
769	44 
770	241 
771	206 
772	163 
773	201 
774	244 
775	31 
776	299 
777	323 
778	158 
779	177 
780	54 146 151 184 224 225 228 279 
781	103 
782	31 
783	323 
784	43 
785	15 
786	315 
787	115 
788	84 
789	28 
790	167 
791	148 178 180 206 216 274 334 335 
792	285 
793	49 
794	322 
795	334 
796	19 
797	319 
798	269 
799	51 122 134 239 251 270 321 343 
800	13 
801	11 15 55 72 110 217 301 326 
802	257 
803	348 
804	156 
805	6 
806	235 
807	350 
808	336 
809	95 
810	103 
811	19 
812	348 
813	160 
814	337 
815	179 
816	339 
817	19 
818	239 
819	121 
820	254 
821	116 
822	116 
823	242 
824	45 
825	85 
826	280 
827	83 
828	182 
829	58 
830	45 
831	173 
832	201 
833	310 
834	97 
835	77 
836	9 
837	43 
838	162 
839	124 
840	297 
841	89 
842	102 130 142 223 254 299 327 348 
843	266 
844	180 
845	6 45 116 145 284 292 326 327 
846	19 
847	22 
848	186 
849	196 
850	205 
851	59 
852	328 
853	40 
854	21 
855	85 
856	112 
857	15 45 82 117 121 178 200 343 
858	15 
859	162 
860	14 15 114 175 220 239 271 274 
861	279 
862	101 
863	82 
864	27 
865	296 
866	47 
867	46 
868	129 
869	117 
870	338 
871	138 
872	57 
873	1 
874	13 
875	56 
876	345 
877	107 
878	85 
879	267 
880	214 
881	226 
882	333 
883	303 
884	292 
885	332 
886	331 
887	186 
888	264 
889	282 
890	56 
891	75 104 131 157 239 261 293 337 
892	181 
893	117 
894	96 
895	270 
896	21 
897	182 
898	91 
899	19 21 83 126 131 269 313 326 
900	253 
901	293 
902	119 
903	123 
904	30 
905	127 
906	13 
907	206 
908	107 
909	141 
910	17 
911	238 
912	171 
913	34 46 70 217 267 307 336 339 
914	166 
915	201 
916	150 
917	315 
918	209 
919	184 
920	166 
921	142 
922	323 
923	102 
924	144 
925	15 
926	261 
927	203 
928	267 
929	204 
930	4 
931	60 
932	21 
933	154 
934	201 
935	331 
936	92 
937	152 
938	315 
939	231 
940	175 
941	153 172 223 261 270 313 316 331 
942	27 
943	337 
944	146 
945	154 
946	17 43 103 106 199 234 248 316 
947	338 
948	136 
949	4 
950	16 
951	87 
952	35 
953	314 
954	44 
955	309 
956	2 
957	269 
958	70 
959	270 
960	29 
961	119 
962	223 
963	69 
964	78 
965	331 
966	39 
967	71 
968	329 
969	30 
970	327 
971	156 
972	76 129 186 202 232 258 336 347 
973	5 84 95 145 164 293 307 331 
974	206 
975	21 
976	131 
977	34 167 218 259 290 301 336 340 
978	189 
979	85 
980	168 
981	2 41 71 147 228 236 281 314 
982	34 
983	78 
984	93 
985	259 
986	143 
987	34 
988	121 
989	112 
990	189 
991	173 
992	84 
993	59 
994	34 53 132 133 216 227 298 310 
995	326 
996	45 
997	162 
998	177 
999	184 
1000	310 
1001	84 
1002	282 
1003	61 
1004	8 
1005	38 
1006	157 
1007	334 
1008	277 
1009	316 
1010	23 
1011	12 
1012	168 
1013	161 
1014	317 
1015	226 
1016	101 
1017	274 
1018	217 
1019	283 
1020	204 
1021	277 
1022	14 21 37 53 84 190 266 275 
1023	93 
1024	37 
1025	150 
1026	184 
1027	13 
1028	6 
1029	209 
1030	61 
1031	52 
1032	155 186 212 223 279 285 287 349 
1033	8 21 126 147 180 195 279 313 
1034	158 
1035	283 
1036	262 
1037	159 
1038	53 86 115 127 256 287 324 350 
1039	24 
1040	146 
1041	38 
1042	283 
1043	345 
1044	45 
1045	231 
1046	33 
1047	284 
1048	336 
1049	263 
1050	83 
1051	316 
1052	221 
1053	229 
1054	16 
1055	246 
1056	291 
1057	150 
1058	80 
1059	191 
1060	232 
1061	60 
1062	56 
1063	12 
1064	189 
1065	258 
1066	271 
1067	251 
1068	251 
1069	80 
1070	36 
1071	261 
1072	270 
1073	24 29 55 130 131 142 212 303 
1074	39 
1075	195 
1076	13 
1077	234 
1078	342 
1079	221 
1080	202 
1081	32 
1082	60 
1083	182 
1084	23 
1085	344 
1086	333 
1087	142 
1088	254 
1089	301 
1090	43 
1091	58 
1092	58 115 116 123 132 221 265 302 
1093	9 
1094	198 
1095	348 
1096	190 
1097	19 30 107 192 195 261 286 305 
1098	206 
1099	268 
1100	248 
1101	72 
1102	281 
1103	110 
1104	278 
1105	296 
1106	269 
1107	254 
1108	142 
1109	12 
1110	142 
1111	151 
1112	21 59 103 216 218 275 310 317 
1113	225 
1114	175 
1115	207 
1116	104 
1117	84 
1118	303 
1119	69 
1120	50 89 110 129 137 196 264 326 
1121	31 
1122	13 51 114 131 186 199 277 303 
1123	165 
1124	112 
1125	85 
1126	93 111 123 135 139 185 187 261 
1127	295 
1128	220 
1129	154 
1130	225 
1131	246 
1132	181 
1133	170 
1134	321 
1135	66 
1136	140 
1137	125 
1138	185 
1139	259 
1140	350 
1141	184 
1142	270 
1143	95 
1144	33 
1145	136 
1146	262 
1147	15 
1148	261 
1149	146 
1150	234 
1151	174 
1152	296 
1153	118 
1154	21 60 131 139 205 269 292 299 
1155	325 
1156	53 
1157	198 
1158	155 
1159	86 
1160	239 
1161	30 
1162	176 
1163	64 
1164	303 
1165	322 
1166	80 
1167	218 
1168	90 
1169	38 
1170	133 
1171	335 
1172	41 74 124 156 223 239 342 343 
1173	106 
1174	319 
1175	49 
1176	232 
1177	301 
1178	195 
1179	303 
1180	275 
1181	280 
1182	90 
1183	191 
1184	64 122 170 222 241 248 326 336 
1185	185 
1186	140 
1187	240 
1188	298 
1189	97 
1190	190 
1191	120 
1192	13 113 154 214 235 310 323 348 
1193	90 
1194	26 
1195	251 
1196	191 
1197	126 
1198	298 
1199	38 42 118 163 232 233 269 327 
1200	101 
1201	139 
1202	175 
1203	214 
1204	41 
1205	240 
1206	221 
1207	305 
1208	59 
1209	6 20 44 52 61 98 141 216 
1210	115 131 193 225 240 243 286 290 
1211	82 
1212	140 
1213	21 58 112 137 225 227 293 314 
1214	151 
1215	49 
1216	86 
1217	50 
1218	134 
1219	150 
1220	295 
1221	175 
1222	337 
1223	211 
1224	34 
1225	347 
1226	263 
1227	279 
1228	349 
1229	11 24 81 136 207 248 259 279 
1230	38 
1231	102 
1232	254 
1233	53 64 72 113 186 198 211 323 
1234	331 
1235	249 
1236	49 
1237	168 
1238	235 
1239	232 
1240	6 39 48 102 112 138 141 314 
1241	15 19 121 122 233 244 305 317 
1242	323 
1243	51 85 97 160 171 206 304 342 
1244	226 
1245	15 
1246	32 
1247	232 
1248	121 
1249	30 
1250	45 52 124 129 185 212 244 271 
1251	101 
1252	229 
1253	279 
1254	225 
1255	179 
1256	70 
1257	45 
1258	231 
1259	175 
1260	32 95 134 261 267 290 324 331 
1261	293 
1262	309 
1263	319 
1264	105 
1265	190 
1266	142 
1267	164 
1268	255 
1269	269 
1270	203 
1271	14 
1272	338 
1273	207 
1274	80 
1275	30 62 85 201 221 237 291 344 
1276	270 
1277	263 
1278	67 
1279	285 
1280	186 
1281	39 
1282	152 
1283	323 
1284	206 
1285	75 
1286	231 
1287	17 34 51 85 131 259 262 349 
1288	198 
1289	103 
1290	1 92 115 173 186 206 217 334 
1291	17 30 107 150 175 178 234 280 
1292	31 
1293	209 
1294	133 
1295	315 
1296	201 
1297	295 
1298	70 
1299	176 
1300	279 
1301	213 
1302	4 
1303	335 
1304	265 
1305	305 
1306	56 
1307	345 
1308	292 
1309	63 
1310	118 
1311	159 
1312	149 
1313	248 
1314	7 
1315	197 
1316	104 
1317	214 
1318	142 
1319	69 
1320	329 
1321	141 
1322	317 
1323	110 
1324	312 
1325	41 53 88 93 209 214 281 293 
1326	115 
1327	131 
1328	167 
1329	271 
1330	171 
1331	251 
1332	110 
1333	115 
1334	96 228 264 269 281 296 303 346 
1335	263 
1336	80 
1337	138 
1338	74 
1339	26 
1340	75 
1341	199 
1342	336 
1343	169 
1344	38 125 141 145 235 264 281 332 
1345	62 103 147 164 194 227 254 305 
1346	276 
1347	345 
1348	167 
1349	38 45 104 142 198 216 261 315 
1350	186 
1351	146 
1352	200 
1353	166 
1354	137 
1355	331 
1356	183 
1357	275 
1358	4 15 16 85 104 202 220 284 
1359	322 
1360	15 30 171 226 229 276 283 338 
1361	291 
1362	63 
1363	46 64 86 89 93 155 195 320 
1364	157 
1365	121 
1366	341 
1367	171 
1368	125 
1369	202 
1370	99 
1371	80 
1372	101 
1373	49 
1374	85 
1375	314 
1376	282 
1377	59 137 191 205 234 258 270 312 
1378	64 
1379	1 72 103 113 189 209 330 336 
1380	131 
1381	310 
1382	271 
1383	37 90 139 161 166 238 261 278 
1384	84 
1385	226 
1386	206 
1387	103 
1388	334 
1389	180 
1390	118 
1391	88 
1392	240 
1393	324 
1394	79 
1395	296 
1396	291 
1397	17 
1398	122 
1399	216 
1400	73 
1401	131 
1402	331 
1403	107 
1404	281 
1405	13 162 202 248 249 268 301 343 
1406	217 
1407	34 103 117 136 177 247 305 349 
1408	3 
1409	337 
1410	65 
1411	300 
1412	124 
1413	302 
1414	331 
1415	176 
1416	72 
1417	202 
1418	147 
1419	235 
1420	19 
1421	166 
1422	236 
1423	231 
1424	45 
1425	336 
1426	240 
1427	169 
1428	10 
1429	284 
1430	131 
1431	15 
1432	7 
1433	160 
1434	341 
1435	111 
1436	10 
1437	314 
1438	281 
1439	231 
1440	57 
1441	221 
1442	210 
1443	67 
1444	322 
1445	240 
1446	69 
1447	201 
1448	201 
1449	329 
1450	21 
1451	237 
1452	34 72 80 112 155 239 263 316 
1453	220 
1454	128 
1455	190 
1456	332 
1457	30 
1458	13 73 115 137 199 207 213 288 
1459	184 
1460	41 
1461	63 
1462	102 
1463	290 
1464	329 
1465	61 
1466	188 
1467	104 
1468	60 
1469	327 
1470	285 
1471	316 
1472	240 
1473	304 
1474	55 
1475	181 
1476	273 
1477	21 38 53 110 139 166 261 298 
1478	60 
1479	64 
1480	150 
1481	297 
1482	255 
1483	329 
1484	186 
1485	281 
1486	21 
1487	315 
1488	44 
1489	227 
1490	50 71 118 218 239 272 291 335 
1491	41 
1492	142 
1493	309 
1494	90 
1495	281 
1496	30 
1497	33 
1498	323 
1499	9 52 109 126 198 253 279 285 
1500	293 
1501	268 
1502	137 
1503	11 
1504	160 
1505	83 
1506	80 
1507	35 46 68 73 90 91 284 331 
1508	267 
1509	217 
1510	261 
1511	241 
1512	197 
1513	37 
1514	33 
1515	250 
1516	149 
1517	270 
1518	157 
1519	48 
1520	9 
1521	224 
1522	346 
1523	335 
1524	71 
1525	3 
1526	295 
1527	46 
1528	15 
1529	11 46 115 148 166 243 317 337 
1530	136 
1531	110 
1532	154 
1533	313 
1534	175 
1535	308 
1536	201 
1537	231 
1538	232 
1539	288 
1540	10 
1541	296 
1542	28 
1543	59 177 180 224 250 252 334 336 
1544	7 
1545	155 
1546	142 
1547	84 
1548	5 
1549	215 
1550	80 
1551	193 
1552	285 
1553	339 
1554	205 
1555	297 
1556	30 
1557	183 
1558	19 56 73 79 200 218 248 267 
1559	130 
1560	163 
1561	336 
1562	224 
1563	41 115 158 272 277 285 290 338 
1564	255 
1565	21 
1566	3 
1567	87 
1568	270 
1569	163 
1570	295 
1571	296 
1572	21 
1573	295 
1574	246 
1575	128 
1576	75 
1577	259 
1578	46 
1579	158 
1580	179 
1581	297 
1582	322 
1583	16 
1584	342 
1585	334 
1586	17 
1587	150 
1588	49 
1589	160 
1590	189 
1591	318 
1592	330 
1593	58 
1594	49 
1595	243 
1596	228 
1597	127 
1598	246 
1599	53 93 129 188 195 307 317 329 
1600	201 
1601	343 
1602	58 64 120 121 149 190 239 265 
1603	36 56 150 222 270 295 308 332 
1604	198 
1605	40 
1606	38 
1607	206 
1608	20 52 72 85 130 238 245 325 
1609	312 
1610	15 172 237 270 279 317 339 344 
1611	152 
1612	245 
1613	334 
1614	211 
1615	289 
1616	181 
1617	98 
1618	143 
1619	65 
1620	63 
1621	311 
1622	55 76 82 103 154 249 267 313 
1623	310 
1624	150 
1625	131 
1626	345 
1627	17 82 124 162 201 221 317 332 
1628	138 
1629	66 
1630	228 
1631	254 
1632	16 46 121 159 177 211 221 295 
1633	342 
1634	71 
1635	166 
1636	22 
1637	216 
1638	130 
1639	136 
1640	155 
1641	71 
1642	22 
1643	349 
1644	144 
1645	172 
1646	238 
1647	271 
1648	310 
1649	292 
1650	56 
1651	189 
1652	207 
1653	182 
1654	313 
1655	138 
1656	344 
1657	89 102 103 263 289 301 324 334 
1658	269 
1659	7 
1660	35 
1661	248 
1662	24 
1663	223 
1664	271 
1665	17 
1666	135 
1667	46 
1668	69 
1669	43 
1670	329 
1671	279 
1672	287 
1673	211 
1674	117 118 192 229 264 282 334 336 
1675	185 
1676	323 
1677	203 
1678	28 
1679	294 
1680	167 
1681	89 
1682	112 
1683	15 
1684	66 
1685	90 
1686	318 
1687	121 
1688	334 
1689	56 
1690	110 121 139 154 248 256 279 335 
1691	279 
1692	204 
1693	186 
1694	15 30 59 61 186 192 246 250 
1695	182 
1696	261 
1697	179 
1698	248 
1699	310 
1700	46 
1701	13 
1702	4 
1703	341 
1704	58 
1705	303 
1706	308 
1707	58 
1708	176 
1709	37 
1710	81 
1711	132 
1712	101 
1713	214 
1714	130 
1715	226 
1716	56 
1717	234 
1718	69 
1719	11 38 163 171 197 212 313 337 
1720	284 
1721	51 53 94 164 206 263 296 348 
1722	251 
1723	13 89 113 157 168 175 282 337 
1724	217 
1725	123 
1726	28 
1727	80 
1728	30 129 159 174 228 305 322 334 
1729	200 
1730	49 
1731	17 
1732	269 
1733	141 
1734	77 
1735	225 
1736	286 
1737	166 
1738	312 
1739	91 
1740	263 
1741	72 
1742	89 
1743	91 
1744	158 
1745	350 
1746	269 
1747	255 
1748	5 
1749	46 
1750	80 
1751	49 
1752	282 
1753	242 
1754	338 
1755	43 
1756	17 
1757	285 
1758	194 
1759	205 
1760	306 
1761	20 
1762	226 
1763	242 
1764	323 
1765	131 
1766	3 25 30 131 183 278 296 321 
1767	14 
1768	203 
1769	212 
1770	166 
1771	301 
1772	17 
1773	180 
1774	22 
1775	334 
1776	225 
1777	269 
1778	157 
1779	207 
1780	137 
1781	285 
1782	68 
1783	111 
1784	58 
1785	297 
1786	149 
1787	55 
1788	180 
1789	33 85 123 131 136 139 149 205 
1790	309 
1791	13 
1792	30 
1793	334 
1794	189 
1795	323 
1796	346 
1797	129 
1798	69 
1799	28 55 118 142 189 237 329 340 
1800	263 
1801	15 
1802	34 
1803	112 
1804	160 
1805	247 
1806	240 
1807	317 
1808	216 
1809	29 72 104 234 282 317 323 336 
1810	87 
1811	217 
1812	30 
1813	310 
1814	50 
1815	167 
1816	67 
1817	341 
1818	49 
1819	94 
1820	154 
1821	285 
1822	328 
1823	309 
1824	221 
1825	51 
1826	117 
1827	90 
1828	34 
1829	114 
1830	140 
1831	9 
1832	191 
1833	72 
1834	19 28 82 90 141 269 296 318 
1835	49 
1836	106 
1837	172 
1838	110 
1839	84 85 136 144 206 221 271 349 
1840	253 
1841	108 
1842	243 
1843	26 
1844	41 
1845	126 
1846	176 
1847	90 
1848	42 
1849	336 
1850	268 
1851	136 
1852	121 
1853	95 
1854	296 
1855	30 
1856	325 
1857	19 59 85 147 209 235 248 272 
1858	146 
1859	158 
1860	267 
1861	139 
1862	190 
1863	226 
1864	21 
1865	208 
1866	97 
1867	245 
1868	141 
1869	193 
1870	17 45 64 155 173 246 274 327 
1871	129 
1872	210 
1873	341 
1874	319 
1875	129 
1876	292 
1877	275 
1878	277 
1879	166 
1880	166 
1881	175 
1882	181 
1883	43 49 121 186 209 253 276 332 
1884	286 
1885	35 
1886	186 
1887	81 
1888	341 
1889	11 59 60 68 158 253 315 344 
1890	302 
1891	205 
1892	16 
1893	251 
1894	146 
1895	189 
1896	183 
1897	186 
1898	199 
1899	165 
1900	317 
1901	83 
1902	139 
1903	235 
1904	52 
1905	235 
1906	239 
1907	4 9 46 197 219 284 324 328 
1908	158 
1909	142 
1910	277 
1911	326 
1912	299 
1913	78 
1914	34 
1915	225 
1916	272 
1917	13 16 31 34 71 90 134 337 
1918	175 
1919	212 
1920	31 
1921	211 
1922	150 
1923	76 
1924	53 
1925	185 
1926	159 
1927	271 
1928	58 71 88 215 249 254 258 334 
1929	206 
1930	299 
1931	5 
1932	315 
1933	217 
1934	20 41 124 141 162 199 240 334 
1935	315 
1936	186 
1937	134 
1938	289 
1939	21 28 38 162 190 220 227 302 
1940	138 
1941	11 
1942	273 
1943	52 
1944	31 54 79 117 169 223 261 269 
1945	172 
1946	209 
1947	182 
1948	47 53 58 132 149 265 309 345 
1949	164 
1950	267 
1951	201 
1952	29 
1953	25 
1954	187 
1955	31 
1956	190 
1957	74 
1958	238 
1959	141 
1960	295 
1961	25 
1962	3 
1963	287 
1964	105 
1965	79 138 157 225 245 262 317 340 
1966	336 
1967	246 
1968	3 86 126 132 207 236 239 279 
1969	26 68 115 127 172 195 216 317 
1970	204 
1971	63 
1972	17 
1973	139 
1974	160 
1975	76 
1976	169 
1977	96 
1978	270 
1979	350 
1980	109 
1981	139 
1982	326 
1983	190 
1984	14 27 30 85 133 212 271 337 
1985	115 
1986	126 166 175 180 271 291 323 341 
1987	14 
1988	111 
1989	222 
1990	12 21 49 205 231 309 328 334 
1991	176 
1992	165 
1993	156 
1994	91 
1995	79 
1996	97 
1997	283 
1998	49 
1999	17 
2000	142 
2001	314 
2002	123 137 190 199 227 325 326 335 
2003	7 57 84 100 161 322 330 335 
2004	18 
2005	201 
2006	271 
2007	61 
2008	342 
2009	102 
2010	80 
2011	233 
2012	116 
2013	19 32 177 207 218 251 277 349 
2014	277 
2015	9 
2016	185 
2017	322 
2018	204 
2019	142 
2020	236 
2021	14 177 190 198 235 252 282 285 
2022	277 
2023	149 
2024	202 
2025	159 
2026	119 178 221 227 311 316 317 334 
2027	2 55 115 181 259 290 310 335 
2028	278 
2029	33 68 166 176 177 179 258 269 
2030	33 
2031	69 
2032	107 
2033	50 169 186 206 218 240 315 323 
2034	59 
2035	147 
2036	307 
2037	234 
2038	34 
2039	30 77 106 125 156 278 296 333 
2040	85 
2041	61 73 88 158 193 201 255 272 
2042	270 
2043	306 
2044	107 
2045	89 
2046	38 
2047	199 
2048	83 
2049	310 
2050	310 
2051	92 
2052	166 
2053	217 
2054	205 
2055	286 
2056	157 
2057	38 
2058	284 
2059	166 
2060	318 
2061	231 
2062	211 
2063	11 
2064	215 
2065	125 
2066	275 
2067	112 
2068	315 
2069	137 
2070	271 
2071	125 
2072	13 
2073	101 
2074	124 
2075	124 166 198 235 246 270 278 337 
2076	259 
2077	317 
2078	225 
2079	242 
2080	45 
2081	47 
2082	117 
2083	31 
2084	221 
2085	81 
2086	169 
2087	247 
2088	160 
2089	143 
2090	121 
2091	144 
2092	131 
2093	119 
2094	342 
2095	131 
2096	44 
2097	91 
2098	243 
2099	140 
2100	237 
2101	57 
2102	167 
2103	102 
2104	53 
2105	215 
2106	80 
2107	91 
2108	198 
2109	56 
2110	212 
2111	20 88 142 151 190 267 283 323 
2112	155 
2113	235 
2114	137 
2115	337 
2116	57 
2117	268 
2118	141 
2119	278 
2120	193 
2121	162 
2122	127 
2123	50 
2124	22 
2125	60 
2126	142 
2127	2 
2128	167 
2129	292 
2130	32 43 53 83 142 143 326 334 
2131	255 
2132	185 
2133	249 
2134	84 87 88 150 171 204 235 270 
2135	110 
2136	262 
2137	2 
2138	82 
2139	31 59 140 143 225 231 249 254 
2140	295 
2141	329 
2142	46 58 90 107 159 191 251 315 
2143	270 
2144	107 
2145	316 
2146	107 
2147	238 
2148	221 
2149	137 
2150	295 
2151	143 
2152	347 
2153	287 
2154	253 
2155	78 
2156	16 88 131 158 239 253 275 319 
2157	264 
2158	166 
2159	295 
2160	253 
2161	21 
2162	64 
2163	107 164 180 207 245 281 295 300 
2164	262 
2165	5 41 77 99 128 131 136 251 
2166	201 
2167	221 
2168	31 
2169	343 
2170	273 
2171	14 69 75 156 164 226 232 299 
2172	6 
2173	350 
2174	278 
2175	41 
2176	48 
2177	281 
2178	104 
2179	175 
2180	30 61 207 210 277 296 312 342 
2181	170 
2182	95 
2183	200 
2184	13 
2185	318 
2186	116 
2187	273 
2188	100 
2189	15 
2190	317 
2191	299 
2192	107 
2193	118 
2194	221 
2195	253 
2196	239 
2197	11 71 86 131 173 187 271 274 
2198	15 
2199	53 
2200	295 
2201	244 
2202	89 
2203	17 35 66 77 97 158 186 267 
2204	115 
2205	112 129 146 159 173 301 303 309 
2206	88 150 221 243 246 279 293 300 
2207	244 
2208	35 
2209	171 
2210	45 121 133 175 197 261 262 266 
2211	225 
2212	159 
2213	185 
2214	101 
2215	57 
2216	56 
2217	130 
2218	225 
2219	132 
2220	197 
2221	59 
2222	231 
2223	35 46 88 111 116 192 279 343 
2224	109 
2225	290 
2226	39 82 88 143 242 269 274 339 
2227	101 
2228	151 
2229	158 
2230	104 
2231	136 
2232	178 
2233	70 
2234	270 
2235	146 
2236	66 
2237	216 
2238	283 
2239	84 
2240	24 43 50 65 84 102 213 298 
2241	178 
2242	89 
2243	72 
2244	335 
2245	115 
2246	315 
2247	85 
2248	169 
2249	330 
2250	13 
2251	29 
2252	129 
2253	92 
2254	262 
2255	335 
2256	122 
2257	148 198 229 239 295 317 335 336 
2258	84 
2259	269 
2260	145 
2261	305 
2262	333 
2263	264 
2264	47 
2265	13 55 123 154 184 219 241 349 
2266	8 52 72 162 259 274 320 326 
2267	201 
2268	224 
2269	21 
2270	44 
2271	225 
2272	283 
2273	123 
2274	323 
2275	180 
2276	53 102 214 238 254 287 291 295 
2277	209 
2278	105 
2279	166 
2280	11 120 122 227 238 258 323 326 
2281	52 
2282	90 
2283	36 
2284	30 
2285	76 
2286	227 
2287	108 
2288	302 
2289	170 
2290	250 
2291	166 
2292	158 
2293	140 
2294	30 31 60 76 80 287 291 316 
2295	233 
2296	301 
2297	301 
2298	126 
2299	26 50 75 107 153 214 270 324 
2300	263 
2301	14 
2302	206 
2303	201 
2304	328 
2305	208 
2306	53 
2307	144 
2308	213 
2309	138 
2310	271 
2311	131 
2312	26 
2313	14 
2314	140 
2315	20 
2316	64 
2317	213 
2318	53 
2319	306 
2320	299 
2321	85 
2322	69 125 158 187 205 242 253 279 
2323	96 
2324	217 
2325	299 
2326	95 
2327	135 
2328	37 
2329	281 
2330	80 
2331	179 
2332	50 
2333	28 52 62 65 83 86 186 263 
2334	19 
2335	116 
2336	272 
2337	313 
2338	27 56 187 224 251 271 329 344 
2339	282 
2340	19 112 129 234 246 297 322 347 
2341	115 
2342	80 
2343	97 
2344	83 
2345	106 
2346	80 
2347	208 
2348	190 
2349	82 
2350	338 
2351	71 
2352	72 102 131 136 172 221 229 323 
2353	313 
2354	3 30 41 83 125 135 139 331 
2355	102 126 236 238 241 250 278 313 
2356	89 
2357	321 
2358	121 
2359	16 75 102 161 167 254 270 287 
2360	158 
2361	86 
2362	337 
2363	156 
2364	277 
2365	102 
2366	294 
2367	273 
2368	80 
2369	214 
2370	25 
2371	350 
2372	129 
2373	95 
2374	91 
2375	232 
2376	85 
2377	175 
2378	277 
2379	139 
2380	279 
2381	285 
2382	83 
2383	314 
2384	279 
2385	192 
2386	14 
2387	250 
2388	271 
2389	107 
2390	30 
2391	12 
2392	248 
2393	190 
2394	53 69 106 169 207 241 291 336 
2395	41 
2396	158 
2397	83 
2398	253 
2399	99 
2400	110 
2401	260 
2402	120 
2403	239 
2404	10 
2405	142 184 198 227 246 272 280 312 
2406	254 
2407	295 
2408	210 
2409	50 
2410	129 
2411	279 
2412	201 
2413	43 45 83 121 150 151 207 211 
2414	86 
2415	51 
2416	231 
2417	152 
2418	57 
2419	154 
2420	197 
2421	16 
2422	195 
2423	207 
2424	85 
2425	87 
2426	212 
2427	22 
2428	240 
2429	183 
2430	241 
2431	63 
2432	130 
2433	12 35 126 152 164 229 237 279 
2434	151 
2435	43 68 80 108 183 242 259 332 
2436	146 
2437	101 
2438	217 
2439	8 69 83 95 116 171 334 344 
2440	256 
2441	255 
2442	265 
2443	305 
2444	185 
2445	158 
2446	126 
2447	254 
2448	112 
2449	270 
2450	203 
2451	82 
2452	259 
2453	31 57 150 164 180 203 253 304 
2454	240 
2455	213 
2456	46 
2457	129 
2458	211 
2459	213 
2460	315 
2461	16 
2462	185 
2463	119 
2464	221 
2465	146 
2466	217 
2467	7 58 127 129 144 175 194 329 
2468	104 
2469	66 87 132 167 192 233 314 318 
2470	10 31 80 105 139 196 201 245 
2471	281 
2472	283 
2473	277 
2474	122 
2475	122 
2476	32 
2477	76 
2478	11 15 56 97 103 198 258 323 
2479	279 
2480	75 112 124 142 191 221 266 332 
2481	349 
2482	118 
2483	92 
2484	274 
2485	335 
2486	111 
2487	53 
2488	217 
2489	311 
2490	247 
2491	229 
2492	348 
2493	127 
2494	15 36 49 60 212 254 281 295 
2495	337 
2496	33 
2497	305 
2498	237 
2499	334 
2500	135 
2501	137 
2502	9 
2503	25 
2504	321 
2505	118 
2506	38 
2507	334 
2508	326 
2509	235 
2510	316 
2511	174 
2512	6 
2513	186 
2514	133 
2515	19 
2516	98 
2517	226 
2518	278 
2519	205 
2520	250 
2521	221 
2522	207 
2523	21 120 230 250 271 294 310 315 
2524	158 
2525	76 95 175 204 316 329 331 338 
2526	17 
2527	190 
2528	294 
2529	76 
2530	258 
2531	239 
2532	139 
2533	55 63 122 168 183 224 269 271 
2534	41 
2535	63 
2536	85 
2537	320 
2538	343 
2539	201 
2540	103 
2541	266 
2542	243 
2543	71 
2544	269 
2545	255 
2546	62 
2547	122 
2548	341 
2549	66 
2550	201 
2551	313 
2552	245 
2553	263 
2554	103 
2555	54 
2556	185 
2557	109 
2558	8 
2559	102 
2560	222 
2561	350 
2562	255 
2563	349 
2564	245 
2565	162 
2566	211 
2567	177 
2568	187 
2569	327 
2570	161 
2571	16 
2572	56 
2573	51 
2574	125 
2575	347 
2576	235 
2577	48 72 137 149 164 177 192 338 
2578	146 
2579	344 
2580	17 
2581	31 32 48 160 168 172 206 221 
2582	196 
2583	323 
2584	150 
2585	316 
2586	137 
2587	216 
2588	259 
2589	21 
2590	31 38 61 136 167 212 242 347 
2591	189 
2592	104 
2593	261 
2594	87 
2595	337 
2596	150 
2597	117 
2598	309 
2599	190 
2600	6 
2601	198 
2602	146 
2603	189 
2604	190 
2605	36 58 71 171 185 281 300 348 
2606	117 141 142 158 166 171 176 261 
2607	335 
2608	202 
2609	137 
2610	340 
2611	165 
2612	328 
2613	191 
2614	148 
2615	71 
2616	300 
2617	222 
2618	261 
2619	83 
2620	337 
2621	89 
2622	131 
2623	240 
2624	248 
2625	76 
2626	56 
2627	106 
2628	46 
2629	50 
2630	259 
2631	166 
2632	153 
2633	125 
2634	125 
2635	314 
2636	107 
2637	304 
2638	240 
2639	281 
2640	53 
2641	219 
2642	217 
2643	94 
2644	8 
2645	46 
2646	221 
2647	136 
2648	160 
2649	17 96 129 131 162 303 309 326 
2650	241 
2651	234 
2652	23 
2653	54 
2654	142 
2655	5 
2656	74 
2657	257 
2658	223 
2659	224 
2660	315 
2661	193 
2662	105 
2663	104 
2664	43 
2665	102 
2666	43 78 126 166 194 230 238 258 
2667	279 
2668	329 
2669	139 
2670	175 
2671	21 
2672	56 69 146 200 206 235 259 326 
2673	325 
2674	62 148 160 168 230 279 295 316 
2675	6 31 74 171 177 321 342 348 
2676	285 
2677	314 
2678	119 139 140 200 253 279 282 349 
2679	74 
2680	138 
2681	282 
2682	163 
2683	314 
2684	41 
2685	82 
2686	155 
2687	104 
2688	206 
2689	274 
2690	140 
2691	183 
2692	213 
2693	61 
2694	150 
2695	118 
2696	42 53 109 136 139 239 315 326 
2697	317 
2698	31 
2699	303 
2700	225 
2701	248 
2702	128 
2703	167 
2704	324 
2705	313 
2706	288 
2707	34 125 235 239 243 271 279 323 
2708	147 
2709	206 
2710	22 
2711	238 
2712	110 
2713	221 
2714	240 
2715	84 
2716	330 
2717	107 
2718	137 
2719	31 79 107 136 142 183 236 332 
2720	229 
2721	271 
2722	181 
2723	66 
2724	81 
2725	340 
2726	51 
2727	99 
2728	106 
2729	71 
2730	78 
2731	239 
2732	237 
2733	315 
2734	341 
2735	255 
2736	93 
2737	156 
2738	126 
2739	18 
2740	12 
2741	320 
2742	235 
2743	50 80 91 154 168 192 323 326 
2744	14 59 64 119 180 220 241 329 
2745	3 58 138 147 175 207 263 296 
2746	60 
2747	177 
2748	320 
2749	246 
2750	156 
2751	105 
2752	112 
2753	263 
2754	225 
2755	207 
2756	55 
2757	276 
2758	321 
2759	171 
2760	170 
2761	53 
2762	272 
2763	268 
2764	305 
2765	53 
2766	214 
2767	240 
2768	309 
2769	178 
2770	285 
2771	342 
2772	58 239 260 283 303 311 314 317 
2773	287 
2774	131 
2775	347 
2776	55 
2777	116 
2778	154 
2779	139 
2780	270 
2781	98 148 185 186 197 211 345 349 
2782	326 
2783	326 
2784	237 
2785	60 
2786	261 
2787	295 
2788	314 
2789	137 
2790	175 
2791	44 
2792	270 
2793	348 
2794	52 
2795	55 58 118 182 201 220 295 344 
2796	42 
2797	325 
2798	217 
2799	55 
2800	173 
2801	230 
2802	176 
2803	104 
2804	19 
2805	185 
2806	169 207 213 232 240 263 282 291 
2807	163 
2808	338 
2809	256 
2810	33 
2811	109 
2812	211 
2813	139 
2814	307 
2815	147 
2816	83 
2817	335 
2818	25 
2819	21 45 71 85 201 221 321 349 
2820	258 
2821	207 
2822	291 
2823	201 
2824	252 
2825	253 
2826	28 
2827	179 
2828	349 
2829	166 
2830	168 
2831	287 
2832	172 
2833	92 
2834	224 
2835	215 
2836	166 
2837	250 
2838	281 
2839	237 
2840	313 
2841	229 
2842	281 
2843	204 
2844	323 
2845	263 
2846	204 
2847	305 
2848	334 
2849	281 
2850	335 
2851	103 
2852	335 
2853	175 
2854	179 
2855	295 
2856	226 
2857	169 
2858	83 
2859	76 
2860	54 
2861	188 
2862	278 
2863	167 
2864	30 
2865	219 
2866	127 
2867	190 
2868	239 
2869	155 
2870	23 78 82 114 115 148 185 334 
2871	145 185 215 221 248 261 295 306 
2872	137 
2873	38 
2874	75 
2875	185 
2876	118 
2877	270 
2878	207 
2879	204 
2880	271 
2881	50 75 112 121 131 255 263 336 
2882	62 
2883	273 
2884	6 
2885	159 
2886	335 
2887	300 
2888	226 
2889	263 
2890	31 
2891	69 
2892	159 
2893	240 
2894	58 
2895	274 
2896	347 
2897	339 
2898	106 
2899	241 
2900	275 
2901	146 
2902	7 66 171 175 249 291 305 337 
2903	172 
2904	15 
2905	76 
2906	277 
2907	349 
2908	296 
2909	274 
2910	229 
2911	8 
2912	70 
2913	165 
2914	198 
2915	337 
2916	198 
2917	4 
2918	100 
2919	129 
2920	213 
2921	164 
2922	23 35 56 74 138 172 201 290 
2923	261 
2924	21 
2925	214 
2926	163 
2927	139 
2928	269 
2929	260 
2930	12 53 64 83 117 137 210 340 
2931	183 
2932	258 
2933	251 
2934	167 
2935	10 
2936	259 
2937	345 
2938	235 
2939	43 
2940	230 
2941	281 
2942	137 
2943	349 
2944	77 
2945	305 
2946	98 
2947	225 
2948	294 
2949	85 
2950	314 
2951	19 
2952	180 
2953	183 
2954	250 
2955	129 
2956	4 
2957	242 
2958	235 
2959	329 
2960	79 
2961	11 
2962	330 
2963	243 
2964	295 
2965	138 
2966	60 85 186 283 287 318 327 337 
2967	182 
2968	318 
2969	78 
2970	147 
2971	53 
2972	229 
2973	28 
2974	317 
2975	106 
2976	49 
2977	211 
2978	158 
2979	271 
2980	27 
2981	18 
2982	23 
2983	83 
2984	247 
2985	129 
2986	281 
2987	91 
2988	233 
2989	205 
2990	83 
2991	239 
2992	245 
2993	329 
2994	34 
2995	17 21 37 141 201 234 266 319 
2996	150 
2997	7 105 136 146 153 242 286 333 
2998	34 35 43 50 139 202 212 261 
2999	102 
3000	89 
3001	246 
3002	290 
3003	81 
3004	152 
3005	258 
3006	183 
3007	15 51 55 154 172 174 207 312 
3008	85 
3009	255 
3010	299 
3011	40 76 105 109 224 335 337 339 
3012	51 57 85 147 166 173 178 279 
3013	292 
3014	198 
3015	134 
3016	337 
3017	85 
3018	64 
3019	15 
3020	140 157 175 189 201 204 268 279 
3021	21 89 107 258 276 281 326 350 
3022	93 
3023	195 
3024	90 
3025	40 
3026	223 
3027	86 
3028	126 
3029	200 
3030	149 
3031	125 
3032	331 
3033	35 
3034	65 
3035	170 
3036	67 
3037	52 141 204 217 235 253 269 337 
3038	282 
3039	195 
3040	345 
3041	181 
3042	16 
3043	110 
3044	295 
3045	317 
3046	172 
3047	166 
3048	323 
3049	201 
3050	142 
3051	260 
3052	89 99 226 258 276 282 303 307 
3053	95 
3054	10 44 141 177 213 228 298 329 
3055	207 
3056	13 42 52 80 190 193 285 338 
3057	258 
3058	51 
3059	14 
3060	124 
3061	66 
3062	28 
3063	61 
3064	142 
3065	317 
3066	231 
3067	9 
3068	204 
3069	61 
3070	322 
3071	142 
3072	180 
3073	23 
3074	285 
3075	135 
3076	131 
3077	43 
3078	211 
3079	336 
3080	34 80 112 155 206 217 236 270 
3081	201 
3082	225 
3083	206 
3084	15 
3085	44 
3086	193 
3087	77 
3088	293 
3089	14 
3090	258 
3091	259 
3092	284 
3093	16 
3094	129 
3095	145 
3096	212 
3097	326 
3098	333 
3099	28 
3100	290 
3101	18 23 72 210 253 280 297 323 
3102	5 40 74 137 179 190 224 240 
3103	18 69 136 158 168 229 282 313 
3104	102 
3105	153 
3106	249 
3107	154 
3108	47 
3109	107 
3110	80 
3111	61 
3112	292 
3113	65 
3114	117 
3115	63 
3116	309 
3117	139 
3118	250 
3119	158 
3120	285 
3121	288 
3122	171 
3123	148 
3124	150 
3125	8 88 90 97 133 167 197 323 
3126	17 24 50 81 118 138 164 313 
3127	53 
3128	21 
3129	19 
3130	229 
3131	106 
3132	66 
3133	39 45 95 146 185 229 329 336 
3134	344 
3135	47 
3136	115 
3137	154 
3138	313 
3139	85 
3140	211 
3141	274 
3142	142 
3143	269 
3144	239 
3145	277 
3146	45 
3147	270 
3148	274 
3149	347 
3150	88 
3151	240 
3152	224 
3153	115 
3154	58 
3155	181 
3156	45 
3157	49 66 205 235 236 263 284 313 
3158	98 
3159	69 
3160	334 
3161	290 
3162	79 
3163	150 
3164	89 
3165	164 
3166	310 
3167	269 
3168	50 
3169	38 66 75 85 86 159 162 281 
3170	7 11 44 105 116 134 172 317 
3171	38 60 141 211 217 240 248 315 
3172	245 
3173	30 43 45 121 190 229 254 304 
3174	53 
3175	16 
3176	81 
3177	193 
3178	175 
3179	158 
3180	63 
3181	312 
3182	5 18 147 154 193 219 305 322 
3183	157 
3184	123 
3185	21 24 34 41 140 158 162 190 
3186	100 
3187	122 
3188	116 
3189	17 
3190	17 57 69 73 84 166 181 298 
3191	323 
3192	167 
3193	304 
3194	84 
3195	15 
3196	326 
3197	259 
3198	46 
3199	333 
3200	321 
3201	13 
3202	49 
3203	333 
3204	37 41 43 71 84 193 219 315 
3205	202 
3206	61 92 185 193 196 276 293 297 
3207	229 
3208	225 
3209	84 120 136 164 215 252 311 327 
3210	9 38 89 132 191 245 329 335 
3211	269 
3212	290 
3213	134 
3214	342 
3215	97 
3216	108 
3217	270 
3218	70 
3219	196 
3220	137 
3221	15 
3222	190 
3223	10 
3224	53 
3225	260 
3226	103 
3227	217 
3228	145 
3229	89 
3230	305 
3231	66 
3232	326 
3233	121 
3234	1 
3235	140 
3236	210 
3237	282 
3238	15 
3239	308 
3240	50 
3241	246 
3242	347 
3243	245 
3244	269 
3245	114 
3246	344 
3247	287 
3248	257 
3249	108 
3250	269 
3251	13 53 54 80 110 203 215 261 
3252	317 
3253	173 
3254	302 
3255	200 
3256	239 
3257	64 
3258	21 
3259	290 
3260	132 
3261	11 110 136 166 171 192 201 204 
3262	160 
3263	141 
3264	59 
3265	202 
3266	213 
3267	63 
3268	198 
3269	225 
3270	229 
3271	332 
3272	142 
3273	44 
3274	136 
3275	8 
3276	158 
3277	21 
3278	55 
3279	46 
3280	212 
3281	63 
3282	315 
3283	87 190 250 258 287 329 330 344 
3284	211 
3285	312 
3286	135 
3287	329 
3288	142 
3289	126 
3290	325 
3291	149 
3292	4 
3293	288 
3294	214 
3295	18 
3296	1 56 163 255 279 328 333 336 
3297	142 
3298	285 
3299	54 
3300	25 
3301	240 
3302	61 
3303	155 
3304	16 
3305	55 
3306	139 
3307	45 
3308	71 99 130 181 216 226 289 315 
3309	167 
3310	326 
3311	64 
3312	209 
3313	327 
3314	297 
3315	152 
3316	94 
3317	227 
3318	275 
3319	103 
3320	115 
3321	238 
3322	113 
3323	278 
3324	340 
3325	19 
3326	330 
3327	54 
3328	273 
3329	57 
3330	180 
3331	252 
3332	349 
3333	164 
3334	19 76 116 122 123 130 157 169 
3335	72 
3336	318 
3337	150 
3338	207 
3339	347 
3340	248 
3341	349 
3342	98 
3343	88 
3344	56 
3345	247 
3346	16 28 31 32 113 134 257 337 
3347	213 
3348	244 
3349	17 
3350	257 
3351	334 
3352	269 
3353	23 58 84 95 118 205 213 221 
3354	131 
3355	152 
3356	266 
3357	55 
3358	221 
3359	38 
3360	285 
3361	53 
3362	177 
3363	160 
3364	261 
3365	310 
3366	101 
3367	303 
3368	292 
3369	212 
3370	177 
3371	122 
3372	216 
3373	11 112 151 164 171 172 324 342 
3374	118 
3375	275 
3376	69 
3377	214 
3378	186 
3379	226 
3380	145 167 175 181 185 201 211 222 
3381	343 
3382	223 
3383	107 
3384	232 
3385	212 
3386	265 
3387	31 
3388	317 
3389	227 
3390	66 69 83 166 226 283 309 317 
3391	301 
3392	199 
3393	6 
3394	90 
3395	123 
3396	243 
3397	313 
3398	39 66 238 245 259 265 285 334 
3399	85 
3400	167 
3401	185 
3402	182 
3403	38 
3404	201 
3405	159 
3406	80 
3407	186 
3408	170 
3409	103 
3410	154 
3411	122 
3412	207 
3413	35 154 160 252 256 263 310 334 
3414	309 
3415	46 66 94 116 207 253 287 301 
3416	236 
3417	230 
3418	179 
3419	190 
3420	152 
3421	331 
3422	276 
3423	112 
3424	298 
3425	227 
3426	203 
3427	7 
3428	261 
3429	232 
3430	136 
3431	142 
3432	328 
3433	324 
3434	79 
3435	223 
3436	208 
3437	34 
3438	238 
3439	278 
3440	107 
3441	51 
3442	7 
3443	99 
3444	188 
3445	287 
3446	55 
3447	141 
3448	83 
3449	211 
3450	165 
3451	330 
3452	45 
3453	113 
3454	149 
3455	277 
3456	269 
3457	150 
3458	253 
3459	212 
3460	307 
3461	14 
3462	1 
3463	172 
3464	252 
3465	301 
3466	199 
3467	21 112 130 174 195 223 270 349 
3468	15 
3469	235 
3470	93 
3471	142 
3472	78 
3473	71 
3474	346 
3475	290 
3476	344 
3477	167 
3478	5 33 47 71 85 158 162 271 
3479	346 
3480	3 
3481	197 
3482	122 129 143 148 232 277 295 346 
3483	273 
3484	200 
3485	208 
3486	208 
3487	146 
3488	158 
3489	311 
3490	271 
3491	50 171 253 257 271 277 303 339 
3492	280 
3493	137 
3494	148 
3495	187 
3496	180 
3497	324 
3498	195 
3499	116 
3500	329 
3501	50 118 139 172 178 225 242 254 
3502	232 
3503	303 
3504	295 
3505	117 
3506	185 
3507	2 6 18 22 27 55 121 306 
3508	81 
3509	339 
3510	295 
3511	144 
3512	32 
3513	47 
3514	58 
3515	339 
3516	266 
3517	49 
3518	48 
3519	329 
3520	72 
3521	116 
3522	331 
3523	12 
3524	183 
3525	185 
3526	301 
3527	339 
3528	21 63 103 113 122 171 181 258 
3529	171 
3530	45 
3531	161 
3532	221 
3533	151 
3534	93 
3535	331 
3536	58 
3537	14 
3538	42 
3539	30 
3540	267 
3541	137 
3542	3 
3543	251 
3544	66 
3545	337 
3546	227 
3547	173 
3548	295 
3549	195 
3550	228 
3551	251 
3552	90 
3553	117 
3554	245 
3555	261 
3556	202 
3557	56 
3558	227 
3559	140 
3560	307 
3561	329 
3562	136 
3563	190 
3564	109 
3565	282 
3566	187 
3567	144 
3568	18 
3569	135 
3570	4 80 84 121 205 269 282 290 
3571	329 
3572	19 74 178 179 180 277 281 315 
3573	99 
3574	176 
3575	245 
3576	239 
3577	33 42 51 65 74 136 250 312 
3578	297 
3579	187 
3580	322 
3581	118 
3582	272 
3583	298 
3584	92 
3585	184 
3586	248 
3587	145 
3588	92 
3589	32 46 87 176 200 202 209 283 
3590	138 
3591	142 
3592	205 
3593	139 
3594	32 
3595	2 41 87 178 215 236 240 286 
3596	305 
3597	48 
3598	206 
3599	165 
3600	282 
3601	146 
3602	272 
3603	129 
3604	110 
3605	270 
3606	314 
3607	308 
3608	112 
3609	244 
3610	40 
3611	294 
3612	291 
3613	80 
3614	348 
3615	227 
3616	175 
3617	304 
3618	170 
3619	332 
3620	336 
3621	129 
3622	123 
3623	137 
3624	308 
3625	317 
3626	112 
3627	232 
3628	137 
3629	25 34 45 80 83 118 161 227 
3630	345 
3631	51 
3632	227 
3633	30 
3634	326 
3635	181 
3636	271 
3637	90 
3638	272 
3639	250 
3640	349 
3641	320 
3642	207 
3643	207 
3644	16 
3645	82 
3646	224 
3647	164 
3648	279 
3649	2 154 219 270 282 326 339 350 
3650	64 65 97 138 160 181 249 261 
3651	235 
3652	173 
3653	121 
3654	11 19 32 60 106 184 226 334 
3655	79 158 168 253 277 285 315 317 
3656	77 
3657	248 
3658	115 
3659	115 
3660	18 
3661	96 
3662	349 
3663	198 
3664	101 
3665	90 
3666	154 
3667	169 
3668	132 
3669	198 
3670	314 
3671	329 
3672	337 
3673	11 
3674	337 
3675	30 31 84 112 182 192 225 332 
3676	31 
3677	260 
3678	283 
3679	339 
3680	222 
3681	349 
3682	9 149 156 161 237 239 263 295 
3683	31 115 161 167 226 240 258 281 
3684	270 
3685	89 
3686	329 
3687	115 
3688	63 
3689	226 
3690	114 
3691	300 
3692	146 
3693	48 
3694	30 40 46 94 114 230 261 297 
3695	92 151 152 206 227 259 277 278 
3696	227 
3697	15 
3698	231 
3699	248 
3700	42 
3701	174 
3702	52 
3703	93 
3704	164 
3705	43 44 67 141 160 206 312 342 
3706	175 
3707	167 
3708	309 
3709	118 129 146 181 225 226 229 296 
3710	40 93 110 115 241 254 271 332 
3711	93 146 171 206 212 259 326 349 
3712	172 
3713	316 
3714	35 
3715	6 97 161 186 205 218 227 231 
3716	202 
3717	58 149 151 202 269 271 277 306 
3718	275 
3719	100 
3720	3 
3721	50 114 120 156 200 224 259 270 
3722	321 
3723	101 
3724	212 
3725	76 
3726	313 
3727	279 
3728	80 
3729	106 
3730	349 
3731	271 
3732	323 
3733	348 
3734	315 
3735	229 
3736	115 
3737	5 
3738	123 
3739	121 
3740	38 46 79 121 125 139 154 259 
3741	108 
3742	171 
3743	335 
3744	110 
3745	348 
3746	133 
3747	110 
3748	273 
3749	322 
3750	160 
3751	57 
3752	159 
3753	69 
3754	134 
3755	283 
3756	315 
3757	294 
3758	54 63 112 143 164 205 237 273 
3759	21 144 169 248 254 284 324 348 
3760	32 
3761	269 
3762	69 
3763	164 
3764	100 
3765	39 
3766	21 
3767	106 
3768	203 
3769	118 
3770	237 
3771	45 
3772	94 
3773	87 
3774	184 
3775	257 
3776	155 
3777	201 
3778	153 
3779	123 
3780	232 
3781	212 
3782	306 
3783	82 115 126 150 215 243 313 334 
3784	163 
3785	221 
3786	226 
3787	49 
3788	33 
3789	118 
3790	29 44 64 76 90 137 267 337 
3791	136 
3792	76 
3793	286 
3794	45 
3795	212 
3796	316 
3797	85 
3798	323 
3799	102 
3800	322 
3801	180 
3802	118 
3803	217 
3804	56 163 167 180 193 200 243 276 
3805	234 
3806	45 75 128 137 189 225 285 310 
3807	281 
3808	41 81 102 126 212 219 275 331 
3809	287 
3810	9 
3811	138 163 176 214 255 266 293 329 
3812	139 
3813	247 
3814	90 
3815	22 
3816	123 
3817	36 46 67 121 160 192 262 333 
3818	47 
3819	88 
3820	137 
3821	17 54 64 78 126 137 180 197 
3822	190 
3823	66 
3824	274 
3825	257 
3826	339 
3827	277 
3828	56 
3829	64 
3830	271 
3831	334 
3832	191 
3833	201 
3834	58 74 157 165 167 180 253 338 
3835	142 
3836	250 
3837	334 
3838	277 
3839	139 
3840	241 
3841	66 
3842	9 43 74 147 203 227 292 337 
3843	204 
3844	201 
3845	55 
3846	164 
3847	32 
3848	122 
3849	342 
3850	306 
3851	125 
3852	85 
3853	296 
3854	251 
3855	53 
3856	181 
3857	166 
3858	155 
3859	213 
3860	168 
3861	237 
3862	7 
3863	34 75 136 182 278 282 316 347 
3864	152 
3865	29 
3866	218 
3867	247 
3868	90 
3869	167 
3870	287 
3871	14 39 159 180 231 245 252 259 
3872	252 
3873	34 
3874	120 
3875	280 
3876	251 
3877	82 
3878	277 
3879	75 
3880	118 
3881	76 
3882	43 
3883	274 
3884	39 
3885	168 
3886	267 
3887	31 
3888	347 
3889	245 
3890	34 
3891	32 
3892	337 
3893	343 
3894	330 
3895	50 
3896	258 
3897	264 
3898	279 
3899	350 
3900	323 
3901	171 
3902	335 
3903	120 
3904	339 
3905	281 
3906	24 
3907	339 
3908	121 
3909	46 67 72 166 172 175 244 261 
3910	129 
3911	56 
3912	227 
3913	269 
3914	175 
3915	239 
3916	312 
3917	149 
3918	150 172 204 206 221 277 333 338 
3919	65 
3920	205 
3921	303 
3922	84 
3923	184 
3924	248 
3925	109 
3926	177 
3927	89 
3928	235 
3929	2 
3930	147 
3931	318 
3932	201 
3933	136 
3934	172 
3935	45 
3936	221 
3937	31 
3938	4 55 56 115 138 144 205 259 
3939	28 
3940	205 
3941	175 
3942	190 
3943	107 
3944	21 49 115 125 201 237 302 305 
3945	215 
3946	88 
3947	198 
3948	72 
3949	179 
3950	150 
3951	136 
3952	210 
3953	161 
3954	50 70 145 185 207 245 247 344 
3955	144 
3956	226 
3957	61 
3958	91 
3959	107 
3960	287 
3961	240 
3962	186 
3963	209 
3964	129 
3965	206 
3966	141 
3967	105 
3968	68 
3969	138 
3970	311 
3971	281 
3972	210 
3973	229 
3974	41 47 54 104 172 219 261 308 
3975	349 
3976	153 
3977	138 
3978	312 
3979	75 
3980	135 
3981	189 
3982	25 88 107 129 175 204 232 260 
3983	166 
3984	108 128 140 161 164 167 187 312 
3985	283 
3986	336 
3987	205 
3988	41 
3989	278 
3990	200 
3991	278 
3992	158 
3993	180 
3994	70 
3995	77 
3996	75 
3997	154 
3998	337 
3999	43 
4000	9 
4001	281 
4002	312 
4003	99 
4004	30 50 71 100 214 285 317 333 
4005	237 
4006	259 
4007	193 
4008	241 
4009	30 
4010	349 
4011	214 
4012	334 
4013	291 
4014	258 
4015	3 16 172 177 205 207 210 321 
4016	157 
4017	56 
4018	174 
4019	295 
4020	9 48 73 158 199 224 271 335 
4021	123 
4022	109 
4023	31 
4024	346 
4025	84 
4026	87 
4027	213 
4028	304 
4029	221 
4030	42 
4031	324 
4032	207 
4033	224 
4034	251 
4035	8 18 108 178 241 261 270 313 
4036	50 
4037	71 
4038	59 
4039	229 
4040	207 
4041	175 
4042	44 
4043	81 
4044	82 
4045	319 
4046	139 
4047	105 
4048	28 
4049	18 45 118 183 260 284 313 345 
4050	167 
4051	21 
4052	308 
4053	39 
4054	303 
4055	161 
4056	28 
4057	315 
4058	298 
4059	20 
4060	98 
4061	46 
4062	246 
4063	163 
4064	328 
4065	262 
4066	278 
4067	143 
4068	93 
4069	66 103 124 146 220 221 239 246 
4070	346 
4071	52 
4072	164 
4073	43 
4074	30 
4075	35 174 185 200 246 271 319 326 
4076	61 
4077	326 
4078	227 
4079	158 
4080	106 
4081	240 
4082	339 
4083	88 
4084	79 
4085	272 
4086	241 
4087	327 
4088	1 3 68 112 207 227 258 326 
4089	155 
4090	246 
4091	115 
4092	320 
4093	14 
4094	26 84 102 180 281 293 308 347 
4095	150 
4096	167 
4097	13 
4098	285 
4099	320 
4100	225 
4101	33 
4102	164 
4103	217 
4104	272 
4105	249 
4106	168 
4107	106 
4108	59 
4109	117 
4110	293 
4111	139 
4112	323 
4113	159 
4114	330 
4115	31 
4116	79 188 271 274 291 317 326 335 
4117	92 
4118	279 
4119	139 
4120	84 
4121	56 
4122	55 
4123	275 
4124	243 
4125	196 
4126	300 
4127	145 
4128	24 31 78 84 89 94 151 233 
4129	322 
4130	118 
4131	235 
4132	342 
4133	19 
4134	64 
4135	181 
4136	278 
4137	308 
4138	269 
4139	75 96 159 172 199 243 261 329 
4140	313 
4141	16 
4142	32 
4143	3 
4144	254 
4145	69 
4146	62 
4147	50 
4148	71 
4149	10 
4150	338 
4151	167 
4152	30 
4153	217 
4154	269 
4155	258 
4156	7 
4157	71 
4158	166 
4159	141 
4160	239 
4161	47 89 121 157 166 177 180 213 
4162	279 
4163	85 
4164	149 
4165	38 43 64 90 91 112 222 263 
4166	198 
4167	142 
4168	238 
4169	258 
4170	19 
4171	179 
4172	56 
4173	230 
4174	332 
4175	80 88 176 182 185 207 281 307 
4176	237 
4177	214 
4178	54 
4179	180 
4180	289 
4181	172 
4182	121 
4183	322 
4184	258 
4185	281 
4186	198 
4187	285 
4188	214 
4189	139 
4190	263 
4191	198 
4192	90 
4193	214 
4194	276 
4195	328 
4196	114 
4197	157 166 221 242 258 260 318 338 
4198	122 
4199	91 
4200	60 
4201	171 
4202	64 
4203	221 
4204	34 44 158 177 201 253 258 295 
4205	138 180 201 225 235 238 241 342 
4206	38 
4207	253 
4208	270 
4209	8 14 45 74 75 88 221 307 
4210	57 80 84 105 186 200 228 251 
4211	223 
4212	67 
4213	261 
4214	41 
4215	276 
4216	329 
4217	13 
4218	57 
4219	56 63 166 187 217 232 239 346 
4220	270 
4221	308 
4222	32 47 52 83 84 95 176 257 
4223	44 
4224	192 
4225	182 
4226	1 16 45 186 261 264 319 329 
4227	41 82 105 197 207 221 300 320 
4228	116 
4229	240 
4230	84 
4231	327 
4232	305 
4233	254 
4234	331 
4235	51 
4236	142 
4237	344 
4238	112 
4239	107 
4240	149 
4241	110 
4242	273 
4243	157 
4244	125 
4245	46 
4246	285 
4247	231 
4248	270 
4249	249 
4250	81 
4251	45 
4252	258 
4253	61 
4254	57 
4255	345 
4256	56 
4257	138 
4258	14 
4259	50 133 138 181 205 208 279 312 
4260	46 
4261	48 61 110 155 243 256 267 319 
4262	57 
4263	271 
4264	197 
4265	18 
4266	214 
4267	74 
4268	160 
4269	140 
4270	295 
4271	67 
4272	37 
4273	79 
4274	58 
4275	121 
4276	16 
4277	156 
4278	130 
4279	190 
4280	253 
4281	71 
4282	172 
4283	213 
4284	304 
4285	281 
4286	56 
4287	69 
4288	279 
4289	137 
4290	271 
4291	30 
4292	66 
4293	271 
4294	81 
4295	270 
4296	61 64 103 118 139 140 269 296 
4297	33 
4298	19 
4299	66 
4300	282 
4301	107 
4302	282 
4303	214 
4304	98 
4305	166 
4306	55 
4307	172 
4308	58 
4309	283 
4310	84 
4311	34 53 81 106 145 214 320 331 
4312	138 
4313	136 
4314	302 
4315	85 
4316	287 
4317	234 
4318	7 17 127 195 203 236 284 296 
4319	285 
4320	66 
4321	35 
4322	21 55 64 66 109 229 283 299 
4323	107 
4324	226 
4325	71 
4326	315 
4327	207 
4328	104 
4329	39 41 112 212 228 278 281 342 
4330	335 
4331	158 
4332	72 
4333	33 
4334	225 
4335	15 
4336	161 
4337	31 
4338	122 
4339	15 
4340	56 73 87 125 190 197 252 324 
4341	45 
4342	229 
4343	141 
4344	1 
4345	60 
4346	234 
4347	207 
4348	98 
4349	235 
4350	43 102 112 181 258 282 310 316 
4351	195 
4352	35 
4353	223 
4354	329 
4355	31 
4356	7 
4357	16 
4358	198 
4359	251 
4360	346 
4361	123 
4362	312 
4363	198 
4364	331 
4365	177 
4366	13 
4367	26 38 49 209 260 267 331 339 
4368	60 
4369	282 
4370	108 150 162 212 221 236 251 256 
4371	345 
4372	292 
4373	58 
4374	302 
4375	198 
4376	49 
4377	225 
4378	301 
4379	21 48 52 71 96 162 283 323 
4380	322 
4381	38 
4382	138 
4383	75 
4384	117 
4385	67 
4386	43 98 110 111 127 165 268 286 
4387	5 14 72 88 159 229 320 338 
4388	31 
4389	295 
4390	154 
4391	227 
4392	199 
4393	184 
4394	208 
4395	207 
4396	45 
4397	136 
4398	58 66 68 110 180 188 271 274 
4399	48 
4400	185 
4401	67 
4402	53 
4403	198 
4404	214 
4405	263 
4406	336 
4407	140 
4408	236 
4409	3 57 82 234 252 304 342 343 
4410	57 
4411	183 
4412	207 
4413	49 
4414	155 
4415	175 
4416	204 
4417	159 
4418	69 
4419	339 
4420	103 
4421	232 
4422	316 
4423	107 
4424	206 
4425	45 
4426	334 
4427	322 
4428	27 45 92 126 217 251 325 336 
4429	15 
4430	275 
4431	4 
4432	79 
4433	126 
4434	121 125 167 185 201 220 223 256 
4435	344 
4436	310 
4437	313 
4438	117 159 225 234 250 262 278 317 
4439	81 
4440	225 
4441	72 
4442	200 
4443	217 
4444	175 
4445	126 
4446	231 
4447	227 
4448	75 
4449	114 
4450	17 
4451	163 
4452	226 
4453	90 
4454	305 
4455	116 
4456	211 
4457	150 
4458	13 
4459	15 73 74 118 122 213 316 323 
4460	187 
4461	58 
4462	269 
4463	53 
4464	28 
4465	34 
4466	55 
4467	231 
4468	163 
4469	313 
4470	255 
4471	13 
4472	55 90 116 152 206 229 235 315 
4473	126 
4474	199 
4475	53 
4476	278 
4477	239 
4478	176 
4479	242 
4480	18 
4481	61 
4482	214 
4483	277 
4484	122 
4485	18 
4486	240 
4487	234 
4488	121 
4489	72 
4490	249 
4491	235 
4492	285 
4493	284 
4494	253 
4495	59 112 113 156 206 211 281 347 
4496	232 
4497	16 107 123 139 193 203 239 309 
4498	6 
4499	323 
4500	13 66 158 190 264 268 277 297 
4501	55 69 187 245 253 263 284 329 
4502	314 
4503	38 
4504	198 
4505	322 
4506	177 
4507	312 
4508	232 
4509	118 
4510	223 
4511	227 
4512	63 
4513	338 
4514	206 
4515	205 
4516	74 
4517	71 
4518	312 
4519	310 
4520	57 
4521	105 
4522	323 
4523	195 
4524	345 
4525	2 
4526	123 
4527	184 
4528	21 
4529	6 
4530	28 
4531	281 
4532	297 
4533	61 94 240 250 272 277 287 344 
4534	305 
4535	295 
4536	250 
4537	336 
4538	81 
4539	327 
4540	79 
4541	338 
4542	141 
4543	177 
4544	162 
4545	146 
4546	88 
4547	103 
4548	67 
4549	19 30 105 112 180 194 223 333 
4550	11 
4551	240 
4552	140 
4553	121 
4554	1 42 70 120 194 212 241 327 
4555	253 
4556	216 
4557	195 
4558	56 
4559	322 
4560	147 
4561	107 
4562	239 
4563	79 
4564	52 
4565	305 
4566	190 
4567	241 
4568	248 
4569	171 
4570	104 107 115 118 131 176 271 337 
4571	322 
4572	171 
4573	330 
4574	151 
4575	154 
4576	227 
4577	82 
4578	17 
4579	223 
4580	16 19 90 115 190 320 324 336 
4581	154 
4582	16 177 193 209 234 235 259 324 
4583	136 
4584	295 
4585	92 
4586	159 
4587	317 
4588	69 
4589	41 
4590	61 
4591	138 
4592	116 
4593	101 
4594	235 
4595	146 
4596	329 
4597	74 
4598	278 
4599	76 
4600	339 
4601	34 
4602	316 
4603	198 
4604	71 
4605	92 
4606	101 
4607	28 
4608	53 
4609	17 
4610	312 
4611	159 
4612	92 
4613	20 85 177 200 241 256 305 312 
4614	237 
4615	243 
4616	75 
4617	85 
4618	242 
4619	259 
4620	200 
4621	242 
4622	282 
4623	16 27 121 146 158 162 190 312 
4624	14 18 29 125 129 141 293 322 
4625	43 102 121 135 175 233 274 305 
4626	245 
4627	259 
4628	315 
4629	180 
4630	146 
4631	137 
4632	15 
4633	269 
4634	202 
4635	76 
4636	7 37 60 72 194 214 217 255 
4637	211 
4638	107 
4639	61 104 212 240 269 274 321 334 
4640	46 53 167 189 248 285 310 328 
4641	50 122 130 187 240 274 335 349 
4642	162 
4643	137 
4644	331 
4645	64 
4646	11 62 85 120 197 224 281 323 
4647	121 
4648	177 
4649	46 
4650	326 
4651	101 133 217 225 227 235 271 300 
4652	56 
4653	338 
4654	261 
4655	7 61 139 151 199 214 235 274 
4656	59 
4657	255 
4658	338 
4659	158 
4660	297 
4661	61 
4662	7 
4663	181 
4664	53 
4665	345 
4666	19 123 171 206 275 312 330 333 
4667	200 
4668	334 
4669	23 79 101 131 140 162 184 279 
4670	337 
4671	29 57 102 114 189 205 281 326 
4672	122 
4673	90 
4674	277 
4675	232 
4676	60 63 77 235 243 282 297 305 
4677	199 
4678	2 49 56 82 190 280 284 315 
4679	54 57 90 123 208 227 235 281 
4680	281 
4681	2 
4682	8 18 45 53 92 217 313 334 
4683	46 
4684	335 
4685	38 
4686	105 
4687	142 
4688	323 
4689	231 
4690	234 
4691	296 
4692	126 
4693	12 56 202 225 239 269 323 330 
4694	136 
4695	102 
4696	229 
4697	239 
4698	295 
4699	68 80 123 125 141 146 166 264 
4700	336 
4701	34 
4702	14 38 121 139 246 249 263 272 
4703	271 
4704	166 
4705	335 
4706	121 
4707	136 
4708	33 111 171 180 270 279 317 333 
4709	58 
4710	349 
4711	104 
4712	329 
4713	160 
4714	171 
4715	105 
4716	56 62 121 191 263 271 299 317 
4717	313 
4718	259 
4719	334 
4720	17 97 110 160 189 194 306 338 
4721	165 209 211 221 248 253 277 302 
4722	158 
4723	234 
4724	164 
4725	183 
4726	305 
4727	279 
4728	112 
4729	180 
4730	167 
4731	312 
4732	334 
4733	175 
4734	84 
4735	337 
4736	6 12 110 167 234 289 324 330 
4737	190 
4738	72 
4739	251 
4740	110 
4741	44 
4742	60 
4743	258 
4744	141 
4745	305 
4746	189 
4747	29 56 112 187 226 236 294 332 
4748	181 
4749	322 
4750	329 
4751	34 63 74 129 147 167 184 229 
4752	21 
4753	21 93 198 250 285 289 299 301 
4754	337 
4755	175 
4756	190 
4757	88 
4758	258 
4759	279 
4760	253 
4761	181 
4762	227 
4763	131 
4764	239 
4765	60 
4766	227 
4767	61 
4768	57 
4769	171 
4770	251 
4771	329 
4772	225 
4773	237 
4774	269 
4775	106 
4776	253 
4777	339 
4778	205 
4779	185 
4780	159 
4781	63 
4782	149 
4783	110 
4784	41 
4785	64 74 117 177 209 248 306 317 
4786	283 
4787	271 
4788	186 
4789	82 
4790	46 
4791	259 
4792	82 
4793	322 
4794	337 
4795	14 45 149 164 226 277 294 308 
4796	38 
4797	38 
4798	69 84 139 186 189 253 295 346 
4799	17 
4800	59 
4801	118 
4802	335 
4803	50 
4804	199 
4805	315 
4806	225 
4807	38 
4808	38 
4809	329 
4810	10 63 123 142 180 249 322 338 
4811	38 44 199 220 226 248 279 333 
4812	322 
4813	323 
4814	329 
4815	106 123 126 129 237 250 291 345 
4816	62 180 183 200 241 253 297 324 
4817	83 
4818	277 
4819	248 
4820	80 
4821	30 
4822	139 
4823	212 
4824	310 
4825	310 
4826	229 
4827	190 
4828	85 102 172 183 211 288 301 336 
4829	326 
4830	207 
4831	201 
4832	126 
4833	28 30 41 44 53 157 195 283 
4834	317 
4835	56 
4836	102 
4837	287 
4838	166 
4839	89 
4840	274 
4841	43 45 72 117 123 216 258 335 
4842	13 
4843	15 
4844	13 53 150 212 227 270 324 334 
4845	271 
4846	84 
4847	217 
4848	15 37 98 106 141 183 192 325 
4849	1 2 44 84 85 216 237 335 
4850	14 
4851	281 
4852	19 
4853	180 
4854	56 80 149 155 166 261 288 299 
4855	115 126 137 185 274 310 336 338 
4856	118 121 148 184 225 267 329 331 
4857	279 
4858	282 
4859	129 156 170 258 277 279 285 325 
4860	30 
4861	338 
4862	137 
4863	175 
4864	279 
4865	317 
4866	337 
4867	317 
4868	50 78 122 248 251 292 313 338 
4869	185 
4870	240 
4871	1 137 185 195 291 301 313 317 
4872	282 
4873	211 
4874	279 
4875	50 
4876	3 5 136 139 262 285 287 322 
4877	20 47 50 131 134 192 304 337 
4878	107 
4879	21 
4880	310 
4881	339 
4882	8 26 79 193 226 235 276 318 
4883	207 
4884	137 
4885	121 
4886	180 
4887	38 
4888	5 82 83 126 169 174 206 210 
4889	103 
4890	162 
4891	274 
4892	63 71 91 207 226 329 345 348 
4893	16 
4894	34 155 182 189 211 228 239 288 
4895	131 
4896	167 
4897	212 
4898	84 
4899	317 
4900	186 
4901	32 66 83 180 212 238 311 322 
4902	175 
4903	212 
4904	281 
4905	66 69 77 137 152 163 277 326 
4906	64 
4907	17 
4908	21 
4909	279 
4910	227 
4911	88 
4912	141 
4913	271 
4914	185 
4915	206 
4916	31 41 78 113 159 200 212 259 
4917	349 
4918	259 
4919	277 
4920	45 55 71 75 126 253 280 345 
4921	322 
4922	6 28 68 120 151 178 186 257 
4923	217 
4924	11 34 58 126 238 268 301 347 
4925	349 
4926	258 
4927	167 
4928	112 
4929	235 
4930	279 
4931	201 
4932	35 60 67 146 162 281 309 310 
4933	15 
4934	279 
4935	14 
4936	13 
4937	253 
4938	45 
4939	115 
4940	78 166 231 232 281 289 315 324 
4941	38 
4942	240 
4943	322 
4944	206 
4945	46 60 74 119 142 196 207 337 
4946	261 
4947	2 110 111 139 149 164 221 237 
4948	60 79 129 137 198 271 278 350 
4949	3 84 88 136 184 219 234 331 
4950	154 
4951	142 
4952	136 
4953	41 
4954	180 
4955	329 
4956	263 
4957	46 
4958	240 
4959	142 
4960	50 
4961	71 
4962	141 
4963	63 121 162 244 267 269 285 342 
4964	41 
4965	334 
4966	55 
4967	118 
4968	322 
4969	142 
4970	139 
4971	129 
4972	14 
4973	9 84 136 238 282 302 336 350 
4974	56 
4975	38 
4976	53 
4977	295 
4978	190 
4979	322 
4980	31 53 127 196 201 214 225 285 
4981	84 
4982	57 92 129 183 188 192 323 329 
4983	19 
4984	221 
4985	349 
4986	271 
4987	34 104 150 230 270 273 286 312 
4988	85 
4989	225 
4990	207 
4991	107 
4992	171 
4993	102 105 106 154 175 222 239 281 
4994	131 
4995	19 
4996	56 
4997	253 
4998	240 
4999	323 
5000	34 
