1 4881
2 2884
3 4960
4 4989
5 4304
6 4938
7 4648
8 2961
9 4724 4939
10 3818
11 2641 2865
12 4950
13 4510
14 14
15 4977
16 4804
17 4902
18 4804
19 4885
20 3417 3481 4861 4985
21 4697
22 4885
23 4662
24 4985
25 4908
26 4588
27 4978
28 4492
29 4891
30 4588
31 4451
32 4382
33 2908
34 4277
35 4918
36 4960
37 2312
38 3027 3668 4024
39 4946
40 4697
41 3764 4101
42 2980
43 4526
44 3760
45 4992
46 839 3060
47 3793 4861
48 4902
49 3025
50 4774
51 4961
52 4740
53 2702
54 1758
55 4394
56 4972
57 3716
58 4068 4278
59 3579 4858 4975 4976
60 3708
61 4923
62 4977
63 4881
64 4889
65 4829
66 4697
67 4773
68 4775
69 4525
70 4950
71 4996
72 4829
73 4908
74 4995
75 4972
76 4621
77 2106 3976 4180 4231 4971
78 4910
79 2948
80 4869
81 3494
82 4861
83 4593
84 4672
85 4836
86 1343
87 87
88 4774
89 4990
90 4414
91 4992
92 4782
93 4510
94 4588
95 3765
96 4090
97 2641
98 4024
99 4953
100 4893
101 4244
102 3919 4248
103 3980
104 4804 4821 4927 4933
105 4700
106 3931
107 4780
108 3417
109 3787
110 110
111 3441
112 2961
113 5000
114 4838
115 839
116 2343
117 4952
118 4971
119 4595 4621
120 3533
121 4123
122 1513 2961 4962 4995
123 4595
124 2982
125 4837
126 4899
127 4761
128 4821
129 4741
130 4933
131 4101 4466 4967
132 4910
133 4567
134 3619
135 3765
136 87
137 3560
138 4717
139 4821
140 4352
141 4299
142 3741
143 2797
144 4928
145 4689
146 3422
147 4838
148 4196 4401 4738
149 4953
150 3420
151 4451
152 3234 4023 4936
153 3424
154 4725
155 4985
156 4944
157 2702
158 4137
159 14
160 4971
161 4095
162 3489
163 3668
164 1551
165 4248
166 4933
167 4466
168 2961 4697 4956 4998
169 3386 4697
170 4510
171 4644
172 4672
173 4725
174 4510
175 4953
176 3760
177 3368 3921 4742
178 4466
179 2908
180 4023
181 2996
182 4991
183 4556
184 4724
185 3402
186 4902
187 4299
188 4525
189 4902
190 3391
191 4697
192 4525
193 4906
194 2655
195 2558
196 4626
197 4774
198 4950
199 4780
200 4248
201 4781
202 3540
203 4933
204 4975
205 4967
206 4725
207 4986
208 4927
209 3441 4249 4268
210 4927
211 4018
212 4697
213 4557
214 4926
215 4819
216 4466
217 2982
218 4248
219 4268
220 4700
221 3860
222 4394
223 3860
224 2908
225 4923
226 3832
227 110 3420 4722
228 4981
229 3218 3765
230 3497
231 4997
232 4526 4656
233 4168
234 4975
235 4976
236 3386
237 4307
238 2655
239 4832
240 3453
241 4028
242 4656
243 4588
244 4927
245 4985
246 4028
247 4919
248 4969
249 4690
250 4526
251 4775
252 1551
253 3775
254 2463
255 3927
256 2988
257 4989
258 4299 4525
259 3741
260 3223
261 4124
262 4595
263 4231 4786 4971
264 4027
265 4938
266 4829
267 2106
268 4805
269 4981
270 4532 4715 4884
271 4965
272 3489
273 3424
274 3903
275 4861
276 4939
277 4673
278 4672
279 1662
280 4104
281 1860 3060
282 4560
283 4936
284 4196
285 4861
286 4952
287 3497
288 4642
289 4961
290 3381
291 2371
292 4979
293 4891
294 4560
295 2326 4466 4525
296 4995
297 2058
298 4984
299 4936
300 4470
301 392
302 4180
303 4972
304 2908
305 4960
306 4724
307 4742
308 4268
309 4731
310 4754
311 2908
312 4824
313 3818
314 3219 3949 4525
315 1400
316 4805
317 1343
318 3619
319 4024
320 4560
321 2882 4984
322 4900
323 4642
324 4903
325 4092
326 3511
327 2882 4196 4524
328 4466
329 2558
330 4754
331 4593
332 4304
333 1551
334 2558
335 3668
336 4906
337 4953
338 4466
339 4957
340 4786
341 3098
342 1513 3919
343 3293
344 4999
345 4979
346 4018
347 4588
348 4028
349 3448
350 3550
351 2988
352 4016
353 4620
354 4997
355 4802
356 4414
357 4770
358 4399
359 4024
360 4837
361 4071 4299
362 4972
363 3668
364 4819
365 4967
366 4448
367 4231
368 4919
369 4656
370 4689 4938
371 2151
372 4933
373 3292 4644
374 4399
375 3292
376 1343
377 4919
378 3316
379 4906
380 4978
381 4961
382 2948
383 4101
384 4373
385 4873
386 2929
387 4995
388 4248
389 4952
390 847
391 4724
392 392
393 2610
394 4452
395 4435
396 4231
397 4936
398 2908
399 3025 4593
400 4858
401 4394
402 2591
403 4991
404 4957
405 4975
406 2908
407 4662
408 4938
409 2312
410 4114
411 4869
412 4992
413 4970
414 2157
415 4307
416 4642
417 4927
418 2617
419 4782
420 4836
421 4999
422 3416
423 4970
424 4956
425 4532
426 4588
427 4869
428 4563
429 4168
430 4927
431 4672 4821
432 4382
433 3867
434 2254
435 3968
436 3441
437 2561
438 3875
439 4525
440 2558
441 4972
442 1750
443 4480
444 4741
445 4401 4439
446 4314
447 4774
448 4990
449 4995 4996
450 2865
451 3448
452 4778
453 4991
454 4482
455 3202
456 4910
457 4786
458 4955
459 4414 4837 4957
460 4900
461 4988
462 4452
463 4950
464 4908
465 4244
466 4033
467 4690
468 4873
469 4401
470 4962
471 4910
472 4016
473 4492
474 4648
475 4722
476 4557
477 4778
478 4242
479 4995
480 3972
481 4821
482 4910
483 4981
484 4277
485 4927
486 4802
487 1501
488 4101
489 4530
490 3888
491 4754
492 4819
493 4466
494 4642
495 3741 3843
496 3356
497 4984
498 2371
499 2948
500 4124
501 3700 4510 4648 4742 4778
502 4869
503 2882
504 2939
505 4978
506 4414
507 4989
508 2610
509 4971
510 2591
511 4725
512 4180
513 4196 4928
514 4114
515 2323
516 4786
517 4997
518 4884
519 3793 3867
520 4994
521 1662
522 3836
523 4836
524 4931
525 4885
526 2106
527 4903
528 2561
529 4978
530 3953
531 3968 4648
532 3764 4900
533 3818
534 3587
535 4881
536 3976 4027 4180
537 4899
538 4939
539 4268
540 4976
541 4399
542 4180
543 4977
544 4435 4525 4768
545 4738
546 2591 3579 4711 4780
547 2655
548 4976
549 4439
550 4470 4642
551 4742
552 4717
553 3497
554 2343
555 4944
556 4832
557 4998
558 3475
559 4124
560 4352
561 4869
562 4314
563 4955
564 1366
565 1513
566 4563 4938
567 4873
568 4988
569 1551
570 4524
571 4911
572 4939
573 4858
574 4911
575 4995
576 4563
577 4975
578 4731
579 4104
580 4792
581 4979
582 847
583 2702
584 4976
585 4978
586 4938
587 4741
588 4961
589 1513 3953 4352
590 4930
591 3931
592 4869
593 392 1501
594 3656
595 4829
596 4963
597 2866
598 4244
599 4805
600 4754
601 4899
602 3765 3860 4838
603 4492
604 2610
605 4696
606 3299 4672 4956
607 5000
608 4829
609 2157
610 3219
611 3292 4023
612 4858
613 4741
614 4672
615 4953
616 2157
617 4910
618 4352
619 4884
620 4869
621 4853
622 1992
623 4740
624 4961
625 2980 4168
626 3836
627 4891
628 2558
629 4033
630 3497
631 4690
632 4439
633 3213
634 4662
635 4101 4939
636 4773
637 3564
638 4137
639 4885
640 4907
641 3691 4923 4988
642 4837
643 4933
644 1400
645 3453
646 4696
647 4466 4821
648 4394
649 4482
650 4492
651 4248
652 4524
653 4899
654 3765
655 4962
656 4466
657 2323
658 3587 4884 4933
659 4999
660 4059
661 4904
662 3422
663 4018
664 4936
665 4605
666 4644
667 4938
668 4989
669 1992
670 3443 3949 4770
671 4938
672 3691
673 2450 3417 3420 4956
674 4953
675 3741
676 110
677 3793 4071
678 4690
679 4837
680 1343
681 4970
682 3787
683 2884 4024 4690
684 4373
685 4939
686 4064
687 4961
688 2982
689 4996
690 4939
691 3652
692 2548
693 4903
694 2203
695 4884
696 4889
697 4249
698 3416
699 3381
700 3619
701 3213
702 3775
703 4675 4745 4832 4967
704 4092
705 4603 4902 4918
706 4918
707 4884
708 3444 4923
709 2058
710 4804
711 2884
712 2312 3968 4873
713 4307
714 4724
715 4979
716 4986
717 4532
718 4599
719 4768
720 4599
721 3533 4532
722 4782
723 3489
724 110 3708 3867
725 4696
726 4560
727 4965
728 3448
729 4861
730 4899
731 3760
732 4767
733 2982 3523 4242
734 4904
735 3733 3765 3919
736 4754
737 4741
738 4724
739 3293
740 4642 4722 4969
741 4778
742 4990
743 3945 4738
744 4999
745 4690
746 3223
747 2641
748 4962
749 4884
750 4448
751 4700
752 2818 4588 4672
753 4767
754 3391
755 4013 4621
756 3668 4244 4626
757 4995
758 3875
759 4936
760 4621
761 4869
762 2323 3444 3741
763 4984
764 2702
765 3976
766 4900
767 4231
768 4563
769 4741
770 4567
771 4944
772 4451
773 4931
774 4963
775 4023
776 3010
777 4999
778 4722
779 4648
780 3299 3533 4033 4595
781 4889
782 4023
783 4999
784 2939 4526 4821
785 4933
786 4805
787 4939
788 4981
789 4530
790 4927
791 3494 4556 4853 4891
792 4492
793 2976
794 4979
795 4965
796 4995
797 4045
798 4588
799 3213 3441 4936
800 4936
801 2961 4466
802 3775
803 3733
804 4277
805 2884
806 4929
807 2371
808 4700
809 2326
810 4889
811 4995
812 3733
813 4268
814 4754
815 3949
816 4881
817 4995
818 4697
819 4885
820 4233
821 4455
822 4455
823 4621
824 4938
825 4988
826 3875
827 3448
828 3402
829 4373
830 4938
831 3652
832 4931
833 4824
834 2343 4027
835 3656
836 3810
837 87
838 4642
839 839
840 4532
841 3927
842 4231 4278 4908
843 3356
844 4853
845 2884 3368 3587 4231
846 4995
847 847
848 4900
849 3219
850 4778
851 4656
852 4064
853 3025
854 4908
855 4988
856 4928
857 4620 4792 4919 4933
858 4933
859 4642
860 4196 4997
861 4930
862 4593
863 4792
864 2980
865 2908
866 3818
867 4957
868 4971
869 4109
870 4861
871 4382
872 4768
873 3234
874 4936
875 4996
876 4524
877 4991
878 4988
879 1860 4780
880 4774
881 4452
882 3098
883 3921
884 3368 4307
885 3619
886 4644
887 4900
888 2157
889 4858
890 4996
891 3088 4448 4711 4994
892 4761
893 4109
894 2323
895 4248
896 4908
897 3402 4104
898 4199
899 4908
900 4997
901 3088
902 2463
903 4526
904 4593 4821 4899
905 2866
906 4936
907 4944
908 4991
909 4962
910 4907
911 4168
912 4992
913 3218 3560
914 4838
915 4931
916 4457
917 4805
918 3963
919 4527
920 4838
921 4969
922 4999
923 4836
924 3511
925 4933
926 4946
927 2450
928 1860
929 3843
930 3292
931 4742
932 4908
933 4950
934 4931
935 4644
936 4605
937 3420
938 4805
939 4689
940 4902
941 3976 4967
942 2980
943 4754
944 4595
945 4950
946 3999
947 4861
948 4952
949 3292
950 4893
951 3773
952 4352
953 4502
954 4741
955 3708
956 4525
957 4774
958 3218
959 4248
960 3865
961 2463
962 4510
963 4588
964 87
965 4644
966 3765
967 4961
968 4955
969 4821
970 4231
971 4277
972 3716 4782 4971
973 2326 2655 3088 3587
974 4944
975 4908
976 4994
977 4662 5000
978 2591
979 4988
980 3860
981 4525 4919
982 5000
983 87
984 4068
985 4918
986 2151
987 5000
988 4885
989 4928
990 2591 4946
991 3652
992 4981
993 4656
994 3424 3668 4556
995 4829
996 4938
997 4642
998 4648
999 4527
1000 4824
1001 4981
1002 4858
1003 4767
1004 2558
1005 4975
1006 4016
1007 4965
1008 4919
1009 3796
1010 2982
1011 3523
1012 3860
1013 3953
1014 4899
1015 4452
1016 4593
1017 4891
1018 4923
1019 4786
1020 3843
1021 4919
1022 2929 3356 3867 4908
1023 4068
1024 1513
1025 4457
1026 4527
1027 4936
1028 2884
1029 3963
1030 4767
1031 4071
1032 4414 4900 4903
1033 2558 4832 4853 4908
1034 4722
1035 4786
1036 2254
1037 4780
1038 4532
1039 1662
1040 4595
1041 4975
1042 4786
1043 4524
1044 4938
1045 4689
1046 4101
1047 2058
1048 4700
1049 4956
1050 3448
1051 3796
1052 4984
1053 4696
1054 4893
1055 4090
1056 4013
1057 2996
1058 2106
1059 3832
1060 4675
1061 4742
1062 4996
1063 1992 3218 3523
1064 2591
1065 4926
1066 4986
1067 4770
1068 4770
1069 1750 2106
1070 847 4767
1071 4946
1072 4248
1073 1662 3865 4278
1074 3765
1075 4557
1076 4936
1077 4690
1078 3849
1079 4984
1080 3716 4557
1081 3760
1082 4742
1083 3402
1084 2982
1085 4435
1086 3098
1087 4969
1088 4233
1089 3391
1090 3999
1091 4373
1092 3386 4963
1093 3810
1094 4603
1095 3733
1096 4978
1097 4557 4821 4884
1098 4944
1099 1501
1100 4819
1101 4738
1102 4904
1103 4740
1104 4598
1105 2908
1106 4774
1107 4233
1108 4969
1109 3523
1110 4969
1111 3533
1112 4656
1113 4989
1114 4902
1115 4990
1116 4711
1117 4981
1118 3921
1119 4588
1120 3219 3927
1121 4023
1122 3441 4196 4804 4994
1123 1992
1124 4928
1125 4988
1126 3579 4068 4526 4946
1127 4977
1128 3836 4745
1129 4950
1130 4989
1131 4090
1132 4761
1133 3408
1134 3200
1135 4299
1136 4552
1137 4244
1138 4869
1139 4918
1140 2561
1141 4527
1142 4248
1143 2326
1144 4101
1145 4952
1146 2254
1147 4933
1148 4946
1149 4595
1150 4690
1151 4018
1152 2908
1153 4967
1154 3368 3475
1155 2797
1156 4976
1157 4603
1158 4414
1159 3027
1160 4697
1161 4821
1162 1991
1163 4906
1164 3921
1165 4979
1166 1750
1167 14
1168 4673
1169 4975
1170 110
1171 4802
1172 839
1173 4775
1174 4045
1175 4738 4745
1176 4675
1177 3391
1178 4557
1179 3921
1180 4123
1181 3875
1182 4673
1183 3832
1184 2617 3408 4927
1185 4869
1186 4552
1187 4998
1188 3424
1189 2203
1190 4978
1191 3903
1192 3453 4950
1193 4673
1194 4858 4981
1195 4770
1196 3832
1197 4832
1198 3424
1199 3700 4231 4451
1200 4593
1201 4970
1202 4902
1203 4482
1204 4953
1205 4998
1206 4984
1207 4745
1208 4656
1209 4059
1210 1551 4939
1211 4792
1212 4552
1213 1343 3088 4988
1214 3533
1215 2976
1216 3027
1217 4960
1218 3213
1219 3579 4889
1220 4977
1221 4902
1222 4754
1223 4873
1224 5000
1225 3888
1226 4956
1227 4930
1228 4985
1229 1662 2961
1230 4975
1231 4836
1232 4233
1233 3953
1234 4644
1235 4249
1236 1818
1237 3860
1238 4929
1239 4675
1240 2884 3765 4399 4836
1241 4885 4929 4995
1242 4999
1243 2343 3441 4268 4944
1244 4452
1245 4933
1246 3760
1247 4675
1248 4885
1249 4821
1250 3060 3796 4071 4938
1251 4593
1252 4696
1253 4930
1254 4989
1255 3949
1256 3218
1257 4938
1258 4689
1259 4902
1260 2326 4725
1261 3088
1262 3708
1263 4045
1264 4715
1265 4978
1266 4969
1267 4724
1268 4470
1269 4774
1270 2450
1271 4972
1272 4861
1273 4990
1274 2106
1275 2882 4435 4988
1276 4248
1277 4956
1278 4401
1279 4492
1280 4900
1281 3765
1282 3420
1283 4999
1284 4944
1285 4448
1286 4689
1287 1343 2254 3441
1288 4603
1289 4889
1290 3652 4836 4939
1291 4711 4821
1292 3202 4023
1293 3963
1294 110
1295 4805
1296 4931
1297 4977
1298 3218
1299 3574
1300 4930
1301 4027
1302 3292
1303 4802
1304 3386
1305 4745
1306 4996
1307 4524
1308 3368
1309 4781
1310 4967
1311 4780
1312 4782
1313 4819
1314 4662
1315 3481
1316 4711
1317 4482
1318 4969
1319 4588
1320 4955
1321 4962
1322 4899
1323 4740
1324 4731
1325 2106 3088 4101
1326 4939
1327 4994
1328 4927
1329 4986
1330 4992
1331 4770
1332 4740
1333 4939
1334 2157 2323 3550
1335 4956
1336 2106
1337 4382
1338 4267
1339 2312
1340 4448
1341 4804
1342 4700
1343 1343
1344 3587 4244 4978
1345 2882 4526
1346 3422
1347 4524
1348 4927
1349 4556 4711 4938 4946
1350 4900
1351 4595
1352 4620
1353 4838
1354 4884
1355 4644
1356 4725
1357 4123
1358 2058 3292 4773
1359 4979
1360 2591 3422 4821
1361 4013
1362 4781
1363 3027 3927 4092
1364 4016 4722
1365 4885
1366 1366 2548
1367 4992
1368 4244
1369 3716
1370 3443
1371 2106
1372 4593
1373 2976 3202
1374 4988
1375 4502
1376 4858
1377 3773 3832 4656 4884 4926
1378 4906
1379 2157
1380 4994
1381 4824
1382 4986
1383 1513 3953 4781
1384 4981
1385 4452
1386 4944
1387 4889
1388 4965
1389 4853
1390 4967
1391 4911
1392 4998
1393 3497
1394 4563
1395 2908
1396 4013
1397 4907
1398 4672
1399 4556
1400 1400
1401 4994
1402 4644
1403 4991
1404 4904
1405 3716 4249 4989
1406 4923
1407 3867 4109 4889
1408 3391 3480
1409 4754
1410 3919
1411 3691
1412 3060
1413 4314
1414 4644
1415 3574
1416 4738
1417 3716
1418 4560
1419 4929
1420 4995
1421 4838
1422 3416
1423 4689
1424 4938
1425 4700
1426 4998
1427 1343
1428 3223
1429 2058
1430 4994
1431 4933
1432 4662
1433 4268
1434 2548
1435 2486
1436 3223
1437 4502
1438 4904
1439 4689
1440 4768
1441 4984
1442 3972
1443 4401
1444 4979
1445 4998
1446 4588
1447 4931
1448 4931
1449 4955
1450 4908
1451 4773
1452 2106 3796 4928
1453 3836 4299 4745
1454 2702
1455 4978
1456 3619
1457 4821
1458 1400 4697
1459 4527
1460 4953
1461 4781
1462 4836
1463 3475
1464 4955
1465 4767
1466 3444
1467 4711
1468 4742
1469 4231
1470 4492
1471 3796
1472 4998
1473 4028
1474 4466
1475 4761
1476 4242
1477 3424 4530 4975
1478 4742
1479 4906
1480 4095
1481 4532
1482 4470
1483 4955
1484 4900
1485 4904
1486 4908
1487 4805
1488 4741
1489 4910
1490 14 4960
1491 4953
1492 4969
1493 3708
1494 4673
1495 4904
1496 4821
1497 4101
1498 4999
1499 3564 3810 4975
1500 3088
1501 1501
1502 4884
1503 2961
1504 4268
1505 3448
1506 1750
1507 14 2058 3968
1508 1860
1509 4923
1510 4946
1511 4567
1512 3481
1513 1513
1514 4101
1515 3836
1516 4782
1517 4248
1518 4016
1519 4399
1520 3810
1521 4033
1522 4024
1523 4802
1524 4961
1525 3480
1526 4977
1527 4957
1528 4933
1529 2961 4939
1530 4952
1531 4740
1532 4950
1533 4717
1534 4902
1535 4137
1536 4931
1537 4689
1538 4675
1539 3293
1540 3223
1541 2908
1542 4530
1543 3872 4033
1544 4662
1545 4414
1546 4969
1547 4981
1548 2655
1549 3945
1550 2106
1551 1551
1552 4492
1553 4881
1554 4778
1555 4532
1556 4821
1557 4725
1558 14 3700
1559 4278
1560 4451
1561 4700
1562 4033
1563 4588 4780 4939
1564 4470
1565 4908
1566 3480
1567 3773
1568 4248
1569 4451
1570 4977
1571 2908
1572 4908
1573 4977
1574 4090
1575 2702
1576 4448
1577 4918
1578 4957
1579 4722
1580 3949
1581 4532
1582 4979
1583 4893
1584 3849
1585 4965
1586 4907
1587 4095
1588 3787
1589 4268
1590 2591
1591 3931
1592 4114
1593 4373
1594 3202
1595 4124
1596 3550
1597 2866
1598 4090
1599 3444 3560 4068 4971
1600 4931
1601 3381
1602 3386 3903
1603 2617 4095 4588
1604 4603
1605 3025
1606 4975
1607 4944
1608 4059 4071 4278
1609 4731
1610 4024 4248 4435 4773
1611 3420
1612 4626
1613 4965
1614 4873
1615 4180
1616 4761
1617 4304
1618 2151
1619 3919
1620 4781
1621 3489
1622 4249 4466 4889 4950
1623 4824
1624 4457
1625 4994
1626 4524
1627 3060
1628 4382
1629 4299
1630 3550
1631 4233
1632 4754 4885 4893 4957
1633 3849
1634 4961
1635 4838
1636 847
1637 4556
1638 4278
1639 4952
1640 4414
1641 4961
1642 3815
1643 4985
1644 3511
1645 4307
1646 4168
1647 4986
1648 4824
1649 3368
1650 4996
1651 2591
1652 4990
1653 3402
1654 4717
1655 4382
1656 4435
1657 4180 4741 4836
1658 4774
1659 4662
1660 4352
1661 4819
1662 1662
1663 4510
1664 4986
1665 4907
1666 3980
1667 4957
1668 4588
1669 2939
1670 4955
1671 4930
1672 4837
1673 4873
1674 4109 4697 4927
1675 4869
1676 4999
1677 2450
1678 4530
1679 2948
1680 4927
1681 3927
1682 4928
1683 4933
1684 4299
1685 4673
1686 3931
1687 4885
1688 4965
1689 4996
1690 4532 4740 4950 4970
1691 4930
1692 3843
1693 4900
1694 4656 4821 4933
1695 2908 3402
1696 4946
1697 3949
1698 4819
1699 4824
1700 4957
1701 4936
1702 3292
1703 2548
1704 4373
1705 3921
1706 4137
1707 4373
1708 1991
1709 1513
1710 4439
1711 3668
1712 4593
1713 4482
1714 4278
1715 4452
1716 4996
1717 4690
1718 4588
1719 2961 4168
1720 2058
1721 3316 3441 4956 4994
1722 4770
1723 1551 3453 3927
1724 4923
1725 4526
1726 4530
1727 2106
1728 4018 4780 4821 4971
1729 4620
1730 1818
1731 4907
1732 4774
1733 4962
1734 3656
1735 4989
1736 3793
1737 4838
1738 4731
1739 4199
1740 4956
1741 4738
1742 3927
1743 4199
1744 4722
1745 2371
1746 4774
1747 4470
1748 2655
1749 4957
1750 1750
1751 3202
1752 4858
1753 4621
1754 4861
1755 3999
1756 4907
1757 4492
1758 1758
1759 4778
1760 3782
1761 4059
1762 4452
1763 4621
1764 4999
1765 4994
1766 2818 3293 3480 4724
1767 4972
1768 2450
1769 4903
1770 4838
1771 3391
1772 4907
1773 4853
1774 3815
1775 4965
1776 4989
1777 4774
1778 4016
1779 4990
1780 4884
1781 4492
1782 3968
1783 2486
1784 4373
1785 4532
1786 4782
1787 4466
1788 4853
1789 4101 4988 4996
1790 3708
1791 4936
1792 4821
1793 4965
1794 2591
1795 4999
1796 4024
1797 4971
1798 4588
1799 2591 4231
1800 4956
1801 4933
1802 5000
1803 4928
1804 4268
1805 3867
1806 4998
1807 4899
1808 4556
1809 3865 4137 4711 4858
1810 3773
1811 4923
1812 4821
1813 4824
1814 4960
1815 4927
1816 4401
1817 2548
1818 1818
1819 3316
1820 4950
1821 4492
1822 4064
1823 3708
1824 4984
1825 3441
1826 4109
1827 4673
1828 5000
1829 4196
1830 4552
1831 3810
1832 3832
1833 4738
1834 2908 3422 4962 4995
1835 1818
1836 4775
1837 4307
1838 4740
1839 2996 4988
1840 4997
1841 3741
1842 4124
1843 2312 4981
1844 4953
1845 4832
1846 3574
1847 4673
1848 3700
1849 4700
1850 1501
1851 4952
1852 4885
1853 2326
1854 2908
1855 4821
1856 2797
1857 4672 4995
1858 4595
1859 4722
1860 1860
1861 4970
1862 4978
1863 4452
1864 4908
1865 4394
1866 2343
1867 4626
1868 4962
1869 1551
1870 3652 4231 4414
1871 4971
1872 3972
1873 1366 2548
1874 4045
1875 4971
1876 3368
1877 4123
1878 4919
1879 4838
1880 4838
1881 4902
1882 4761
1883 3422 4738 4821 4832
1884 3793
1885 4352
1886 4900
1887 4439
1888 1366
1889 4435 4656 4981 4997 4998
1890 4314
1891 4778
1892 4893
1893 4770
1894 4595
1895 2591
1896 4725
1897 4900
1898 4804
1899 1992
1900 4899
1901 3448
1902 4970
1903 4929
1904 4071
1905 4929
1906 4697
1907 2058 3292 3444
1908 4722
1909 4969
1910 4919
1911 4829
1912 3010
1913 87 2908
1914 5000
1915 4989
1916 4104
1917 3223 4023
1918 4902
1919 4903
1920 4023
1921 4873
1922 2463 4457
1923 4599
1924 4976
1925 4869
1926 4780
1927 4986
1928 3945 4249 4961
1929 4944
1930 3010 4233
1931 2655 4452
1932 4805
1933 4923
1934 3060 4059 4642
1935 4805
1936 4900
1937 3213
1938 4180
1939 4314 4530 4738
1940 4382
1941 2961
1942 4242
1943 4071
1944 3299 4946
1945 4307
1946 3963
1947 3402
1948 3386 3668 3818 4595
1949 4724
1950 3540
1951 4931
1952 3865
1953 2818
1954 3579
1955 4023
1956 4978
1957 4267
1958 4168
1959 4962
1960 4977
1961 2818
1962 3480
1963 4837
1964 4715
1965 2610 4016 4560
1966 4700
1967 4090
1968 3027 3668
1969 2866 3968
1970 3843
1971 4781
1972 4907
1973 4970
1974 4268
1975 4599
1976 1343
1977 2323
1978 4248
1979 2561
1980 3564
1981 4970
1982 4829
1983 4978
1984 2980 4821 4988
1985 4939
1986 4829 4832 4838
1987 4972
1988 2486
1989 2617
1990 3088 4064 4689 4773 4778
1991 1991 3574
1992 1992
1993 4277
1994 4199
1995 4563
1996 2343
1997 4786
1998 3787
1999 4907
2000 4969
2001 4502
2002 3356 4526 4804 4884
2003 3764 3953 4027 4588
2004 4480
2005 4931
2006 4986
2007 4767
2008 3849
2009 4836
2010 2106
2011 2988
2012 4455
2013 14 2591 3760
2014 4919
2015 3810
2016 4869
2017 4979
2018 3843
2019 4969
2020 3416
2021 3872 4101 4603
2022 4919
2023 4782
2024 3716
2025 4780
2026 2463 3796 4928
2027 4466 4525 4824 4832 4939
2028 4598
2029 4101 4588 4838 4926
2030 4101
2031 4588
2032 4991
2033 14 1343
2034 4656
2035 4560
2036 3560
2037 4690
2038 5000
2039 3656 4244 4821 4975
2040 4988
2041 1400 1551 4470
2042 4248
2043 3782
2044 4991
2045 3927
2046 4975
2047 4804
2048 3448
2049 4824
2050 4824
2051 4605
2052 4838
2053 4923
2054 4778
2055 3793
2056 4016
2057 4975
2058 2058
2059 4838
2060 3931
2061 4689
2062 4873
2063 2961
2064 3945
2065 4244
2066 4123
2067 4928
2068 4805
2069 4884
2070 4986
2071 4244
2072 4936
2073 4593
2074 3060
2075 3060 3511
2076 4918
2077 4899
2078 4989
2079 4621
2080 4938
2081 3818
2082 4109
2083 4023
2084 4984
2085 4439
2086 1343
2087 3867
2088 4268
2089 2151
2090 4885
2091 3511
2092 4994
2093 2463
2094 3849
2095 4994
2096 4741
2097 4199
2098 4124
2099 4552
2100 4773
2101 4768
2102 4927
2103 4836
2104 4976
2105 3945
2106 2106
2107 4199
2108 4603
2109 4996
2110 4903
2111 4911
2112 4414
2113 4929
2114 4884
2115 4754
2116 4768
2117 392 1501
2118 4962
2119 4598
2120 1551
2121 4642
2122 2866
2123 4960
2124 847 3815
2125 4742
2126 4969
2127 4525
2128 4927
2129 3368
2130 3448 3760 4965 4976
2131 4470
2132 4869
2133 4249
2134 3773 4095 4233
2135 4740
2136 2254
2137 4525
2138 4792
2139 2151 4249 4656
2140 4977
2141 4955
2142 4837 4952
2143 4248
2144 4991
2145 3796
2146 4991
2147 4168
2148 4984
2149 4884
2150 4977
2151 2151
2152 3888
2153 4837
2154 4997
2155 87
2156 4902
2157 2157
2158 4838
2159 4977
2160 4997
2161 4908
2162 4906
2163 2106 3691 4626
2164 2254
2165 2655 3443 3656 4988
2166 4931
2167 4984
2168 4023
2169 3381
2170 4242
2171 4277 4435 4448 4588
2172 2884
2173 2371
2174 4598
2175 4953
2176 4399
2177 4780 4904
2178 4711
2179 4902
2180 3972 4137 4821
2181 3408
2182 2326
2183 4620
2184 4936
2185 3931
2186 4455
2187 4242
2188 3764
2189 4933
2190 4899
2191 3010
2192 4991
2193 4967
2194 4984
2195 4997
2196 4697
2197 2961 3579 3652 4532 4891
2198 4933
2199 4976
2200 4977
2201 4963
2202 3927
2203 2203
2204 4939
2205 3652 4595
2206 87 3088 3691 4911 4984
2207 4963
2208 4352
2209 4992
2210 110 3356 3481 4893
2211 4989
2212 4780
2213 4869
2214 4593
2215 4768
2216 4996
2217 4278
2218 4989
2219 3668
2220 3481
2221 4656
2222 4689
2223 2486 3381 3810 4352
2224 3564
2225 3475
2226 2151 3765
2227 4593
2228 3533
2229 4722
2230 4711
2231 4952
2232 2769
2233 3218
2234 4248
2235 4595
2236 4299
2237 4556
2238 4786
2239 4981
2240 1662 2939 3424 3919
2241 2769
2242 3927
2243 4738
2244 4802
2245 4939
2246 4805
2247 4988
2248 1343
2249 4114
2250 4936
2251 3865
2252 4971
2253 4605
2254 2254
2255 4802
2256 4672
2257 3494 4792
2258 4981
2259 4774
2260 3587
2261 4745
2262 3098
2263 2157
2264 3818
2265 4466 4527 4936 4950
2266 2558 4071 4092
2267 4931
2268 4033
2269 4908
2270 4741
2271 4989
2272 4786
2273 4526
2274 4999
2275 4853
2276 4168 4767 4976
2277 3963
2278 4715
2279 4838
2280 2961 3903 4168
2281 4071
2282 4673
2283 847 3765 4885
2284 4821
2285 4599
2286 4910
2287 3741
2288 4314
2289 3408
2290 3836
2291 4838
2292 4722
2293 4552
2294 1750 4013 4599
2295 2988
2296 3391
2297 3391
2298 4832
2299 2312 3976
2300 4956
2301 4972
2302 4944
2303 4931
2304 4064
2305 4394
2306 4976
2307 3511
2308 4027
2309 4382
2310 4986
2311 4994
2312 2312
2313 4972
2314 4552
2315 4059
2316 4906
2317 4027
2318 4976
2319 3782
2320 3010
2321 4988
2322 3579 4244 4588 4621 4722
2323 2323
2324 4923
2325 3010
2326 2326
2327 3980
2328 1513
2329 4904
2330 2106
2331 3949
2332 4960
2333 2882 3919
2334 4995
2335 4455
2336 4104
2337 4717
2338 2980 3579
2339 4858
2340 4532 4644 4725 4928
2341 4939
2342 2106
2343 2343
2344 3448
2345 4775
2346 2106
2347 4394
2348 4978
2349 4792
2350 4861
2351 4961
2352 3098 4836
2353 4717
2354 3448 3480 4267 4821
2355 3416 4832 4836
2356 3927
2357 3200
2358 4885
2359 3953 4233 4836 4893
2360 4722
2361 3027
2362 4754
2363 4277
2364 4919
2365 4836
2366 2948
2367 4242
2368 2106
2369 4482
2370 2818
2371 2371
2372 4971
2373 2326
2374 4199
2375 4675
2376 4988
2377 4902
2378 4919
2379 4970
2380 4930
2381 4492
2382 3448
2383 4502
2384 4930
2385 4824 4837 4923
2386 4972
2387 3836
2388 4986
2389 4991
2390 4821
2391 3523
2392 4819
2393 4978
2394 1343 4013 4567 4775
2395 4953
2396 4722
2397 3448
2398 4997
2399 3443
2400 4740
2401 2929
2402 3903
2403 4697
2404 3223
2405 3875 3949 4104 4527
2406 4233
2407 4977
2408 3972
2409 4960
2410 4971
2411 4930
2412 4931
2413 3448 3533 4931 4938
2414 3027
2415 3441
2416 4689
2417 3420
2418 4768
2419 4950
2420 3481
2421 4893
2422 4557
2423 4990
2424 4988
2425 3773
2426 4903
2427 3815
2428 4998
2429 4725
2430 4567
2431 4781
2432 4278
2433 3420 3523 4242 4352
2434 3533
2435 2106 2450 3741 3968
2436 4595
2437 4593
2438 4923
2439 2326 4092 4435
2440 4532
2441 4470
2442 3386
2443 4745
2444 4869
2445 4722
2446 4832
2447 4233
2448 4928
2449 4248
2450 2450
2451 4792
2452 4918
2453 2996 4028
2454 4998
2455 4027
2456 4957
2457 4971
2458 4873
2459 4027
2460 4805
2461 4893
2462 4869
2463 2463
2464 4984
2465 4595
2466 4923
2467 2866 4900
2468 4711
2469 2988 3668 3773 4299 4502
2470 1750 3219 3223 4725
2471 4904
2472 4786
2473 4919
2474 4672
2475 4672
2476 3760
2477 4599
2478 2343 2961 4435 4802 4933
2479 4930
2480 2371 3356
2481 4985
2482 4967
2483 4605
2484 4891
2485 4802
2486 2486 4656 4928
2487 4976
2488 4923
2489 3489
2490 3867
2491 4696
2492 3733
2493 2866
2494 3787 4697 4786
2495 4754
2496 4101
2497 4745
2498 4773
2499 4965
2500 3980
2501 4884
2502 3810
2503 2818
2504 3200
2505 4967
2506 4975
2507 4965
2508 4829
2509 4929
2510 3796
2511 4018
2512 2884
2513 4900
2514 110
2515 4995
2516 4304
2517 4452
2518 4598
2519 4778
2520 3836
2521 4984
2522 4990
2523 3417 3903 4092 4908
2524 4722
2525 4902 4977
2526 4907
2527 4978
2528 2948
2529 4599
2530 4926
2531 4697
2532 4970
2533 3860 4725 4781 4904
2534 4953
2535 4781
2536 4988
2537 4092
2538 3381
2539 4931
2540 4889
2541 3356
2542 4124
2543 4961
2544 4774
2545 4470
2546 2882
2547 4672
2548 1366 2548
2549 4299
2550 4931
2551 4717
2552 4626
2553 4956
2554 4889
2555 3299
2556 4869
2557 3564
2558 2558
2559 4836
2560 2617
2561 2371 2561
2562 4470
2563 4985
2564 4626
2565 4642
2566 4873
2567 4648
2568 3579
2569 4231
2570 3953
2571 4893
2572 4996
2573 3441
2574 4244
2575 3888
2576 4929
2577 4399 4722 4724 4738 4782 4861 4956
2578 4595
2579 4435
2580 4907
2581 3760 3860 4399
2582 3219
2583 4999
2584 4095 4457
2585 3796
2586 4884
2587 4556
2588 4918
2589 4908
2590 4023 4621 4644 4903 4960
2591 2591
2592 4711
2593 4946
2594 3773
2595 4754
2596 4095
2597 4109
2598 3708
2599 4978
2600 2884
2601 4603
2602 4595
2603 2591
2604 4978
2605 3691 4373 4829 4910
2606 4109 4722 4838 4969
2607 4802
2608 3716
2609 4884
2610 2610
2611 1992
2612 4064
2613 3832
2614 3494
2615 4961
2616 3691
2617 2617
2618 4946
2619 3448
2620 4754
2621 3927
2622 4994
2623 4998
2624 4819
2625 4599
2626 4996
2627 4775
2628 4957
2629 4960
2630 4918
2631 4838
2632 3976
2633 4244
2634 4244
2635 4502
2636 4991
2637 4028
2638 4998
2639 4904
2640 4976
2641 2641 2865
2642 4923
2643 3316
2644 2558
2645 4957
2646 4984
2647 4952
2648 4268
2649 2323 4971 4994
2650 4567
2651 4690
2652 2982
2653 3299
2654 4969
2655 2655
2656 4267
2657 3775
2658 4510
2659 4033
2660 4805
2661 1551
2662 4715
2663 4711
2664 2939
2665 4836
2666 3417 4448 4832 4838 4869 4926
2667 4930
2668 4955
2669 4970
2670 4902
2671 4908
2672 4588 4595 4620
2673 2797
2674 2882 3494 4268 4492
2675 4992
2676 4492
2677 4502
2678 2463 3872 4620
2679 4267
2680 4382
2681 4858
2682 4451
2683 4502
2684 4953
2685 4792
2686 4414
2687 4711
2688 4944
2689 4891
2690 4552
2691 4725
2692 4027
2693 4767
2694 4457
2695 4967
2696 3700
2697 4899
2698 4023
2699 3921
2700 4989
2701 4819
2702 2702
2703 4927
2704 3497
2705 4717
2706 3293
2707 4124 4244 4697 4929
2708 4560
2709 4944
2710 3815
2711 4168
2712 4740
2713 4984
2714 4998
2715 4981
2716 4114
2717 4991
2718 4884
2719 3416 4023 4967
2720 4696
2721 4986
2722 4761
2723 4299
2724 4439
2725 2610
2726 3441
2727 3443
2728 4775
2729 4961
2730 87
2731 4697
2732 4773
2733 4805
2734 2548
2735 4470
2736 4068
2737 4277
2738 4832
2739 4480
2740 3523
2741 4092
2742 4929
2743 2106 3860 4199 4950 4960 4985
2744 2463 4567 4853 4956 4972
2745 3480 4560 4908 4956
2746 4742
2747 4648
2748 4092
2749 4090
2750 4277
2751 4715
2752 4928
2753 4956
2754 4989
2755 4990
2756 4466
2757 3422
2758 3200
2759 4992
2760 3408
2761 4976
2762 4104
2763 1501
2764 4745
2765 4976
2766 4482
2767 4998
2768 3708
2769 2769
2770 4492
2771 3849
2772 2929 3489 3921 4373 4502
2773 4837
2774 4994
2775 3888
2776 4466
2777 4455
2778 4950
2779 4970
2780 4248
2781 3481 3494 3619 3765
2782 4829
2783 4829
2784 4773
2785 4742
2786 4946
2787 4977
2788 4502
2789 4884
2790 4902
2791 4741
2792 4248
2793 3733
2794 4071
2795 3293 3402 4373 4435 4466
2796 3700
2797 2797
2798 4923
2799 4466
2800 3652
2801 3417
2802 3574
2803 4711
2804 4995
2805 4869
2806 1343 4013 4821 4956
2807 4451
2808 4861
2809 3980 4482 4532
2810 4101
2811 3564
2812 4873
2813 4970
2814 3560
2815 4560
2816 3448
2817 4802
2818 2818
2819 3200 4908 4931 4938 4985 4988
2820 4926
2821 4990
2822 4013
2823 4931
2824 3872
2825 4997
2826 4530
2827 3949
2828 4985
2829 4838
2830 3860
2831 4837
2832 4307
2833 4605
2834 4033
2835 3945
2836 4838
2837 3836
2838 4904
2839 4773
2840 4717
2841 4696
2842 4904
2843 3843
2844 4999
2845 4956
2846 3843
2847 4745
2848 4965
2849 4904
2850 4802
2851 4889
2852 4802
2853 4902
2854 3949
2855 4977
2856 4452
2857 1343
2858 3448
2859 4599
2860 3299
2861 3444
2862 4598
2863 4927
2864 4821
2865 2641 2865
2866 2866
2867 4978
2868 4697
2869 4414
2870 4027 4196 4792 4910 4939
2871 3587 3782 3945 4552 4819
2872 4884
2873 4975
2874 4448
2875 4869
2876 4967
2877 4248
2878 4990
2879 3843
2880 4986
2881 4470 4911 4956 4960
2882 2882
2883 4242
2884 2884
2885 4780
2886 4802
2887 3691
2888 4452
2889 4956
2890 4023
2891 4588
2892 4780
2893 4998
2894 4373
2895 4891
2896 3888
2897 4881
2898 4775
2899 4567
2900 4123
2901 4595
2902 4013 4196 4249 4299
2903 4307
2904 4933
2905 4599
2906 4919
2907 4985
2908 2908
2909 4891
2910 4696
2911 2558
2912 3218
2913 1992
2914 4603
2915 4754
2916 4603
2917 3292
2918 3764
2919 4971
2920 4027
2921 4724
2922 2982 4307 4382 4978
2923 4946
2924 4908
2925 4482
2926 4451
2927 4970
2928 4774
2929 2929
2930 4109
2931 4725
2932 4926
2933 4770
2934 4927
2935 3223
2936 4918
2937 4524
2938 4929
2939 2939
2940 3417
2941 4904
2942 4884
2943 4985
2944 3656
2945 4745
2946 4304
2947 4989
2948 2948
2949 4988
2950 4502
2951 4995
2952 4853
2953 4725
2954 3836
2955 4971
2956 3292
2957 4621
2958 4929
2959 4955
2960 4563
2961 2961
2962 4114
2963 4124
2964 4977
2965 4382
2966 2908 3475
2967 3402
2968 3931
2969 87
2970 4560
2971 4976
2972 4696
2973 4530
2974 4899
2975 4775
2976 2976 3202 3787
2977 4873
2978 4722
2979 4986
2980 2980
2981 4480
2982 2982
2983 3448
2984 3867
2985 4971
2986 4904
2987 4199
2988 2988
2989 4778
2990 3448
2991 4697
2992 4626
2993 4955
2994 5000
2995 1513 3356 4931 4938
2996 2996 4457
2997 3793 3976 4595
2998 3716 4480 4903 4946 4960 4970
2999 4836
3000 3927
3001 4090
3002 3475
3003 4439
3004 3420
3005 4926
3006 4725
3007 3441 3927 4307 4466 4731 4950
3008 4988
3009 4470
3010 3010
3011 3025 3564 4033 4904
3012 3652 3972 4560 4988
3013 3368
3014 4603
3015 3213
3016 4754
3017 4988
3018 4906
3019 4933
3020 2591 3843 3860 4016 4552 4889
3021 4991
3022 4068
3023 4557
3024 4673
3025 3025
3026 4510
3027 3027
3028 4832
3029 4620
3030 4782
3031 4244
3032 4644
3033 4352
3034 3919
3035 3408
3036 4401
3037 3843 4071 4923 4997
3038 4858
3039 4557
3040 4524
3041 4761
3042 4893
3043 4740
3044 4977
3045 4899
3046 4307
3047 4838
3048 4999
3049 4931
3050 4969
3051 2929
3052 3422 3443 3560 3927 4016 4452
3053 2326
3054 3424 3550 4626
3055 4990
3056 2106 3700 4071 4696 4861 4936
3057 4926
3058 3441
3059 4972
3060 839 3060
3061 4299
3062 4530
3063 4767
3064 4969
3065 4899
3066 4689
3067 3810
3068 3843
3069 4767
3070 4979
3071 4969
3072 4853
3073 2982
3074 4492
3075 3980
3076 4994
3077 2939 3999
3078 4873
3079 4700
3080 1750 3416 4928
3081 4931
3082 4989
3083 4944
3084 4933
3085 4741
3086 1551
3087 3656
3088 3088
3089 4972
3090 4926
3091 4918
3092 2058
3093 4893
3094 4971
3095 3587
3096 4903
3097 4829
3098 3098
3099 4530
3100 3475
3101 2982 3875 4532 4738 4997
3102 2655 3025 3424 4267
3103 3860 4480 4588 4722 4858 4952 4977
3104 4836
3105 3976
3106 4249
3107 4950
3108 3818
3109 4991
3110 2106
3111 4767
3112 3368
3113 3919
3114 4109
3115 4781
3116 3708
3117 4970
3118 3836
3119 4722
3120 4492
3121 3293
3122 4992
3123 3494
3124 4095
3125 110 2343 2558 3316
3126 1662 3218 4244 4439
3127 4976
3128 4908
3129 4995
3130 4696
3131 4775
3132 4299
3133 2326 3765 4626
3134 4435
3135 3818
3136 4939
3137 4950
3138 4717
3139 4988
3140 4873
3141 4891
3142 4969
3143 4774
3144 4697
3145 4919
3146 4938
3147 4248
3148 4891
3149 3888
3150 4911
3151 4998
3152 4033
3153 4939
3154 4373
3155 4761
3156 4938
3157 2058 3202 4299
3158 4304
3159 4588
3160 4965
3161 3475
3162 4563
3163 4457
3164 3927
3165 4724
3166 4824
3167 4774
3168 4960
3169 3027 4299 4448
3170 4644 4662 4672 4715 4741 4899
3171 3391 4819 4873
3172 4626
3173 4028 4233 4588 4821 4838
3174 4976
3175 4893
3176 4439
3177 1551
3178 4902
3179 4722
3180 4781
3181 4731
3182 1551 2254 2655 3968 4939
3183 4016
3184 4526
3185 1662 4452 4552 4642 4722
3186 3764
3187 4672
3188 4455
3189 4907
3190 3424 4299 4588 4761 4768 4907 4981
3191 4999
3192 4927
3193 4028
3194 4981
3195 4933
3196 4829
3197 4918
3198 4957
3199 3098
3200 3200
3201 4936
3202 3202
3203 3098
3204 1513 1551 4717 4953 4961
3205 3716
3206 1551 3088 3219 3422 4532
3207 4696
3208 4989
3209 87 3489 3872 3903 3945 4724
3210 3810 3832 3927
3211 4774
3212 3475
3213 3213
3214 3849
3215 2203 2343
3216 3741
3217 4248
3218 3218
3219 3219
3220 4884
3221 4933
3222 4978
3223 3223
3224 4976
3225 2929
3226 4889
3227 4923
3228 3587
3229 3927
3230 4745
3231 4299
3232 4829
3233 4885
3234 3234
3235 4552
3236 3972
3237 4858
3238 4933
3239 4137
3240 4960
3241 4090
3242 3888
3243 4626
3244 4774
3245 4196
3246 4435
3247 4837
3248 3775
3249 3741
3250 4774
3251 2106 2450 3299 3945 4961
3252 4899
3253 3652
3254 4314
3255 4620
3256 4697
3257 4906
3258 4908
3259 3475
3260 3668
3261 2558 2961 4838 4931 4992
3262 4268
3263 4962
3264 4656
3265 3716
3266 4027
3267 4781
3268 4603
3269 4989
3270 4696
3271 3619
3272 4969
3273 4741
3274 4952
3275 2558
3276 4722
3277 4908
3278 4466
3279 4957
3280 4903
3281 4781
3282 4805
3283 3773 3836 4114 4435 4923
3284 4873
3285 4731
3286 3980
3287 4955
3288 4969
3289 4832
3290 2797
3291 4782
3292 3292
3293 3293
3294 4482
3295 4480
3296 3098 3815 4064 4401
3297 4969
3298 4492
3299 3299
3300 2818
3301 4998
3302 4767
3303 4414
3304 4893
3305 4466
3306 4970
3307 4938
3308 3652 4180 4278 4556
3309 4927
3310 4829
3311 4906
3312 3963
3313 4231
3314 4532
3315 3420
3316 3316
3317 4910
3318 4123
3319 4889
3320 4939
3321 4168
3322 3453
3323 4598
3324 2610
3325 4995
3326 4114
3327 3299
3328 4242
3329 4768
3330 4853
3331 3872
3332 4985
3333 4724
3334 4016 4278 4526 4599 4672 4929
3335 4738
3336 3931
3337 4095
3338 4990
3339 3888
3340 4819
3341 4985
3342 4304
3343 4911
3344 4996
3345 3867
3346 3213 3453 3849 3919
3347 4027
3348 4963
3349 4907
3350 3775
3351 4965
3352 4774
3353 2326 2982 4696
3354 4994
3355 3420
3356 3356
3357 4466
3358 4984
3359 4975
3360 4492
3361 4976
3362 4648
3363 4268
3364 4946
3365 4824
3366 4593
3367 3921
3368 3368
3369 4903
3370 4648
3371 4672
3372 4556
3373 2961 4307 4928
3374 4967
3375 4123
3376 4588
3377 4482
3378 4900
3379 4452
3380 2617 3587 4928 4931 4972
3381 3381
3382 4510
3383 4991
3384 4675
3385 4903
3386 3386
3387 4023
3388 4899
3389 4910
3390 3448 3708 4588 4838 4927
3391 3391
3392 4804
3393 2884
3394 4673
3395 4526
3396 4124
3397 4717
3398 2548 3386 3765 4452 4626 4918
3399 4988
3400 4927
3401 4869
3402 3402
3403 4975
3404 4931
3405 4780
3406 2106
3407 4900
3408 3408
3409 4889
3410 4950
3411 4672
3412 4990
3413 3872 4268 4352 4824 4956 4965 4991
3414 3708
3415 3316 4299 4824 4837
3416 3416
3417 3417
3418 3949
3419 4978
3420 3420
3421 4644
3422 3422
3423 4928
3424 3424
3425 4910
3426 2450
3427 4662
3428 4946
3429 4675
3430 4952
3431 4969
3432 4064
3433 3497
3434 4563
3435 4510
3436 4394
3437 5000
3438 4168
3439 4598
3440 4991
3441 3441
3442 4662
3443 3443
3444 3444
3445 4837
3446 4466
3447 4962
3448 3448
3449 4873
3450 1992
3451 4114
3452 4938
3453 3453
3454 4782
3455 4919
3456 4774
3457 2996 4095 4457
3458 4997
3459 4903
3460 3560
3461 4972
3462 3234 3927
3463 4307
3464 3872
3465 3391
3466 4804
3467 3381 4018 4248 4278 4510 4908
3468 4933
3469 4929
3470 4068
3471 4969
3472 87
3473 4961
3474 4024
3475 3475
3476 4435
3477 4927
3478 2655 3818 4642 4722 4961 4988
3479 4024
3480 3480
3481 3481
3482 2151 3200 3441 3494 4024
3483 4242
3484 4620
3485 4394
3486 4394
3487 4595
3488 4722
3489 3489
3490 4986
3491 3775 3921 4979
3492 3875
3493 4884
3494 3494
3495 3579
3496 4853
3497 3497
3498 4557
3499 4455
3500 4955
3501 2769 4124 4621
3502 4675
3503 3921
3504 4977
3505 4109
3506 4869
3507 2884 2980 3787 3815 4781
3508 4439
3509 4881
3510 4977
3511 3511
3512 3760
3513 3818
3514 4373
3515 4881
3516 3356
3517 3787
3518 4399
3519 4955
3520 4738
3521 4455
3522 4644
3523 3523
3524 4725
3525 4869
3526 3391
3527 4881
3528 2254 3453 4672 4761 4781 4889 4992
3529 4992
3530 4938
3531 3953
3532 4984
3533 3533
3534 4068
3535 4644
3536 4373
3537 4972
3538 3700
3539 4821
3540 1860 3540
3541 4884
3542 3480
3543 4770
3544 4299
3545 4754
3546 4910
3547 3652
3548 4977
3549 4557
3550 3550
3551 4770
3552 4673
3553 4109
3554 4626
3555 4946
3556 3716
3557 4996
3558 4910
3559 4552
3560 3560
3561 4955
3562 4952
3563 4978
3564 3564
3565 4858
3566 3579
3567 3511
3568 4480
3569 3980
3570 2106 2323 3292 4059 4885
3571 4955
3572 2769 3949 4267 4931 4999
3573 3443
3574 3574
3575 4626
3576 4697
3577 3441 3700 3919 4101 4267 4557 4952
3578 4532
3579 3579
3580 4979
3581 4967
3582 4104
3583 3424
3584 4605
3585 4527
3586 4819
3587 3587
3588 4605
3589 3574 3716 3760 3773 3963 4786 4885
3590 4382
3591 4969
3592 4778
3593 4970
3594 3760
3595 2769 3416 3708 3793 3945 4525
3596 4745
3597 4399
3598 4944
3599 1992
3600 4858
3601 4595
3602 4104
3603 4971
3604 4740
3605 4248
3606 4502
3607 4137
3608 4928
3609 4963
3610 3025
3611 2948
3612 4013
3613 2106
3614 3733
3615 4910
3616 4902
3617 4028
3618 3408
3619 3619
3620 4700
3621 4971
3622 4526
3623 4884
3624 4137
3625 4899
3626 4928
3627 4675
3628 4884
3629 2106 3448 3953 4936 4938 4999
3630 4524
3631 3441
3632 4910
3633 4821
3634 4829
3635 4761
3636 4986
3637 4673
3638 4104
3639 3836
3640 4985
3641 4092
3642 4990
3643 4990
3644 4893
3645 4792
3646 4033
3647 4724
3648 4930
3649 2371 4104 4248 4829 4944
3650 2203 3919 4249 4268 4382 4673
3651 4929
3652 3652
3653 4885
3654 2961 3760 4452 4742 4884
3655 3708 3860 4492 4510 4722 4919
3656 3656
3657 4819
3658 4939
3659 4939
3660 4480
3661 2323
3662 4985
3663 4603
3664 4593
3665 4673
3666 4950
3667 1343
3668 3668
3669 4603
3670 4502
3671 4955
3672 4754
3673 2961
3674 4754
3675 3402 3422 3619 4526 4928
3676 4023
3677 2929
3678 4786
3679 4881
3680 2617
3681 4985
3682 3810 4277 4956
3683 3953 4023 4114 4452 4939
3684 4248
3685 3927
3686 4955
3687 4939
3688 4781
3689 4452
3690 4196
3691 3691
3692 4595
3693 4399
3694 14 3025 3316 3417 4196
3695 3420 3533 4944
3696 4910
3697 4933
3698 4689
3699 4819
3700 3700
3701 4018
3702 4071
3703 4068
3704 4724
3705 4268 4401 4480 4626 4741 4938 4962
3706 4902
3707 4927
3708 3708
3709 1860 4399 4452 4595 4971 4989
3710 3025 3619 4068 4233 4939
3711 4068 4595 4829 4903 4931 4944 4992
3712 4307
3713 3796
3714 4352
3715 14 2343 4033 4588
3716 3716
3717 3533 3716 3782 4373 4774
3718 4123
3719 3764
3720 3480
3721 3903 4033 4196 4248 4277 4620 4960
3722 3200
3723 4593
3724 4903
3725 4599
3726 4717
3727 4930
3728 2106
3729 4775
3730 4985
3731 4986
3732 4999
3733 3733
3734 4805
3735 4696
3736 4939
3737 2655
3738 4526
3739 4885
3740 3441 4244 4885 4984
3741 3741
3742 4992
3743 4802
3744 4740
3745 3733
3746 110
3747 4740
3748 4242
3749 4979
3750 4268
3751 4768
3752 4780
3753 4588
3754 3213
3755 4786
3756 4805
3757 2948
3758 2151 3299 4242 4724 4773 4778 4928
3759 1343 2058 3497 3511 4027 4233 4457
3760 3760
3761 4774
3762 4588
3763 4724
3764 3764
3765 3765
3766 4908
3767 4775
3768 2450
3769 4967
3770 4773
3771 4938
3772 3316
3773 3773
3774 4527
3775 3775
3776 4414
3777 4931
3778 3976
3779 4526
3780 4675
3781 4903
3782 3782
3783 3202 3945 4502 4781 4792
3784 4451
3785 4984
3786 4452
3787 1818 3202 3787
3788 4101
3789 4967
3790 3865 3931
3791 4952
3792 4599
3793 3793
3794 4938
3795 4903
3796 3796
3797 4988
3798 4999
3799 4836
3800 4979
3801 4853
3802 4967
3803 4923
3804 1551 2343 4124 4620 4853 4930
3805 4690
3806 2591 2702 4492 4938
3807 4904
3808 4101 4123 4439 4832 4836 4931 4961
3809 4837
3810 3810
3811 3088 3356 4382 4961 4979
3812 4970
3813 3867
3814 4673
3815 847 3815
3816 4526
3817 847 2254 3098 4123 4268 4401
3818 3818
3819 4911
3820 4884
3821 3299 3481 4673 4782 4884 4893 4906
3822 4978
3823 4299
3824 4891
3825 3775
3826 4881
3827 4919
3828 4996
3829 4906
3830 4986
3831 4965
3832 3832
3833 4931
3834 1992 3027 4373
3835 4969
3836 3836
3837 4965
3838 4919
3839 4970
3840 4567
3841 4299
3842 2450 3810 4267
3843 3843
3844 4931
3845 4466
3846 4724
3847 3760
3848 4672
3849 3849
3850 3782
3851 4244
3852 4988
3853 2908
3854 4770
3855 4976
3856 4761
3857 4838
3858 4414
3859 4027
3860 3860
3861 4773
3862 4662
3863 2558 3402 5000
3864 3420
3865 3865
3866 14
3867 3867
3868 4673
3869 4927
3870 4837
3871 4853 4972
3872 3872
3873 5000
3874 3903
3875 3875
3876 4770
3877 4792
3878 4919
3879 4448
3880 4967
3881 4599
3882 2939 3443 3999
3883 4891
3884 3765
3885 3860
3886 1860 3540
3887 4023
3888 3888
3889 4626
3890 5000
3891 3760
3892 4754
3893 3381
3894 4114
3895 4960
3896 4926
3897 2157
3898 4930
3899 2371 2561
3900 4999
3901 4992
3902 4802
3903 3903
3904 4881
3905 4904
3906 1662
3907 4881
3908 4885
3909 4401 4838 4957 4963
3910 4971
3911 4996
3912 4910
3913 4774
3914 4902
3915 4697
3916 4731
3917 4782
3918 3098 4457 4944
3919 3919
3920 4778
3921 3921
3922 4981
3923 4527
3924 4819
3925 3564
3926 4648
3927 3927
3928 4929
3929 4525
3930 4560
3931 3931
3932 4931
3933 4952
3934 4307
3935 4938
3936 4984
3937 4023
3938 3292 4939
3939 4530
3940 4778
3941 4902
3942 4978
3943 4991
3944 392 3810 4244 4314 4778 4931 4939
3945 3945
3946 4911
3947 4603
3948 4738
3949 3949
3950 4095 4457
3951 4952
3952 3972
3953 3953
3954 3218 4095 4960
3955 3511
3956 4452
3957 4767
3958 4199
3959 4991
3960 4837
3961 4998
3962 4900
3963 3963
3964 4971
3965 4944
3966 4962
3967 4715
3968 3968 4722
3969 4382
3970 3489
3971 4904
3972 3972
3973 4696
3974 2591 2641 3818 4953
3975 4985
3976 3976
3977 4382
3978 4731
3979 4448
3980 3980
3981 2591
3982 2157 2818 4452
3983 4838
3984 2702 3741
3985 4786
3986 4700
3987 4778
3988 4953
3989 4598
3990 4620
3991 4598
3992 4722
3993 4853
3994 3218
3995 3656
3996 4448
3997 4950
3998 4754
3999 2939 3999
4000 3810
4001 4904
4002 4731
4003 3443
4004 3098 3764 4492 4770 4821
4005 4773
4006 4918
4007 1551
4008 4567
4009 4821
4010 4985
4011 4482
4012 4965
4013 4013
4014 4926
4015 3200 3480 3972 4307 4893
4016 4016
4017 4996
4018 4018
4019 4977
4020 3810 3976 4028 4033 4399 4482 4722 4804
4021 4526
4022 3564
4023 4023
4024 4024
4025 4981
4026 3773
4027 4027
4028 4028
4029 4984
4030 3700
4031 3497
4032 4990
4033 4033
4034 4770
4035 2558 4248 4480
4036 4960
4037 4961
4038 4656
4039 4696
4040 4990
4041 4902
4042 4741
4043 4439
4044 4792
4045 4045 4981
4046 4970
4047 4715
4048 4530
4049 4480 4938
4050 4927
4051 4908
4052 4137
4053 3765
4054 3921
4055 3953
4056 4530
4057 4805
4058 3424
4059 4059
4060 4304
4061 4957
4062 4090
4063 4451
4064 4064
4065 2254
4066 4598
4067 2151
4068 4068
4069 4023 4299 4595
4070 4024
4071 4071
4072 4724
4073 87 2312 2939 3999
4074 4821
4075 4018 4352
4076 4767
4077 4829
4078 4910
4079 4722
4080 4775
4081 4998
4082 4881
4083 4911
4084 4563
4085 4104
4086 4567
4087 4231
4088 3234 3480
4089 4414
4090 4090
4091 4939
4092 4092
4093 4972
4094 4981
4095 4095 4457
4096 4927
4097 4936
4098 4492
4099 4092
4100 4989
4101 4101
4102 4724
4103 4923
4104 4104
4105 4249
4106 3860
4107 4775
4108 4656
4109 4109
4110 3088
4111 4970
4112 4999
4113 4780
4114 4114
4115 4023
4116 3444 4563 4986
4117 4605
4118 4930
4119 4970
4120 4981
4121 4996
4122 4466
4123 4123
4124 4124
4125 3219
4126 3691
4127 3587
4128 87 1662 4023
4129 4979
4130 4967
4131 4929
4132 3849
4133 4995
4134 4906
4135 4761
4136 4598
4137 4137
4138 4774
4139 2323 4448 4780
4140 4717
4141 4893
4142 3760
4143 3480
4144 4233
4145 4588
4146 2882
4147 4960
4148 4961
4149 3223
4150 4861
4151 4927
4152 4821
4153 4923
4154 4774
4155 4926
4156 4662
4157 4961
4158 4838
4159 4962
4160 4697
4161 3818 3927 4995
4162 4930
4163 4988
4164 4782
4165 3999 4033 4906 4975
4166 4603
4167 4969
4168 4168
4169 4926
4170 4995
4171 3949
4172 4996
4173 3417
4174 3619
4175 2106 4248 4911
4176 4773
4177 4482
4178 3299
4179 4853
4180 4180
4181 4307
4182 4885
4183 4979
4184 4926
4185 4904
4186 4603
4187 4492
4188 4482
4189 4970
4190 4956
4191 4603
4192 4673
4193 4482
4194 3422
4195 4064
4196 4196
4197 4016 4101 4984
4198 4672
4199 4199
4200 4742
4201 4992
4202 4906
4203 4984
4204 4722 4741 5000
4205 4382 4853 4931
4206 4975
4207 4997
4208 4248
4209 2558 4938 4972
4210 1750 4768 4981
4211 4510
4212 4401
4213 4946
4214 4953
4215 3422
4216 4955
4217 4936
4218 4768
4219 4781 4838 4996
4220 4248
4221 4137
4222 3760 3818 4071
4223 4741
4224 3656 4700 4731 4824 4837 4977
4225 3402
4226 3234 4893 4900 4938
4227 4715 4792 4953
4228 4455
4229 4998
4230 4981
4231 4231
4232 4745
4233 4233
4234 4644
4235 3441
4236 4969
4237 4435
4238 4928
4239 4991
4240 4782
4241 4740
4242 4242
4243 4016
4244 4244
4245 4957
4246 4492
4247 4689
4248 4248
4249 4249
4250 4439
4251 4938
4252 4926
4253 4767
4254 4768
4255 4524
4256 4996
4257 4382
4258 4972
4259 110 4382 4761 4960
4260 4957
4261 4399 4414 4740 4767
4262 4768
4263 4986
4264 3481
4265 4480
4266 4482
4267 4267
4268 4268
4269 4552
4270 4977
4271 4401
4272 1513
4273 4563
4274 4373
4275 4885
4276 4893
4277 4277
4278 4278
4279 4978
4280 4997
4281 4961
4282 4307
4283 4027
4284 4028
4285 4904
4286 4996
4287 4588
4288 4930
4289 4884
4290 4986
4291 4821
4292 4299
4293 4986
4294 4439
4295 4248
4296 4767 4889 4906
4297 4101
4298 4995
4299 4299
4300 4858
4301 4991
4302 4858
4303 4482
4304 4304
4305 4838
4306 4466
4307 4307
4308 4373
4309 4786
4310 4981
4311 3587 4439 4775 4976 5000
4312 4382
4313 4952
4314 4314
4315 4988
4316 4837
4317 4690
4318 2450 4557 4662 4907
4319 4492
4320 4299
4321 4352
4322 3391 4299 4466 4906
4323 4991
4324 4452
4325 4961
4326 4805
4327 4990
4328 4711
4329 3765 4903 4928 4953
4330 4802
4331 4722
4332 4738
4333 4101
4334 4989
4335 4933
4336 3953
4337 4023
4338 4672
4339 4933
4340 1400 3773 4244 4996
4341 4938
4342 4696
4343 4962
4344 2157 3234 4104
4345 4742
4346 4690
4347 4990
4348 4304
4349 4929
4350 4761 4836 4926 4928
4351 4557
4352 4352
4353 4510
4354 4955
4355 4023
4356 4662
4357 4893
4358 4603
4359 4770
4360 4024
4361 4526 4969
4362 4731
4363 4603
4364 4644
4365 4648
4366 4936
4367 2312 2929 3963 4975
4368 4742
4369 4858
4370 3741 4642 4903 4984
4371 4524
4372 3368
4373 4373
4374 4314
4375 4603
4376 1818 3202 3787
4377 4989
4378 3391
4379 2323 4071 4399 4567 4642 4908 4961
4380 4979
4381 4975
4382 4382
4383 4448
4384 4109
4385 4401
4386 2486 2866 3999 4304 4740
4387 2655 4738 4780 4911 4967 4972
4388 4023
4389 4977
4390 4950
4391 4910
4392 4804
4393 4527
4394 4394
4395 4990
4396 4938
4397 4952
4398 3444 4373 4740 4853
4399 4399
4400 4869
4401 4401
4402 4976
4403 4603
4404 4482
4405 4956
4406 4700
4407 4552
4408 3416
4409 3872 4690 4768 4792
4410 4768
4411 4725
4412 4990
4413 1818 2976 3787
4414 4414
4415 4902
4416 3843
4417 4780
4418 4588
4419 4881
4420 4889
4421 4675
4422 3796
4423 4991
4424 4944
4425 4938
4426 4965
4427 4979
4428 2980 4605 4770 4832 4923 4938
4429 4933
4430 4123
4431 3292
4432 4563
4433 4832
4434 4244 4869 4885 4927 4931
4435 4435
4436 4824
4437 4717
4438 2254 4109 4690 4780 4989
4439 4439
4440 4989
4441 4738
4442 4620
4443 4923
4444 4902
4445 4832
4446 4689
4447 4910
4448 4448
4449 4196
4450 4907
4451 4451
4452 4452
4453 4673
4454 4745
4455 4455
4456 4873
4457 4095 4457
4458 4936
4459 4027 4267 4672 4933 4967
4460 3579
4461 4373
4462 4774
4463 4976
4464 4530
4465 5000
4466 4466
4467 4689
4468 4451
4469 4717
4470 4470
4471 4936
4472 3420 4455 4466 4673 4696 4929 4944
4473 4832
4474 4804
4475 4976
4476 4598
4477 4697
4478 1991 3574
4479 4621
4480 4480
4481 4767
4482 4482
4483 4919
4484 4672
4485 4480
4486 4998
4487 4690
4488 4885
4489 4738
4490 4249
4491 4929
4492 4492
4493 2058
4494 4997
4495 4656 4873 4904 4928 4944
4496 4675
4497 1551 2450 4526 4697 4970 4991
4498 2884
4499 4999
4500 1501 2157 4299 4919 4936 4978
4501 2058 3579 4466 4588 4626 4956 4997
4502 4502
4503 4975
4504 4603
4505 4979
4506 4648
4507 4731
4508 4675
4509 4967
4510 4510
4511 4910
4512 4781
4513 4861
4514 4944
4515 4778
4516 4267
4517 4961
4518 4731
4519 4824
4520 4768
4521 4715
4522 4999
4523 4557
4524 4524
4525 4525
4526 4526
4527 4527
4528 4908
4529 2884
4530 4530
4531 4904
4532 4532
4533 3316 3836 4104 4767 4838 4919 4998
4534 4745
4535 4977
4536 3836
4537 4700
4538 4439
4539 4231
4540 4563
4541 4861
4542 4962
4543 4648
4544 4642
4545 4595
4546 4911
4547 4889
4548 4401
4549 3098 4510 4715 4821 4853 4928 4931 4995
4550 2961
4551 4998
4552 4552
4553 4885
4554 1758 3218 3234 3700 3903 4231 4567 4903
4555 4997
4556 4556
4557 4557
4558 4996
4559 4979
4560 4560
4561 4991
4562 4697
4563 4563
4564 4071
4565 4745
4566 4978
4567 4567
4568 4819
4569 4992
4570 3574 4711 4754 4939 4967 4986 4991 4994
4571 4979
4572 4992
4573 4114
4574 3533
4575 4950
4576 4910
4577 4792
4578 4907
4579 4510
4580 3497 4092 4673 4700 4893 4939 4978 4995
4581 4950
4582 1551 3963 4648 4690 4893 4918 4929
4583 4952
4584 4977
4585 4605
4586 4780
4587 4899
4588 4588
4589 4953
4590 4767
4591 4382
4592 4455
4593 4593
4594 4929
4595 4595
4596 4955
4597 4267
4598 4598
4599 4599
4600 4881
4601 5000
4602 3796
4603 4603
4604 4961
4605 4605
4606 4593
4607 4530
4608 4976
4609 4907
4610 4731
4611 4780
4612 4605
4613 4059 4532 4567 4648 4731 4745 4988
4614 4773
4615 4124
4616 4448
4617 4988
4618 4621
4619 4918
4620 4620
4621 4621
4622 4858
4623 2980 4595 4642 4722 4731 4885 4893 4911 4978
4624 4244 4480 4962 4971 4972 4979
4625 2939 2988 3980 4745 4836 4885 4891 4902
4626 4626
4627 4918
4628 4805
4629 4853
4630 4595
4631 4884
4632 4933
4633 4774
4634 3716
4635 4599
4636 1513 4470 4482 4662 4738 4742 4923
4637 4873
4638 4991
4639 3200 4711 4767 4774 4891 4903 4965 4998
4640 2591 4064 4492 4819 4824 4927 4957 4976
4641 3579 4278 4672 4802 4891 4960 4985 4998
4642 4642
4643 4884
4644 4644
4645 4906
4646 2882 2961 3481 3903 4033 4904 4988 4999
4647 4885
4648 4648
4649 4957
4650 4829
4651 110 3691 4593 4910 4923 4929 4986 4989
4652 4996
4653 4861
4654 4946
4655 3533 4482 4662 4767 4804 4891 4929 4970
4656 4656
4657 4470
4658 4861
4659 4722
4660 4532
4661 4767
4662 4662
4663 4761
4664 4976
4665 4524
4666 3098 4114 4123 4526 4731 4944 4992 4995
4667 4620
4668 4965
4669 2982 4527 4552 4563 4593 4642 4930 4994
4670 4754
4671 2591 3865 4196 4768 4778 4829 4836
4672 4672
4673 4673
4674 4919
4675 4675
4676 3656 4124 4532 4742 4745 4781 4858 4929
4677 4804
4678 2058 3202 3875 4525 4792 4805 4978 4996
4679 3299 4394 4673 4768 4904 4910 4929
4680 4904
4681 4525
4682 2558 4480 4605 4717 4923 4938 4965 4976 4992
4683 4957
4684 4802
4685 4975
4686 4715
4687 4969
4688 4999
4689 4689
4690 4690
4691 2908
4692 4832
4693 3523 3716 4114 4697 4774 4989 4996 4999
4694 4952
4695 4836
4696 4696
4697 4697
4698 4977
4699 2106 2157 4244 4526 4595 4962
4700 4700
4701 5000
4702 4090 4104 4249 4885 4972 4975
4703 4986
4704 4838
4705 4802
4706 4885
4707 4952
4708 2486 4101 4248 4853 4899 4930 4992
4709 4373
4710 4985
4711 4711
4712 4955
4713 4268
4714 4992
4715 4715
4716 2882 3010 3832 4731 4885 4899 4956 4986 4996
4717 4717
4718 4918
4719 4965
4720 2343 2591 3782 4268 4740 4861 4907
4721 1992 3963 4314 4819 4873 4919 4984 4997
4722 4722
4723 4690
4724 4724
4725 4725
4726 4745
4727 4930
4728 4928
4729 4853
4730 4927
4731 4731
4732 4965
4733 4902
4734 4981
4735 4754
4736 2884 3523 4114 4180 4690 4740 4927
4737 4978
4738 4738
4739 4770
4740 4740
4741 4741
4742 4742
4743 4926
4744 4962
4745 4745
4746 2591
4747 2948 3416 3579 3619 3865 4452 4928 4996
4748 4761
4749 4979
4750 4955
4751 4267 4527 4560 4696 4740 4781 4927 4971 5000
4752 4908
4753 3010 3391 3836 4068 4492 4603 4858 4908 4955
4754 4754
4755 4902
4756 4978
4757 4911
4758 4926
4759 4930
4760 4997
4761 4761
4762 4910
4763 4994
4764 4697
4765 4742
4766 4910
4767 4767
4768 4768
4769 4992
4770 4770
4771 4955
4772 4989
4773 4773
4774 4774
4775 4775
4776 4997
4777 4881
4778 4778
4779 4869
4780 4780
4781 4781
4782 4782
4783 4740
4784 4953
4785 3782 3963 4109 4267 4648 4819 4899 4906
4786 4786
4787 4986
4788 4900
4789 4792
4790 4957
4791 4918
4792 4792
4793 4979
4794 4754
4795 2948 4724 4782 4919 4938 4972
4796 4975
4797 4975
4798 2591 4024 4588 4900 4970 4977 4981 4997
4799 4907
4800 4656
4801 4967
4802 4802
4803 4960
4804 4804
4805 4805
4806 4989
4807 4975
4808 4975
4809 4955
4810 3223 4249 4781 4853 4861 4969 4979
4811 4452 4741 4804 4819 4930 4975
4812 4979
4813 4999
4814 4955
4815 3836 4013 4524 4526 4773 4775 4832 4971
4816 2882 3497 4532 4567 4620 4725 4853 4997
4817 3448
4818 4919
4819 4819
4820 2106
4821 4821
4822 4970
4823 4903
4824 4824
4825 4824 4930
4826 4696
4827 4978
4828 3293 3391 4307 4700 4725 4836 4873 4988
4829 4829
4830 4990
4831 4931
4832 4832
4833 4016 4530 4557 4741 4786 4821 4953 4976
4834 4899
4835 4996
4836 4836
4837 4837
4838 4838
4839 3927
4840 4891
4841 2939 4109 4526 4556 4738 4802 4926
4842 4936
4843 4933
4844 3497 4248 4903 4910 4936 4965 4976
4845 4986
4846 4981
4847 4923
4848 1513 2797 4304 4725 4775 4837 4933 4962
4849 3234 4525 4556 4741 4773 4802 4981 4988
4850 4972
4851 4904
4852 4995
4853 4853
4854 2106 3010 3293 4414 4782 4838 4946 4996
4855 4700 4824 4832 4861 4869 4884 4891 4939
4856 1860 3494 4527 4644 4885 4955 4967 4989
4857 4930
4858 4858
4859 2797 3408 4277 4492 4919 4926 4930 4971
4860 4821
4861 4861
4862 4884
4863 4902
4864 4930
4865 4899
4866 4754
4867 4899
4868 87 3368 4672 4717 4770 4819 4861 4960
4869 4869
4870 4998
4871 3234 3391 4013 4557 4717 4869 4884 4899
4872 4858
4873 4873
4874 4930
4875 4960
4876 2254 2655 3480 4492 4837 4952 4970 4979
4877 3213 3497 3818 4028 4059 4754 4960 4994
4878 4991
4879 4908
4880 4824
4881 4881
4882 1551 2312 2558 3422 3931 4452 4466 4563 4929
4883 4990
4884 4884
4885 4885
4886 4853
4887 4975
4888 1343 2655 3448 3972 4018 4792 4832 4944
4889 4889
4890 3060 4642
4891 4891
4892 3733 4199 4452 4524 4781 4955 4961 4990
4893 4893
4894 2591 3293 3402 3550 4414 4697 4873 5000
4895 4994
4896 4927
4897 4903
4898 4981
4899 4899
4900 4900
4901 3448 3489 3760 4168 4299 4853 4903 4979
4902 4902
4903 4903
4904 4904
4905 3420 3656 4451 4588 4829 4884 4919
4906 4906
4907 4907
4908 4908
4909 4930
4910 4910
4911 4911 4962
4912 4962
4913 4986
4914 4869
4915 4944
4916 87 3453 4023 4620 4780 4903 4918 4953
4917 4985
4918 4918
4919 4919
4920 3875 4448 4466 4524 4832 4938 4961 4997
4921 4979
4922 2769 2884 3533 3775 3903 3968 4530 4900
4923 4923
4924 2961 3391 3888 4168 4373 4832 5000
4925 4985
4926 4926
4927 4927
4928 4928
4929 4929
4930 4930
4931 4931
4932 3708 4352 4401 4595 4642 4742 4824 4904
4933 4933
4934 4930
4935 4972
4936 4936
4937 4997
4938 4938
4939 4939
4940 87 3497 4180 4675 4689 4805 4838 4904
4941 4975
4942 4998
4943 4979
4944 4944
4945 2463 3219 4267 4742 4754 4957 4969 4990
4946 4946
4947 4525 4724 4740 4773 4782 4970 4984
4948 4563 4598 4603 4742 4884 4971 4986
4949 2865 3480 4527 4644 4690 4911 4952 4981
4950 4950
4951 4969
4952 4952
4953 4953
4954 4853
4955 4955
4956 4956
4957 4957
4958 4998
4959 4969
4960 4960
4961 4961
4962 4938 4962
4963 3540 3849 4492 4642 4774 4781 4885 4963
4964 4953
4965 4965
4966 4466 4768
4967 4967
4968 4979
4969 4969
4970 4970
4971 4971
4972 4972
4973 2561 3810 4168 4314 4700 4858 4952 4981
4974 4996
4975 4975
4976 4976
4977 4977
4978 4978
4979 4979
4980 2866 3219 4023 4482 4492 4931 4976 4989
4981 4981
4982 3444 4605 4725 4768 4955 4971 4999
4983 4995
4984 4984
4985 4985
4986 4986
4987 3417 3793 4242 4248 4711 4731 5000
4988 4988
4989 4989
4990 4990
4991 4991
4992 4992
4993 2617 4697 4715 4775 4836 4902 4904 4950
4994 4994
4995 4995
4996 4996
4997 4997
4998 4998
4999 4999
5000 5000
