1	44 
2	59 
3	25 
4	59 
5	33 
6	14 
7	33 
8	50 
9	38 
10	3 
11	6 15 16 21 29 32 49 56 
12	33 
13	6 
14	47 
15	30 
16	15 
17	10 
18	6 
19	12 
20	45 
21	14 
22	6 
23	22 
24	49 
25	14 23 28 29 34 37 49 64 
26	7 17 18 20 33 38 49 60 
27	3 
28	7 
29	52 
30	23 
31	15 
32	31 
33	38 
34	63 
35	38 
36	14 
37	61 
38	18 
39	7 
40	19 
41	35 
42	37 
43	43 
44	6 
45	31 
46	28 
47	50 
48	35 
49	63 
50	11 
51	52 
52	11 
53	54 
54	13 
55	65 
56	45 
57	17 
58	11 
59	37 
60	37 
61	21 
62	14 
63	3 
64	2 
65	65 
66	34 
67	1 22 26 38 42 52 54 61 
68	12 
69	51 
70	2 15 16 25 27 45 50 61 
71	50 
72	33 
73	39 
74	14 
75	10 
76	57 
77	63 
78	39 
79	33 
80	38 
81	6 18 50 51 52 55 62 66 
82	6 
83	11 16 18 21 22 50 52 65 
84	26 
85	48 
86	1 
87	5 7 9 18 22 38 44 53 
88	15 25 26 28 38 53 54 66 
89	53 
90	51 
91	32 
92	55 
93	13 
94	33 
95	1 
96	17 
97	49 
98	50 
99	37 
100	56 
101	58 
102	16 
103	25 
104	27 
105	2 
106	28 
107	3 19 25 27 29 41 43 52 
108	4 
109	34 
110	15 
111	17 
112	48 
113	1 6 7 15 25 43 63 64 
114	11 
115	1 14 29 31 37 49 51 65 
116	53 
117	19 
118	33 
119	25 
120	8 9 15 18 20 37 45 63 
121	6 
122	13 
123	46 
124	29 
125	14 
126	4 
127	3 
128	14 
129	12 
130	22 
131	7 
132	61 
133	44 
134	49 
135	55 
136	12 
137	12 
138	34 
139	40 
140	31 
141	50 
142	11 
143	15 
144	64 
145	28 
146	3 
147	1 
148	52 
149	12 
150	41 
151	48 
152	58 
153	34 
154	36 
155	21 
156	14 
157	34 
158	7 
159	51 
160	1 12 18 21 23 25 26 38 
161	44 
162	35 
163	58 
164	39 
165	7 
166	57 
167	6 
168	1 
169	11 
170	46 
171	61 
172	10 
173	59 
174	24 
175	14 
176	60 
177	6 
178	55 
179	31 
180	26 
181	7 
182	6 
183	11 19 21 28 30 43 50 52 
184	21 
185	4 14 21 25 26 31 50 52 
186	47 
187	31 
188	50 
189	58 
190	43 
191	52 
192	7 
193	13 18 19 29 40 52 54 56 
194	51 
195	6 8 9 15 27 35 44 54 
196	26 
197	65 
198	18 
199	6 
200	19 
201	61 
202	19 22 26 29 31 42 45 52 
203	6 12 14 15 18 25 43 44 
204	45 
205	50 
206	11 15 20 21 25 35 43 44 
207	34 
208	11 
209	51 
210	54 
211	63 
212	58 
213	4 10 19 23 26 32 58 65 
214	44 
215	48 
216	55 
217	14 
218	24 
219	21 
220	37 
221	21 
222	52 
223	13 
224	41 
225	28 
226	14 18 20 22 34 35 43 52 
227	15 
228	60 
229	51 
230	1 
231	47 
232	41 
233	6 7 10 15 28 29 39 49 
234	26 
235	48 
236	51 
237	1 12 16 27 29 39 51 58 
238	3 5 8 14 17 27 44 49 
239	9 
240	17 
241	50 
242	43 
243	2 8 28 38 42 54 58 65 
244	19 
245	18 
246	25 
247	23 
248	33 
249	27 
250	31 
251	51 
252	34 
253	8 16 20 27 30 31 40 55 
254	33 
255	14 
256	61 
257	49 
258	7 11 18 29 31 46 51 64 
259	25 
260	59 
261	37 
262	28 
263	18 
264	46 
265	1 3 5 6 8 28 39 57 
266	26 
267	48 
268	25 
269	32 
270	45 
271	60 
272	7 
273	52 
274	49 
275	1 
276	48 
277	63 
278	4 12 15 17 21 24 28 48 
279	8 
280	25 
281	42 
282	6 
283	40 
284	37 
285	18 19 22 30 37 52 55 64 
286	14 
287	37 
288	35 
289	34 
290	8 
291	15 19 22 43 50 51 55 56 
292	54 
293	18 22 29 33 43 51 52 55 
294	55 
295	3 14 23 36 37 53 56 63 
296	17 
297	18 
298	12 15 16 17 18 21 38 53 
299	35 
300	14 23 24 33 35 36 58 60 
301	18 
302	6 
303	24 
304	1 
305	65 
306	1 15 28 39 49 50 54 65 
307	36 
308	37 
309	6 
310	39 
311	54 
312	34 
313	50 
314	58 
315	55 
316	13 
317	19 
318	3 7 8 14 30 45 53 58 
319	51 
320	14 
321	8 
322	2 
323	29 
324	45 
325	28 
326	56 
327	21 
328	42 
329	61 
330	65 
331	39 
332	35 
333	30 
334	22 
335	35 
336	19 
337	11 
338	9 
339	9 
340	6 7 43 45 49 57 62 63 
341	4 
342	1 
343	2 6 11 17 18 23 58 60 
344	64 
345	50 
346	22 
347	50 
348	23 
349	1 
350	2 
351	20 
352	19 
353	41 
354	59 
355	52 
356	65 
357	36 
358	57 
359	3 
360	43 
361	37 
362	53 
363	1 
364	37 
365	53 
366	38 
367	6 
368	26 
369	55 
370	23 
371	65 
372	30 
373	20 
374	3 
375	16 
376	12 
377	42 
378	17 
379	24 
380	28 
381	34 
382	51 
383	52 
384	2 
385	25 
386	21 22 29 34 43 47 53 61 
387	29 
388	55 
389	33 
390	4 
391	43 
392	54 
393	25 
394	66 
395	45 
396	39 
397	23 
398	37 
399	32 
400	12 
401	50 
402	10 
403	29 
404	47 
405	4 7 14 28 29 39 43 49 
406	6 9 11 12 27 40 51 65 
407	20 
408	65 
409	5 
410	24 
411	9 12 21 36 39 40 45 63 
412	63 
413	14 
414	42 
415	9 
416	16 
417	45 
418	18 
419	48 
420	61 
421	25 
422	24 
423	2 
424	56 
425	66 
426	62 
427	23 
428	48 
429	23 
430	50 
431	46 
432	3 
433	12 
434	14 
435	4 
436	7 
437	38 
438	58 
439	6 
440	53 
441	12 
442	63 
443	15 
444	41 
445	37 
446	51 
447	7 11 22 26 29 43 50 60 
448	63 
449	7 
450	33 
451	28 
452	15 
453	43 
454	19 
455	37 
456	33 
457	2 
458	15 30 34 42 43 60 63 65 
459	36 
460	58 
461	15 
462	58 
463	1 4 12 34 35 40 60 65 
464	45 
465	12 
466	21 
467	26 
468	15 
469	44 
470	62 
471	6 
472	21 
473	39 
474	52 
475	13 
476	58 
477	18 
478	59 
479	63 
480	1 
481	2 
482	32 
483	3 
484	53 
485	45 
486	52 
487	15 
488	64 
489	57 
490	25 
491	31 
492	1 
493	50 
494	33 
495	53 
496	4 26 32 36 43 48 64 66 
497	44 
498	50 
499	33 
500	1 
501	24 
502	12 
503	26 
504	21 
505	25 
506	31 
507	14 16 19 33 53 54 61 64 
508	56 
509	63 
510	34 
511	11 
512	14 
513	28 
514	18 
515	52 
516	6 22 29 37 40 51 52 65 
517	2 25 32 48 50 53 57 65 
518	42 
519	43 
520	6 29 39 43 44 51 58 64 
521	29 
522	6 9 12 14 23 34 46 51 
523	19 
524	60 
525	30 
526	18 
527	59 
528	18 
529	25 
530	64 
531	17 
532	64 
533	66 
534	25 
535	65 
536	7 13 21 40 51 53 63 66 
537	26 
538	14 
539	44 
540	15 27 28 29 49 51 57 65 
541	9 
542	1 
543	25 
544	4 
545	58 
546	31 
547	28 
548	11 18 19 22 25 39 44 66 
549	37 
550	50 
551	65 
552	62 
553	45 
554	26 
555	5 
556	8 
557	32 
558	11 12 31 34 41 45 59 64 
559	3 
560	44 
561	14 
562	14 
563	4 
564	31 
565	3 12 14 31 32 40 45 49 
566	50 
567	3 
568	12 
569	60 
570	49 
571	32 
572	14 
573	6 
574	29 
575	45 
576	55 
577	35 
578	26 
579	29 
580	37 
581	50 
582	19 
583	18 
584	15 
585	33 
586	25 
587	34 
588	50 
589	34 
590	56 
591	18 
592	10 
593	55 
594	10 12 31 33 45 49 61 62 
595	54 
596	3 
597	18 
598	28 
599	11 12 13 16 21 22 28 38 
600	18 
601	50 
602	37 
603	42 
604	66 
605	21 
606	51 
607	49 
608	39 
609	9 26 32 45 50 51 53 66 
610	65 
611	27 
612	28 
613	3 
614	34 
615	21 
616	52 
617	13 
618	34 
619	21 
620	26 
621	65 
622	22 
623	40 
624	12 
625	55 
626	2 15 37 41 47 52 53 55 
627	23 
628	43 
629	53 
630	40 
631	7 27 31 33 37 50 52 61 
632	2 
633	61 
634	29 
635	57 
636	6 
637	18 
638	21 
639	3 
640	34 
641	17 
642	24 
643	29 
644	43 
645	11 
646	20 
647	12 
648	6 
649	46 
650	61 
651	28 
652	54 
653	35 
654	56 
655	14 
656	28 
657	15 
658	1 
659	38 
660	57 
661	3 5 7 19 29 42 43 62 
662	14 
663	33 
664	15 
665	3 12 15 25 41 44 52 58 
666	18 
667	31 
668	42 
669	55 
670	41 
671	46 
672	7 
673	3 
674	9 
675	17 
676	1 
677	28 
678	34 
679	8 
680	7 
681	7 18 34 37 46 47 49 52 
682	15 16 21 42 43 50 55 56 
683	37 
684	14 
685	4 
686	4 
687	43 
688	53 
689	45 
690	52 
691	34 
692	1 12 20 21 28 31 49 50 
693	61 
694	32 
695	4 
696	28 
697	45 
698	13 
699	12 
700	52 
701	28 
702	61 
703	32 
704	65 
705	1 14 21 26 27 37 50 65 
706	58 
707	34 
708	55 
709	49 
710	1 19 31 37 38 55 57 60 
711	65 
712	48 
713	61 
714	18 
715	58 
716	11 18 27 30 40 47 49 55 
717	9 
718	27 
719	16 
720	10 
721	53 
722	45 
723	54 
724	37 
725	3 
726	38 
727	2 
728	14 
729	62 
730	7 14 19 21 23 35 43 65 
731	37 
732	2 
733	34 
734	33 
735	26 
736	16 
737	15 
738	7 13 26 37 38 39 45 52 
739	22 
740	9 
741	32 
742	59 
743	58 
744	28 
745	7 
746	49 
747	39 
748	28 
749	6 
750	1 28 33 35 41 45 49 51 
751	50 
752	38 
753	29 
754	11 
755	56 
756	37 
757	55 
758	63 
759	1 6 15 22 27 31 61 63 
760	18 
761	10 
762	25 
763	37 
764	61 
765	43 
766	63 
767	15 
768	20 
769	27 
770	13 
771	7 
772	38 
773	18 
774	15 
775	7 
776	2 5 18 20 25 29 34 62 
777	47 
778	32 
779	45 
780	11 
781	5 
782	47 
783	12 
784	7 12 15 33 40 45 58 61 
785	56 
786	36 
787	29 
788	19 
789	56 
790	47 
791	55 
792	45 
793	21 
794	29 
795	12 
796	42 
797	23 
798	47 
799	6 
800	7 8 9 10 12 29 42 48 
801	20 
802	21 
803	11 
804	11 
805	18 
806	34 
807	15 
808	54 
809	33 
810	6 
811	37 
812	33 
813	37 
814	44 
815	6 
816	48 
817	34 
818	1 
819	41 
820	50 
821	14 
822	22 
823	11 18 33 40 44 48 49 65 
824	1 5 7 12 36 38 43 52 
825	52 
826	6 7 12 14 15 25 44 66 
827	65 
828	19 
829	21 
830	65 
831	60 
832	5 
833	15 
834	19 
835	6 
836	40 
837	50 
838	35 
839	32 
840	37 
841	63 
842	44 
843	16 
844	28 
845	17 
846	58 
847	7 
848	9 
849	49 
850	26 
851	1 
852	4 
853	10 24 34 43 44 52 53 55 
854	18 
855	33 
856	58 
857	2 12 34 37 47 54 59 65 
858	61 
859	15 
860	28 
861	43 
862	25 
863	2 17 18 37 44 49 50 57 
864	45 
865	48 
866	51 
867	9 
868	2 
869	59 
870	56 
871	44 
872	7 
873	63 
874	9 
875	57 
876	37 
877	49 
878	12 
879	21 
880	33 
881	19 
882	48 
883	22 
884	10 11 21 35 50 52 64 65 
885	33 
886	25 
887	44 
888	57 
889	19 
890	15 
891	19 
892	23 
893	33 
894	6 
895	43 
896	14 
897	49 
898	35 
899	26 
900	53 
901	52 
902	11 
903	43 
904	12 
905	2 
906	37 
907	20 
908	20 
909	37 
910	6 18 19 25 26 44 53 56 
911	43 
912	20 
913	2 
914	12 
915	5 7 12 15 18 26 33 54 
916	50 
917	40 
918	1 9 21 25 26 37 50 58 
919	6 
920	6 
921	54 
922	6 
923	44 
924	50 
925	6 
926	58 
927	7 14 21 25 41 43 59 65 
928	33 
929	26 
930	33 
931	15 
932	44 
933	14 15 20 23 26 53 55 57 
934	43 
935	21 
936	31 
937	48 
938	55 
939	6 26 31 33 48 52 60 62 
940	48 
941	15 
942	11 
943	51 
944	7 
945	61 
946	55 
947	22 
948	51 
949	18 
950	19 
951	7 
952	24 29 31 33 34 48 55 65 
953	50 
954	33 
955	7 18 26 33 34 47 49 50 
956	11 
957	48 
958	19 
959	48 
960	50 
961	28 
962	43 
963	22 
964	7 
965	7 20 22 29 34 45 52 59 
966	26 
967	6 
968	50 
969	58 
970	33 
971	34 
972	7 
973	12 
974	33 
975	2 3 21 22 46 52 64 65 
976	12 
977	1 
978	18 21 28 32 35 46 52 60 
979	49 
980	15 
981	26 
982	1 
983	45 
984	21 
985	52 
986	50 
987	2 17 26 34 35 52 53 58 
988	52 
989	12 
990	25 26 27 28 32 37 51 64 
991	34 
992	1 
993	37 
994	33 
995	21 
996	5 26 31 35 37 40 49 58 
997	7 
998	7 
999	18 
1000	12 
