1	321 
2	136 
3	276 
4	310 
5	201 
6	283 
7	31 
8	275 
9	263 
10	69 84 139 186 189 253 295 346 
11	93 146 171 206 212 259 326 349 
12	35 154 160 252 256 263 310 334 
13	8 
14	106 
15	154 
16	41 74 124 156 223 239 342 343 
17	101 
18	335 
19	150 
20	35 60 67 146 162 281 309 310 
21	4 9 46 197 219 284 324 328 
22	46 67 72 166 172 175 244 261 
23	217 
24	78 
25	49 
26	18 53 126 139 144 229 261 315 
27	17 97 110 160 189 194 306 338 
28	307 
29	295 
30	6 39 48 102 112 138 141 314 
31	46 
32	171 
33	315 
34	312 
35	115 126 137 185 274 310 336 338 
36	16 88 131 158 239 253 275 319 
37	31 
38	15 
39	185 
40	175 
41	223 
42	88 150 221 243 246 279 293 300 
43	165 
44	17 
45	90 
46	66 
47	209 
48	268 
49	112 
50	168 
51	175 
52	77 
53	63 121 162 244 267 269 285 342 
54	286 
55	270 
56	55 
57	45 
58	38 131 164 193 200 264 293 295 
59	303 
60	103 
61	43 49 110 154 157 201 205 278 
62	116 
63	299 
64	75 
65	283 
66	204 
67	45 
68	296 
69	201 
70	77 
71	104 
72	114 
73	237 
74	203 
75	340 
76	142 
77	21 
78	47 
79	68 80 123 125 141 146 166 264 
80	176 
81	160 
82	143 
83	168 
84	285 
85	234 
86	309 
87	242 
88	8 18 45 53 92 217 313 334 
89	53 
90	275 
91	332 
92	337 
93	339 
94	234 
95	26 
96	115 
97	253 
98	72 
99	348 
100	101 
101	93 
102	91 
103	329 
104	295 
105	237 
106	253 
107	43 45 83 121 150 151 207 211 
108	80 86 132 136 243 299 302 303 
109	44 
110	97 
111	308 
112	125 
113	61 
114	303 
115	329 
116	136 
117	198 
118	201 
119	322 
120	332 
121	7 
122	161 
123	335 
124	348 
125	164 
126	103 
127	15 73 74 118 122 213 316 323 
128	175 
129	14 38 121 139 246 249 263 272 
130	29 44 64 76 90 137 267 337 
131	35 
132	350 
133	202 
134	107 
135	251 
136	47 
137	305 
138	47 
139	76 
140	198 
141	237 
142	281 
143	246 
144	17 
145	210 
146	335 
147	309 
148	62 
149	66 
150	337 
151	79 
152	175 
153	60 
154	282 
155	168 
156	148 
157	163 
158	172 
159	32 
160	334 
161	189 
162	279 
163	262 
164	9 
165	84 
166	284 
167	234 
168	93 
169	324 
170	89 
171	336 
172	253 
173	229 
174	283 
175	61 94 240 250 272 277 287 344 
176	174 
177	107 
178	71 
179	67 
180	175 
181	78 
182	50 122 130 187 240 274 335 349 
183	186 
184	348 
185	255 
186	248 
187	31 41 78 113 159 200 212 259 
188	279 
189	282 
190	226 
191	48 61 110 155 243 256 267 319 
192	257 
193	18 
194	13 
195	81 
196	138 
197	79 
198	122 
199	162 
200	21 60 131 139 205 269 292 299 
201	336 
202	204 
203	311 
204	151 
205	295 
206	239 
207	66 
208	118 
209	175 
210	211 
211	322 
212	19 30 107 192 195 261 286 305 
213	304 
214	2 
215	207 
216	25 
217	23 
218	335 
219	140 
220	318 
221	155 
222	14 177 190 198 235 252 282 285 
223	283 
224	328 
225	155 
226	84 
227	82 
228	241 
229	306 
230	82 122 163 179 206 212 237 263 
231	232 
232	248 
233	201 
234	64 
235	147 
236	227 
237	275 
238	19 
239	138 
240	227 
241	271 
242	261 
243	246 
244	187 
245	240 
246	105 
247	323 
248	175 
249	332 
250	144 
251	175 
252	208 
253	325 
254	5 
255	326 
256	210 
257	19 21 83 126 131 269 313 326 
258	4 
259	63 
260	69 
261	272 
262	162 
263	321 
264	159 
265	270 
266	221 
267	180 
268	28 
269	155 
270	103 
271	315 
272	317 
273	343 
274	314 
275	269 
276	69 
277	115 
278	84 
279	33 111 171 180 270 279 317 333 
280	147 
281	279 
282	139 
283	240 
284	158 
285	61 
286	225 
287	56 
288	49 
289	127 
290	287 
291	343 
292	8 
293	88 
294	319 
295	19 
296	304 
297	74 
298	96 228 264 269 281 296 303 346 
299	79 138 157 225 245 262 317 340 
300	109 
301	45 
302	68 
303	217 
304	56 
305	25 
306	282 
307	296 
308	186 
309	310 
310	22 
311	200 
312	171 
313	285 
314	137 
315	222 
316	213 
317	82 
318	135 
319	106 
320	38 125 141 145 235 264 281 332 
321	31 54 79 117 169 223 261 269 
322	21 112 130 174 195 223 270 349 
323	115 
324	334 
325	314 
326	201 
327	57 80 84 105 186 200 228 251 
328	248 
329	30 
330	137 
331	132 
332	215 
333	100 
334	165 
335	141 
336	240 
337	245 
338	163 
339	204 
340	282 
341	260 
342	303 
343	85 
344	240 
345	123 
346	228 
347	311 
348	115 
349	101 
350	275 
351	29 
352	137 
353	18 
354	50 
355	49 
356	175 
357	301 
358	278 
359	201 
360	2 49 56 82 190 280 284 315 
361	93 
362	149 
363	3 
364	165 
365	184 
366	166 
367	49 
368	212 
369	108 
370	250 
371	347 
372	288 
373	17 45 64 155 173 246 274 327 
374	139 
375	267 
376	131 
377	140 
378	181 
379	106 
380	148 178 180 206 216 274 334 335 
381	267 
382	88 
383	167 
384	229 
385	281 
386	268 
387	301 
388	255 
389	220 
390	296 
391	337 
392	171 
393	123 
394	125 
395	242 
396	185 
397	203 
398	68 
399	235 
400	316 
401	18 
402	300 
403	8 26 79 193 226 235 276 318 
404	236 
405	337 
406	33 36 70 85 123 166 210 295 
407	2 154 219 270 282 326 339 350 
408	74 
409	76 
410	156 
411	263 
412	213 
413	57 
414	300 
415	57 
416	63 
417	109 
418	250 
419	126 
420	45 
421	15 30 171 226 229 276 283 338 
422	206 
423	42 
424	46 58 90 107 159 191 251 315 
425	217 
426	274 
427	190 
428	35 46 88 111 116 192 279 343 
429	185 
430	15 
431	201 
432	53 
433	117 
434	330 
435	251 
436	258 
437	208 
438	334 
439	6 
440	154 
441	122 
442	12 
443	206 
444	201 
445	122 
446	262 
447	251 
448	104 
449	13 89 113 157 168 175 282 337 
450	53 
451	240 
452	134 
453	31 
454	239 
455	125 
456	96 
457	292 
458	116 
459	67 
460	153 
461	314 
462	198 
463	17 57 69 73 84 166 181 298 
464	227 
465	12 
466	129 
467	22 
468	34 
469	308 
470	44 
471	122 
472	110 
473	281 
474	198 
475	30 
476	69 
477	317 
478	3 
479	226 
480	334 
481	88 
482	244 
483	62 180 183 200 241 253 297 324 
484	71 
485	282 
486	269 
487	263 
488	105 
489	180 
490	267 
491	124 
492	281 
493	57 
494	271 
495	109 
496	308 
497	122 
498	48 
499	224 
500	91 98 137 154 201 225 315 347 
501	149 
502	318 
503	81 
504	239 
505	7 104 159 187 226 227 250 333 
506	155 
507	280 
508	225 
509	129 
510	191 
511	117 
512	33 61 118 142 188 201 279 338 
513	14 
514	77 
515	83 
516	239 
517	80 
518	107 
519	312 
520	321 
521	214 
522	285 
523	184 
524	150 
525	323 
526	313 
527	36 
528	296 
529	204 
530	310 
531	185 
532	51 
533	313 
534	169 
535	285 
536	33 
537	17 21 37 141 201 234 266 319 
538	158 
539	297 
540	39 
541	103 
542	92 
543	146 
544	59 
545	111 
546	121 
547	230 
548	89 
549	93 111 123 135 139 185 187 261 
550	328 
551	232 
552	199 
553	14 
554	152 
555	118 
556	19 
557	123 
558	55 
559	55 
560	207 
561	11 112 151 164 171 172 324 342 
562	269 
563	79 158 168 253 277 285 315 317 
564	334 
565	46 
566	141 
567	35 
568	123 
569	157 
570	311 
571	263 
572	155 
573	37 
574	19 
575	349 
576	265 
577	84 
578	21 45 71 85 201 221 321 349 
579	15 30 59 61 186 192 246 250 
580	251 
581	226 
582	185 
583	34 60 120 141 216 225 285 292 
584	64 122 170 222 241 248 326 336 
585	220 
586	186 
587	177 
588	106 
589	110 
590	345 
591	19 
592	335 
593	213 
594	268 
595	91 
596	349 
597	19 
598	301 
599	56 
600	217 
601	227 
602	47 
603	271 
604	17 
605	10 
606	80 
607	5 84 95 145 164 293 307 331 
608	298 
609	348 
610	224 
611	271 
612	95 
613	147 
614	153 
615	252 
616	249 
617	146 
618	299 
619	281 
620	314 
621	110 
622	341 
623	329 
624	69 
625	36 46 67 121 160 192 262 333 
626	319 
627	216 
628	214 
629	179 
630	261 
631	19 76 116 122 123 130 157 169 
632	163 
633	211 
634	115 
635	30 77 106 125 156 278 296 333 
636	53 
637	11 
638	34 
639	131 
640	200 
641	38 
642	204 
643	194 
644	13 150 181 212 235 237 238 340 
645	15 45 82 117 121 178 200 343 
646	59 
647	244 
648	273 
649	30 40 46 94 114 230 261 297 
650	14 
651	181 
652	179 
653	342 
654	89 
655	64 
656	226 
657	80 
658	190 
659	243 
660	339 
661	339 
662	102 
663	210 
664	326 
665	241 
666	298 
667	60 
668	317 
669	103 
670	155 
671	42 
672	286 
673	271 
674	101 
675	275 
676	64 
677	38 
678	216 
679	251 
680	279 
681	142 
682	131 
683	290 
684	16 46 121 159 177 211 221 295 
685	1 72 103 113 189 209 330 336 
686	243 
687	181 
688	90 
689	207 
690	177 
691	261 
692	196 
693	104 
694	65 
695	24 
696	214 
697	189 
698	98 
699	221 
700	143 
701	172 
702	83 
703	326 
704	302 
705	40 
706	135 
707	248 
708	283 
709	274 
710	323 
711	13 55 123 154 184 219 241 349 
712	47 53 58 132 149 265 309 345 
713	75 
714	34 
715	318 
716	17 
717	31 
718	163 
719	63 
720	333 
721	66 88 142 177 208 226 235 283 
722	150 
723	202 
724	19 74 178 179 180 277 281 315 
725	195 
726	161 
727	15 
728	59 
729	332 
730	313 
731	84 
732	298 
733	14 
734	317 
735	101 
736	320 
737	60 
738	155 
739	312 
740	259 
741	269 
742	277 
743	190 
744	172 
745	343 
746	253 
747	137 
748	17 
749	45 
750	206 
751	261 
752	50 75 112 121 131 255 263 336 
753	141 
754	175 
755	269 
756	183 
757	44 
758	69 
759	235 
760	175 
761	277 
762	301 
763	49 
764	231 
765	118 
766	31 115 161 167 226 240 258 281 
767	297 
768	102 
769	338 
770	80 
771	85 
772	41 
773	129 
774	259 
775	231 
776	182 
777	71 
778	142 
779	331 
780	11 120 122 227 238 258 323 326 
781	76 
782	191 
783	51 
784	13 
785	283 
786	183 
787	331 
788	102 
789	142 
790	86 
791	302 
792	304 
793	19 56 73 79 200 218 248 267 
794	211 
795	270 
796	291 
797	128 
798	59 
799	15 51 103 249 255 281 299 313 
800	104 107 115 118 131 176 271 337 
801	332 
802	322 
803	256 
804	203 
805	181 
806	66 
807	2 6 18 22 27 55 121 306 
808	10 
809	244 
810	50 80 91 154 168 192 323 326 
811	295 
812	185 
813	88 
814	33 85 123 131 136 139 149 205 
815	200 
816	131 
817	247 
818	175 
819	47 
820	158 
821	59 
822	189 
823	97 
824	270 
825	309 
826	152 
827	295 
828	350 
829	163 
830	293 
831	213 
832	133 
833	281 
834	167 
835	81 
836	75 104 131 157 239 261 293 337 
837	297 
838	273 
839	198 
840	104 
841	33 42 51 65 74 136 250 312 
842	210 
843	156 
844	314 
845	70 
846	348 
847	118 
848	80 
849	30 43 45 121 190 229 254 304 
850	21 
851	66 
852	154 
853	9 149 156 161 237 239 263 295 
854	136 
855	208 
856	152 
857	91 
858	38 
859	85 
860	265 
861	338 
862	99 
863	131 
864	114 
865	303 
866	277 
867	61 
868	173 
869	146 
870	186 
871	149 
872	6 20 44 52 61 98 141 216 
873	43 44 67 141 160 206 312 342 
874	53 
875	17 
876	142 
877	50 
878	315 
879	230 
880	130 
881	140 
882	346 
883	167 
884	322 
885	4 55 56 115 138 144 205 259 
886	155 
887	208 
888	13 
889	212 
890	80 
891	207 
892	60 
893	339 
894	185 
895	116 
896	43 45 72 117 123 216 258 335 
897	59 137 191 205 234 258 270 312 
898	326 
899	23 
900	273 
901	32 43 53 83 142 143 326 334 
902	290 
903	58 
904	9 
905	172 
906	92 
907	34 80 112 155 206 217 236 270 
908	294 
909	211 
910	207 
911	32 95 134 261 267 290 324 331 
912	305 
913	14 
914	14 
915	330 
916	34 
917	258 
918	121 
919	285 
920	200 
921	273 
922	191 
923	41 
924	35 46 68 73 90 91 284 331 
925	56 
926	139 
927	237 
928	190 
929	212 
930	18 69 136 158 168 229 282 313 
931	246 
932	312 
933	75 
934	55 
935	173 
936	279 
937	209 
938	190 
939	37 
940	145 167 175 181 185 201 211 222 
941	235 
942	211 
943	136 
944	162 
945	157 
946	104 
947	340 
948	341 
949	241 
950	164 
951	112 
952	329 
953	4 80 84 121 205 269 282 290 
954	222 
955	335 
956	233 
957	259 
958	193 
959	50 
960	139 
961	138 
962	21 41 61 63 83 255 281 331 
963	15 36 49 60 212 254 281 295 
964	167 
965	21 58 112 137 225 227 293 314 
966	284 
967	144 
968	40 76 105 109 224 335 337 339 
969	76 
970	13 51 114 131 186 199 277 303 
971	166 
972	83 
973	169 
974	160 
975	56 
976	223 
977	208 
978	50 169 186 206 218 240 315 323 
979	201 
980	118 
981	16 
982	4 
983	57 66 70 73 99 108 191 208 
984	324 
985	190 
986	227 
987	312 
988	30 
989	225 
990	295 
991	281 
992	312 
993	170 
994	19 
995	278 
996	135 
997	338 
998	158 
999	135 
1000	13 
1001	331 
1002	80 
1003	310 
1004	87 
1005	320 
1006	249 
1007	193 
1008	341 
1009	268 
1010	28 
1011	19 
1012	294 
1013	27 
1014	2 
1015	15 
1016	7 
1017	205 
1018	30 
1019	28 
1020	166 
1021	56 
1022	30 
1023	21 112 114 137 154 169 331 349 
1024	72 
1025	30 31 60 76 80 287 291 316 
1026	234 
1027	190 
1028	53 
1029	198 
1030	342 
1031	29 
1032	219 
1033	82 
1034	231 
1035	239 
1036	92 
1037	251 
1038	41 53 88 93 209 214 281 293 
1039	248 
1040	76 
1041	315 
1042	225 
1043	29 57 102 114 189 205 281 326 
1044	84 
1045	201 
1046	17 
1047	167 
1048	338 
1049	307 
1050	294 
1051	160 
1052	248 
1053	21 38 53 110 139 166 261 298 
1054	242 
1055	40 
1056	20 
1057	225 
1058	232 
1059	109 
1060	46 
1061	116 
1062	185 
1063	84 
1064	70 
1065	60 
1066	125 
1067	60 
1068	313 
1069	117 
1070	46 
1071	211 
1072	121 
1073	277 
1074	152 
1075	103 
1076	271 
1077	337 
1078	269 
1079	43 
1080	81 
1081	263 
1082	82 
1083	238 
1084	207 
1085	24 
1086	234 
1087	258 
1088	71 
1089	48 72 137 149 164 177 192 338 
1090	182 
1091	240 
1092	193 
1093	256 
1094	131 
1095	208 
1096	188 
1097	11 46 115 148 166 243 317 337 
1098	67 
1099	311 
1100	305 
1101	335 
1102	329 
1103	258 
1104	199 
1105	138 163 176 214 255 266 293 329 
1106	31 57 150 164 180 203 253 304 
1107	328 
1108	344 
1109	302 
1110	309 
1111	40 137 154 229 277 317 332 338 
1112	245 
1113	195 
1114	285 
1115	129 
1116	13 
1117	234 
1118	137 
1119	270 
1120	12 
1121	206 
1122	79 
1123	32 47 52 83 84 95 176 257 
1124	105 
1125	46 
1126	119 178 221 227 311 316 317 334 
1127	218 
1128	335 
1129	283 
1130	65 
1131	247 
1132	115 
1133	214 
1134	64 
1135	279 
1136	279 
1137	171 
1138	276 
1139	42 
1140	92 
1141	259 
1142	66 69 77 137 152 163 277 326 
1143	7 
1144	203 
1145	170 
1146	120 
1147	296 
1148	120 
1149	183 
1150	72 
1151	19 52 136 152 190 235 270 342 
1152	213 
1153	282 
1154	198 
1155	219 
1156	142 
1157	166 
1158	320 
1159	213 
1160	94 
1161	56 
1162	191 
1163	345 
1164	111 
1165	2 
1166	246 
1167	7 
1168	190 
1169	98 
1170	4 
1171	81 
1172	202 
1173	131 
1174	199 
1175	331 
1176	276 
1177	280 
1178	330 
1179	331 
1180	169 
1181	86 
1182	144 
1183	53 
1184	183 
1185	189 
1186	338 
1187	202 
1188	287 
1189	181 
1190	81 
1191	102 130 142 223 254 299 327 348 
1192	182 
1193	21 
1194	137 
1195	25 46 69 199 214 296 313 329 
1196	141 
1197	10 
1198	317 
1199	86 
1200	201 
1201	15 98 145 159 236 237 243 334 
1202	30 
1203	56 
1204	240 
1205	206 
1206	15 
1207	329 
1208	301 
1209	295 
1210	14 
1211	21 
1212	85 
1213	331 
1214	234 
1215	84 
1216	317 
1217	17 
1218	312 
1219	68 
1220	298 
1221	9 
1222	31 38 61 136 167 212 242 347 
1223	12 
1224	72 
1225	322 
1226	269 
1227	169 
1228	282 
1229	34 72 80 112 155 239 263 316 
1230	51 
1231	100 
1232	260 
1233	241 
1234	272 
1235	10 63 123 142 180 249 322 338 
1236	345 
1237	9 43 74 147 203 227 292 337 
1238	30 
1239	211 
1240	126 
1241	167 
1242	305 
1243	310 
1244	192 
1245	205 
1246	41 
1247	250 
1248	97 
1249	16 
1250	116 
1251	239 
1252	107 
1253	327 
1254	305 
1255	43 
1256	94 
1257	8 69 83 95 116 171 334 344 
1258	346 
1259	237 
1260	200 
1261	229 
1262	326 
1263	10 
1264	269 
1265	169 207 213 232 240 263 282 291 
1266	164 
1267	28 
1268	253 
1269	258 
1270	50 89 110 129 137 196 264 326 
1271	336 
1272	158 
1273	69 
1274	175 
1275	160 
1276	43 
1277	98 148 185 186 197 211 345 349 
1278	22 
1279	43 68 80 108 183 242 259 332 
1280	150 
1281	142 
1282	226 
1283	14 
1284	58 
1285	126 
1286	15 37 98 106 141 183 192 325 
1287	232 
1288	45 
1289	50 
1290	16 177 193 209 234 235 259 324 
1291	102 
1292	269 
1293	17 
1294	76 
1295	156 
1296	200 
1297	50 
1298	324 
1299	297 
1300	45 
1301	145 
1302	227 
1303	29 
1304	272 
1305	5 14 72 88 159 229 320 338 
1306	5 40 74 137 179 190 224 240 
1307	285 
1308	292 
1309	86 
1310	212 
1311	350 
1312	271 
1313	287 
1314	125 
1315	158 
1316	347 
1317	180 
1318	62 148 160 168 230 279 295 316 
1319	98 
1320	88 
1321	16 
1322	345 
1323	98 102 184 192 298 318 329 335 
1324	318 
1325	145 
1326	269 
1327	263 
1328	107 
1329	317 
1330	102 
1331	264 
1332	90 
1333	250 
1334	19 
1335	240 
1336	208 
1337	344 
1338	347 
1339	11 15 56 97 103 198 258 323 
1340	160 
1341	76 
1342	119 
1343	217 
1344	57 
1345	43 
1346	24 
1347	297 
1348	127 
1349	129 130 177 179 267 278 290 332 
1350	285 
1351	261 
1352	110 
1353	58 66 68 110 180 188 271 274 
1354	305 
1355	154 
1356	204 
1357	158 
1358	204 
1359	26 
1360	273 
1361	155 
1362	164 
1363	109 
1364	77 
1365	169 
1366	17 
1367	149 
1368	283 
1369	32 
1370	72 
1371	225 
1372	232 
1373	277 
1374	295 
1375	117 159 225 234 250 262 278 317 
1376	234 
1377	193 
1378	89 
1379	35 
1380	158 
1381	214 
1382	40 
1383	12 
1384	15 
1385	33 
1386	87 190 250 258 287 329 330 344 
1387	343 
1388	89 
1389	177 
1390	44 
1391	292 
1392	252 
1393	27 56 187 224 251 271 329 344 
1394	29 72 104 234 282 317 323 336 
1395	309 
1396	96 
1397	116 
1398	141 
1399	308 
1400	316 
1401	50 
1402	176 
1403	6 67 116 142 196 220 234 334 
1404	121 
1405	45 59 79 89 154 175 213 314 
1406	272 
1407	44 
1408	315 
1409	270 
1410	38 42 118 163 232 233 269 327 
1411	301 
1412	174 
1413	260 
1414	333 
1415	295 
1416	102 
1417	279 
1418	336 
1419	82 
1420	322 
1421	118 
1422	125 
1423	60 
1424	205 
1425	169 
1426	320 
1427	162 
1428	272 
1429	159 
1430	280 
1431	85 
1432	343 
1433	55 
1434	342 
1435	13 
1436	45 55 71 75 126 253 280 345 
1437	292 
1438	41 
1439	270 
1440	302 
1441	85 
1442	290 
1443	244 
1444	201 
1445	149 
1446	6 31 74 171 177 321 342 348 
1447	142 
1448	193 
1449	69 
1450	212 
1451	27 45 92 126 217 251 325 336 
1452	135 
1453	57 
1454	322 
1455	15 
1456	187 
1457	5 
1458	206 
1459	6 
1460	49 
1461	148 
1462	289 
1463	277 
1464	134 
1465	101 
1466	245 
1467	24 
1468	278 
1469	65 
1470	342 
1471	47 
1472	189 
1473	303 
1474	266 
1475	171 
1476	282 
1477	31 
1478	269 
1479	266 
1480	311 
1481	34 
1482	28 
1483	142 
1484	313 
1485	136 
1486	99 
1487	80 
1488	262 
1489	157 
1490	18 
1491	162 
1492	284 
1493	143 
1494	185 
1495	349 
1496	89 102 103 263 289 301 324 334 
1497	285 
1498	144 
1499	7 
1500	13 
1501	274 
1502	98 
1503	261 
1504	53 64 72 113 186 198 211 323 
1505	105 
1506	186 
1507	193 
1508	7 61 139 151 199 214 235 274 
1509	229 
1510	33 
1511	310 
1512	57 
1513	23 
1514	155 
1515	327 
1516	151 
1517	278 
1518	45 125 132 158 182 227 339 349 
1519	32 
1520	83 
1521	264 
1522	287 
1523	282 
1524	2 66 71 85 184 192 228 232 
1525	153 
1526	185 
1527	89 
1528	16 
1529	143 
1530	51 
1531	85 
1532	213 
1533	28 52 62 65 83 86 186 263 
1534	83 
1535	278 
1536	331 
1537	117 118 192 229 264 282 334 336 
1538	219 
1539	38 
1540	225 
1541	171 
1542	328 
1543	21 
1544	90 
1545	196 
1546	225 
1547	150 
1548	329 
1549	313 
1550	23 58 84 95 118 205 213 221 
1551	215 
1552	318 
1553	55 63 122 168 183 224 269 271 
1554	286 
1555	129 156 170 258 277 279 285 325 
1556	134 
1557	315 
1558	33 
1559	161 
1560	63 
1561	232 
1562	322 
1563	122 
1564	250 
1565	217 
1566	118 121 148 184 225 267 329 331 
1567	176 
1568	166 
1569	271 
1570	130 
1571	123 
1572	121 
1573	76 
1574	296 
1575	255 
1576	45 141 154 180 206 211 307 324 
1577	68 
1578	61 
1579	62 
1580	168 
1581	235 
1582	221 
1583	231 
1584	66 
1585	140 
1586	13 
1587	300 
1588	312 
1589	115 
1590	246 
1591	320 
1592	18 
1593	105 
1594	182 
1595	230 
1596	114 
1597	231 
1598	208 
1599	346 
1600	47 89 121 157 166 177 180 213 
1601	294 
1602	21 
1603	250 
1604	264 
1605	12 
1606	100 
1607	11 
1608	275 
1609	64 
1610	242 
1611	284 
1612	236 
1613	15 172 237 270 279 317 339 344 
1614	17 
1615	277 
1616	225 
1617	43 
1618	338 
1619	177 
1620	154 
1621	207 
1622	292 
1623	22 
1624	57 
1625	60 79 129 137 198 271 278 350 
1626	150 
1627	70 
1628	337 
1629	129 
1630	223 
1631	186 
1632	269 
1633	265 
1634	349 
1635	39 
1636	115 
1637	227 
1638	44 
1639	271 
1640	152 
1641	315 
1642	67 
1643	175 
1644	62 
1645	269 
1646	259 
1647	225 
1648	111 
1649	59 61 129 162 175 186 233 327 
1650	142 
1651	64 
1652	181 224 242 260 264 289 305 317 
1653	146 
1654	329 
1655	52 
1656	221 
1657	295 
1658	103 
1659	19 
1660	147 
1661	172 
1662	215 
1663	313 
1664	118 
1665	284 
1666	117 
1667	38 
1668	110 
1669	176 
1670	285 
1671	34 71 89 167 182 235 253 265 
1672	124 
1673	126 
1674	212 
1675	276 
1676	13 
1677	177 
1678	301 
1679	107 
1680	295 
1681	332 
1682	175 
1683	53 
1684	152 
1685	149 
1686	11 105 239 240 263 278 323 342 
1687	29 56 112 187 226 236 294 332 
1688	233 
1689	204 
1690	66 103 124 146 220 221 239 246 
1691	18 
1692	55 
1693	122 
1694	237 
1695	168 
1696	257 
1697	33 
1698	79 
1699	209 
1700	230 
1701	167 
1702	114 
1703	53 93 129 188 195 307 317 329 
1704	303 
1705	168 
1706	186 
1707	279 
1708	175 
1709	205 
1710	128 
1711	227 
1712	163 
1713	25 
1714	53 
1715	83 
1716	322 
1717	15 
1718	4 
1719	74 
1720	339 
1721	150 172 204 206 221 277 333 338 
1722	156 
1723	186 
1724	185 
1725	205 
1726	190 
1727	168 
1728	97 
1729	41 
1730	288 
1731	182 
1732	79 
1733	19 21 38 115 139 174 247 339 
1734	205 
1735	232 
1736	277 
1737	229 
1738	306 
1739	259 
1740	320 
1741	162 
1742	297 
1743	53 86 115 127 256 287 324 350 
1744	317 
1745	345 
1746	254 
1747	53 
1748	7 
1749	24 43 50 65 84 102 213 298 
1750	248 
1751	195 
1752	136 
1753	117 
1754	227 
1755	234 
1756	19 
1757	277 
1758	64 
1759	297 
1760	213 
1761	84 
1762	71 99 130 181 216 226 289 315 
1763	227 
1764	48 
1765	162 
1766	44 
1767	167 
1768	56 
1769	19 
1770	163 
1771	61 
1772	21 
1773	50 
1774	94 
1775	247 
1776	31 59 140 143 225 231 249 254 
1777	13 
1778	185 
1779	38 
1780	315 
1781	245 
1782	335 
1783	326 
1784	255 
1785	167 
1786	70 
1787	53 
1788	18 45 118 183 260 284 313 345 
1789	19 
1790	16 19 90 115 190 320 324 336 
1791	345 
1792	270 
1793	120 
1794	169 
1795	71 
1796	240 
1797	279 
1798	277 
1799	325 
1800	164 
1801	340 
1802	198 
1803	217 
1804	195 
1805	155 
1806	120 
1807	41 
1808	38 
1809	323 
1810	240 
1811	179 
1812	139 
1813	186 
1814	297 
1815	107 
1816	157 
1817	56 
1818	32 
1819	140 
1820	340 
1821	270 
1822	133 
1823	157 
1824	87 
1825	63 71 91 207 226 329 345 348 
1826	145 
1827	214 
1828	325 
1829	296 
1830	258 
1831	105 
1832	217 
1833	33 
1834	74 
1835	165 
1836	137 
1837	254 
1838	314 
1839	28 
1840	15 
1841	13 73 115 137 199 207 213 288 
1842	217 
1843	185 
1844	56 
1845	329 
1846	158 
1847	64 
1848	64 
1849	102 
1850	240 
1851	222 
1852	281 
1853	269 
1854	159 
1855	199 
1856	73 
1857	277 
1858	198 
1859	258 
1860	23 
1861	223 
1862	234 
1863	237 
1864	117 
1865	13 42 52 80 190 193 285 338 
1866	252 
1867	198 
1868	335 
1869	227 
1870	164 
1871	240 
1872	84 
1873	57 
1874	61 
1875	14 
1876	19 123 171 206 275 312 330 333 
1877	112 
1878	1 
1879	208 
1880	238 
1881	17 
1882	154 
1883	14 15 114 175 220 239 271 274 
1884	203 
1885	269 
1886	269 
1887	166 
1888	334 
1889	221 
1890	69 
1891	24 29 55 130 131 142 212 303 
1892	217 
1893	121 
1894	146 
1895	346 
1896	229 
1897	6 
1898	51 
1899	131 
1900	5 
1901	187 
1902	188 
1903	231 
1904	11 
1905	151 
1906	181 
1907	49 
1908	140 
1909	155 
1910	112 
1911	203 
1912	64 
1913	273 
1914	260 
1915	55 
1916	2 55 115 181 259 290 310 335 
1917	243 
1918	234 
1919	66 
1920	92 
1921	141 
1922	39 
1923	283 
1924	179 
1925	151 
1926	8 88 90 97 133 167 197 323 
1927	262 
1928	7 11 44 105 116 134 172 317 
1929	337 
1930	315 
1931	52 141 204 217 235 253 269 337 
1932	287 
1933	214 
1934	84 
1935	123 
1936	271 
1937	115 
1938	330 
1939	55 
1940	302 
1941	219 
1942	243 
1943	156 
1944	184 
1945	28 
1946	89 
1947	259 
1948	28 
1949	10 
1950	283 
1951	74 
1952	341 
1953	282 
1954	163 
1955	229 
1956	30 62 85 201 221 237 291 344 
1957	350 
1958	211 
1959	271 
1960	333 
1961	158 
1962	310 
1963	18 
1964	169 
1965	322 
1966	46 
1967	253 
1968	103 
1969	180 
1970	121 
1971	70 
1972	308 
1973	186 
1974	159 
1975	166 
1976	266 
1977	258 
1978	185 
1979	104 
1980	202 
1981	43 49 121 186 209 253 276 332 
1982	254 
1983	39 
1984	287 
1985	217 
1986	249 
1987	149 
1988	251 
1989	138 
1990	92 
1991	229 
1992	55 
1993	161 
1994	87 
1995	1 42 70 120 194 212 241 327 
1996	38 45 104 142 198 216 261 315 
1997	48 
1998	229 
1999	288 
2000	326 
2001	66 
2002	21 48 52 71 96 162 283 323 
2003	185 
2004	237 
2005	173 
2006	80 
2007	159 
2008	285 
2009	326 
2010	30 
2011	196 
2012	287 
2013	278 
2014	138 
2015	137 
2016	160 
2017	2 
2018	163 
2019	118 
2020	11 19 32 60 106 184 226 334 
2021	325 
2022	121 
2023	6 
2024	214 
2025	263 
2026	204 
2027	339 
2028	83 
2029	139 
2030	156 
2031	237 
2032	211 
2033	195 
2034	296 
2035	335 
2036	33 
2037	99 
2038	175 
2039	23 
2040	279 
2041	216 
2042	126 
2043	261 
2044	37 90 139 161 166 238 261 278 
2045	8 52 72 162 259 274 320 326 
2046	129 
2047	81 
2048	76 
2049	337 
2050	246 
2051	261 
2052	111 
2053	51 53 94 164 206 263 296 348 
2054	122 
2055	206 
2056	125 
2057	71 
2058	56 163 167 180 193 200 243 276 
2059	107 
2060	214 
2061	287 
2062	264 
2063	215 
2064	22 
2065	149 
2066	98 
2067	12 21 49 205 231 309 328 334 
2068	125 
2069	13 66 158 190 264 268 277 297 
2070	46 
2071	336 
2072	85 201 217 238 253 274 300 311 
2073	69 
2074	253 
2075	8 
2076	254 
2077	308 
2078	3 
2079	201 
2080	166 
2081	322 
2082	141 
2083	113 
2084	41 
2085	121 
2086	335 
2087	21 
2088	4 
2089	347 
2090	17 30 107 150 175 178 234 280 
2091	50 133 138 181 205 208 279 312 
2092	346 
2093	288 
2094	11 
2095	310 
2096	87 
2097	181 
2098	71 
2099	67 
2100	242 
2101	3 30 41 83 125 135 139 331 
2102	46 150 155 215 294 322 323 335 
2103	270 
2104	317 
2105	37 
2106	136 
2107	213 
2108	150 
2109	163 
2110	14 
2111	345 
2112	231 
2113	69 
2114	327 
2115	15 61 151 192 206 269 297 317 
2116	142 
2117	34 
2118	308 
2119	335 
2120	314 
2121	306 
2122	166 
2123	50 71 118 218 239 272 291 335 
2124	302 
2125	71 
2126	297 
2127	56 
2128	314 
2129	141 
2130	202 
2131	36 
2132	84 
2133	53 69 106 169 207 241 291 336 
2134	144 
2135	104 
2136	107 
2137	232 
2138	316 
2139	10 
2140	5 33 47 71 85 158 162 271 
2141	103 
2142	56 
2143	44 
2144	22 
2145	199 
2146	299 
2147	132 
2148	239 
2149	279 
2150	119 
2151	187 
2152	211 
2153	252 
2154	329 
2155	56 
2156	226 
2157	1 13 31 88 124 170 324 347 
2158	185 
2159	235 
2160	69 
2161	139 
2162	139 
2163	259 
2164	45 
2165	303 
2166	31 
2167	281 
2168	95 
2169	166 
2170	186 
2171	289 
2172	221 
2173	326 
2174	239 
2175	189 
2176	28 
2177	137 
2178	101 
2179	304 
2180	214 
2181	38 53 69 137 187 283 313 315 
2182	41 
2183	112 
2184	284 
2185	185 
2186	334 
2187	181 
2188	46 
2189	19 
2190	317 
2191	339 
2192	167 
2193	61 
2194	35 174 185 200 246 271 319 326 
2195	9 
2196	61 
2197	251 
2198	323 
2199	135 
2200	327 
2201	132 
2202	28 
2203	56 
2204	126 
2205	13 
2206	138 
2207	91 
2208	124 
2209	90 
2210	239 
2211	66 
2212	81 
2213	118 129 146 181 225 226 229 296 
2214	339 
2215	37 
2216	25 
2217	253 
2218	193 
2219	175 
2220	143 
2221	224 
2222	16 
2223	110 
2224	67 
2225	61 
2226	130 
2227	198 
2228	234 
2229	283 
2230	149 
2231	240 
2232	139 
2233	291 
2234	312 
2235	41 
2236	45 
2237	224 
2238	2 
2239	176 
2240	171 
2241	132 
2242	158 
2243	41 
2244	91 
2245	263 
2246	50 
2247	23 35 56 74 138 172 201 290 
2248	85 
2249	107 
2250	182 
2251	337 
2252	51 85 97 160 171 206 304 342 
2253	4 15 16 85 104 202 220 284 
2254	146 
2255	221 
2256	328 
2257	10 31 80 105 139 196 201 245 
2258	277 
2259	145 
2260	186 
2261	83 
2262	227 
2263	274 
2264	175 
2265	112 
2266	318 
2267	171 
2268	183 
2269	329 
2270	21 
2271	72 
2272	151 
2273	20 
2274	66 
2275	267 
2276	41 
2277	23 
2278	300 
2279	59 
2280	337 
2281	93 
2282	87 
2283	82 
2284	18 
2285	124 
2286	5 41 77 99 128 131 136 251 
2287	253 
2288	49 
2289	6 
2290	298 
2291	30 
2292	127 
2293	192 
2294	12 56 202 225 239 269 323 330 
2295	137 
2296	343 
2297	136 
2298	61 73 88 158 193 201 255 272 
2299	96 
2300	253 
2301	157 
2302	85 
2303	27 
2304	138 
2305	166 
2306	278 
2307	154 
2308	52 
2309	183 
2310	148 
2311	296 
2312	207 
2313	273 
2314	72 
2315	30 
2316	95 
2317	191 
2318	80 88 176 182 185 207 281 307 
2319	159 
2320	149 
2321	58 
2322	263 
2323	167 
2324	255 
2325	337 
2326	1 56 163 255 279 328 333 336 
2327	83 
2328	208 
2329	61 
2330	258 
2331	59 112 113 156 206 211 281 347 
2332	271 
2333	242 
2334	106 
2335	263 
2336	88 
2337	197 
2338	167 
2339	131 
2340	262 
2341	58 
2342	174 
2343	273 
2344	195 
2345	162 
2346	136 
2347	46 
2348	121 
2349	39 
2350	38 60 141 211 217 240 248 315 
2351	34 167 218 259 290 301 336 340 
2352	217 
2353	14 59 64 119 180 220 241 329 
2354	281 
2355	88 100 203 209 230 263 310 318 
2356	103 
2357	69 
2358	30 31 84 112 182 192 225 332 
2359	83 
2360	135 
2361	294 
2362	90 
2363	176 
2364	4 
2365	45 52 124 129 185 212 244 271 
2366	294 
2367	77 
2368	258 
2369	225 
2370	128 
2371	78 
2372	84 
2373	115 
2374	348 
2375	221 
2376	139 
2377	282 
2378	198 
2379	331 
2380	281 
2381	5 18 147 154 193 219 305 322 
2382	71 
2383	257 
2384	274 
2385	205 
2386	69 
2387	254 
2388	269 
2389	180 
2390	190 
2391	160 
2392	171 
2393	4 
2394	121 
2395	222 
2396	247 
2397	200 
2398	324 
2399	305 
2400	349 
2401	5 
2402	136 
2403	89 
2404	214 
2405	308 
2406	90 
2407	58 
2408	234 
2409	225 
2410	63 
2411	254 
2412	331 
2413	150 
2414	102 
2415	128 
2416	69 
2417	349 
2418	299 
2419	337 
2420	341 
2421	27 
2422	139 
2423	214 
2424	78 
2425	33 
2426	289 
2427	96 
2428	206 
2429	305 
2430	216 
2431	43 102 112 181 258 282 310 316 
2432	328 
2433	321 
2434	243 
2435	124 166 198 235 246 270 278 337 
2436	98 
2437	171 
2438	62 
2439	225 
2440	254 
2441	121 
2442	67 
2443	40 
2444	30 
2445	272 
2446	39 65 82 98 146 229 324 343 
2447	141 
2448	227 
2449	140 
2450	10 
2451	315 
2452	207 
2453	26 
2454	6 
2455	15 
2456	31 
2457	128 
2458	39 45 95 146 185 229 329 336 
2459	290 
2460	179 
2461	231 
2462	330 
2463	58 74 157 165 167 180 253 338 
2464	185 
2465	110 
2466	18 65 105 116 140 207 258 290 
2467	27 
2468	15 
2469	250 
2470	278 
2471	142 
2472	112 
2473	245 
2474	200 
2475	88 
2476	56 
2477	113 
2478	129 
2479	97 
2480	55 
2481	312 
2482	166 
2483	326 
2484	205 
2485	273 
2486	41 
2487	224 
2488	274 
2489	3 84 88 136 184 219 234 331 
2490	274 
2491	180 
2492	234 
2493	112 
2494	19 
2495	38 67 81 164 204 221 314 340 
2496	244 
2497	295 
2498	207 
2499	187 
2500	146 
2501	176 
2502	6 
2503	83 
2504	8 14 45 74 75 88 221 307 
2505	104 
2506	190 
2507	180 
2508	255 
2509	19 
2510	223 
2511	207 
2512	293 
2513	319 
2514	6 45 116 145 284 292 326 327 
2515	277 
2516	189 
2517	170 
2518	122 
2519	167 
2520	30 
2521	43 78 126 166 194 230 238 258 
2522	21 
2523	242 
2524	16 
2525	190 
2526	141 
2527	66 
2528	45 121 133 175 197 261 262 266 
2529	90 
2530	45 
2531	21 
2532	92 
2533	172 
2534	133 
2535	250 
2536	160 
2537	30 55 118 129 158 212 248 331 
2538	81 
2539	36 
2540	223 
2541	153 
2542	297 
2543	174 
2544	232 
2545	75 
2546	109 
2547	80 
2548	71 
2549	191 
2550	111 118 126 127 142 232 269 350 
2551	24 31 78 84 89 94 151 233 
2552	88 
2553	324 
2554	312 
2555	308 
2556	164 
2557	201 
2558	49 
2559	221 
2560	106 
2561	173 
2562	279 
2563	332 
2564	54 146 151 184 224 225 228 279 
2565	78 
2566	287 
2567	137 
2568	238 
2569	3 
2570	202 
2571	349 
2572	126 
2573	112 
2574	46 
2575	213 
2576	345 
2577	129 
2578	336 
2579	107 
2580	249 
2581	157 166 221 242 258 260 318 338 
2582	99 
2583	76 
2584	229 
2585	50 78 122 248 251 292 313 338 
2586	49 
2587	200 
2588	170 
2589	339 
2590	137 
2591	253 
2592	38 
2593	120 
2594	23 
2595	7 
2596	31 
2597	20 47 50 131 134 192 304 337 
2598	319 
2599	15 
2600	150 
2601	226 
2602	171 
2603	17 
2604	53 
2605	283 
2606	287 
2607	255 
2608	59 
2609	160 
2610	158 
2611	38 
2612	341 
2613	136 
2614	155 
2615	16 
2616	339 
2617	32 
2618	38 43 64 90 91 112 222 263 
2619	116 
2620	92 
2621	270 
2622	58 
2623	313 
2624	267 
2625	218 
2626	185 
2627	301 
2628	205 
2629	212 
2630	146 
2631	227 
2632	51 
2633	245 
2634	205 
2635	139 
2636	229 
2637	106 
2638	172 
2639	127 
2640	84 
2641	106 
2642	85 
2643	184 
2644	71 
2645	46 
2646	98 
2647	34 53 81 106 145 214 320 331 
2648	342 
2649	61 
2650	138 
2651	293 
2652	261 
2653	228 
2654	81 
2655	233 
2656	63 
2657	76 129 186 202 232 258 336 347 
2658	253 
2659	41 
2660	42 
2661	80 
2662	101 
2663	46 
2664	221 
2665	334 
2666	99 
2667	329 
2668	210 
2669	321 
2670	190 
2671	160 
2672	1 16 45 186 261 264 319 329 
2673	15 
2674	261 
2675	279 
2676	49 
2677	16 
2678	200 
2679	154 
2680	281 
2681	7 
2682	282 
2683	243 
2684	350 
2685	294 
2686	10 79 84 90 138 243 326 339 
2687	4 31 38 170 171 270 310 330 
2688	47 
2689	350 
2690	108 
2691	41 
2692	117 
2693	173 
2694	6 
2695	139 
2696	216 
2697	113 
2698	333 
2699	338 
2700	233 
2701	225 
2702	350 
2703	128 
2704	107 
2705	259 
2706	271 
2707	55 
2708	5 
2709	148 
2710	182 
2711	44 
2712	291 
2713	21 144 169 248 254 284 324 348 
2714	6 
2715	251 
2716	172 
2717	245 
2718	225 
2719	290 
2720	133 
2721	247 
2722	142 
2723	268 
2724	18 23 72 210 253 280 297 323 
2725	86 
2726	248 
2727	188 
2728	229 
2729	313 
2730	11 
2731	306 
2732	255 
2733	19 
2734	281 
2735	23 
2736	9 38 89 132 191 245 329 335 
2737	281 
2738	167 
2739	296 
2740	278 
2741	233 
2742	143 
2743	333 
2744	255 
2745	79 
2746	131 
2747	101 
2748	140 
2749	180 
2750	54 
2751	13 
2752	235 
2753	61 
2754	259 
2755	161 
2756	133 
2757	21 
2758	100 
2759	140 
2760	43 
2761	81 
2762	349 
2763	54 57 90 123 208 227 235 281 
2764	304 
2765	199 
2766	112 
2767	232 
2768	190 
2769	107 
2770	270 
2771	92 
2772	33 
2773	4 
2774	331 
2775	317 
2776	314 
2777	3 16 172 177 205 207 210 321 
2778	107 
2779	53 
2780	286 
2781	137 
2782	329 
2783	25 
2784	189 
2785	1 
2786	69 
2787	114 
2788	94 
2789	48 
2790	295 
2791	185 
2792	329 
2793	276 
2794	76 95 175 204 316 329 331 338 
2795	125 
2796	178 
2797	189 
2798	146 
2799	334 
2800	126 
2801	238 
2802	338 
2803	206 
2804	50 118 139 172 178 225 242 254 
2805	343 
2806	45 
2807	294 
2808	164 
2809	250 
2810	157 
2811	195 
2812	317 
2813	125 
2814	205 
2815	126 
2816	85 
2817	328 
2818	126 166 175 180 271 291 323 341 
2819	146 
2820	272 
2821	333 
2822	31 
2823	38 
2824	16 
2825	213 
2826	263 
2827	9 
2828	325 
2829	240 
2830	270 
2831	66 
2832	83 
2833	290 
2834	7 
2835	73 
2836	35 
2837	54 
2838	123 
2839	201 
2840	322 
2841	55 
2842	334 
2843	316 
2844	179 
2845	180 
2846	334 
2847	42 60 82 166 177 190 223 225 
2848	116 
2849	98 
2850	82 
2851	139 
2852	33 
2853	71 
2854	188 
2855	316 
2856	296 
2857	172 
2858	225 
2859	33 
2860	118 
2861	281 
2862	92 
2863	218 
2864	169 
2865	199 
2866	168 
2867	298 
2868	179 
2869	170 
2870	112 
2871	238 
2872	137 
2873	300 
2874	29 
2875	107 
2876	26 
2877	317 
2878	329 
2879	102 
2880	53 
2881	45 
2882	337 
2883	140 
2884	66 
2885	225 
2886	274 
2887	259 
2888	275 
2889	138 
2890	90 
2891	207 
2892	236 
2893	38 
2894	317 
2895	93 
2896	74 
2897	14 
2898	50 
2899	207 
2900	225 
2901	36 58 71 171 185 281 300 348 
2902	89 
2903	269 
2904	235 
2905	331 
2906	163 
2907	146 
2908	204 
2909	149 
2910	136 
2911	186 
2912	190 
2913	107 
2914	50 
2915	110 
2916	108 
2917	223 
2918	196 
2919	186 
2920	271 
2921	166 
2922	314 
2923	171 
2924	93 
2925	177 
2926	162 
2927	296 
2928	139 
2929	34 35 43 50 139 202 212 261 
2930	154 
2931	119 139 140 200 253 279 282 349 
2932	313 
2933	282 
2934	159 
2935	282 
2936	108 
2937	5 
2938	82 
2939	71 
2940	196 
2941	91 
2942	38 
2943	231 
2944	241 
2945	292 
2946	154 
2947	55 
2948	277 
2949	240 
2950	13 
2951	35 
2952	2 
2953	61 
2954	158 
2955	144 
2956	339 
2957	48 
2958	292 
2959	339 
2960	264 
2961	118 
2962	213 
2963	254 
2964	319 
2965	88 
2966	56 
2967	305 
2968	241 
2969	193 
2970	337 
2971	323 
2972	30 
2973	315 
2974	63 
2975	147 
2976	53 
2977	290 
2978	269 
2979	221 
2980	336 
2981	249 
2982	326 
2983	167 
2984	107 
2985	117 
2986	46 
2987	273 
2988	236 
2989	185 
2990	12 35 126 152 164 229 237 279 
2991	60 
2992	41 
2993	302 
2994	62 
2995	72 
2996	57 
2997	67 
2998	107 164 180 207 245 281 295 300 
2999	93 
3000	239 
3001	317 
3002	37 41 43 71 84 193 219 315 
3003	17 54 64 78 126 137 180 197 
3004	142 
3005	8 
3006	322 
3007	64 
3008	302 
3009	292 
3010	190 
3011	97 
3012	346 
3013	299 
3014	147 
3015	134 
3016	57 
3017	147 
3018	225 
3019	159 
3020	172 
3021	78 
3022	149 
3023	11 
3024	341 
3025	214 
3026	171 
3027	15 
3028	290 
3029	274 
3030	206 
3031	34 53 132 133 216 227 298 310 
3032	267 
3033	183 
3034	245 
3035	52 
3036	210 
3037	102 
3038	261 
3039	323 
3040	34 
3041	322 
3042	282 
3043	20 85 177 200 241 256 305 312 
3044	322 
3045	271 
3046	281 
3047	25 
3048	239 
3049	206 
3050	282 
3051	7 
3052	110 
3053	167 
3054	303 
3055	172 
3056	201 
3057	226 
3058	30 
3059	224 
3060	213 
3061	83 
3062	123 
3063	235 
3064	154 
3065	153 
3066	232 
3067	331 
3068	140 157 175 189 201 204 268 279 
3069	60 63 77 235 243 282 297 305 
3070	226 
3071	115 131 193 225 240 243 286 290 
3072	299 
3073	240 
3074	50 171 253 257 271 277 303 339 
3075	8 
3076	312 
3077	105 
3078	344 
3079	144 
3080	56 
3081	80 
3082	103 
3083	73 
3084	337 
3085	320 
3086	185 
3087	206 
3088	142 
3089	318 
3090	309 
3091	117 
3092	285 
3093	39 
3094	100 
3095	116 
3096	27 
3097	265 
3098	115 
3099	178 
3100	36 
3101	13 
3102	136 
3103	50 
3104	249 
3105	43 98 110 111 127 165 268 286 
3106	214 
3107	342 
3108	15 
3109	193 
3110	51 
3111	222 
3112	142 
3113	244 
3114	180 
3115	269 
3116	83 
3117	126 
3118	11 24 81 136 207 248 259 279 
3119	50 
3120	159 
3121	141 
3122	35 37 64 76 118 161 164 333 
3123	58 
3124	344 
3125	221 
3126	165 
3127	34 
3128	217 
3129	113 
3130	276 
3131	9 
3132	54 
3133	271 
3134	17 
3135	8 
3136	83 
3137	47 
3138	296 
3139	142 
3140	48 
3141	80 
3142	278 
3143	217 
3144	142 
3145	331 
3146	239 
3147	101 
3148	142 
3149	60 
3150	316 
3151	335 
3152	95 
3153	268 
3154	14 
3155	185 
3156	307 
3157	344 
3158	338 
3159	138 
3160	138 
3161	75 
3162	229 
3163	279 
3164	197 
3165	19 
3166	53 
3167	288 
3168	64 
3169	259 
3170	35 
3171	238 
3172	95 
3173	34 
3174	135 
3175	78 
3176	217 
3177	240 
3178	337 
3179	59 
3180	247 
3181	4 
3182	8 
3183	20 
3184	69 
3185	82 
3186	44 
3187	317 
3188	301 
3189	318 
3190	292 
3191	198 
3192	297 
3193	260 
3194	269 
3195	59 177 180 224 250 252 334 336 
3196	147 
3197	7 
3198	90 
3199	251 
3200	285 
3201	227 
3202	231 
3203	178 
3204	201 
3205	14 
3206	42 
3207	329 
3208	218 
3209	293 
3210	81 
3211	342 
3212	323 
3213	269 
3214	238 
3215	305 
3216	123 
3217	104 
3218	65 
3219	57 
3220	154 
3221	30 
3222	212 
3223	221 
3224	37 
3225	146 
3226	13 162 202 248 249 268 301 343 
3227	331 
3228	255 
3229	52 
3230	201 
3231	259 
3232	158 
3233	44 
3234	80 
3235	251 
3236	79 
3237	240 
3238	78 
3239	103 
3240	283 
3241	201 
3242	248 
3243	330 
3244	283 
3245	263 
3246	34 75 136 182 278 282 316 347 
3247	350 
3248	57 
3249	97 
3250	41 
3251	28 
3252	136 
3253	82 
3254	322 
3255	184 
3256	91 
3257	241 
3258	28 
3259	253 
3260	337 
3261	338 
3262	275 
3263	129 
3264	217 
3265	344 
3266	251 
3267	16 
3268	329 
3269	114 
3270	206 
3271	326 
3272	93 
3273	206 
3274	116 
3275	68 
3276	335 
3277	45 
3278	324 
3279	137 
3280	121 
3281	115 
3282	46 
3283	3 58 138 147 175 207 263 296 
3284	110 
3285	63 
3286	9 60 107 186 215 248 335 338 
3287	284 
3288	101 
3289	56 
3290	30 129 159 174 228 305 322 334 
3291	118 
3292	38 
3293	137 
3294	109 
3295	237 
3296	108 150 162 212 221 236 251 256 
3297	65 
3298	262 
3299	119 
3300	40 
3301	285 
3302	132 
3303	201 
3304	60 
3305	91 
3306	6 
3307	37 
3308	137 
3309	26 
3310	119 
3311	21 
3312	55 
3313	281 
3314	289 
3315	130 
3316	43 
3317	170 
3318	169 
3319	22 
3320	203 
3321	103 
3322	13 36 49 61 140 168 240 257 
3323	51 
3324	63 
3325	14 18 29 125 129 141 293 322 
3326	158 
3327	216 
3328	190 
3329	331 
3330	63 
3331	84 85 136 144 206 221 271 349 
3332	140 
3333	221 
3334	183 
3335	3 57 82 234 252 304 342 343 
3336	279 
3337	141 
3338	77 
3339	98 
3340	316 
3341	5 
3342	21 93 198 250 285 289 299 301 
3343	132 
3344	53 102 214 238 254 287 291 295 
3345	38 46 79 121 125 139 154 259 
3346	80 
3347	177 
3348	167 
3349	137 
3350	64 
3351	197 
3352	34 
3353	329 
3354	52 
3355	257 
3356	172 
3357	350 
3358	31 
3359	347 
3360	225 
3361	16 28 31 32 113 134 257 337 
3362	308 
3363	286 
3364	235 
3365	17 
3366	181 
3367	212 
3368	301 
3369	271 
3370	96 
3371	331 
3372	158 
3373	134 
3374	33 
3375	80 
3376	266 
3377	166 
3378	14 45 149 164 226 277 294 308 
3379	168 
3380	58 64 120 121 149 190 239 265 
3381	119 
3382	87 
3383	314 
3384	146 
3385	311 
3386	79 
3387	272 
3388	316 
3389	327 
3390	141 
3391	175 
3392	166 
3393	219 
3394	306 
3395	45 
3396	180 
3397	32 66 83 180 212 238 311 322 
3398	127 
3399	329 
3400	348 
3401	34 
3402	275 
3403	285 
3404	12 23 38 71 109 154 212 345 
3405	335 
3406	41 115 158 272 277 285 290 338 
3407	25 88 107 129 175 204 232 260 
3408	58 
3409	288 
3410	285 
3411	131 
3412	159 
3413	78 
3414	129 
3415	38 
3416	129 
3417	269 
3418	157 
3419	259 
3420	347 
3421	216 
3422	58 71 88 215 249 254 258 334 
3423	150 
3424	49 
3425	84 87 88 150 171 204 235 270 
3426	227 
3427	51 122 134 239 251 270 321 343 
3428	21 
3429	84 
3430	195 
3431	164 
3432	336 
3433	278 
3434	327 
3435	49 
3436	97 
3437	161 
3438	239 
3439	164 
3440	22 
3441	210 
3442	137 
3443	13 
3444	85 
3445	322 
3446	122 
3447	51 
3448	179 
3449	9 84 136 238 282 302 336 350 
3450	147 
3451	309 
3452	281 
3453	150 
3454	2 
3455	72 
3456	84 
3457	71 
3458	337 
3459	117 
3460	76 
3461	170 
3462	124 
3463	223 
3464	75 
3465	22 
3466	195 
3467	279 
3468	310 
3469	158 
3470	347 
3471	146 
3472	310 
3473	211 
3474	330 
3475	160 
3476	289 
3477	346 
3478	248 
3479	323 
3480	128 
3481	66 87 132 167 192 233 314 318 
3482	125 
3483	174 
3484	285 
3485	261 
3486	259 
3487	325 
3488	344 
3489	322 
3490	313 
3491	243 
3492	241 
3493	211 
3494	207 
3495	115 
3496	18 
3497	198 
3498	62 103 147 164 194 227 254 305 
3499	80 
3500	179 
3501	251 
3502	303 
3503	214 
3504	84 
3505	282 
3506	315 
3507	232 
3508	20 88 142 151 190 267 283 323 
3509	20 41 124 141 162 199 240 334 
3510	182 
3511	61 
3512	258 
3513	304 
3514	16 107 123 139 193 203 239 309 
3515	174 
3516	151 
3517	79 
3518	1 
3519	317 
3520	341 
3521	81 
3522	38 
3523	155 
3524	240 
3525	30 
3526	60 
3527	91 
3528	228 
3529	295 
3530	61 92 185 193 196 276 293 297 
3531	17 
3532	177 
3533	66 69 83 166 226 283 309 317 
3534	79 
3535	48 
3536	122 
3537	16 
3538	14 
3539	118 
3540	94 
3541	250 
3542	334 
3543	57 
3544	235 
3545	346 
3546	327 
3547	273 
3548	187 
3549	310 
3550	32 
3551	257 
3552	327 
3553	96 
3554	55 
3555	87 
3556	281 
3557	247 
3558	26 
3559	92 
3560	323 
3561	345 
3562	32 
3563	243 
3564	350 
3565	44 
3566	69 
3567	278 
3568	13 
3569	245 
3570	274 
3571	91 
3572	16 
3573	59 
3574	121 
3575	72 102 131 136 172 221 229 323 
3576	291 
3577	137 
3578	80 
3579	54 
3580	246 
3581	39 
3582	231 
3583	49 
3584	38 
3585	34 155 182 189 211 228 239 288 
3586	304 
3587	161 
3588	198 
3589	194 
3590	311 
3591	35 
3592	320 
3593	165 
3594	201 
3595	313 
3596	116 
3597	123 
3598	175 
3599	224 
3600	38 
3601	269 
3602	326 
3603	225 
3604	258 
3605	137 
3606	309 
3607	2 
3608	191 
3609	322 
3610	133 
3611	226 
3612	226 
3613	9 
3614	5 
3615	150 
3616	307 
3617	55 
3618	2 41 87 178 215 236 240 286 
3619	330 
3620	7 58 127 129 144 175 194 329 
3621	322 
3622	90 
3623	85 
3624	99 
3625	136 
3626	32 
3627	162 
3628	350 
3629	101 
3630	345 
3631	232 
3632	337 
3633	274 
3634	20 
3635	131 
3636	309 
3637	15 
3638	121 
3639	164 
3640	334 
3641	173 
3642	75 
3643	235 
3644	293 
3645	17 
3646	247 
3647	341 
3648	336 
3649	337 
3650	346 
3651	278 
3652	110 
3653	232 
3654	301 
3655	1 
3656	270 
3657	16 
3658	209 
3659	315 
3660	150 
3661	115 
3662	295 
3663	323 
3664	207 
3665	249 
3666	145 
3667	349 
3668	207 
3669	15 51 55 154 172 174 207 312 
3670	305 
3671	89 
3672	167 
3673	105 
3674	350 
3675	104 
3676	92 96 108 163 188 201 256 259 
3677	17 
3678	125 
3679	71 
3680	158 
3681	174 
3682	74 
3683	164 
3684	45 
3685	44 
3686	267 
3687	60 
3688	156 
3689	109 
3690	47 
3691	260 
3692	152 
3693	212 
3694	224 
3695	34 125 235 239 243 271 279 323 
3696	271 
3697	123 
3698	8 
3699	262 
3700	142 
3701	336 
3702	315 
3703	341 
3704	180 
3705	241 
3706	11 110 136 166 171 192 201 204 
3707	45 
3708	321 
3709	195 
3710	291 
3711	58 
3712	58 115 116 123 132 221 265 302 
3713	85 
3714	107 
3715	313 
3716	145 
3717	97 
3718	9 52 109 126 198 253 279 285 
3719	21 120 230 250 271 294 310 315 
3720	84 120 136 164 215 252 311 327 
3721	118 
3722	275 
3723	181 
3724	140 
3725	124 
3726	81 
3727	58 
3728	38 
3729	67 
3730	53 
3731	255 
3732	10 
3733	240 
3734	134 
3735	54 63 112 143 164 205 237 273 
3736	345 
3737	46 60 74 119 142 196 207 337 
3738	335 
3739	330 
3740	295 
3741	271 
3742	181 
3743	307 
3744	138 
3745	181 
3746	112 
3747	11 
3748	304 
3749	277 
3750	226 
3751	296 
3752	198 
3753	239 
3754	295 
3755	108 
3756	138 
3757	108 
3758	290 
3759	48 
3760	246 
3761	272 
3762	58 
3763	183 
3764	45 
3765	67 
3766	136 
3767	138 
3768	49 
3769	48 
3770	141 
3771	349 
3772	324 
3773	263 
3774	3 
3775	98 
3776	123 
3777	279 
3778	284 
3779	108 
3780	34 
3781	43 
3782	60 
3783	200 
3784	231 
3785	255 
3786	55 69 187 245 253 263 284 329 
3787	123 137 190 199 227 325 326 335 
3788	88 
3789	70 
3790	30 
3791	224 
3792	56 
3793	209 
3794	268 
3795	329 
3796	89 
3797	32 
3798	134 
3799	147 
3800	340 
3801	175 
3802	3 
3803	340 
3804	13 
3805	8 
3806	53 
3807	159 
3808	160 
3809	21 24 34 41 140 158 162 190 
3810	300 
3811	31 
3812	274 
3813	318 
3814	162 
3815	207 
3816	235 
3817	38 
3818	315 
3819	56 
3820	215 
3821	132 
3822	101 133 217 225 227 235 271 300 
3823	171 
3824	211 
3825	108 
3826	121 
3827	177 
3828	19 
3829	223 
3830	158 
3831	282 
3832	121 
3833	211 
3834	349 
3835	295 
3836	182 
3837	226 
3838	14 39 159 180 231 245 252 259 
3839	160 
3840	268 
3841	7 66 171 175 249 291 305 337 
3842	246 
3843	192 
3844	75 
3845	159 
3846	285 
3847	323 
3848	315 
3849	240 
3850	263 
3851	101 
3852	221 
3853	280 
3854	165 
3855	197 
3856	212 
3857	46 
3858	54 
3859	77 
3860	52 
3861	160 
3862	184 
3863	309 
3864	279 
3865	164 
3866	322 
3867	207 
3868	152 
3869	230 
3870	338 
3871	323 
3872	184 
3873	10 
3874	21 
3875	154 
3876	55 176 198 207 259 270 343 347 
3877	289 
3878	227 
3879	165 
3880	323 
3881	339 
3882	189 
3883	131 
3884	287 
3885	16 
3886	313 
3887	177 
3888	56 63 166 187 217 232 239 346 
3889	257 
3890	295 
3891	287 
3892	102 
3893	55 
3894	280 
3895	229 
3896	102 126 236 238 241 250 278 313 
3897	349 
3898	136 
3899	38 
3900	165 209 211 221 248 253 277 302 
3901	90 
3902	326 
3903	50 
3904	121 
3905	323 
3906	236 
3907	276 
3908	176 
3909	240 
3910	239 
3911	339 
3912	283 
3913	246 
3914	310 
3915	186 
3916	122 
3917	347 
3918	280 
3919	224 
3920	248 
3921	123 
3922	54 
3923	130 
3924	328 
3925	22 
3926	90 
3927	337 
3928	61 
3929	184 
3930	257 
3931	207 
3932	242 
3933	225 
3934	206 
3935	173 
3936	317 
3937	254 
3938	18 57 103 110 194 258 269 344 
3939	238 
3940	13 167 197 225 230 322 338 349 
3941	3 
3942	158 
3943	329 
3944	164 
3945	257 
3946	277 
3947	43 
3948	147 
3949	171 
3950	334 
3951	70 
3952	55 
3953	275 
3954	122 
3955	19 32 177 207 218 251 277 349 
3956	51 
3957	310 
3958	129 
3959	76 
3960	60 85 186 283 287 318 327 337 
3961	270 
3962	255 
3963	28 
3964	197 
3965	294 
3966	181 
3967	7 
3968	52 
3969	14 
3970	125 
3971	46 
3972	107 
3973	107 
3974	92 
3975	157 
3976	164 
3977	39 
3978	253 
3979	13 16 31 34 71 90 134 337 
3980	21 89 107 258 276 281 326 350 
3981	227 
3982	322 
3983	95 
3984	339 
3985	167 
3986	50 114 120 156 200 224 259 270 
3987	106 
3988	202 
3989	238 
3990	327 
3991	89 
3992	112 
3993	346 
3994	15 19 121 122 233 244 305 317 
3995	102 
3996	30 
3997	64 
3998	11 62 85 120 197 224 281 323 
3999	235 
4000	281 
4001	159 
4002	217 
4003	10 44 141 177 213 228 298 329 
4004	333 
4005	146 
4006	199 
4007	231 
4008	49 
4009	89 
4010	151 
4011	154 
4012	157 
4013	2 61 71 118 139 158 165 196 
4014	15 30 61 103 171 299 313 332 
4015	79 188 271 274 291 317 326 335 
4016	160 
4017	118 
4018	182 
4019	36 56 150 222 270 295 308 332 
4020	47 
4021	285 
4022	349 
4023	171 
4024	34 
4025	235 
4026	295 
4027	195 
4028	116 
4029	110 
4030	332 
4031	202 
4032	41 
4033	154 
4034	275 
4035	317 
4036	142 
4037	212 
4038	270 
4039	110 
4040	330 
4041	219 
4042	277 
4043	58 149 151 202 269 271 277 306 
4044	63 
4045	144 
4046	69 
4047	212 
4048	271 
4049	122 
4050	169 
4051	314 
4052	165 
4053	76 
4054	217 
4055	57 
4056	105 
4057	130 
4058	154 
4059	269 
4060	106 123 126 129 237 250 291 345 
4061	15 
4062	228 
4063	21 
4064	212 
4065	21 
4066	179 
4067	338 
4068	103 
4069	58 
4070	264 
4071	46 64 86 89 93 155 195 320 
4072	76 
4073	38 
4074	345 
4075	304 
4076	259 
4077	296 
4078	63 
4079	184 
4080	313 
4081	116 
4082	309 
4083	80 119 129 153 219 285 315 327 
4084	84 
4085	329 
4086	239 
4087	322 
4088	16 
4089	299 
4090	150 
4091	242 
4092	49 
4093	59 
4094	129 
4095	212 
4096	2 
4097	336 
4098	208 
4099	172 
4100	193 
4101	13 
4102	11 71 86 131 173 187 271 274 
4103	334 
4104	46 59 221 225 241 266 280 321 
4105	198 
4106	66 
4107	295 
4108	41 81 102 126 212 219 275 331 
4109	214 
4110	205 
4111	2 
4112	344 
4113	107 
4114	245 
4115	79 
4116	136 
4117	150 
4118	231 
4119	156 
4120	44 
4121	69 
4122	166 
4123	237 
4124	312 
4125	31 
4126	227 
4127	19 
4128	107 
4129	160 
4130	6 
4131	17 34 51 85 131 259 262 349 
4132	38 
4133	95 
4134	126 
4135	166 
4136	234 
4137	232 
4138	118 
4139	13 
4140	183 
4141	150 
4142	206 
4143	209 
4144	263 
4145	152 
4146	137 
4147	21 63 103 113 122 171 181 258 
4148	281 
4149	152 
4150	42 53 109 136 139 239 315 326 
4151	336 
4152	84 
4153	141 
4154	139 
4155	212 
4156	56 80 149 155 166 261 288 299 
4157	129 
4158	17 
4159	8 21 126 147 180 195 279 313 
4160	110 
4161	61 
4162	172 
4163	46 53 167 189 248 285 310 328 
4164	271 
4165	270 
4166	15 
4167	176 
4168	274 
4169	80 
4170	229 
4171	3 
4172	46 
4173	243 
4174	336 
4175	238 
4176	323 
4177	131 
4178	12 53 64 83 117 137 210 340 
4179	339 
4180	89 
4181	330 
4182	225 
4183	189 
4184	31 
4185	136 
4186	56 
4187	316 
4188	236 
4189	305 
4190	209 
4191	270 
4192	138 
4193	334 
4194	31 
4195	8 
4196	118 
4197	197 
4198	41 
4199	19 59 85 147 209 235 248 272 
4200	163 
4201	310 
4202	58 
4203	106 
4204	322 
4205	101 
4206	133 152 158 167 202 208 248 274 
4207	28 
4208	9 
4209	217 
4210	327 
4211	104 
4212	55 
4213	326 
4214	201 
4215	131 
4216	118 
4217	221 
4218	251 
4219	141 
4220	217 
4221	348 
4222	3 25 30 131 183 278 296 321 
4223	166 
4224	35 
4225	183 
4226	58 
4227	26 60 72 125 185 238 248 284 
4228	101 
4229	214 
4230	58 
4231	63 
4232	223 
4233	38 
4234	338 
4235	106 
4236	122 129 143 148 232 277 295 346 
4237	243 
4238	44 
4239	185 
4240	9 
4241	76 
4242	242 
4243	250 
4244	90 
4245	137 
4246	214 
4247	11 
4248	115 
4249	212 
4250	323 
4251	79 
4252	295 
4253	164 
4254	38 66 75 85 86 159 162 281 
4255	291 
4256	199 
4257	15 
4258	31 
4259	105 137 176 186 222 261 281 297 
4260	142 
4261	156 
4262	295 
4263	53 
4264	66 
4265	201 
4266	56 73 87 125 190 197 252 324 
4267	336 
4268	129 
4269	182 
4270	267 
4271	277 
4272	345 
4273	123 
4274	342 
4275	190 
4276	16 27 121 146 158 162 190 312 
4277	53 
4278	185 
4279	33 
4280	223 
4281	198 
4282	240 
4283	63 
4284	285 
4285	195 
4286	317 
4287	216 
4288	281 
4289	349 
4290	89 
4291	231 
4292	139 
4293	279 
4294	84 
4295	211 
4296	278 
4297	107 
4298	235 
4299	269 
4300	55 
4301	85 
4302	314 
4303	223 
4304	34 
4305	43 
4306	14 
4307	103 
4308	305 
4309	102 
4310	71 
4311	175 
4312	339 
4313	198 
4314	267 
4315	75 112 124 142 191 221 266 332 
4316	202 
4317	204 
4318	13 
4319	118 
4320	295 
4321	102 
4322	334 
4323	75 
4324	324 
4325	15 
4326	5 82 83 126 169 174 206 210 
4327	35 
4328	26 68 115 127 172 195 216 317 
4329	129 
4330	106 
4331	166 
4332	180 
4333	239 
4334	19 112 129 234 246 297 322 347 
4335	46 
4336	50 70 145 185 207 245 247 344 
4337	49 
4338	329 
4339	118 
4340	26 38 49 209 260 267 331 339 
4341	189 
4342	104 
4343	239 
4344	52 
4345	295 
4346	205 
4347	17 34 108 192 257 270 332 344 
4348	122 
4349	105 
4350	261 
4351	55 90 116 152 206 229 235 315 
4352	234 
4353	243 
4354	32 
4355	142 
4356	334 
4357	45 
4358	106 
4359	261 
4360	323 
4361	131 
4362	316 
4363	139 
4364	7 17 127 195 203 236 284 296 
4365	159 
4366	342 
4367	6 97 161 186 205 218 227 231 
4368	58 
4369	211 
4370	334 
4371	162 
4372	53 
4373	184 
4374	303 
4375	198 
4376	315 
4377	231 
4378	112 
4379	183 
4380	6 28 68 120 151 178 186 257 
4381	309 
4382	154 
4383	202 
4384	186 
4385	82 
4386	175 
4387	30 
4388	323 
4389	248 
4390	31 
4391	190 
4392	185 
4393	63 
4394	241 
4395	207 
4396	49 
4397	258 
4398	53 
4399	158 
4400	112 129 146 159 173 301 303 309 
4401	205 
4402	14 
4403	85 
4404	214 
4405	101 
4406	347 
4407	329 
4408	322 
4409	237 
4410	32 
4411	310 
4412	277 
4413	141 
4414	13 
4415	115 
4416	60 
4417	271 
4418	229 
4419	115 
4420	177 
4421	49 
4422	32 
4423	323 
4424	229 
4425	349 
4426	261 
4427	64 
4428	190 
4429	258 
4430	85 
4431	9 48 73 158 199 224 271 335 
4432	305 
4433	23 78 82 114 115 148 185 334 
4434	75 
4435	101 
4436	75 
4437	171 
4438	226 
4439	13 
4440	344 
4441	285 
4442	312 
4443	270 
4444	83 
4445	34 103 117 136 177 247 305 349 
4446	19 
4447	72 
4448	269 
4449	271 
4450	66 
4451	28 55 118 142 189 237 329 340 
4452	337 
4453	64 65 97 138 160 181 249 261 
4454	181 
4455	82 
4456	245 
4457	2 41 71 147 228 236 281 314 
4458	347 
4459	41 
4460	248 
4461	21 
4462	190 
4463	107 
4464	246 
4465	212 
4466	139 
4467	253 
4468	253 
4469	129 
4470	345 
4471	31 
4472	45 
4473	83 
4474	44 
4475	69 
4476	166 
4477	21 
4478	245 
4479	211 
4480	223 
4481	317 
4482	193 
4483	315 
4484	49 
4485	186 
4486	199 
4487	13 113 154 214 235 310 323 348 
4488	271 
4489	287 
4490	248 
4491	166 
4492	158 
4493	258 
4494	64 
4495	158 
4496	270 
4497	190 
4498	59 
4499	136 
4500	183 
4501	235 
4502	110 
4503	35 
4504	61 
4505	167 
4506	7 
4507	326 
4508	80 
4509	117 141 142 158 166 171 176 261 
4510	137 
4511	38 
4512	251 
4513	146 
4514	326 
4515	13 53 54 80 110 203 215 261 
4516	72 
4517	82 
4518	90 
4519	206 
4520	11 59 60 68 158 253 315 344 
4521	126 
4522	270 
4523	226 
4524	349 
4525	240 
4526	28 
4527	225 
4528	85 102 172 183 211 288 301 336 
4529	16 
4530	159 
4531	35 
4532	287 
4533	110 121 139 154 248 256 279 335 
4534	72 
4535	46 66 94 116 207 253 287 301 
4536	217 
4537	251 
4538	15 
4539	198 
4540	58 239 260 283 303 311 314 317 
4541	296 
4542	223 
4543	225 
4544	226 
4545	106 
4546	189 
4547	129 
4548	146 
4549	349 
4550	150 
4551	339 
4552	279 
4553	82 115 126 150 215 243 313 334 
4554	72 
4555	115 
4556	61 
4557	180 
4558	231 
4559	110 
4560	183 
4561	186 
4562	250 
4563	206 
4564	155 186 212 223 279 285 287 349 
4565	69 
4566	349 
4567	18 
4568	190 
4569	140 
4570	16 75 102 161 167 254 270 287 
4571	258 
4572	106 
4573	201 
4574	142 
4575	285 
4576	225 
4577	49 
4578	3 5 136 139 262 285 287 322 
4579	240 
4580	336 
4581	17 35 66 77 97 158 186 267 
4582	139 
4583	141 
4584	59 
4585	312 
4586	149 
4587	154 
4588	34 46 70 217 267 307 336 339 
4589	323 
4590	315 
4591	45 
4592	75 
4593	190 
4594	55 76 82 103 154 249 267 313 
4595	11 15 55 72 110 217 301 326 
4596	199 
4597	71 
4598	138 
4599	279 
4600	181 
4601	149 
4602	30 
4603	154 
4604	279 
4605	334 
4606	123 
4607	150 
4608	129 
4609	205 
4610	31 
4611	235 
4612	17 43 103 106 199 234 248 316 
4613	56 69 146 200 206 235 259 326 
4614	139 
4615	167 
4616	53 
4617	323 
4618	142 
4619	338 
4620	183 
4621	271 
4622	259 
4623	71 
4624	177 
4625	110 
4626	80 
4627	201 
4628	349 
4629	227 
4630	214 
4631	45 
4632	229 
4633	85 
4634	324 
4635	329 
4636	25 34 45 80 83 118 161 227 
4637	41 
4638	26 84 102 180 281 293 308 347 
4639	83 
4640	207 
4641	112 
4642	217 
4643	229 
4644	30 
4645	118 
4646	323 
4647	205 
4648	43 
4649	6 12 110 167 234 289 324 330 
4650	167 
4651	53 
4652	102 
4653	172 
4654	199 
4655	270 
4656	159 
4657	69 
4658	227 
4659	55 62 159 178 199 237 242 345 
4660	107 
4661	15 
4662	23 79 101 131 140 162 184 279 
4663	270 
4664	45 
4665	206 
4666	310 
4667	115 
4668	14 
4669	335 
4670	253 
4671	190 
4672	90 
4673	287 
4674	296 
4675	34 
4676	88 
4677	19 28 82 90 141 269 296 318 
4678	1 92 115 173 186 206 217 334 
4679	261 
4680	80 
4681	7 57 84 100 161 322 330 335 
4682	138 
4683	121 
4684	56 
4685	142 
4686	56 
4687	45 
4688	139 
4689	16 
4690	198 
4691	282 
4692	235 
4693	61 64 103 118 139 140 269 296 
4694	21 
4695	190 
4696	211 
4697	323 
4698	270 
4699	1 137 185 195 291 301 313 317 
4700	85 
4701	164 
4702	277 
4703	334 
4704	66 
4705	85 
4706	295 
4707	281 
4708	146 
4709	57 
4710	167 
4711	19 30 105 112 180 194 223 333 
4712	129 
4713	102 
4714	122 
4715	28 30 41 44 53 157 195 283 
4716	274 
4717	31 
4718	142 
4719	46 
4720	7 105 136 146 153 242 286 333 
4721	142 
4722	248 
4723	305 
4724	39 41 112 212 228 278 281 342 
4725	131 
4726	310 
4727	315 
4728	43 
4729	279 
4730	122 
4731	8 18 108 178 241 261 270 313 
4732	136 
4733	108 128 140 161 164 167 187 312 
4734	235 
4735	30 61 207 210 277 296 312 342 
4736	90 
4737	305 
4738	248 
4739	58 
4740	221 
4741	115 
4742	281 
4743	237 
4744	190 
4745	334 
4746	90 
4747	150 
4748	34 
4749	166 
4750	136 
4751	337 
4752	126 
4753	175 
4754	167 
4755	221 
4756	2 110 111 139 149 164 221 237 
4757	146 
4758	335 
4759	146 
4760	13 
4761	237 
4762	45 
4763	56 62 121 191 263 271 299 317 
4764	51 57 85 147 166 173 178 279 
4765	43 102 121 135 175 233 274 305 
4766	50 
4767	171 
4768	84 
4769	227 
4770	84 
4771	17 82 124 162 201 221 317 332 
4772	15 
4773	16 38 84 100 116 156 237 334 
4774	18 67 71 72 114 211 270 326 
4775	175 
4776	49 66 205 235 236 263 284 313 
4777	337 
4778	322 
4779	285 
4780	322 
4781	20 36 115 147 224 242 261 265 
4782	60 
4783	185 
4784	69 125 158 187 205 242 253 279 
4785	4 14 68 90 239 293 301 313 
4786	338 
4787	71 
4788	253 
4789	21 49 115 125 201 237 302 305 
4790	211 
4791	137 
4792	177 
4793	1 2 44 84 85 216 237 335 
4794	30 
4795	31 79 107 136 142 183 236 332 
4796	63 127 136 180 238 287 294 323 
4797	338 
4798	75 96 159 172 199 243 261 329 
4799	121 
4800	39 66 238 245 259 265 285 334 
4801	226 
4802	41 82 105 197 207 221 300 320 
4803	64 74 117 177 209 248 306 317 
4804	131 
4805	166 
4806	90 
4807	167 
4808	121 125 167 185 201 220 223 256 
4809	326 
4810	126 
4811	121 
4812	349 
4813	41 47 54 104 172 219 261 308 
4814	323 
4815	253 
4816	201 
4817	15 30 34 53 92 130 199 288 
4818	334 
4819	26 50 75 107 153 214 270 324 
4820	150 
4821	336 
4822	71 
4823	281 
4824	190 
4825	61 104 212 240 269 274 321 334 
4826	14 
4827	56 
4828	148 198 229 239 295 317 335 336 
4829	20 52 72 85 130 238 245 325 
4830	349 
4831	15 
4832	158 
4833	15 
4834	295 
4835	80 
4836	50 
4837	85 
4838	329 
4839	31 
4840	270 
4841	239 
4842	137 
4843	15 
4844	34 63 74 129 147 167 184 229 
4845	175 
4846	14 
4847	7 37 60 72 194 214 217 255 
4848	315 
4849	6 221 225 234 259 261 326 346 
4850	121 
4851	349 
4852	239 
4853	201 
4854	317 
4855	80 
4856	154 
4857	329 
4858	50 
4859	56 
4860	180 
4861	166 
4862	226 
4863	180 
4864	142 
4865	55 
4866	38 
4867	175 
4868	15 
4869	19 
4870	323 
4871	138 180 201 225 235 238 241 342 
4872	271 
4873	221 
4874	258 
4875	40 93 110 115 241 254 271 332 
4876	271 
4877	315 
4878	167 
4879	281 
4880	14 27 30 85 133 212 271 337 
4881	21 
4882	92 151 152 206 227 259 277 278 
4883	323 
4884	227 
4885	137 
4886	115 
4887	107 
4888	107 
4889	240 
4890	21 59 103 216 218 275 310 317 
4891	259 
4892	22 62 153 212 219 285 289 313 
4893	180 
4894	1 3 68 112 207 227 258 326 
4895	55 58 118 182 201 220 295 344 
4896	21 
4897	277 
4898	270 
4899	329 
4900	139 
4901	277 
4902	39 82 88 143 242 269 274 339 
4903	30 
4904	239 
4905	71 
4906	71 
4907	21 
4908	142 
4909	30 
4910	139 
4911	46 
4912	313 
4913	50 114 140 148 162 263 322 349 
4914	207 
4915	13 53 150 212 227 270 324 334 
4916	21 55 64 66 109 229 283 299 
4917	85 
4918	85 
4919	85 
4920	45 75 128 137 189 225 285 310 
4921	145 185 215 221 248 261 295 306 
4922	30 50 71 100 214 285 317 333 
4923	167 
4924	142 184 198 227 246 272 280 312 
4925	337 
4926	121 
4927	3 86 126 132 207 236 239 279 
4928	85 
4929	322 
4930	15 
4931	33 100 190 208 212 271 323 342 
4932	21 
4933	45 
4934	137 
4935	139 
4936	17 24 50 81 118 138 164 313 
4937	89 99 226 258 276 282 303 307 
4938	206 
4939	269 
4940	31 32 48 160 168 172 206 221 
4941	227 
4942	269 
4943	34 112 121 136 166 239 315 325 
4944	56 
4945	180 
4946	166 
4947	17 96 129 131 162 303 309 326 
4948	2 55 74 119 131 212 231 328 
4949	317 
4950	337 
4951	11 34 58 126 238 268 301 347 
4952	71 
4953	167 
4954	221 
4955	33 68 166 176 177 179 258 269 
4956	207 
4957	14 69 75 156 164 226 232 299 
4958	21 28 38 162 190 220 227 302 
4959	33 117 201 203 227 246 264 295 
4960	270 
4961	32 46 87 176 200 202 209 283 
4962	38 
4963	45 
4964	225 
4965	207 
4966	227 
4967	78 166 231 232 281 289 315 324 
4968	15 
4969	38 44 199 220 226 248 279 333 
4970	201 
4971	11 38 163 171 197 212 313 337 
4972	11 19 37 141 159 274 282 349 
4973	34 44 158 177 201 253 258 295 
4974	326 
4975	207 
4976	53 
4977	239 
4978	175 
4979	21 
4980	190 
4981	153 172 223 261 270 313 316 331 
4982	53 
4983	166 
4984	221 
4985	14 21 37 53 84 190 266 275 
4986	279 
4987	295 
4988	295 
4989	137 
4990	31 53 127 196 201 214 225 285 
4991	15 
4992	57 92 129 183 188 192 323 329 
4993	221 
4994	142 
4995	34 104 150 230 270 273 286 312 
4996	270 
4997	279 
4998	102 105 106 154 175 222 239 281 
4999	221 
5000	207 
