1 2669
2 4732
3 3130
4 4726
5 4970
6 3912
7 4839
8 4034
9 4144
10 4546 4657 4768 4788
11 2895 4891 4938 4974
12 2153 4129
13 4195
14 4572
15 4856
16 3462 4119 4637
17 4435
18 4669
19 4820
20 2442 4082 4531
21 2817 3181 3393
22 2442 4554
23 4642
24 3175
25 4577
26 3079 3496 4877
27 3394 3589 3717 4158
28 3743
29 4988
30 3581 3759 4130
31 4911
32 4767
33 4877
34 4585
35 3338 4726 4810
36 2552 2964 4726
37 4839
38 4991
39 4783
40 4978
41 4542
42 2552 2873 4353
43 3854
44 4158
45 4806
46 4704
47 4143
48 3794
49 4641
50 3379
51 4978
52 3338
53 1443 4314 4371
54 2780
55 4996
56 4865
57 4963
58 2651 4100
59 1473
60 4307
61 4728
62 4028
63 3013
64 4592
65 3912
66 1356
67 4963
68 4674
69 4970
70 3338
71 4342
72 3269
73 4761
74 3320
75 3803
76 4994
77 4979
78 2688
79 3275 3970
80 3908
81 4129
82 2742
83 3379
84 4779
85 167
86 4082
87 4242
88 3496 4195 4912
89 4982
90 4034
91 4030
92 4950
93 4551
94 167
95 3558
96 4886
97 4788
98 4554
99 2374
100 4435
101 2895
102 3527
103 4899
104 4988
105 4761
106 4788
107 4728 4790 4926 4963
108 1473 3302 4353
109 4474
110 3717
111 2077
112 3970
113 4504
114 1473
115 4899
116 4732
117 4690
118 4970
119 4929
120 4030
121 4506
122 1559
123 4669
124 2374
125 4701
126 4307
127 3083 3682
128 4978
129 4464 4939
130 2874 4241 4314 4474
131 4531
132 3674
133 4383
134 4888
135 4512
136 2688
137 4723
138 2688
139 4241
140 4690
141 4761
142 4879
143 4464
144 4158
145 3441
146 4669
147 4082
148 2438
149 4704
150 4950
151 4115
152 4978
153 4782
154 4691
155 3379
156 2709
157 2906
158 4653
159 4422
160 4818
161 4546
162 4997
163 3699
164 4208
165 4768
166 1665
167 167
168 1164 2895
169 4324
170 4290
171 4821
172 4788
173 4643
174 3912
175 2788 4112 4243 4673
176 3515
177 4888
178 4952
179 2442
180 4978
181 3175
182 3315 3548
183 4561
184 2374
185 3785
186 4738
187 2697 3175 4637
188 4997
189 4691
190 4862
191 2964 3759 4314 4504
192 3945
193 3496
194 4760
195 3726
196 4682
197 4115
198 4730
199 4371
200 4609 4782 4804
201 4821
202 1356
203 1480
204 3516
205 4988
206 4977
207 4704
208 4645
209 4978
210 4790
211 4929
212 4723 4869 4888
213 3513
214 4096
215 5000
216 3047
217 2735
218 4669
219 2759
220 3189
221 3523
222 3398
223 3912
224 2817
225 3523
226 4768
227 4385
228 4394
229 3394
230 2906 4066
231 3631
232 4738
233 4970
234 4427
235 3948
236 4966
237 4034
238 4869
239 4682
240 4966
241 4872
242 4350
243 4464
244 3548
245 4889
246 4349
247 4883
248 4978
249 4030
250 3079
251 4978
252 1336
253 2021
254 3341
255 4974
256 3441
257 4810 4869 4912 4979
258 3181
259 4231
260 4657
261 3761
262 4371
263 2669
264 4656
265 4996
266 4999
267 4945
268 4526
269 3523
270 4307
271 4877
272 4949
273 2296
274 4302
275 4939
276 4657
277 4886
278 4768
279 1164 4767 4945
280 3948
281 4997
282 4935
283 4889
284 4832
285 4504
286 4964
287 4944
288 4577
289 3398
290 4673
291 2296
292 4195
293 2552
294 2964
295 4869
296 3513
297 3682
298 1473 2062 3370 4062
299 3699 3803 4012 4115
300 3294
301 4963
302 3275
303 4642
304 4944
305 3047
306 4691
307 4674
308 4561
309 4726
310 3925
311 2587
312 4767
313 4779
314 4989
315 2395
316 3060
317 4385
318 2360
319 4572
320 2062 3666 3970
321 3858 4839
322 3315 3515 4542 4641
323 4886
324 4818
325 4302
326 4970
327 4062 4349 4709 4768
328 4738
329 4903
330 4989
331 3302
332 3820
333 3094
334 3854
335 4583
336 4889
337 4478
338 2906
339 2908
340 4691
341 3193
342 1473
343 4918
344 4889
345 4606
346 4062
347 1480
348 4886
349 4435
350 4034
351 2874
352 4989
353 3496
354 4858
355 4577
356 4978
357 3188
358 4296
359 4970
360 3447 3853 4096 4577
361 2895
362 4601
363 4171
364 3854
365 4373
366 4983
367 4577
368 4037
369 3755
370 4243
371 4458
372 3167
373 3523 3641 4158
374 4935
375 4314
376 4804
377 2759
378 4600
379 4572
380 3203 4716 4945
381 4314
382 2552
383 4953
384 4643
385 4879
386 3794
387 3188
388 3785
389 585
390 4674
391 4950
392 4767
393 4606
394 3970
395 4242
396 4783
397 3320
398 3275
399 4734
400 4362
401 3496
402 2873
403 3558 4100 4115 4195
404 3906
405 4950
406 2539 3374 3789
407 3393 4096
408 3682
409 4241
410 4119
411 4144
412 3060
413 4709
414 2873
415 4709
416 4231
417 3294
418 4243
419 4810
420 4963
421 4732
422 4938
423 2660
424 4512 4806 4911
425 4642
426 4716
427 4980
428 2552 4531 4911
429 4783
430 4991
431 4970
432 4982
433 3459
434 4181
435 4512
436 4874
437 1336
438 4818
439 4130
440 4856
441 4730
442 1605
443 4938
444 4970
445 4730
446 3699
447 4512
448 4342
449 2697 4760
450 4982
451 4889
452 3015
453 4839
454 4977
455 3970
456 3370
457 3009
458 4028
459 2442
460 3065
461 4302
462 4690
463 3083 4709
464 4966
465 1605
466 4608
467 3925
468 4675
469 2077
470 4474
471 4730
472 4559
473 4879
474 4690
475 4903
476 4657
477 4949
478 4171
479 4862
480 4818
481 2552
482 1443
483 2438 2987
484 4952
485 4691
486 4939
487 4144
488 4349
489 4945
490 4314
491 3462
492 4879
493 4709
494 4872
495 3294
496 2077
497 4730
498 3759
499 3919
500 3339 3527 4458 4877
501 4601
502 3189
503 3726
504 4977
505 4243 4342 4506 4656
506 3523
507 3853
508 4964
509 4608
510 2317
511 3459
512 2854 3374 4645
513 4846
514 3338
515 4639
516 4977
517 4855
518 4888
519 4585
520 2669
521 4630
522 4779
523 4373
524 4820
525 4883
526 4912
527 2539
528 4674
529 2908
530 4726
531 4783
532 3447
533 4912
534 3318
535 4779
536 3374
537 2964 3224 4195
538 4832
539 2126
540 3581
541 4307
542 3559
543 4759
544 4584
545 1164
546 4926
547 1700
548 4290
549 1164 2360
550 2817
551 3631
552 4654
553 4846
554 4145
555 4645
556 4869
557 4606
558 4865
559 4865
560 5000
561 3516 4274 4324 4641
562 4939
563 3379 4115
564 4818
565 4911
566 4583
567 4531
568 4606
569 4012
570 1480
571 4144
572 3523
573 3224
574 4869
575 4851
576 3097
577 4768
578 4100 4851 4963 4999
579 4243 4504 4584 4903 4991
580 4512
581 4862
582 4783
583 2593 4558
584 2395 2588 4427
585 585
586 4561
587 4792
588 4572
589 4559
590 4272
591 4869
592 4669
593 3060
594 3794
595 3527
596 4851
597 4869
598 3188
599 4944
600 4642
601 4966
602 2688
603 4872
604 4158
605 3732
606 4855
607 2651 3341 3743
608 2867
609 2374
610 3919
611 4872
612 4133
613 3948
614 3065
615 2153
616 2981
617 4759
618 3013
619 4879
620 4302
621 4559
622 3520
623 4899
624 4657
625 2293 2442 2539
626 2964
627 4287
628 4630
629 4066
630 4350
631 3315 4028 4869
632 2906
633 4790
634 4886
635 3338 3970 4674
636 4982
637 3747
638 4675
639 4804
640 2587
641 4962
642 2908
643 3589
644 3803
645 3459 4385
646 4584
647 1443
648 2987
649 1700 2443 2788 3269
650 4846
651 4600
652 4066
653 4274
654 4290
655 4427
656 4862
657 4855
658 4980
659 4353
660 4551
661 4551
662 4713
663 3441
664 4974
665 4394
666 2867
667 4782
668 4949
669 4307
670 3523
671 2660
672 2780
673 4872
674 4435
675 4034
676 4427
677 4962
678 4287
679 4512
680 4997
681 4994
682 4804
683 3758
684 4689 4790 4792 4926
685 2697 3655 4143 4181
686 4353
687 4600
688 4806
689 5000
690 4792
691 4350
692 2918
693 4342
694 1469
695 695
696 4630
697 4546
698 3339
699 4999
700 2742
701 4653
702 4639
703 4974
704 2993
705 2443
706 3174
707 4738
708 3912
709 4716
710 4883
711 3393 4856
712 2688 4082 4601 4739
713 4592
714 4675
715 3189
716 4158
717 4839
718 2906
719 4231
720 2698
721 2552 4704
722 4820
723 4383
724 3203 3682 4869
725 4027
726 1559
727 4991
728 4584
729 4030
730 4912
731 4768
732 2867
733 4846
734 4949
735 4435
736 3085
737 4782
738 3523
739 4585
740 4891
741 4939
742 4901
743 4980
744 4653
745 2296
746 4788
747 4989
748 4158
749 4963
750 4938
751 4350
752 2293
753 4583
754 4978
755 4939
756 4620
757 4474
758 4657
759 4734
760 4978
761 4901
762 3188
763 4577
764 4558
765 4645
766 1559 4689 4874
767 2126
768 4713
769 4797
770 4855
771 4918
772 4637
773 4608
774 4891
775 4558
776 3510
777 4952
778 4994
779 3329
780 2593 4144
781 4241
782 2317
783 3447
784 4760
785 3912
786 4620
787 3329
788 4713
789 4994
790 2725
791 2993
792 3513
793 3083 3208
794 4790
795 4996
796 3576
797 1710
798 4584
799 2981 3013 3447 4912
800 4342 4645 4804
801 4030
802 4929
803 3043
804 3320
805 4600
806 4704
807 3394 3496 3925 4096
808 3732
809 1443
810 2293 3527 3732
811 4988
812 4783
813 2552
814 4606
815 2587
816 4804
817 3557
818 4978
819 2688
820 4832
821 4584
822 4546
823 3717
824 4996
825 4082
826 4145
827 4988
828 3674
829 2906
830 2651
831 3060
832 3610
833 4879
834 4953
835 3726
836 2651 4012 4342
837 2126
838 2987
839 4690
840 4342
841 2660 3374 3726
842 3441
843 4119
844 4302
845 3789
846 2374
847 4645
848 4855
849 3513 4728
850 4979
851 4704
852 4856
853 4119 4601 4761
854 4732
855 1336
856 4145
857 3527
858 4962
859 4918
860 3097
861 4797
862 2037
863 4804
864 3269
865 1473
866 4901
867 4504
868 3641
869 4759
870 4561
871 4601
872 3183 4130
873 2442 4474
874 4982
875 4158
876 4994
877 4858
878 4877
879 1700
880 3315
881 2759
882 3993
883 4953
884 4929
885 3079 3181
886 3523
887 1336
888 4760
889 4037
890 4855
891 5000
892 4782
893 4551
894 4783
895 4028
896 4287 4728
897 2317 4584 4874
898 4974
899 2735
900 2987
901 4982
902 3758
903 4739
904 4208
905 4653
906 3559
907 3523 4675
908 2807
909 4790
910 5000
911 3015 3758 4133
912 4723
913 4846
914 4846
915 4181
916 4675
917 4874
918 4926
919 4779
920 2587
921 2987
922 2317
923 4637
924 3083 4531 4911
925 4944
926 4935
927 4761
928 4980
929 4037
930 3496 4657 4732 4912
931 4464
932 4585
933 4592
934 4865
935 3641
936 4997
937 4143
938 4980
939 3224
940 3666 4600
941 4734
942 4790
943 4732
944 4371
945 4012
946 4342
947 3803
948 3520
949 4394
950 4701
951 4641
952 4899
953 3181 4768
954 2395
955 4669
956 2741
957 4891
958 4100
959 4858
960 4935
961 4682
962 4144 4504 4637
963 2539
964 4953
965 2651 4641 4966
966 1665
967 3079
968 2443 3294
969 4241
970 1473 3269 3447
971 4983
972 4639
973 3318
974 4129
975 4944
976 4542
977 1336
978 3208 3318 4865
979 4970
980 4645
981 4689
982 3181
983 2037 3083
984 4324
985 4980
986 4966
987 4585
988 4903
989 4964
990 4988
991 4879
992 4585
993 2588
994 4869
995 4296
996 2360
997 4797
998 4832
999 3174
1000 4760
1001 3329
1002 4855
1003 4726
1004 3555
1005 3085
1006 2981
1007 4100
1008 3520
1009 3794
1010 4526
1011 4869
1012 2807
1013 2303
1014 4096
1015 4991
1016 4506
1017 4609
1018 4903
1019 4526
1020 4983
1021 4944
1022 4903
1023 4851 4979 4989
1024 4554
1025 3576 4362 4673 4782
1026 167
1027 4980
1028 4982
1029 4690
1030 4274
1031 2874
1032 3393
1033 4385
1034 4558
1035 4977
1036 3559
1037 4512
1038 2651 4637
1039 4738
1040 4241
1041 4877
1042 4964
1043 2874 3269
1044 4768
1045 4970
1046 4158
1047 4953
1048 4797
1049 3743
1050 2807
1051 4129
1052 4738
1053 4559 4935 4962 4982
1054 4242
1055 2443
1056 3183
1057 4964
1058 3631
1059 3294
1060 4911
1061 4028
1062 4783
1063 4768
1064 3789
1065 4782
1066 3970
1067 4782
1068 4912
1069 3459
1070 4911
1071 4790
1072 4926
1073 4901
1074 4145
1075 4307
1076 4872
1077 4950
1078 4939
1079 4728
1080 3726
1081 4144
1082 4385
1083 3989
1084 5000
1085 695
1086 167
1087 4874
1088 4952
1089 2293 4554 4601 4797
1090 3510
1091 4889
1092 4100
1093 3043
1094 4804
1095 1336
1096 2854
1097 3747 4353
1098 2442
1099 1480
1100 4723
1101 4669
1102 4899
1103 4874
1104 4654
1105 2651 2906 3376
1106 3513 4709 4788 4945
1107 2817
1108 4112
1109 2993
1110 4082
1111 2443 4797 4901
1112 4478
1113 4027
1114 4779
1115 4608
1116 4760
1117 167
1118 4989
1119 4996
1120 1605
1121 4938
1122 4115
1123 4133 4422
1124 4349
1125 4911
1126 1480 3203 3381 4584
1127 3208
1128 4669
1129 3912
1130 1469
1131 3557
1132 4886
1133 4630
1134 4427
1135 4997
1136 4997
1137 4767
1138 3130
1139 2660
1140 3559
1141 4891
1142 3338 4657
1143 4506
1144 3320
1145 2588
1146 2593
1147 4674
1148 2593
1149 4620
1150 4554
1151 3968 4274 4869
1152 3060
1153 4691
1154 4690
1155 3393
1156 4994
1157 4983
1158 3085
1159 3060
1160 2788
1161 4944
1162 2317
1163 4272
1164 1164
1165 4096
1166 4464
1167 4506
1168 4980
1169 3339
1170 3181
1171 3726
1172 4383
1173 4804
1174 4654
1175 3329
1176 3130
1177 3853
1178 4181
1179 3329
1180 3318
1181 2725
1182 3079
1183 4982
1184 4620
1185 4546
1186 4797
1187 4383
1188 4673
1189 4600
1190 3726
1191 2374 3013 3315
1192 3510
1193 4979
1194 4989
1195 3047 4674 4912
1196 4583
1197 3732
1198 4949
1199 2725 4296
1200 4970
1201 3339 3666 3906 4353 4656
1202 4903
1203 4944
1204 4889
1205 4938
1206 4991
1207 4899
1208 3188
1209 4988
1210 4846
1211 4979
1212 4918
1213 3329
1214 167
1215 4768
1216 4949
1217 4158
1218 4585
1219 3275
1220 2867
1221 4208
1222 4458 4504 4962
1223 1605
1224 4554
1225 4929
1226 4939
1227 3318
1228 4691
1229 3523 4675
1230 3447
1231 3094
1232 3193
1233 4394
1234 3761
1235 2981 3732 4231
1236 4272
1237 3682 4208
1238 4903
1239 4790
1240 4810
1241 4953
1242 4723
1243 4726
1244 2293
1245 4609
1246 4637
1247 4243
1248 3717
1249 4689
1250 4028
1251 4977
1252 4888
1253 3990
1254 4723
1255 4728
1256 2788
1257 4112 4133 4195 4639
1258 3993
1259 4761
1260 2587
1261 4643
1262 4974
1263 3732
1264 4939
1265 3060 3576 3631
1266 4701
1267 4526
1268 4788
1269 4874
1270 2062 2918 4723 4974
1271 4821
1272 4832
1273 4657
1274 4978
1275 4129
1276 4728
1277 2709 3339 3964 4783
1278 3925
1279 3275 3755 4728
1280 4820
1281 4994
1282 4862
1283 4846
1284 4739
1285 4810
1286 2293 3224 3339
1287 3631
1288 4963
1289 4858
1290 3193 4100 4143 4689
1291 4713
1292 4939
1293 4158
1294 4241
1295 4119
1296 2587
1297 4858
1298 4324
1299 2126
1300 4963
1301 3666
1302 4966
1303 2874
1304 3761
1305 2552 3341
1306 2443 3341 3682
1307 4779
1308 3009
1309 2725
1310 4037
1311 3674
1312 4872
1313 4673
1314 3970
1315 4832
1316 4458
1317 4945
1318 2438 2709 3379
1319 3339
1320 2552
1321 4689
1322 4272
1323 2293 2867 3339
1324 3189
1325 3666
1326 4939
1327 4144
1328 4888
1329 4949
1330 4713
1331 2062
1332 4806
1333 4243
1334 4869
1335 4889
1336 1336
1337 4112
1338 4458
1339 3717 3747 4637
1340 4129
1341 4241
1342 3381
1343 4642
1344 4709
1345 4728
1346 695
1347 2126
1348 3398
1349 1473 3315 4066
1350 4779
1351 4350
1352 4559
1353 2854 3275
1354 4723
1355 4856
1356 1356
1357 4832
1358 1356
1359 3558
1360 2987
1361 3523
1362 4701
1363 3294
1364 3338
1365 3318
1366 4158
1367 4601
1368 3912
1369 4422
1370 4554
1371 4964
1372 3631
1373 4901
1374 4988
1375 167 3459 3699
1376 167
1377 4100
1378 4290
1379 4531
1380 4832
1381 4630
1382 2443
1383 1605
1384 4991
1385 3374
1386 3555 4112 4181 4243
1387 2296
1388 4290
1389 4792
1390 4474
1391 3009
1392 2153
1393 3548 3919 4112 4512
1394 2874
1395 4082
1396 3370
1397 4028
1398 4583
1399 2077
1400 4362
1401 4858
1402 3908
1403 2442 2918 3381 4130
1404 4926
1405 4302 4584
1406 3761
1407 4474
1408 4877
1409 4996
1410 2660 2741 2906 4643
1411 3188
1412 3515
1413 3193
1414 2698
1415 4988
1416 4713
1417 4997
1418 4821
1419 4385
1420 4929
1421 4645
1422 3970
1423 4782
1424 4609
1425 3318
1426 3085
1427 4371
1428 3761
1429 4656
1430 3853
1431 4918
1432 2296
1433 4865
1434 4274
1435 4760
1436 3853 4272 4788 4810 4865 4963
1437 3009
1438 4637
1439 4996
1440 2993
1441 4918
1442 3758
1443 1443
1444 4970
1445 4601
1446 2374 2669 3682 4130
1447 4994
1448 4100
1449 4657
1450 4037
1451 2021 2303 3559 4810
1452 2360 3174
1453 4709
1454 4929
1455 4991
1456 3548
1457 3341
1458 4938
1459 4130
1460 4577
1461 2709
1462 3877
1463 4901
1464 3015
1465 4435
1466 4478
1467 695
1468 4296
1469 1469
1470 4274
1471 2688
1472 4546
1473 1473
1474 3376
1475 4767
1476 4691
1477 4839
1478 4939
1479 3376
1480 1480
1481 4675
1482 4526
1483 4994
1484 4912
1485 4732
1486 2037
1487 4855
1488 3699
1489 4012
1490 3496
1491 4371
1492 1665
1493 2742
1494 4783
1495 4851
1496 3877 4144 4290 4324
1497 4779
1498 3079
1499 4506
1500 4760
1501 4716
1502 3339
1503 4350
1504 2697 4427
1505 4349
1506 4561
1507 4100
1508 4504 4506 4716 4935
1509 4643
1510 3374
1511 4726
1512 4709
1513 2735
1514 3523
1515 3990
1516 3516
1517 4296
1518 3302 3510 3970
1519 4422
1520 4639
1521 2062
1522 4673
1523 4691
1524 2293 4062 4096
1525 3065
1526 4783
1527 4290
1528 4689
1529 2742
1530 3447
1531 4918
1532 3060
1533 1469 2438
1534 4639
1535 4296
1536 3329
1537 2062 2293 3459
1538 3393
1539 4962
1540 4964
1541 4767
1542 2817
1543 4979
1544 4806
1545 2918
1546 4964
1547 4820
1548 4899
1549 4912
1550 2735 4133
1551 3820
1552 3189
1553 3379 4231
1554 2780
1555 2021 2588 4119 4551
1556 3015
1557 4877
1558 3374
1559 1559
1560 4231
1561 3631
1562 4929
1563 4730
1564 4243
1565 4642
1566 3747 4314 4373 4645
1567 3908
1568 4983
1569 4872
1570 3315
1571 4606
1572 4926
1573 4241
1574 4674
1575 3785
1576 3743 4324 4657 4790
1577 3275
1578 4504
1579 2438
1580 3379
1581 4734
1582 4999
1583 4558
1584 4704
1585 2759
1586 4760
1587 2873
1588 4585
1589 4886
1590 4464
1591 3085
1592 3496
1593 4349
1594 3510
1595 1700
1596 3269
1597 4558
1598 1336
1599 3993
1600 2688 4012 4792 4945
1601 2807
1602 4979
1603 4243
1604 2062
1605 1605
1606 3094
1607 3747
1608 4034
1609 4427
1610 4242
1611 1665
1612 3906
1613 4112 4653 4761 4949
1614 4158
1615 4901
1616 4964
1617 4728
1618 4797
1619 4792
1620 4856
1621 5000
1622 3009
1623 3925
1624 4709
1625 4115 4608 4782
1626 4820
1627 3789
1628 4950
1629 4608
1630 4542
1631 4561
1632 4939
1633 3097
1634 4851
1635 3581
1636 4886
1637 4966
1638 4474
1639 4872
1640 4145
1641 4877
1642 2442
1643 4978
1644 2438
1645 4939
1646 4891
1647 4964
1648 1164
1649 2741 4208 4371
1650 4994
1651 4427
1652 2062 3193 3877 3919 4242
1653 4759
1654 4899
1655 3968
1656 4999
1657 4988
1658 4307
1659 4869
1660 3948
1661 4653
1662 3820
1663 4912
1664 4645
1665 1665
1666 3459
1667 4962
1668 4559
1669 3908
1670 4779
1671 3097 4675
1672 3462
1673 4810
1674 4037
1675 3130
1676 4760
1677 4792
1678 3188
1679 4888
1680 4988
1681 4030
1682 4978
1683 4982
1684 4145
1685 4601
1686 3747 4274 4349
1687 2874 3548 3906
1688 2741
1689 1356
1690 3462 4307 4464 4704
1691 3496
1692 4865
1693 4730
1694 4761
1695 3379
1696 3945
1697 3374
1698 4115
1699 4143
1700 1700
1701 4953
1702 3269
1703 2895 3743 4608 4855 4899
1704 1473
1705 3379
1706 4561
1707 4997
1708 4978
1709 4609
1710 1710
1711 4966
1712 2906
1713 3047
1714 4982
1715 4639
1716 4929
1717 4991
1718 3181
1719 3682
1720 4551
1721 4653 4797 4901 4938 4999
1722 4119
1723 4561
1724 4783
1725 4609
1726 4980
1727 3379
1728 3717
1729 4637
1730 3167
1731 3510
1732 4115
1733 3515 3557 4869 4979
1734 4609
1735 3631
1736 4901
1737 4643
1738 3394
1739 4891
1740 3085
1741 4371
1742 2126
1743 2725 3398
1744 4949
1745 4272
1746 3937
1747 4982
1748 4506
1749 1469 4858
1750 4738
1751 4027
1752 4732
1753 3459
1754 4966
1755 167
1756 4869
1757 4901
1758 4427
1759 2126
1760 3060
1761 4768
1762 2037 3315 3877 4287
1763 4966
1764 3759
1765 4371
1766 4474
1767 4953
1768 4944
1769 4869
1770 2906
1771 4504
1772 4979
1773 4858
1774 2788
1775 3557
1776 2742 2759 2981
1777 4760
1778 4783
1779 4962
1780 4877
1781 4478
1782 4669
1783 4974
1784 3785
1785 4953
1786 3789
1787 4982
1788 3193 3496 4912
1789 4869
1790 4324 4689 4869 4980
1791 4272
1792 4996
1793 2593
1794 3318
1795 4952
1796 4889
1797 4997
1798 4901
1799 2021
1800 4701
1801 3803
1802 4690
1803 4642
1804 4027
1805 3523
1806 2593
1807 4637
1808 4962
1809 4883
1810 4889
1811 4066
1812 4935
1813 4561
1814 2126
1815 4888
1816 4012
1817 4944
1818 4422
1819 2759
1820 3803
1821 4996
1822 3610
1823 4012
1824 3555
1825 2374 3527 3803 4272 4952
1826 3666
1827 4630
1828 2021
1829 4674
1830 4874
1831 4349
1832 4642
1833 3374
1834 3682
1835 3854
1836 4989
1837 3937
1838 4302
1839 4526
1840 4991
1841 3083 3968
1842 4642
1843 4783
1844 4944
1845 4899
1846 4832
1847 4427
1848 4427
1849 4713
1850 4889
1851 2395
1852 4879
1853 4939
1854 4656
1855 4654
1856 3083
1857 4901
1858 4690
1859 4874
1860 2735
1861 4542
1862 167
1863 4761
1864 3459
1865 2660 3968 4100 4760
1866 2153
1867 4690
1868 4669
1869 4966
1870 4701
1871 4889
1872 4768
1873 4709
1874 4504
1875 4846
1876 4034 4181 4767
1877 4641
1878 3655
1879 1336
1880 3989
1881 4158
1882 4856
1883 3269 4716 4977 4978
1884 3320
1885 4939
1886 4939
1887 4983
1888 4818
1889 4999
1890 4657
1891 1473 2874 3315
1892 4642
1893 4926
1894 4759
1895 3993
1896 4643
1897 4130
1898 3447
1899 4804
1900 3341
1901 3548
1902 2854
1903 4558
1904 3747
1905 3516
1906 4600
1907 4577
1908 2759
1909 3523
1910 4641
1911 3320
1912 4427
1913 2987
1914 3193
1915 4865
1916 4096 4865 4891
1917 4353
1918 167
1919 4704
1920 3559
1921 4583
1922 3581
1923 3912
1924 4066
1925 3516
1926 2552 3717 3964
1927 3699
1928 3015 4349 4474 4506
1929 4950
1930 4877
1931 3968 4583 4642
1932 4673
1933 4630
1934 4768
1935 4606
1936 4872
1937 4886
1938 4181
1939 4865
1940 2993
1941 3393
1942 4353
1943 4119
1944 4373
1945 4526
1946 4290
1947 4891
1948 4526
1949 3732
1950 3912
1951 3682
1952 3520
1953 4691
1954 2906
1955 4643
1956 2438 3576 4112 4761
1957 3674
1958 4790
1959 4872
1960 2698
1961 4832
1962 4726
1963 3496
1964 3318
1965 4929
1966 4911
1967 4788
1968 4307
1969 4945
1970 4926
1971 3789
1972 2077
1973 4561
1974 4656
1975 4983
1976 3376
1977 4874
1978 4783
1979 4342
1980 4383
1981 2874 3130 4143
1982 3937
1983 3581
1984 4673
1985 4642
1986 2981
1987 4601
1988 4512
1989 4682
1990 3559
1991 4643
1992 4865
1993 1559
1994 3555
1995 2593 2660 3589
1996 2742 4287 4342
1997 3759
1998 4643
1999 3167
2000 4974
2001 4704
2002 3370 3759 3968
2003 4783
2004 4761
2005 3641
2006 4855
2007 4656
2008 4779
2009 4974
2010 4903
2011 2918
2012 4673
2013 4296
2014 4682
2015 4989
2016 4129
2017 4096
2018 2906
2019 4645
2020 2317 3747 4869
2021 2021
2022 4926
2023 4130
2024 4630
2025 4144
2026 1356
2027 4551
2028 4639
2029 4935
2030 4119
2031 4761
2032 4790
2033 4027
2034 4674
2035 4669
2036 3374
2037 2037
2038 4978
2039 2735
2040 4997
2041 4287
2042 4810
2043 4350
2044 3224 3989 4806
2045 3968 4371 4554 4891 4974
2046 4608
2047 3726
2048 4241
2049 4950
2050 4464
2051 4350
2052 1164
2053 2374 2669 2788 4144 4701
2054 4730
2055 4938
2056 3970
2057 4952
2058 2906 3130 4100 4730
2059 4888
2060 4630
2061 4673
2062 2062
2063 3820
2064 3925
2065 4601
2066 3339
2067 2817 4082 4558
2068 3970
2069 2062 3794 4704 4832
2070 4911
2071 4821
2072 1480 2873 3989 4642
2073 4657
2074 4788
2075 4195
2076 3937
2077 2077
2078 4171
2079 4970
2080 4983
2081 4929
2082 4583
2083 2697
2084 4637
2085 4926
2086 4669
2087 4979
2088 3181
2089 4458
2090 3203 3853 4158
2091 1336 3610 4682
2092 3993
2093 3167
2094 3747
2095 4726
2096 3555
2097 4600
2098 4952
2099 2442
2100 4242
2101 3970 4171 4637
2102 2807 3523 3820
2103 4996
2104 4949
2105 3224
2106 4732
2107 3060
2108 4820
2109 2906
2110 4846
2111 4272
2112 4558
2113 4657
2114 3990
2115 2293 3516 4504
2116 4994
2117 4675
2118 2077
2119 4669
2120 4302
2121 3394
2122 4983
2123 3208 3576 4506
2124 2993
2125 4952
2126 2126
2127 4944
2128 4302
2129 4583
2130 4383
2131 2539
2132 4768
2133 3318 3576 4394 4657
2134 3079
2135 4342
2136 4888
2137 3631
2138 4362
2139 3732
2140 2688 3341 3374
2141 4307
2142 4944
2143 4474
2144 3925
2145 4654
2146 3013
2147 3302
2148 4977
2149 4997
2150 3381
2151 3548
2152 4790
2153 2153
2154 4899
2155 4944
2156 4862
2157 2552 2588 3462 3655 4324 4592
2158 4783
2159 4734
2160 4657
2161 4935
2162 4935
2163 4891
2164 4963
2165 1473
2166 4839
2167 4879
2168 4133
2169 4983
2170 4561
2171 3877
2172 4999
2173 4974
2174 4977
2175 4546
2176 4526
2177 4989
2178 4435
2179 3513
2180 4630
2181 3919 4657 4912 4989
2182 4637
2183 4641
2184 1665
2185 4783
2186 4818
2187 4600
2188 4911
2189 4869
2190 4949
2191 4551
2192 4953
2193 4504
2194 2587 2964 3515 4783
2195 4208
2196 4504
2197 4512
2198 4883
2199 2360
2200 3990
2201 3302
2202 4526
2203 4944
2204 4810
2205 4760
2206 4682
2207 3527
2208 3462
2209 4806
2210 4977
2211 4704
2212 3726
2213 4600 4608 4645
2214 4551
2215 3224
2216 3047
2217 4788
2218 4100
2219 4978
2220 2742
2221 3919
2222 4689
2223 4559
2224 2442
2225 4504
2226 3315
2227 4690
2228 167
2229 3912
2230 4601
2231 4889
2232 4935
2233 3576
2234 4585
2235 4637
2236 4963
2237 3919
2238 4096
2239 3908
2240 4767
2241 3302
2242 4832
2243 4637
2244 3527
2245 4144
2246 4858
2247 2735 3682
2248 4918
2249 4888
2250 3510
2251 4950
2252 2651 3447 3513 3717 4129 4274
2253 3181 4342 4689
2254 4759
2255 4999
2256 2817
2257 2918 3732
2258 4901
2259 3666
2260 4561
2261 4639
2262 4966
2263 4716
2264 4978
2265 4641
2266 3189
2267 4767
2268 4620
2269 4899
2270 4979
2271 4554
2272 3516
2273 3183
2274 4704
2275 4314
2276 4637
2277 2735
2278 2873
2279 4584
2280 4950
2281 2895
2282 3555
2283 4385
2284 3496
2285 3462
2286 1710 2037 3338 3341
2287 4788
2288 4577
2289 4130
2290 2867
2291 4903
2292 3398
2293 2293
2294 1605 4181
2295 4989
2296 2296
2297 4732
2298 3083 4100 4504
2299 3370
2300 4788
2301 4012
2302 4918
2303 2303
2304 4682
2305 4983
2306 4296
2307 4856
2308 3968
2309 4620
2310 2709
2311 4674
2312 5000
2313 2987
2314 4554
2315 4903
2316 4133
2317 2317
2318 2552 3743 3908
2319 4656
2320 4601
2321 4739
2322 4144
2323 4953
2324 3785
2325 4950
2326 2698 2817 2906 3655
2327 4639
2328 1336
2329 4504
2330 4874
2331 2697 4641
2332 4872
2333 4242
2334 4572
2335 4144
2336 2552
2337 3964
2338 4953
2339 4804
2340 3699
2341 4739
2342 3515
2343 2987
2344 4027
2345 4371
2346 4732
2347 4911
2348 4926
2349 3581
2350 4583 4642 4738 4782
2351 3188 3208 3758 3803
2352 4642
2353 3381 4394 4427 4584 4945
2354 4879
2355 1700 3094 3320
2356 4307
2357 4657
2358 2293
2359 4639
2360 2360
2361 2807
2362 4806
2363 3908
2364 3181
2365 3462 3968 4037
2366 2807
2367 3338
2368 4874
2369 4964
2370 1710
2371 3175
2372 4768
2373 4886
2374 2374
2375 4999
2376 4935
2377 4691
2378 4690
2379 3329
2380 4879
2381 3341 3393 3496 3948 4100
2382 4952
2383 3945
2384 4716
2385 4609
2386 4657
2387 3937
2388 4939
2389 4945
2390 4980
2391 4129
2392 4767
2393 3181
2394 4926
2395 2395
2396 3557
2397 2587
2398 4324
2399 4723
2400 4851
2401 3341
2402 4732
2403 4290
2404 4630
2405 2077
2406 4806
2407 4739
2408 167
2409 4964
2410 4231
2411 3937
2412 3329
2413 4820
2414 4713
2415 1710
2416 4657
2417 4851
2418 3013
2419 4950
2420 3520
2421 2303
2422 4935
2423 4630
2424 3175
2425 3374
2426 3877
2427 3370
2428 4938
2429 4723
2430 4287
2431 4362 4641 4691 4728 4874
2432 2817
2433 2669
2434 4353
2435 3462 4464
2436 3339
2437 4767
2438 2438
2439 4964
2440 3937
2441 4926
2442 2442
2443 2443
2444 4903
2445 3761
2446 1469 3339 3581
2447 4583
2448 4966
2449 2759
2450 3732
2451 4877
2452 5000
2453 3558
2454 4130
2455 4991
2456 4839
2457 1710
2458 3581 4133 4783
2459 3758
2460 4066
2461 4558
2462 4181
2463 3682 3854 4012 4945
2464 4783
2465 4559
2466 1469 3496 4028
2467 2303
2468 4991
2469 4243
2470 4296
2471 4994
2472 4641
2473 4478
2474 2587
2475 2552
2476 4944
2477 2697
2478 4608
2479 3717
2480 4865
2481 4585
2482 4983
2483 4974
2484 4609
2485 2987
2486 4637
2487 3919
2488 4716
2489 2552 3393 4171
2490 4716
2491 4945
2492 167
2493 4641
2494 4869
2495 2442 3726
2496 1443
2497 4988
2498 5000
2499 3548
2500 4759
2501 3908
2502 4130
2503 4639
2504 2552 3682 3743 4592
2505 4342
2506 4980
2507 4945
2508 3785
2509 4869
2510 4542
2511 5000
2512 2651
2513 2964
2514 1665 2126 3666 4130
2515 4901
2516 4546
2517 2588
2518 4730
2519 4953
2520 4903
2521 1700 3589 4290 4728 4874
2522 4979
2523 4242
2524 4689
2525 4980
2526 4583
2527 4704
2528 3376 3610 3699 4713
2529 4806
2530 4963
2531 4979
2532 3559
2533 4653
2534 3610
2535 4243
2536 4129
2537 4037 4608 4865
2538 3726
2539 2539
2540 4542
2541 3065
2542 2126
2543 3515
2544 3631
2545 4592
2546 3294
2547 4855
2548 4952
2549 2317
2550 1164 3398 3631
2551 695 2741 2788 3175
2552 2552
2553 4324
2554 4585
2555 2077
2556 4701
2557 4970
2558 4577
2559 4999
2560 4572
2561 3641
2562 4997
2563 4030
2564 3516 3858 4062 4373
2565 3175
2566 4673
2567 4989
2568 3989
2569 4171
2570 4383
2571 4851
2572 4810
2573 4641
2574 4911
2575 3060
2576 4272
2577 4608
2578 4821
2579 4888
2580 2981
2581 3193 4012 4242 4874
2582 2037
2583 4241
2584 4643
2585 3009 4730 4858 4912 4999
2586 4577
2587 2587
2588 2588
2589 4551
2590 4989
2591 4788
2592 4962
2593 2593
2594 2735
2595 4506
2596 4839
2597 2293 2688 3015 3183 3513
2598 2964
2599 4991
2600 4820
2601 4862
2602 4767
2603 4158
2604 4982
2605 3912
2606 4673
2607 3785
2608 4584
2609 4129
2610 4832
2611 4962
2612 3520
2613 4732
2614 3523
2615 4689
2616 4551
2617 4422
2618 3527 4066 4427 4728
2619 4028
2620 3559
2621 4996
2622 4739
2623 4912
2624 4314
2625 3208
2626 4783
2627 3188
2628 4609
2629 4037
2630 4759
2631 4966
2632 3447
2633 4478
2634 4609
2635 4935
2636 4643
2637 4572
2638 4653
2639 3398
2640 4768
2641 4572
2642 4918
2643 4373
2644 4952
2645 4911
2646 3339
2647 2918 3666 3726
2648 4274
2649 4504
2650 4682
2651 2651
2652 4350
2653 4062
2654 3726
2655 2741
2656 4231
2657 3631 4241 4383 4458
2658 4788
2659 4637
2660 2660
2661 4855
2662 4435
2663 4911
2664 4999
2665 4818
2666 2037
2667 4899
2668 3441
2669 2669
2670 4980
2671 4129
2672 2062 2964 3015 3655
2673 4991
2674 4350
2675 4997
2676 4577
2677 4689
2678 2587
2679 4856
2680 4879
2681 4506
2682 4691
2683 4353
2684 3674
2685 2807
2686 3732 4115 4353
2687 2588 3181 4767
2688 2688
2689 3674
2690 3755
2691 4637
2692 3459
2693 3641
2694 4130
2695 4935
2696 4287
2697 2697
2698 2698
2699 4797
2700 2741
2701 4964
2702 3674
2703 1710
2704 4888
2705 4891
2706 4872
2707 4865
2708 3341
2709 1164 2709
2710 3510
2711 4474
2712 3576
2713 1665 2374 3079 3318 3937
2714 4130
2715 4512
2716 4653
2717 4478
2718 4964
2719 3758
2720 3610
2721 3557
2722 4994
2723 3794
2724 2735 3441 3496 3853 4561
2725 2725
2726 4738
2727 2854
2728 4643
2729 4912
2730 3747
2731 3394
2732 3785
2733 4869
2734 4879
2735 2735
2736 2317 3302 4208 4669
2737 4879
2738 4953
2739 4674
2740 4296
2741 2741
2742 2742
2743 2698
2744 3785
2745 4115
2746 4804
2747 4435
2748 2759
2749 4945
2750 3858
2751 4760
2752 4734
2753 4504
2754 4891
2755 1559
2756 3610
2757 4979
2758 3094
2759 2759
2760 4728
2761 3726
2762 4851
2763 1336 3858 4709 4891
2764 3513
2765 4654
2766 4641
2767 3631
2768 4980
2769 4888
2770 4996
2771 3559
2772 3374
2773 3181
2774 3329
2775 4949
2776 4302
2777 2669 2993 4171
2778 4888
2779 4982
2780 2780
2781 4989
2782 4899
2783 3047
2784 4546
2785 3655
2786 4657
2787 3269
2788 2788
2789 3759
2790 4988
2791 4783
2792 4899
2793 3130
2794 4133 4362
2795 3970
2796 3203
2797 4546
2798 4759
2799 4818
2800 4810
2801 3989
2802 4797
2803 4938
2804 3203 4645 4653 4939
2805 2296
2806 4963
2807 2807
2808 4701
2809 4243
2810 4012
2811 4027
2812 4949
2813 3970
2814 4609
2815 4810
2816 4918
2817 2817
2818 3576 4810 4945
2819 4759
2820 3761
2821 2698
2822 4839
2823 4962
2824 4689
2825 3060
2826 4144
2827 4208
2828 2021
2829 4889
2830 4996
2831 4704
2832 4639
2833 3758
2834 4506
2835 3083
2836 4531
2837 3858
2838 4606
2839 4970
2840 4929
2841 4865
2842 4818
2843 4362
2844 4066
2845 4945
2846 4818
2847 2660 4302
2848 4028
2849 3339
2850 4385
2851 4935
2852 3374
2853 4952
2854 2854
2855 4362
2856 4674
2857 4653
2858 4964
2859 3374
2860 4645
2861 4879
2862 3559
2863 3208
2864 3318
2865 4654
2866 3379
2867 2867
2868 4066
2869 2588
2870 4641
2871 3989
2872 4989
2873 2873
2874 2874
2875 4888
2876 3558
2877 4949
2878 4899
2879 4713
2880 4982
2881 4963
2882 4950
2883 2759
2884 4704
2885 4964
2886 4716
2887 4891
2888 4034
2889 4682
2890 4806
2891 5000
2892 3906
2893 4962
2894 4949
2895 2895
2896 3682
2897 4846
2898 4858
2899 5000
2900 4964
2901 2374 2539 2873
2902 4290
2903 4939
2904 4734
2905 3329
2906 2906
2907 4759
2908 1356 2908
2909 4601
2910 4732
2911 4561
2912 4980
2913 4888
2914 4858
2915 4559
2916 3755
2917 4542
2918 2918
2919 4561
2920 4872
2921 4983
2922 4302
2923 4767
2924 2895
2925 4792
2926 4371
2927 4674
2928 4935
2929 4531
2930 4856
2931 2587 2759 3381 4997
2932 4912
2933 4691
2934 4656
2935 4691
2936 3755
2937 3341
2938 4385
2939 4952
2940 2918
2941 3527
2942 4962
2943 4558
2944 4394
2945 3009
2946 4856
2947 4865
2948 4901
2949 4889
2950 4760
2951 4531
2952 4096
2953 4504
2954 4832
2955 3079
2956 4551
2957 3759
2958 3009
2959 4551
2960 2062
2961 4645
2962 3060
2963 3937
2964 2964
2965 2552
2966 4944
2967 4723
2968 4394
2969 4100
2970 4950
2971 4883
2972 4903
2973 4877
2974 4231
2975 3948
2976 4982
2977 3758
2978 4939
2979 4999
2980 4821
2981 2981
2982 4974
2983 4953
2984 4888
2985 3459
2986 4911
2987 2987
2988 3906
2989 4783
2990 1605
2991 4782
2992 4637
2993 2993
2994 2438
2995 4554
2996 4709
2997 2442
2998 2873 3381 4701
2999 2895
3000 4977
3001 4949
3002 3393 4100 4637 4768 4877
3003 3175 3858 4158 4810
3004 4994
3005 4195
3006 4929
3007 4427
3008 2993
3009 3009
3010 4980
3011 3717
3012 3993
3013 3013
3014 3948
3015 3015
3016 4709
3017 3948
3018 4964
3019 4656
3020 4653
3021 3175
3022 4601
3023 3747
3024 3520
3025 4630
3026 4767
3027 4991
3028 3758
3029 4716
3030 4938
3031 2867 3610
3032 4314
3033 4620
3034 4478
3035 3968
3036 3441
3037 4713
3038 4350
3039 4883
3040 4675
3041 4929
3042 4691
3043 2587 3043 3183
3044 4929
3045 4872
3046 4879
3047 3047
3048 4977
3049 4938
3050 4691
3051 4506
3052 4559
3053 4953
3054 1473
3055 4653
3056 4970
3057 4862
3058 4903
3059 3919
3060 3060
3061 4639
3062 4606
3063 4734
3064 4856
3065 3065
3066 3631
3067 3329
3068 2759 3794 4012
3069 2126 3338 3441 4691
3070 4862
3071 2780 4100 4353 4804
3072 3013
3073 4889
3074 1473 3945 4901
3075 4195
3076 4585
3077 4349
3078 4112
3079 3079
3080 4944
3081 4855
3082 4307
3083 3083
3084 4950
3085 3085
3086 4783
3087 4938
3088 4994
3089 3189
3090 4082
3091 3459
3092 4779
3093 3581
3094 3094
3095 4028
3096 2303
3097 3097
3098 4886
3099 3203
3100 2539
3101 4760
3102 4732
3103 4858
3104 2981
3105 2780 3339 3398 3794 4559
3106 4630
3107 4274
3108 4991
3109 4100
3110 3447
3111 2395
3112 4994
3113 1443
3114 4945
3115 4939
3116 4639
3117 4810
3118 695 3726 4738 4997
3119 4858
3120 4656
3121 4583
3122 1559 2698 3224
3123 4739
3124 4112
3125 4999
3126 3854
3127 4675
3128 4642
3129 2697
3130 3130
3131 4208
3132 3858
3133 4872
3134 4158
3135 4195
3136 4639
3137 2688
3138 4674
3139 4994
3140 3759
3141 4855
3142 4296
3143 4642
3144 4994
3145 3329
3146 4977
3147 4435
3148 4994
3149 4782
3150 4362
3151 4669
3152 4133
3153 3794
3154 4846
3155 4783
3156 3743
3157 4112
3158 4797
3159 4682
3160 4682
3161 4592
3162 4643
3163 4997
3164 3964
3165 4869
3166 4982
3167 3167
3168 4427
3169 4891
3170 4531
3171 3989
3172 4133
3173 4675
3174 2360 3174
3175 3175
3176 4642
3177 4889
3178 4950
3179 4584
3180 3557
3181 3181
3182 4195
3183 3183
3184 4657
3185 4385
3186 4474
3187 4949
3188 3188
3189 3189
3190 3009
3191 4690
3192 2126
3193 3193
3194 4939
3195 2153 3919 4243
3196 3948
3197 4506
3198 4806
3199 4512
3200 4779
3201 4966
3202 4558
3203 3203
3204 4970
3205 4846
3206 2660
3207 4899
3208 3208
3209 2651
3210 3726
3211 4274
3212 4883
3213 4939
3214 3989
3215 4723
3216 4606
3217 4342
3218 1469
3219 4709
3220 4856
3221 4903
3222 4037
3223 4999
3224 3224
3225 4759
3226 2296 2981 3188 3794
3227 3329
3228 3785
3229 3968
3230 4970
3231 4891
3232 4832
3233 4474
3234 4855
3235 4512
3236 4115
3237 4889
3238 3175
3239 4307
3240 3912
3241 4970
3242 4738
3243 4181
3244 3912
3245 4144
3246 3379 4296
3247 3674
3248 4709
3249 3717
3250 4637
3251 4526
3252 4732
3253 4385
3254 4929
3255 4373
3256 3527
3257 4394
3258 4526
3259 4788
3260 4950
3261 4797
3262 4034
3263 4608
3264 4642
3265 4112
3266 4512
3267 4689
3268 4899
3269 3269
3270 4938
3271 4974
3272 2895
3273 4938
3274 4028
3275 3275
3276 4669
3277 4963
3278 4324
3279 4989
3280 4926
3281 4886
3282 4911
3283 2873 4144 4171
3284 4559
3285 4231
3286 3820 4208 4669 4738
3287 1665
3288 4435
3289 4944
3290 3515 4062 4608 4723
3291 4645
3292 4962
3293 4989
3294 3294
3295 4761
3296 3043 3755
3297 1469
3298 3699
3299 3381
3300 2443
3301 4779
3302 3302
3303 4970
3304 4782
3305 3527
3306 4130
3307 3224
3308 4989
3309 3558
3310 3381
3311 4979
3312 4865
3313 4879
3314 3877
3315 3315
3316 4728
3317 2588
3318 3318
3319 3925
3320 3320
3321 4307
3322 2539 2759 3379 4504
3323 3447
3324 4231
3325 2651 2874 3970
3326 4832
3327 4287
3328 4980
3329 3329
3330 4231
3331 3079 4768 4851 4938 4999
3332 2759
3333 4999
3334 4620
3335 2153 2296 3513
3336 4997
3337 4583
3338 3338
3339 3339
3340 4362
3341 3341
3342 2895 3013 3188 3877 4637
3343 3302
3344 3576 4982
3345 3193 3970
3346 4855
3347 4792
3348 4953
3349 4989
3350 4427
3351 3964
3352 4675
3353 4899
3354 3968
3355 3945
3356 4653
3357 3674
3358 4839
3359 4458
3360 4964
3361 2697
3362 2077
3363 2780
3364 4734
3365 4158
3366 4600
3367 4037
3368 3188
3369 4872
3370 3370
3371 3329
3372 4832
3373 3015
3374 3374
3375 4855
3376 3376
3377 4983
3378 2077 4846
3379 3379
3380 2593 3097 4601
3381 3381
3382 3555
3383 4302
3384 4759
3385 1480
3386 4115
3387 3761
3388 4362
3389 3990
3390 4583
3391 4978
3392 4983
3393 3393
3394 3394
3395 4963
3396 4945
3397 1480 3989 4704 4945
3398 3398
3399 4899
3400 2374
3401 4675
3402 4034
3403 4779
3404 1605 2735 3294 4964
3405 4669
3406 3758 3761 4637 4691 4797
3407 2552 3047 3193 3459
3408 4739
3409 3167
3410 4779
3411 4804
3412 4656
3413 3175
3414 4608
3415 4962
3416 4608
3417 4939
3418 4012
3419 4891
3420 4458
3421 4287
3422 3820 4739
3423 4820
3424 4577
3425 4768
3426 4966
3427 2296 2669 3447
3428 4979
3429 4768
3430 4027
3431 4701
3432 4821
3433 4296
3434 3990
3435 4577
3436 3717
3437 1559
3438 4977
3439 4701
3440 3925
3441 3441
3442 4989
3443 4760
3444 4918
3445 4929
3446 4730
3447 3447
3448 4066
3449 3989 4208
3450 3948
3451 4082
3452 4879
3453 4820
3454 4096
3455 4554
3456 4768
3457 4952
3458 4950
3459 3459
3460 4241
3461 2588
3462 3462
3463 4542
3464 4592
3465 3925
3466 4027
3467 4997
3468 4726
3469 4832
3470 4458
3471 4759
3472 4726
3473 4790
3474 4181
3475 4129
3476 3877
3477 3993
3478 4738
3479 4883
3480 1710
3481 3189 4704
3482 3970
3483 3515
3484 4779
3485 4350
3486 4891
3487 2021
3488 4112
3489 4929
3490 4912
3491 4353
3492 4394
3493 4790
3494 5000
3495 4886
3496 3496
3497 4690
3498 3589 3853 3937 3948 4307
3499 4855
3500 4066
3501 4512
3502 1473
3503 4630
3504 4768
3505 4691
3506 4877
3507 3631
3508 2552 3183 3912 4314
3509 3183
3510 3510
3511 4504
3512 4874
3513 3513
3514 3320 4689
3515 3515
3516 3516
3517 4115
3518 3655
3519 4949
3520 3520
3521 3726
3522 4962
3523 3523
3524 4889
3525 4903
3526 4782
3527 3527
3528 4062
3529 4988
3530 3130 4504
3531 4158
3532 4792
3533 3459 3912 4657 4704
3534 4115
3535 3759
3536 4730
3537 4689
3538 4846
3539 4645
3540 2788
3541 4243
3542 4818
3543 4709
3544 4734
3545 3993
3546 3990
3547 2987
3548 3548
3549 4726
3550 4422
3551 3945
3552 3990
3553 3370
3554 4865
3555 3555
3556 4879
3557 3557
3558 3558
3559 3559
3560 4883
3561 4272
3562 4422
3563 4353
3564 3674
3565 4474
3566 4657
3567 4296
3568 4760
3569 4478
3570 4716
3571 3527
3572 4689
3573 4584
3574 4926
3575 4554
3576 3576
3577 4989
3578 4855
3579 3858
3580 4464
3581 3581
3582 4558
3583 4577
3584 4962
3585 2037 3167 3523 4062 4675
3586 3513
3587 1559
3588 4690
3589 3589
3590 1480
3591 4531
3592 3085
3593 3854
3594 4970
3595 4912
3596 4028
3597 4606
3598 4978
3599 3919
3600 4962
3601 4939
3602 4974
3603 4964
3604 4874
3605 4989
3606 4082
3607 4096
3608 2317
3609 4929
3610 3610
3611 4862
3612 4862
3613 4208
3614 3341
3615 4820
3616 3743
3617 4865
3618 4096 4637
3619 4181
3620 3589 4506 4739
3621 4929
3622 4806
3623 4918
3624 2037
3625 4732
3626 4422
3627 4371
3628 3674
3629 4435
3630 4272
3631 3631
3632 4950
3633 4716
3634 3183
3635 4804
3636 4082
3637 4991
3638 4926
3639 4701
3640 4818
3641 3641
3642 4592
3643 4734
3644 2651
3645 4158
3646 3557
3647 3520
3648 4821
3649 4950
3650 3993
3651 4296
3652 4559
3653 3631
3654 3188
3655 3655
3656 4996
3657 4689
3658 4143
3659 4877
3660 4820
3661 4886
3662 4988
3663 4883
3664 5000
3665 2981
3666 3666
3667 4851
3668 5000
3669 3447 4991
3670 4723
3671 4290
3672 4953
3673 4349
3674 3674
3675 4342
3676 2854 3559
3677 4158
3678 3970
3679 4952
3680 4832
3681 3515
3682 3682
3683 4701
3684 4963
3685 4474
3686 4314
3687 4782
3688 4119
3689 3294
3690 2688
3691 3193
3692 4145
3693 4037
3694 3919
3695 3970 4353 4675 4761
3696 4872
3697 4606
3698 4195
3699 3699
3700 4994
3701 4821
3702 4877
3703 3520
3704 4945
3705 4394
3706 3559 3747 4559
3707 4963
3708 2669
3709 4027
3710 3576
3711 4739
3712 2993 3097 4739 4886
3713 4918
3714 4888
3715 4912
3716 3666
3717 3717
3718 3968 4208
3719 1700 2593 4979
3720 1480 2593 4768
3721 4645
3722 4034
3723 4600
3724 2759
3725 3462
3726 3726
3727 4739
3728 4962
3729 2442
3730 4982
3731 3785
3732 3732
3733 4889
3734 3015
3735 2742 3858 4231
3736 4272
3737 3682 4782 4911
3738 4669
3739 4181
3740 4988
3741 4872
3742 4600
3743 3743
3744 4682
3745 4600
3746 4641
3747 3747
3748 3513
3749 4901
3750 4862
3751 4674
3752 4690
3753 4977
3754 4988
3755 3755
3756 4682
3757 3755
3758 3758
3759 3759
3760 4464
3761 3761
3762 4739
3763 4620
3764 4963
3765 2442
3766 4732
3767 4682
3768 4577
3769 3759
3770 4583
3771 4851
3772 4324
3773 4144
3774 4171
3775 3339
3776 4606
3777 4997
3778 1665
3779 3755
3780 4675
3781 4728
3782 4782
3783 2587
3784 4558
3785 3785
3786 3548 4657 4865
3787 4606 4980 4989
3788 2552
3789 3789
3790 4903
3791 3919
3792 4944
3793 4143
3794 3794
3795 4899
3796 4290
3797 4422
3798 3015
3799 3948
3800 3803
3801 4978
3802 4171
3803 3803
3804 4760
3805 4195
3806 4982
3807 4656
3808 4129
3809 695 4675 4979
3810 2873
3811 4839
3812 4716
3813 3189
3814 4371
3815 5000
3816 4734
3817 4962
3818 4877
3819 4944
3820 3820
3821 3302
3822 3610 4435
3823 4767
3824 4790
3825 3755
3826 4926
3827 4792
3828 4869
3829 4542
3830 4832
3831 4691
3832 4926
3833 4790
3834 4851
3835 4988
3836 3510
3837 4862
3838 3581 4656 4846
3839 4129
3840 3794
3841 4704 4767
3842 4464
3843 2293
3844 4592
3845 4656
3846 4779
3847 4883
3848 4877
3849 4889
3850 4144
3851 4435
3852 4999
3853 3853
3854 3854
3855 3964
3856 4037
3857 4911
3858 3858
3859 3338
3860 3968
3861 4129
3862 4373
3863 4082
3864 4997
3865 4701
3866 4929
3867 5000
3868 4145
3869 1700
3870 4797
3871 4883
3872 4373
3873 3732
3874 4979
3875 4856
3876 3908 4690 4865
3877 3877
3878 4966
3879 3854
3880 4883
3881 4551
3882 4546
3883 4804
3884 4673
3885 4689
3886 4912
3887 4792
3888 4231 4944 4983
3889 3945
3890 4988
3891 4673
3892 4713
3893 4865
3894 3853
3895 4643
3896 3906 4713 4810
3897 4851
3898 4732
3899 4962
3900 3854 4143 4790 4999
3901 4806
3902 4974
3903 4858
3904 4926
3905 4883
3906 3906
3907 3130
3908 3908
3909 4889
3910 4977
3911 4551
3912 3912
3913 4464
3914 4726
3915 4561
3916 4730
3917 4458
3918 3853
3919 3919
3920 4738
3921 4606
3922 3858
3923 3315
3924 2817
3925 3925
3926 4806
3927 4950
3928 4504
3929 4373
3930 3945
3931 5000
3932 4242
3933 4964
3934 4938
3935 3641
3936 4949
3937 3937
3938 3496 4307 4559 4709 4874
3939 3989
3940 3964 4760 4953 4964
3941 4171
3942 4832
3943 4899
3944 4701
3945 3945
3946 4901
3947 4728
3948 3948
3949 4767
3950 4818
3951 3789
3952 4865
3953 4034
3954 4730
3955 4422 4792 4869 5000
3956 3447
3957 4726
3958 4608
3959 4241
3960 3912 4561 4782 4918
3961 4996
3962 3785
3963 4526
3964 3964
3965 2807
3966 4600
3967 4506
3968 3968
3969 4846
3970 3970
3971 4911
3972 4888
3973 4888
3974 3559
3975 4012
3976 4701
3977 3581
3978 4788
3979 4689 4760 4839
3980 4290 4874 4888 4979
3981 4966
3982 4929
3983 4133
3984 4551
3985 4953
3986 2593 3269 4119 4858
3987 4572
3988 4383
3989 3989
3990 3990
3991 4290
3992 4641
3993 3993
3994 4730 4869 4926 4991
3995 4713
3996 4903
3997 4427
3998 2438 2593 3747 4918
3999 4734
4000 4879
4001 4656
4002 4642
4003 3732 4583 4792
4004 2698
4005 4759
4006 4654
4007 4558
4008 4577
4009 4290
4010 3516
4011 4856
4012 4012
4013 4096 4504 4952
4014 4504 4903 4991
4015 2854 4115 4716 4872
4016 4129
4017 4645
4018 3510
4019 2395 2539 4820 4944
4020 2688
4021 4779
4022 4851
4023 4767
4024 4675
4025 4734
4026 4988
4027 4027
4028 4028
4029 4559
4030 4030
4031 4383
4032 4637
4033 4856
4034 4034
4035 4949
4036 4994
4037 4037
4038 4996
4039 4559
4040 4181
4041 3393
4042 4901
4043 3516 4383 4601 4739
4044 4231
4045 3079
4046 4657
4047 4037
4048 4872
4049 4730
4050 3318
4051 4302
4052 3854
4053 4241
4054 4642
4055 4709
4056 4349
4057 3315
4058 4856
4059 4939
4060 4572 4606 4608 4810
4061 4991
4062 4062
4063 4979
4064 4037
4065 4979
4066 4066
4067 4797
4068 4307
4069 4739
4070 2062
4071 2895 3523 4290 4427 4911
4072 4241
4073 4962
4074 4272
4075 3513
4076 4891
4077 4674
4078 4231
4079 4373
4080 4912
4081 4028
4082 4082
4083 3065 3381 4608 4855
4084 4768
4085 4899
4086 4977
4087 4929
4088 4689
4089 3013
4090 4820
4091 4242
4092 4577
4093 4584
4094 4608
4095 4037
4096 4096
4097 4821
4098 1336
4099 4653
4100 4100
4101 4760
4102 2725 3641 4804 4952
4103 4818
4104 4394 4584 4911 4964 4999
4105 4690
4106 4704
4107 4988
4108 4037 4637 4713 4810
4109 4630
4110 4609
4111 4096
4112 4112
4113 4888
4114 4478
4115 4115
4116 4732
4117 4820
4118 4558
4119 4119
4120 4474
4121 4657
4122 4983
4123 4761
4124 4585
4125 4839
4126 4966
4127 4869
4128 4888
4129 4129
4130 4130
4131 3447 4675 4804 4891 4918
4132 4962
4133 4133
4134 4810
4135 4983
4136 167
4137 3631
4138 4645
4139 4760
4140 4620
4141 4820
4142 4938
4143 4143
4144 4144
4145 4145
4146 4989
4147 2697 4231 4307 4730 4979
4148 4879
4149 4145
4150 2660 3294 4935 4977 4982
4151 4821
4152 4768
4153 4583
4154 4935
4155 4037
4156 3167 3523 4350 4601 4855 4944 4983
4157 4608
4158 4158
4159 3948 4195 4810 4945 4979
4160 4559
4161 4504
4162 4653
4163 4546 4779 4911 4953 4982
4164 4872
4165 4996
4166 4991
4167 3908
4168 4716
4169 4855
4170 4643
4171 4171
4172 4911
4173 4353
4174 4821
4175 3989
4176 4883
4177 4804
4178 1605 3459 4639 4982 4989
4179 4551
4180 4290
4181 4181
4182 4964
4183 4546
4184 4839
4185 4732
4186 4944
4187 4362
4188 3906
4189 4723
4190 4143
4191 4996
4192 4682
4193 4818
4194 4839
4195 4195
4196 4645
4197 3964
4198 4637
4199 3948 4143 4584 4734 4869 4918
4200 2906
4201 4726
4202 4739
4203 4572
4204 4929
4205 4435
4206 1336 3610 4145 4383 4738 4953
4207 4526
4208 4208
4209 4642
4210 3990
4211 4342
4212 4865
4213 4974
4214 4970
4215 4804
4216 4645
4217 4999
4218 4512
4219 4583
4220 4642
4221 2374
4222 3047 4171 4296 4620 4804 4903
4223 4983
4224 4531
4225 4620
4226 4739
4227 3558 3970 4554 4782
4228 4435
4229 4630
4230 4739
4231 4231
4232 4542
4233 4962
4234 4797
4235 4572
4236 2709 2742 3631 4608 4730 4901 4988
4237 4353
4238 4474
4239 4783
4240 4208
4241 4241
4242 4242
4243 4243
4244 4806
4245 4989
4246 4630
4247 3747
4248 4886
4249 4037
4250 4883
4251 4115
4252 4988
4253 4701
4254 2725 4592 4656 4704 4918 4962
4255 3576
4256 4654
4257 4991
4258 4839
4259 2395 3908 4349 4879 4989
4260 4994
4261 4119
4262 4988
4263 4982
4264 4704
4265 4970
4266 2153 3083 3555 3964 4944 4980
4267 4821
4268 4608
4269 3510
4270 4314
4271 4901
4272 4272
4273 4606
4274 4274
4275 4980
4276 2303 4371 4689 4759 4832 4926 4980
4277 4982
4278 4783
4279 3374
4280 4542
4281 4690
4282 4889
4283 4231
4284 4779
4285 4027
4286 4949
4287 4287
4288 4879
4289 4851
4290 4290
4291 4558
4292 4935
4293 4997
4294 4768
4295 4790
4296 4296
4297 4888
4298 4734
4299 4939
4300 4865
4301 4918
4302 4302
4303 4542
4304 4675
4305 4728
4306 4846
4307 4307
4308 4723
4309 4713
4310 4952
4311 4978
4312 4551
4313 4690
4314 4314
4315 2317 3462 4030 4592 4994 4999
4316 4383
4317 1356 2908
4318 4760
4319 4645
4320 4988
4321 4713
4322 4818
4323 4592
4324 4324
4325 4991
4326 3318 3341 3441 3515 4385 4810 4938
4327 4531
4328 3398 3558 4027 4287 4886 4949
4329 4608
4330 4572
4331 4983
4332 4945
4333 4977
4334 2126 4458 4464 4929
4335 4911
4336 3557 3666 3789 4112 4478 4783 4858 5000
4337 4577
4338 4899
4339 4645
4340 3193 3329 4143 4314 4551 4577 4962
4341 4546
4342 4342
4343 4977
4344 3968
4345 4988
4346 4609
4347 2293 3755 3945 4030 4112 4158 4675 4996
4348 4730
4349 4349
4350 4350
4351 4145 4643 4734 4806 4865 4877 4938
4352 167
4353 4353
4354 4422
4355 4994
4356 4818
4357 4963
4358 4572
4359 4350
4360 4883
4361 4804
4362 4362
4363 4935
4364 1665 3398 3906 4027 4506 4674
4365 4656
4366 4274
4367 1559 3208 3717 4130 4558 4561 4609 4966
4368 4739
4369 4790
4370 4818
4371 4371
4372 4982
4373 4373
4374 1473
4375 4690
4376 4877
4377 4558
4378 4641
4379 4620
4380 2593 3203 3516 3945 4130 4561
4381 4082
4382 4856
4383 4383
4384 4561
4385 4385
4386 4978
4387 4903
4388 4883
4389 4738
4390 4839
4391 4980
4392 4783
4393 4231
4394 4394
4395 5000
4396 4577
4397 4874
4398 4982
4399 4832
4400 3188 3641 4082 4608 4641 4656 4759
4401 4609
4402 4846
4403 4918
4404 4630
4405 4435
4406 4458
4407 4899
4408 4929
4409 4761
4410 4422
4411 4726
4412 4901
4413 4583
4414 4760
4415 4886
4416 4782
4417 4872
4418 4643
4419 4886
4420 4792
4421 4577
4422 4422
4423 4883
4424 4643
4425 4851
4426 4350
4427 4427
4428 4980
4429 4874
4430 4918
4431 3083 3759 3919 4208 4654 4669 4872
4432 4723
4433 2735 3175 3269 4385 4783 4818 4886
4434 4592
4435 4435
4436 4592
4437 4767
4438 4862
4439 4760
4440 4112
4441 4779
4442 4585
4443 4996
4444 4639
4445 3557 4307 4675 4723 4732 4792 4851
4446 4869
4447 4554
4448 4939
4449 4872
4450 4704
4451 3803 4526 4761 4865 4899 4994
4452 4950
4453 1469 2981 4427 4600 4682
4454 4600
4455 4385
4456 4478
4457 3906 4062 4096 4637 4879 4952
4458 4458
4459 4637
4460 4738
4461 4979
4462 4980
4463 4888
4464 4464
4465 4037
4466 4935
4467 4788
4468 4788
4469 4608
4470 4272
4471 4839
4472 4963
4473 4639
4474 4474
4475 4657
4476 4983
4477 4979
4478 4478
4479 4790
4480 4542
4481 4949
4482 4100
4483 4877
4484 4577
4485 4561
4486 4654
4487 2374 2697 4726 4734 4760 4856 4883
4488 4872
4489 4673
4490 4738
4491 4983
4492 4832
4493 4874
4494 4427
4495 4832
4496 4996
4497 4980
4498 4584
4499 4732
4500 4620
4501 4734
4502 4559
4503 4531
4504 4504
4505 4953
4506 4506
4507 4974
4508 4855
4509 3459 4583 4767 4832 4983 4994
4510 4989
4511 4962
4512 4512
4513 4759
4514 4974
4515 3858 4350 4760 4855 4982
4516 4554
4517 4385
4518 4806
4519 4938
4520 3747 4112 4584 4782 4788 4877
4521 4810
4522 4996
4523 4862
4524 4851
4525 4889
4526 4526
4527 4964
4528 3167 4620 4653 4713 4790 4821 4918
4529 4689
4530 4656
4531 4531
4532 4673
4533 4559 4856 4926 4935
4534 4554
4535 2788 4028 4704 4911
4536 4642
4537 4512
4538 4991
4539 4690
4540 1480 3193 3912 4302 4739 4977
4541 4674
4542 4542
4543 4964
4544 4862
4545 4572
4546 4546
4547 4608
4548 4759
4549 4851
4550 4820
4551 4551
4552 4997
4553 4385 4810 4820 4886
4554 4554
4555 4886
4556 4504
4557 4945
4558 4558
4559 4559
4560 4620
4561 4561
4562 4243
4563 4938
4564 3523 4037 4542 4561 4997
4565 4657
4566 4851
4567 3496
4568 4980
4569 2759
4570 1559 3937 4592 4673 4689 4713 4953 4996
4571 4874
4572 4572
4573 4970
4574 4994
4575 4779
4576 4964
4577 4577
4578 3341 3699 4171 4732 4779 4935
4579 4889
4580 4821
4581 3338 3717 4158 4531 4561
4582 4935
4583 4583
4584 4584
4585 4585
4586 4601
4587 4856
4588 3743 3789 4314 4642 4675 4911
4589 4883
4590 4877
4591 4963
4592 4592
4593 4980
4594 4241 4307 4314 4385 4856 4865
4595 3747 4554 4559 4642 4865 4991
4596 4654
4597 4952
4598 4682
4599 4997
4600 4600
4601 4601
4602 4903
4603 4856
4604 4997
4605 4818
4606 4606
4607 4820
4608 4608
4609 4609
4610 4839
4611 4734
4612 4158 4307 4572 4654 4728
4613 2587 4657 4734 4759 4891 4938 4944
4614 4935
4615 4953
4616 4982
4617 4883
4618 4994
4619 4797
4620 4620
4621 4872
4622 4891
4623 4952
4624 4792
4625 4559
4626 4855
4627 4970
4628 4851
4629 4966
4630 4630
4631 4963
4632 4643
4633 4918
4634 4324
4635 4899
4636 3047 4639 4645 4675 4855 4963 4966
4637 4637
4638 2077 2651 4713 4768 4879 4945
4639 4639
4640 5000
4641 4641
4642 4642
4643 4643
4644 4903
4645 4645
4646 4883
4647 4609
4648 4728
4649 167 3877 4181 4324 4559 4953
4650 4953
4651 4982
4652 4713
4653 4653
4654 4654
4655 4996
4656 4656
4657 4657
4658 4966
4659 2438 3203 4242 4654 4656 4761
4660 4888
4661 4991
4662 2735 2759 4115 4373 4435 4804 4997
4663 4996
4664 4963
4665 4938
4666 4726
4667 4886
4668 4846
4669 4669
4670 4788
4671 4980
4672 4806
4673 4673
4674 4674
4675 4675
4676 2552
4677 3189 4385 4583 4674 4806 4869 4939
4678 3559 3655 4561 4642 4818 4886 4938
4679 4350
4680 4855
4681 1559 3094 4181 4506 4669 4709 4768 4929
4682 4682
4683 4926
4684 4944
4685 4994
4686 4944
4687 4963
4688 4935
4689 4689
4690 4690
4691 4691
4692 4734
4693 2759 4307 4427 4504 4674 4935 4939
4694 4979
4695 4980
4696 4790
4697 4883
4698 4996
4699 3576 3655 4027 4912 4949 4989
4700 4918
4701 4701
4702 4901
4703 4818
4704 4704
4705 4918
4706 4988
4707 4879
4708 4759
4709 4709
4710 4953
4711 3589 4349 4542 4641 4869 4903 4945
4712 4608
4713 4713
4714 4730
4715 3912 4012 4027 4526 4637 4903 4982
4716 4716
4717 4839
4718 4994
4719 4911
4720 3065 4242 4349 4506 4732 4759
4721 4994
4722 4738
4723 4723
4724 3581 4037 4062 4274 4296 4637 4879
4725 4804
4726 4726
4727 4877
4728 4728
4729 4997
4730 4730
4731 3203 3496 3755 4195 4350 4912 4996
4732 4732
4733 1710 2759 3755 4701 4953
4734 4734
4735 3441 4274 4504 4585 4674 4901 4903 5000
4736 4806
4737 4723
4738 4738
4739 4739
4740 4999
4741 4886
4742 4879
4743 4761
4744 4980
4745 4818
4746 4806
4747 4820
4748 4675
4749 4983
4750 4732
4751 4950
4752 4810
4753 4978
4754 4953
4755 4999
4756 1164 4096 4559 4601 4701 4761 4935 4999
4757 4759
4758 4669
4759 4759
4760 4760
4761 4761
4762 4963
4763 2317 3013 4144 4872 4926 4944 4949
4764 3447 3641 3948 4709 4918 4983 4997
4765 2741 4713 4716 4728 4926 4978
4766 4858
4767 4767
4768 4768
4769 4966
4770 4768
4771 3462 4030 4371 4385 4949 4970 4999
4772 4991
4773 3094 4028 4119 4689 4761 4768 4818 4962
4774 2442 3496 4554 4790 4952 4974 4996
4775 4978
4776 1665 3906 4577 4609 4704 4734
4777 4950
4778 4929
4779 4779
4780 4929
4781 2539 3097 3183 3919 3948 4242 4886
4782 4782
4783 4783
4784 3970 4242 4609 4657 4788 4832 4997
4785 2651 3181 3188 4806 4846 4912 4977
4786 4797
4787 4952
4788 4788
4789 2993 4577 4723 4886 4970 4979
4790 4790
4791 4989
4792 4792
4793 4096 4287 4474 4669 4761 4768 4918
4794 4903
4795 3906 4030 4115 4620 4732 4839 4888 4994
4796 2807 3398 3989 4231 4673 4732 4883 4945
4797 4797
4798 3370 4353 4592 4653 4654 4656 4899
4799 4926
4800 3097 3581 3989 4478 4704 4818 4891
4801 4862
4802 2873 3085 3964 4349 4385 4637 4999 5000
4803 3394 3459 4143 4427 4738 4792 4949
4804 4804
4805 4983
4806 4806
4807 4953
4808 3970 4542 4783 4926 4953 4970
4809 4974
4810 4810
4811 4926
4812 4851
4813 2077 2688 3393 3858 4342 4350 4637 4653
4814 4883
4815 4788
4816 4970
4817 3167 3315 3559 4654 4675 4903 4982 4991
4818 4818
4819 3558 4324 4592 4630 4858 4888 4996
4820 4820
4821 4821
4822 4952
4823 4879
4824 4980
4825 2669 4037 4342 4504 4716 4818 4889 4939
4826 4846
4827 4944
4828 2709 4643 4669 4690 4821 4949 4977 4988
4829 2021 3183 3315 3968 4478 4554 4918
4830 4851
4831 4991
4832 4832
4833 4991
4834 4988
4835 4855
4836 4858
4837 4918
4838 4899
4839 4839
4840 4996
4841 4977
4842 4989
4843 4991
4844 3948 4231 4373 4608 4643 4675 4953
4845 4978
4846 4846
4847 3224 3589 3785 4506 4554 4630 4642 4782
4848 4877
4849 167 3993 4130 4891 4964 4974 4999
4850 4926
4851 4851
4852 4977
4853 4970
4854 4949
4855 4855
4856 4856
4857 4899
4858 4858
4859 4944
4860 4945
4861 4983
4862 4862
4863 4945
4864 4994
4865 4865
4866 4962
4867 4978
4868 4991
4869 4869
4870 4883
4871 3989 4274 4394 4682 4734 4945 4964 4970
4872 4872
4873 4999
4874 4874
4875 2443 2895 4030 4394 4559 4872 4886
4876 4872
4877 4877
4878 4953
4879 4879
4880 2303 3610 4037 4846 4872 4903 4918 4950
4881 4979
4882 3516 3559 4145 4296 4891 4901 4938 4966
4883 4883
4884 4966
4885 4989
4886 4886
4887 4888
4888 4888
4889 4889
4890 4287 4307 4584 4726 4949 4979
4891 4891
4892 2438 3065 3393 3877 3925 4037 4779 4912
4893 4945
4894 3275 3655 4171 4641 4874 4966 4974 5000
4895 3510 4112 4645 4739 4865 4970 4988
4896 4979
4897 4901
4898 4996
4899 4899
4900 4935
4901 4901
4902 2552 2742 4242 4385 4551 4716 4939
4903 4903
4904 4977
4905 4952
4906 4952
4907 4979
4908 4994
4909 4903
4910 4935
4911 4911
4912 4912
4913 2709 2759 3269 4144 4371 4851 4858 4929
4914 5000
4915 4037 4324 4760 4818 4820 4966 4982 4996
4916 3013 3294 3912 4427 4643 4704 4865 4979
4917 4918
4918 4918
4919 4918
4920 1710 4546 4592 4726 4779 4963 4964 4989
4921 3394 3666 3820 4738 4783 4988 4999
4922 2698 3094 4630 4779 4858 4903 4949 4952
4923 4953
4924 3761 3853 4373 4464 4585 4690 4966 4994
4925 4950
4926 4926
4927 3302 3906 4171 4810 4977 4997 5000
4928 4918
4929 4929
4930 4991
4931 1336 3094 3374 4037 4274 4872 4883 4980
4932 4979
4933 4963
4934 4989
4935 4935
4936 695 3726 4158 4645 4682 4701 4858
4937 2037 3130 3743 4290 4691 4862 4874
4938 4938
4939 4939
4940 3379 3759 4129 4422 4839 4938 4999
4941 4966
4942 4939
4943 2021 4641 4675 4732 4877 4926 4977 4983
4944 4944
4945 4945
4946 4983
4947 1473 3370 4082 4158 4371 4608 4804 4974
4948 2817 3381 3682 4037 4096 4558 4804 4865
4949 4949
4950 4950
4951 3188 3747 3794 3989 4458 4675 4739 4810
4952 4952
4953 4953
4954 4999
4955 3275 3374 3908 4066 4792 4874 4939 4983
4956 5000
4957 3631 4119 4592 4657 4701 4846 4862
4958 2993 4371 4526 4962 4966 4979 4980
4959 2062 3320 3374 4464 4966 4970 4988
4960 4996
4961 2587 3555 3908 3912 4143 4383 4422 4911
4962 4962
4963 4963
4964 4964
4965 5000
4966 4966
4967 3175 3631 3877 4324 4558 4877 4879 4983
4968 4991
4969 2698 4474 4654 4738 4862 4962 4997
4970 4970
4971 2906 3747 3964 4037 4767 4912 4950 4962
4972 3224 3747 4583 4656 4691 4716 4851 4869
4973 4474 4675 4788 4792 4832 4874 4970 4988
4974 4974
4975 5000
4976 4982
4977 4977
4978 4978
4979 4979
4980 4980
4981 3065 3329 4350 4362 4542 4653 4912 4996
4982 4982
4983 4983
4984 4999
4985 3224 3376 4034 4768 4846 4979 4980 4982
4986 4997
4987 4988
4988 4988
4989 4989
4990 2918 3398 4630 4779 4839 4964 4970 4982
4991 4991
4992 2854 3559 4608 4620 4709 4883 4899
4993 4999
4994 4994
4995 1700 2780 2987 4342 4585 4675 4820 4996
4996 4996
4997 4997
4998 2395 4349 4572 4713 4856 4879 4977 4978
4999 4999
5000 5000
