1	15 
2	21 
3	104 
4	58 
5	61 
6	27 41 77 
7	118 
8	69 
9	30 
10	110 
11	73 
12	8 
13	101 
14	84 
15	98 
16	53 
17	31 
18	56 
19	3 
20	50 
21	113 
22	19 
23	44 
24	35 
25	121 
26	80 
27	16 
28	13 
29	84 
30	25 
31	26 
32	1 
33	55 
34	10 
35	48 
36	27 
37	113 
38	85 
39	41 
40	49 
41	16 
42	79 
43	28 
44	84 
45	19 
46	103 
47	8 
48	8 
49	53 
50	61 
51	98 
52	106 
53	56 
54	36 
55	38 
56	13 
57	87 
58	85 
59	79 
60	117 
61	29 
62	17 50 122 
63	90 
64	16 
65	68 
66	100 
67	114 
68	50 92 122 
69	3 
70	53 
71	58 59 121 
72	50 
73	53 
74	92 
75	67 
76	110 
77	49 
78	5 53 85 
79	79 
80	123 
81	67 
82	55 
83	34 
84	45 88 91 
85	34 
86	72 
87	104 
88	84 
89	103 
90	57 
91	85 
92	22 
93	56 
94	124 
95	36 
96	70 77 91 
97	4 
98	70 
99	53 
100	47 
101	46 
102	45 
103	88 
104	62 
105	86 
106	11 
107	63 
108	49 
109	107 
110	71 
111	69 
112	46 
113	11 
114	64 
115	30 
116	117 
117	11 55 81 
118	4 107 121 
119	69 
120	114 
121	121 
122	90 
123	59 
124	17 
125	66 
126	14 
127	84 
128	10 
129	83 
130	115 
131	2 
132	64 
133	108 
134	55 
135	61 
136	116 
137	78 
138	84 
139	30 
140	74 
141	56 
142	51 
143	50 
144	83 
145	13 38 89 
146	66 
147	17 
148	41 
149	34 
150	15 
151	98 
152	121 
153	85 
154	9 
155	67 
156	53 69 85 
157	56 
158	34 
159	21 110 118 
160	76 
161	44 
162	66 
163	64 
164	41 
165	20 
166	63 
167	23 39 79 
168	121 
169	57 
170	53 
171	61 
172	64 
173	85 
174	34 
175	103 
176	5 
177	48 
178	69 
179	48 
180	43 47 102 
181	101 
182	46 
183	45 
184	121 
185	58 
186	29 
187	49 56 76 
188	15 
189	61 
190	41 
191	83 
192	2 
193	6 
194	83 
195	5 
196	34 
197	45 
198	92 
199	58 60 108 
200	65 107 112 
201	45 
202	65 
203	30 
204	115 
205	36 
206	110 
207	118 
208	55 112 115 
209	93 
210	78 
211	34 44 110 
212	124 
213	8 
214	15 
215	55 
216	75 
217	21 
218	37 
219	53 60 118 
220	72 
221	121 
222	85 
223	79 
224	100 
225	43 
226	90 
227	66 
228	115 
229	118 
230	84 
231	8 
232	31 45 79 
233	118 
234	57 
235	6 
236	98 
237	82 
238	53 
239	122 
240	83 
241	73 
242	49 
243	88 
244	15 
245	15 
246	92 
247	44 
248	2 
249	83 
250	5 
251	56 
252	117 
253	103 
254	83 
255	14 
256	15 
257	116 
258	74 
259	26 
260	102 
261	84 
262	99 
263	17 
264	119 
265	9 57 86 
266	105 
267	107 
268	58 
269	15 
270	26 88 113 
271	27 63 66 
272	10 
273	24 53 119 
274	71 
275	115 
276	34 
277	41 
278	122 
279	31 72 92 
280	85 
281	103 
282	83 
283	49 50 58 
284	19 82 113 
285	80 
286	79 88 91 
287	72 
288	79 
289	123 
290	80 
291	17 
292	80 
293	26 
294	41 
295	61 
296	72 
297	59 
298	87 
299	103 
300	49 
301	6 
302	15 
303	34 
304	83 
305	50 
306	60 
307	15 23 81 
308	67 
309	13 
310	61 
311	107 
312	76 
313	63 
314	28 
315	100 
316	110 
317	123 
318	51 
319	44 
320	34 
321	92 
322	120 
323	45 61 63 
324	46 
325	43 
326	74 
327	111 
328	21 
329	11 
330	65 
331	46 
332	115 
333	13 
334	13 
335	66 
336	34 
337	47 51 58 
338	58 
339	46 
340	45 
341	31 
342	14 43 58 
343	2 60 67 
344	39 
345	117 
346	46 
347	66 
348	11 
349	5 
350	48 
351	121 
352	50 
353	66 
354	5 47 55 
355	46 
356	45 
357	120 
358	124 
359	58 
360	71 
361	28 
362	14 
363	84 
364	110 
365	84 
366	32 
367	22 
368	75 103 114 
369	115 
370	18 
371	116 
372	32 85 94 
373	34 
374	87 
375	60 
376	15 
377	4 56 66 
378	90 
379	75 
380	63 
381	28 
382	40 
383	74 
384	12 17 96 
385	43 
386	112 
387	22 
388	7 
389	81 
390	115 
391	68 
392	57 
393	15 
394	44 
395	3 
396	15 
397	74 
398	85 107 109 
399	50 
400	88 
401	21 
402	85 
403	31 
404	106 
405	47 
406	7 
407	64 
408	69 
409	17 
410	31 
411	47 63 103 
412	84 
413	107 
414	55 
415	8 
416	82 
417	60 
418	115 
419	11 80 108 
420	122 
421	22 
422	32 49 78 
423	98 
424	34 
425	82 
426	119 
427	21 
428	50 
429	40 
430	83 
431	71 107 110 
432	122 
433	57 
434	72 
435	53 
436	53 
437	102 
438	13 
439	64 
440	97 
441	33 
442	55 
443	49 
444	56 
445	1 33 34 
446	91 
447	46 
448	85 
449	17 
450	21 57 102 
451	107 
452	5 
453	110 
454	84 
455	112 
456	20 
457	58 
458	31 
459	7 
460	52 
461	38 
462	116 
463	15 
464	56 
465	41 
466	22 
467	84 
468	97 
469	18 
470	74 
471	115 
472	53 
473	93 
474	8 
475	65 
476	31 
477	117 
478	93 
479	30 
480	85 
481	25 
482	13 
483	42 
484	45 
485	18 58 115 
486	118 
487	88 
488	85 
489	97 
490	91 
491	60 
492	78 
493	117 
494	82 
495	29 
496	23 
497	5 
498	13 68 107 
499	41 
500	14 
501	73 
502	56 
503	38 46 102 
504	30 
505	44 
506	21 
507	21 
508	117 
509	107 
510	58 
511	23 55 74 
512	45 
513	51 
514	31 
515	5 
516	84 
517	45 
518	30 
519	31 
520	98 
521	5 
522	56 89 90 
523	117 
524	73 
525	21 
526	111 
527	2 
528	111 
529	14 
530	1 28 78 
531	53 
532	53 
533	64 
534	60 
535	66 
536	9 61 79 
537	104 
538	9 
539	58 
540	21 
541	80 
542	84 
543	19 77 118 
544	32 
545	32 103 122 
546	7 
547	18 
548	117 
549	14 
550	69 
551	121 
552	116 
553	121 
554	17 
555	118 
556	35 
557	28 39 77 
558	37 
559	122 
560	19 
561	91 
562	93 
563	34 
564	19 
565	63 
566	104 
567	56 
568	16 
569	45 
570	18 
571	106 
572	35 
573	21 95 109 
574	2 
575	21 
576	17 
577	110 
578	19 58 81 
579	103 
580	38 45 82 
581	22 
582	50 
583	4 
584	64 
585	61 
586	108 
587	24 58 112 
588	14 
589	85 
590	15 64 76 
591	49 
592	117 
593	60 
594	30 88 115 
595	81 
596	115 
597	38 
598	123 
599	56 
600	67 
601	118 
602	23 55 86 
603	72 
604	53 
605	84 
606	32 
607	40 
608	10 
609	9 
610	9 
611	30 
612	63 
613	11 
614	67 85 112 
615	121 
616	71 
617	25 
618	5 
619	64 
620	56 
621	56 
622	53 
623	56 
624	23 34 46 
625	13 
626	84 
627	82 
628	109 
629	82 
630	20 
631	84 
632	91 
633	122 
634	3 
635	79 
636	59 
637	107 
638	45 
639	13 63 76 
640	21 
641	26 67 121 
642	121 
643	71 
644	112 
645	105 
646	64 
647	69 
648	115 
649	83 
650	36 
651	64 
652	55 
653	5 
654	78 
655	26 
656	10 18 46 
657	107 
658	69 
659	85 
660	31 
661	18 
662	107 
663	52 
664	90 
665	112 
666	14 20 31 
667	87 
668	94 
669	13 32 55 
670	118 
671	111 
672	51 
673	56 
674	23 28 121 
675	30 
676	106 
677	7 
678	55 
679	38 44 58 
680	115 
681	27 
682	19 
683	19 
684	88 
685	71 105 122 
686	38 59 85 
687	121 
688	32 
689	44 71 99 
690	59 
691	53 82 88 
692	103 
693	29 
694	105 
695	112 
696	79 
697	2 
698	38 
699	41 
700	85 
701	106 
702	33 
703	50 
704	18 
705	2 
706	40 
707	7 
708	17 55 78 
709	41 
710	36 
711	110 
712	4 
713	11 
714	21 46 55 
715	86 
716	104 
717	34 
718	53 
719	100 
720	68 
721	81 
722	71 
723	87 
724	119 
725	95 
726	45 
727	9 
728	32 
729	88 
730	7 
731	112 
732	93 
733	68 
734	56 
735	115 
736	49 63 93 
737	85 
738	123 
739	41 
740	35 39 85 
741	85 
742	90 
743	14 
744	53 
745	46 115 116 
746	87 
747	71 
748	2 
749	11 
750	66 
751	90 
752	15 
753	34 96 108 
754	42 
755	64 
756	33 
757	34 41 53 
758	7 45 61 
759	120 
760	26 
761	58 
762	74 
763	55 
764	46 
765	11 
766	72 
767	73 
768	11 
769	117 
770	5 80 123 
771	13 
772	124 
773	123 
774	49 
775	16 
776	88 
777	56 
778	80 
779	56 
780	80 
781	60 
782	83 
783	20 
784	64 
785	85 
786	50 
787	86 
788	13 
789	60 
790	30 
791	47 
792	33 
793	118 
794	41 
795	49 
796	19 
797	103 
798	6 
799	109 
800	46 
801	57 105 109 
802	57 
803	14 
804	71 
805	15 
806	1 
807	51 
808	59 
809	48 
810	110 
811	30 
812	57 
813	41 
814	90 
815	65 
816	97 
817	97 
818	45 
819	13 
820	75 101 107 
821	83 
822	60 
823	46 
824	38 59 118 
825	17 
826	98 
827	17 
828	77 
829	121 
830	50 
831	109 
832	13 27 92 
833	58 
834	25 
835	83 
836	118 
837	74 
838	75 
839	43 
840	80 
841	19 
842	13 
843	78 
844	121 
845	33 
846	115 
847	2 
848	108 
849	45 107 112 
850	106 
851	124 
852	54 
853	71 
854	53 
855	5 
856	28 
857	121 
858	46 
859	39 
860	41 
861	23 
862	64 
863	72 74 102 
864	19 53 71 
865	75 
866	123 
867	4 85 120 
868	87 
869	39 
870	29 
871	11 
872	113 
873	121 
874	111 
875	67 106 121 
876	62 
877	71 
878	54 91 107 
879	1 
880	102 
881	2 15 90 
882	56 
883	118 
884	6 115 121 
885	37 
886	33 
887	16 71 95 
888	37 
889	106 
890	75 
891	17 
892	85 
893	83 
894	56 
895	118 
896	34 
897	101 
898	2 
899	82 
900	14 
901	54 
902	48 
903	6 
904	30 
905	44 
906	60 
907	72 
908	74 
909	40 
910	107 
911	30 45 68 
912	116 
913	124 
914	112 
915	13 115 117 
916	70 
917	47 
918	18 
919	34 
920	66 
921	118 
922	53 
923	33 
924	71 
925	4 
926	81 
927	107 
928	95 
929	117 
930	1 
931	114 
932	72 
933	58 
934	31 
935	9 
936	45 
937	19 
938	124 
939	123 
940	16 
941	6 
942	82 
943	97 
944	76 
945	25 
946	86 
947	13 
948	17 
949	45 
950	58 59 89 
951	85 
952	61 
953	43 
954	29 
955	30 
956	77 
957	76 
958	80 
959	53 90 113 
960	48 
961	75 
962	115 
963	104 
964	56 
965	32 
966	122 
967	59 82 83 
968	36 
969	3 
970	2 
971	7 
972	44 
973	18 
974	110 
975	6 
976	97 
977	77 
978	102 
979	74 
980	23 
981	80 
982	14 80 115 
983	80 
984	21 
985	38 
986	21 
987	115 
988	88 
989	115 
990	34 
991	122 
992	19 33 74 
993	33 98 103 
994	55 
995	42 
996	111 
997	31 42 94 
998	51 
999	19 66 117 
1000	92 
1001	38 56 63 
1002	115 
1003	78 
1004	42 
1005	55 
1006	35 
1007	20 
1008	30 
1009	36 
1010	63 
1011	31 
1012	95 
1013	83 
1014	54 
1015	49 
1016	49 
1017	72 
1018	69 
1019	51 
1020	107 
1021	13 
1022	8 
1023	16 
1024	92 
1025	66 
1026	23 
1027	71 
1028	60 
1029	11 
1030	83 
1031	4 
1032	52 
1033	54 
1034	43 
1035	123 
1036	105 
1037	102 
1038	6 40 69 
1039	18 
1040	121 
1041	2 31 114 
1042	80 
1043	121 
1044	24 
1045	64 
1046	72 
1047	30 
1048	55 
1049	104 
1050	18 
1051	26 61 121 
1052	35 
1053	13 95 121 
1054	121 
1055	17 
1056	65 
1057	102 
1058	3 
1059	10 
1060	64 
1061	78 85 100 
1062	10 
1063	10 
1064	33 
1065	11 
1066	14 
1067	56 61 104 
1068	13 
1069	90 
1070	95 103 119 
1071	44 
1072	15 
1073	8 
1074	72 
1075	71 
1076	18 
1077	72 
1078	21 
1079	30 57 69 
1080	16 
1081	13 97 110 
1082	3 
1083	104 
1084	50 
1085	74 
1086	25 
1087	61 
1088	116 
1089	39 49 78 
1090	88 
1091	50 
1092	50 
1093	17 
1094	89 
1095	9 
1096	31 
1097	25 
1098	80 
1099	89 
1100	23 
1101	21 60 71 
1102	66 
1103	112 
1104	102 
1105	115 
1106	13 
1107	123 
1108	31 
1109	41 
1110	91 
1111	5 
1112	23 
1113	55 
1114	60 
1115	15 
1116	16 
1117	115 
1118	80 
1119	20 
1120	21 
1121	37 
1122	82 97 118 
1123	66 
1124	51 53 79 
1125	31 
1126	92 
1127	102 
1128	22 
1129	114 
1130	36 
1131	68 
1132	80 
1133	50 71 92 
1134	3 
1135	53 
1136	85 
1137	31 49 57 
1138	73 
1139	46 
1140	38 
1141	52 61 72 
1142	85 
1143	107 
1144	88 
1145	119 
1146	19 
1147	92 
1148	43 49 100 
1149	43 
1150	96 
1151	60 
1152	38 53 61 
1153	28 
1154	77 
1155	71 
1156	90 
1157	124 
1158	21 
1159	57 
1160	66 
1161	27 
1162	116 
1163	29 
1164	84 
1165	70 
1166	15 
1167	14 
1168	61 
1169	80 
1170	59 
1171	67 
1172	84 
1173	96 
1174	84 
1175	21 
1176	69 80 107 
1177	123 
1178	16 
1179	12 
1180	74 
1181	110 
1182	64 
1183	66 
1184	113 
1185	44 
1186	14 
1187	13 
1188	84 
1189	121 
1190	34 
1191	34 
1192	13 
1193	6 
1194	49 
1195	89 
1196	18 
1197	108 
1198	59 
1199	56 
1200	116 
1201	69 
1202	18 
1203	59 
1204	96 
1205	93 
1206	104 
1207	21 
1208	34 
1209	5 
1210	93 
1211	9 
1212	46 
1213	30 
1214	71 
1215	14 80 84 
1216	124 
1217	25 
1218	42 
1219	23 
1220	124 
1221	12 
1222	57 
1223	19 
1224	66 
1225	59 
1226	43 
1227	50 
1228	80 
1229	85 
1230	50 
1231	115 
1232	77 
1233	89 
1234	66 
1235	19 35 52 
1236	82 
1237	88 
1238	61 
1239	112 
1240	50 59 85 
1241	103 
1242	27 
1243	91 
1244	59 
1245	19 
1246	61 
1247	59 
1248	52 
1249	80 
1250	80 
1251	5 
1252	80 
1253	47 94 121 
1254	46 
1255	115 
1256	21 69 82 
1257	98 
1258	21 
1259	21 
1260	51 
1261	107 
1262	53 
1263	30 64 112 
1264	16 105 121 
1265	114 
1266	115 
1267	29 
1268	37 
1269	30 
1270	16 53 110 
1271	118 
1272	92 
1273	116 
1274	3 
1275	2 34 95 
1276	21 
1277	48 53 58 
1278	19 
1279	117 
1280	55 
1281	101 
1282	34 
1283	82 
1284	42 
1285	81 
1286	13 
1287	16 
1288	6 
1289	117 
1290	56 
1291	110 
1292	9 60 81 
1293	102 
1294	15 
1295	99 
1296	13 21 38 
1297	19 
1298	117 
1299	4 
1300	18 
1301	104 
1302	56 
1303	1 
1304	31 
1305	86 
1306	14 
1307	57 
1308	58 
1309	67 76 110 
1310	114 
1311	45 
1312	110 
1313	108 
1314	102 
1315	47 60 110 
1316	67 
1317	57 
1318	121 
1319	123 
1320	116 
1321	116 
1322	45 77 108 
1323	48 
1324	103 
1325	114 
1326	31 
1327	46 
1328	104 
1329	56 
1330	109 
1331	5 61 104 
1332	121 
1333	99 
1334	82 
1335	9 
1336	6 
1337	88 
1338	5 
1339	116 
1340	59 
1341	71 
1342	21 34 81 
1343	111 
1344	112 
1345	15 
1346	110 
1347	80 
1348	45 
1349	84 
1350	82 
1351	110 
1352	99 
1353	23 
1354	11 
1355	49 
1356	19 
1357	53 
1358	13 
1359	35 70 88 
1360	121 
1361	93 
1362	15 
1363	30 
1364	95 
1365	3 
1366	64 
1367	32 
1368	104 
1369	5 45 72 
1370	10 
1371	88 
1372	15 
1373	62 
1374	95 
1375	118 
1376	50 
1377	15 
1378	31 
1379	69 
1380	38 
1381	119 
1382	121 
1383	15 39 88 
1384	118 
1385	35 
1386	16 
1387	45 
1388	124 
1389	56 
1390	56 60 123 
1391	38 
1392	52 
1393	71 
1394	48 
1395	114 
1396	116 
1397	80 
1398	121 
1399	62 
1400	73 
1401	48 
1402	15 
1403	117 
1404	96 
1405	9 
1406	79 
1407	8 
1408	44 
1409	34 
1410	79 
1411	54 
1412	98 
1413	82 
1414	118 
1415	55 
1416	44 
1417	108 
1418	89 
1419	2 61 104 
1420	72 
1421	53 
1422	31 
1423	105 
1424	57 
1425	15 
1426	40 76 84 
1427	45 
1428	31 
1429	74 
1430	37 
1431	110 
1432	5 
1433	115 
1434	107 
1435	53 
1436	54 
1437	106 
1438	43 
1439	4 87 119 
1440	67 
1441	17 
1442	43 
1443	20 
1444	90 
1445	109 
1446	121 
1447	17 
1448	55 
1449	46 
1450	1 
1451	67 93 123 
1452	104 
1453	1 18 19 
1454	81 
1455	49 
1456	61 
1457	122 
1458	91 
1459	82 
1460	85 
1461	61 
1462	84 
1463	84 
1464	76 80 106 
1465	14 
1466	30 44 64 
1467	13 
1468	30 
1469	17 32 45 
1470	67 
1471	15 
1472	67 
1473	24 
1474	21 91 112 
1475	77 
1476	63 
1477	110 
1478	60 
1479	43 
1480	31 
1481	16 
1482	44 
1483	103 
1484	45 
1485	54 
1486	7 121 124 
1487	15 
1488	90 
1489	89 
1490	30 80 84 
1491	15 
1492	52 
1493	31 
1494	17 
1495	19 
1496	54 
1497	118 
1498	82 
1499	18 
1500	41 
1501	5 
1502	17 
1503	97 
1504	17 
1505	43 
1506	95 
1507	11 
1508	76 
1509	44 
1510	53 
1511	84 
1512	7 
1513	21 
1514	58 
1515	118 
1516	72 
1517	46 
1518	64 
1519	56 
1520	30 
1521	13 18 58 
1522	106 
1523	85 106 117 
1524	6 
1525	105 
1526	102 
1527	78 
1528	103 
1529	10 
1530	80 
1531	34 
1532	46 
1533	50 76 80 
1534	12 
1535	60 
1536	84 
1537	112 
1538	33 
1539	115 
1540	19 
1541	122 
1542	77 79 113 
1543	99 
1544	40 59 108 
1545	16 
1546	96 
1547	122 
1548	108 
1549	93 
1550	59 
1551	66 
1552	117 
1553	13 
1554	46 
1555	32 
1556	93 
1557	112 
1558	71 
1559	56 
1560	121 
1561	97 
1562	84 
1563	116 
1564	123 
1565	8 
1566	50 
1567	85 
1568	34 
1569	33 
1570	33 
1571	89 
1572	104 
1573	100 
1574	90 
1575	123 
1576	104 
1577	121 
1578	120 
1579	69 
1580	17 
1581	50 
1582	50 
1583	108 
1584	103 
1585	45 
1586	84 
1587	15 
1588	118 
1589	90 
1590	72 
1591	94 
1592	86 
1593	59 
1594	17 
1595	115 
1596	109 
1597	66 
1598	85 
1599	85 
1600	82 
1601	119 
1602	19 
1603	67 
1604	75 
1605	49 
1606	45 88 96 
1607	29 
1608	63 
1609	121 
1610	80 
1611	30 
1612	12 
1613	58 
1614	76 
1615	119 
1616	10 
1617	63 
1618	58 
1619	92 
1620	86 
1621	80 
1622	24 
1623	71 
1624	21 87 92 
1625	60 
1626	71 
1627	18 22 122 
1628	20 
1629	55 
1630	12 
1631	112 
1632	36 
1633	111 
1634	30 46 63 
1635	38 
1636	91 
1637	56 
1638	100 
1639	74 
1640	8 12 31 
1641	15 
1642	121 
1643	31 
1644	70 
1645	118 
1646	32 
1647	112 
1648	45 
1649	51 
1650	97 
1651	90 
1652	76 
1653	84 
1654	113 
1655	63 
1656	90 
1657	13 51 99 
1658	88 
1659	38 60 77 
1660	115 
1661	65 
1662	75 
1663	55 
1664	58 
1665	55 
1666	112 
1667	7 40 75 
1668	111 
1669	5 
1670	85 
1671	110 
1672	30 68 75 
1673	6 
1674	18 
1675	16 
1676	15 
1677	118 
1678	43 
1679	55 
1680	66 
1681	71 
1682	5 
1683	85 
1684	10 43 66 
1685	86 
1686	66 
1687	26 
1688	85 
1689	1 
1690	59 
1691	36 
1692	102 
1693	85 
1694	88 
1695	105 
1696	28 
1697	22 28 103 
1698	106 
1699	102 
1700	85 
1701	98 
1702	30 
1703	19 
1704	10 
1705	115 
1706	122 
1707	84 
1708	86 
1709	31 45 90 
1710	98 
1711	103 
1712	19 
1713	35 
1714	117 
1715	19 
1716	16 
1717	41 
1718	28 
1719	103 
1720	77 
1721	21 
1722	14 
1723	61 73 112 
1724	66 
1725	20 31 89 
1726	1 
1727	45 
1728	19 
1729	16 
1730	80 
1731	46 
1732	8 
1733	38 
1734	101 
1735	107 
1736	21 
1737	41 
1738	54 
1739	92 
1740	5 
1741	109 
1742	80 
1743	11 
1744	107 
1745	92 
1746	19 
1747	56 
1748	59 
1749	50 
1750	31 
1751	46 
1752	41 85 117 
1753	71 
1754	30 
1755	100 
1756	20 
1757	98 
1758	50 
1759	21 
1760	25 
1761	16 
1762	120 
1763	72 
1764	28 72 86 
1765	108 
1766	46 
1767	26 
1768	25 
1769	53 
1770	36 38 123 
1771	86 
1772	62 
1773	60 
1774	53 101 116 
1775	96 
1776	34 
1777	21 
1778	82 
1779	86 
1780	1 
1781	88 
1782	67 
1783	84 
1784	123 
1785	110 
1786	50 
1787	50 
1788	31 32 73 
1789	55 
1790	6 14 27 
1791	19 
1792	42 
1793	41 
1794	78 
1795	44 
1796	83 
1797	68 
1798	45 
1799	30 
1800	30 
1801	84 
1802	7 
1803	46 
1804	110 
1805	28 
1806	38 
1807	32 
1808	89 
1809	45 
1810	7 
1811	22 41 95 
1812	5 
1813	45 
1814	107 
1815	6 54 62 
1816	104 
1817	85 
1818	53 63 110 
1819	107 
1820	7 
1821	1 
1822	5 
1823	106 
1824	109 
1825	36 
1826	5 
1827	15 
1828	80 
1829	91 
1830	8 
1831	66 
1832	96 
1833	23 
1834	31 
1835	73 
1836	74 
1837	17 
1838	41 
1839	105 
1840	118 
1841	107 
1842	102 
1843	79 
1844	62 89 124 
1845	116 
1846	43 
1847	19 
1848	61 
1849	15 
1850	19 
1851	60 
1852	106 
1853	117 
1854	122 
1855	15 
1856	56 
1857	75 
1858	49 
1859	15 
1860	15 
1861	45 
1862	11 15 38 
1863	37 
1864	23 59 118 
1865	76 
1866	16 
1867	106 
1868	51 
1869	79 
1870	52 
1871	17 
1872	115 
1873	23 
1874	22 
1875	3 71 83 
1876	66 
1877	13 
1878	56 
1879	84 
1880	14 
1881	6 
1882	14 72 112 
1883	121 
1884	63 
1885	31 
1886	66 
1887	21 
1888	10 
1889	17 
1890	63 
1891	89 
1892	53 
1893	11 
1894	19 
1895	53 
1896	5 
1897	122 
1898	14 
1899	19 
1900	91 
1901	47 
1902	49 
1903	56 
1904	67 
1905	60 
1906	7 
1907	60 
1908	53 
1909	41 83 105 
1910	49 
1911	19 30 55 
1912	47 
1913	66 
1914	2 
1915	73 
1916	39 
1917	95 
1918	59 
1919	6 
1920	22 40 55 
1921	114 
1922	53 
1923	102 
1924	50 
1925	14 
1926	122 
1927	32 
1928	106 
1929	26 
1930	49 
1931	72 98 116 
1932	111 
1933	2 84 115 
1934	112 
1935	68 
1936	14 
1937	68 
1938	43 
1939	18 
1940	64 
1941	92 
1942	7 
1943	42 
1944	94 
1945	66 
1946	115 
1947	57 
1948	83 
1949	61 
1950	34 
1951	58 
1952	45 
1953	28 
1954	21 
1955	43 
1956	7 
1957	33 
1958	50 
1959	102 
1960	10 
1961	56 
1962	9 
1963	26 
1964	63 
1965	34 
1966	114 
1967	43 
1968	19 
1969	4 
1970	12 
1971	45 
1972	97 
1973	43 
1974	21 
1975	89 
1976	59 
1977	50 
1978	43 
1979	81 
1980	52 54 90 
1981	5 
1982	79 
1983	17 34 120 
1984	38 
1985	61 
1986	118 
1987	69 
1988	102 
1989	6 33 76 
1990	60 
1991	41 
1992	66 
1993	122 
1994	25 
1995	85 
1996	65 
1997	85 
1998	25 
1999	5 
2000	74 81 84 
2001	30 
2002	39 
2003	53 
2004	12 
2005	32 
2006	34 
2007	24 80 96 
2008	8 110 121 
2009	1 
2010	52 
2011	11 
2012	111 
2013	101 
2014	122 
2015	13 
2016	56 
2017	79 
2018	64 
2019	101 
2020	38 
2021	4 33 88 
2022	116 
2023	46 
2024	54 
2025	30 69 110 
2026	77 
2027	87 
2028	93 
2029	16 
2030	81 
2031	12 
2032	89 
2033	19 
2034	54 
2035	17 
2036	34 80 121 
2037	118 
2038	113 
2039	11 
2040	6 
2041	20 
2042	48 
2043	65 
2044	16 101 117 
2045	121 
2046	1 
2047	104 
2048	19 
2049	103 
2050	117 
2051	52 
2052	35 
2053	105 
2054	9 
2055	72 
2056	19 
2057	109 
2058	6 
2059	87 
2060	85 
2061	57 
2062	31 
2063	115 
2064	31 
2065	66 
2066	54 
2067	33 
2068	95 
2069	8 
2070	112 
2071	90 
2072	32 
2073	79 
2074	55 
2075	89 
2076	8 
2077	14 
2078	118 
2079	43 
2080	41 
2081	17 
2082	112 
2083	56 
2084	60 
2085	19 
2086	14 
2087	88 
2088	35 
2089	80 
2090	104 
2091	67 
2092	55 
2093	106 
2094	41 
2095	15 
2096	43 
2097	81 
2098	66 
2099	62 
2100	2 
2101	71 
2102	122 
2103	46 
2104	110 
2105	18 
2106	60 
2107	97 
2108	76 85 98 
2109	19 
2110	46 
2111	101 
2112	59 
2113	24 
2114	30 
2115	24 
2116	93 
2117	83 
2118	41 
2119	72 
2120	20 
2121	60 
2122	83 
2123	56 
2124	38 
2125	72 
2126	116 
2127	107 
2128	62 65 69 
2129	45 
2130	78 
2131	17 
2132	3 
2133	10 
2134	89 
2135	43 
2136	107 
2137	30 
2138	110 
2139	82 
2140	107 
2141	43 
2142	61 71 124 
2143	93 
2144	55 
2145	112 
2146	114 
2147	30 
2148	11 
2149	73 
2150	40 69 75 
2151	30 
2152	44 
2153	13 
2154	57 
2155	117 
2156	101 
2157	35 
2158	100 
2159	45 
2160	93 
2161	2 
2162	53 
2163	6 
2164	105 
2165	103 
2166	30 58 66 
2167	120 
2168	65 
2169	95 
2170	118 
2171	41 
2172	61 
2173	8 
2174	118 
2175	48 
2176	62 
2177	98 
2178	98 
2179	63 
2180	38 
2181	101 
2182	89 
2183	112 
2184	120 
2185	26 
2186	90 
2187	82 
2188	38 45 58 
2189	110 
2190	14 67 71 
2191	55 
2192	113 
2193	13 
2194	55 
2195	51 
2196	3 54 89 
2197	85 
2198	53 
2199	7 
2200	22 
2201	38 
2202	4 
2203	106 
2204	43 
2205	80 
2206	8 16 66 
2207	57 
2208	105 
2209	3 
2210	83 
2211	103 
2212	112 
2213	60 
2214	105 
2215	12 42 105 
2216	99 
2217	85 
2218	80 
2219	15 
2220	5 
2221	39 
2222	76 
2223	56 
2224	85 
2225	115 
2226	11 
2227	31 
2228	124 
2229	66 
2230	24 
2231	118 
2232	114 
2233	61 
2234	50 
2235	38 
2236	81 
2237	82 
2238	114 
2239	7 
2240	91 
2241	5 
2242	90 
2243	98 
2244	113 
2245	101 
2246	30 
2247	19 
2248	20 
2249	83 
2250	49 
2251	90 
2252	30 58 112 
2253	26 
2254	101 
2255	21 41 105 
2256	80 
2257	49 
2258	59 
2259	75 
2260	71 
2261	93 
2262	12 
2263	45 
2264	16 
2265	115 
2266	100 
2267	15 
2268	41 45 55 
2269	71 81 101 
2270	28 
2271	45 
2272	64 
2273	120 
2274	108 
2275	37 
2276	34 
2277	47 
2278	122 
2279	58 
2280	56 
2281	59 
2282	46 
2283	100 
2284	98 
2285	17 
2286	15 
2287	85 
2288	79 
2289	71 
2290	116 
2291	36 
2292	115 
2293	82 
2294	11 
2295	80 
2296	38 
2297	14 66 107 
2298	108 
2299	10 
2300	32 
2301	31 106 117 
2302	68 
2303	47 
2304	124 
2305	33 
2306	11 52 103 
2307	106 
2308	122 
2309	42 
2310	110 
2311	44 
2312	20 
2313	19 
2314	61 
2315	17 
2316	36 
2317	69 
2318	71 
2319	76 
2320	97 
2321	7 
2322	14 
2323	15 
2324	49 
2325	107 
2326	37 
2327	13 
2328	75 108 110 
2329	107 
2330	49 
2331	21 
2332	83 
2333	25 
2334	5 
2335	15 
2336	17 
2337	6 14 93 
2338	53 
2339	11 
2340	56 
2341	107 
2342	18 
2343	38 75 81 
2344	95 
2345	30 
2346	85 
2347	18 
2348	45 
2349	61 
2350	39 
2351	120 
2352	30 
2353	64 
2354	54 
2355	72 
2356	19 34 84 
2357	14 
2358	1 
2359	45 
2360	110 
2361	30 57 83 
2362	38 
2363	35 
2364	96 
2365	11 
2366	31 
2367	5 
2368	60 
2369	84 
2370	112 
2371	66 
2372	2 5 69 
2373	43 
2374	45 
2375	36 
2376	30 
2377	28 62 72 
2378	14 
2379	31 
2380	14 
2381	3 
2382	5 41 110 
2383	32 
2384	107 
2385	111 
2386	46 
2387	14 64 93 
2388	99 
2389	39 
2390	56 
2391	39 
2392	117 
2393	97 
2394	72 
2395	19 64 90 
2396	46 
2397	71 
2398	101 
2399	38 46 102 
2400	24 
2401	21 
2402	42 
2403	42 
2404	63 
2405	26 
2406	7 
2407	38 
2408	101 
2409	17 89 121 
2410	33 44 118 
2411	117 
2412	71 
2413	4 30 100 
2414	89 
2415	1 
2416	13 
2417	33 
2418	32 
2419	41 
2420	108 
2421	82 
2422	17 
2423	65 
2424	47 
2425	38 
2426	28 
2427	8 
2428	115 
2429	35 56 60 
2430	52 
2431	82 
2432	122 
2433	53 71 118 
2434	49 
2435	2 71 121 
2436	70 
2437	89 
2438	76 
2439	31 
2440	47 55 118 
2441	80 
2442	31 
2443	97 
2444	85 
2445	21 
2446	67 
2447	46 50 97 
2448	88 
2449	109 
2450	21 
2451	7 
2452	121 
2453	110 
2454	92 
2455	121 
2456	33 
2457	71 
2458	19 
2459	14 
2460	123 
2461	61 
2462	5 
2463	69 
2464	37 
2465	108 
2466	21 
2467	58 
2468	41 
2469	80 
2470	104 
2471	34 54 111 
2472	60 
2473	19 
2474	9 
2475	31 
2476	8 
2477	90 
2478	45 
2479	28 43 99 
2480	99 
2481	4 
2482	58 
2483	123 
2484	118 
2485	52 
2486	53 
2487	7 
2488	69 
2489	11 
2490	122 
2491	84 
2492	95 
2493	94 
2494	19 
2495	96 
2496	73 
2497	46 
2498	33 
2499	70 
2500	81 
2501	97 
2502	106 
2503	16 38 43 
2504	30 
2505	4 18 31 
2506	104 
2507	103 
2508	42 
2509	64 
2510	98 
2511	112 
2512	120 
2513	20 44 78 
2514	75 
2515	32 
2516	102 
2517	8 14 64 
2518	71 
2519	32 38 122 
2520	21 
2521	119 
2522	4 7 114 
2523	2 
2524	63 
2525	6 
2526	22 
2527	7 23 75 
2528	61 
2529	65 
2530	17 38 69 
2531	49 
2532	43 
2533	93 
2534	72 
2535	106 
2536	69 
2537	49 
2538	21 45 53 
2539	123 
2540	66 
2541	79 
2542	28 
2543	7 
2544	15 
2545	47 
2546	17 
2547	121 
2548	18 103 122 
2549	16 
2550	83 
2551	35 60 123 
2552	80 
2553	37 
2554	62 
2555	2 
2556	66 
2557	34 
2558	115 
2559	38 
2560	45 60 119 
2561	85 
2562	109 
2563	30 
2564	53 
2565	56 
2566	39 
2567	63 
2568	106 
2569	105 
2570	16 
2571	44 
2572	3 
2573	41 
2574	73 
2575	52 
2576	85 
2577	114 
2578	63 
2579	52 
2580	57 
2581	62 
2582	53 
2583	44 
2584	41 
2585	114 
2586	79 
2587	61 
2588	36 
2589	28 
2590	93 
2591	69 
2592	82 
2593	21 
2594	32 
2595	29 
2596	47 
2597	38 
2598	106 
2599	17 
2600	120 
2601	39 
2602	78 
2603	103 
2604	119 
2605	38 
2606	13 
2607	5 
2608	15 
2609	8 41 50 
2610	46 
2611	15 61 85 
2612	80 
2613	50 
2614	34 
2615	5 
2616	13 
2617	34 
2618	46 
2619	76 
2620	21 
2621	64 
2622	76 110 124 
2623	79 
2624	69 
2625	28 
2626	56 
2627	118 
2628	55 
2629	122 
2630	12 
2631	121 
2632	122 
2633	88 
2634	89 
2635	30 101 112 
2636	6 9 82 
2637	117 
2638	44 55 82 
2639	74 
2640	81 
2641	56 
2642	92 
2643	22 
2644	35 
2645	17 
2646	16 
2647	56 
2648	2 
2649	46 
2650	69 
2651	34 
2652	33 
2653	45 
2654	105 
2655	17 
2656	66 
2657	48 
2658	11 
2659	53 
2660	107 
2661	90 
2662	21 
2663	38 
2664	101 
2665	49 
2666	39 
2667	6 
2668	34 
2669	20 
2670	2 
2671	32 
2672	36 
2673	15 
2674	86 
2675	85 
2676	16 
2677	118 
2678	17 
2679	33 
2680	4 
2681	71 
2682	30 
2683	115 
2684	95 
2685	24 
2686	38 
2687	123 
2688	4 15 66 
2689	95 
2690	66 
2691	85 
2692	30 
2693	80 
2694	113 
2695	118 
2696	77 
2697	13 15 75 
2698	19 64 80 
2699	46 
2700	39 91 123 
2701	122 
2702	47 
2703	49 
2704	48 
2705	78 
2706	84 
2707	42 
2708	117 
2709	32 
2710	38 
2711	30 
2712	102 
2713	112 
2714	57 
2715	57 
2716	8 52 108 
2717	43 
2718	5 
2719	80 
2720	47 
2721	83 
2722	35 
2723	122 
2724	118 
2725	38 80 119 
2726	93 
2727	68 
2728	8 71 79 
2729	64 
2730	27 
2731	112 
2732	50 
2733	121 
2734	69 
2735	61 
2736	62 
2737	58 
2738	107 
2739	8 74 115 
2740	21 
2741	41 
2742	46 
2743	43 
2744	111 
2745	82 
2746	44 
2747	89 
2748	49 56 98 
2749	115 
2750	112 
2751	29 
2752	71 
2753	55 
2754	71 
2755	28 
2756	103 
2757	19 
2758	93 
2759	33 
2760	9 
2761	13 38 123 
2762	102 
2763	80 
2764	21 
2765	18 
2766	51 
2767	68 
2768	90 
2769	32 
2770	5 
2771	87 
2772	55 
2773	122 
2774	38 79 104 
2775	45 
2776	5 
2777	19 54 95 
2778	56 63 68 
2779	101 
2780	118 
2781	112 
2782	36 42 44 
2783	52 
2784	7 
2785	9 
2786	123 
2787	46 
2788	47 
2789	5 
2790	105 
2791	84 
2792	72 
2793	85 
2794	38 
2795	56 
2796	7 
2797	69 
2798	76 
2799	15 
2800	26 
2801	16 63 71 
2802	17 
2803	15 
2804	76 
2805	110 
2806	51 
2807	56 
2808	99 
2809	70 
2810	107 
2811	62 64 102 
2812	30 
2813	43 45 78 
2814	31 
2815	87 
2816	56 
2817	89 
2818	37 
2819	31 
2820	16 59 101 
2821	111 
2822	62 
2823	17 
2824	41 
2825	61 
2826	62 71 85 
2827	27 
2828	38 
2829	85 
2830	38 
2831	13 17 97 
2832	102 
2833	35 
2834	53 
2835	88 
2836	84 
2837	44 
2838	53 
2839	85 
2840	46 74 76 
2841	75 
2842	13 
2843	78 85 106 
2844	14 
2845	58 
2846	48 112 121 
2847	38 
2848	13 
2849	13 
2850	46 
2851	88 
2852	121 
2853	118 
2854	9 
2855	24 
2856	114 
2857	25 
2858	70 
2859	103 
2860	13 
2861	18 
2862	2 
2863	41 
2864	55 
2865	39 45 106 
2866	70 
2867	100 
2868	112 
2869	102 
2870	72 
2871	71 
2872	98 
2873	61 
2874	60 
2875	30 38 85 
2876	56 
2877	43 
2878	122 
2879	15 
2880	63 
2881	34 
2882	5 
2883	31 32 72 
2884	46 
2885	14 37 121 
2886	58 
2887	28 
2888	43 
2889	85 
2890	121 
2891	119 
2892	107 
2893	69 
2894	46 
2895	124 
2896	105 
2897	74 
2898	31 
2899	3 43 50 
2900	13 
2901	2 
2902	19 
2903	86 
2904	95 104 120 
2905	51 
2906	85 
2907	38 
2908	38 
2909	71 
2910	27 
2911	31 
2912	111 
2913	31 
2914	93 
2915	17 66 84 
2916	61 
2917	15 21 80 
2918	70 
2919	34 
2920	15 
2921	3 
2922	35 
2923	89 105 112 
2924	116 
2925	48 
2926	65 
2927	62 
2928	96 
2929	57 
2930	116 
2931	84 
2932	123 
2933	28 42 107 
2934	34 43 88 
2935	16 
2936	69 
2937	58 
2938	107 
2939	41 
2940	11 
2941	118 
2942	38 109 110 
2943	75 
2944	69 
2945	46 
2946	60 
2947	46 
2948	35 63 69 
2949	3 37 124 
2950	68 
2951	115 
2952	8 
2953	38 
2954	84 
2955	38 
2956	85 
2957	21 
2958	81 
2959	72 
2960	71 
2961	79 
2962	15 84 103 
2963	78 
2964	103 
2965	19 41 115 
2966	9 
2967	90 
2968	98 
2969	108 
2970	16 
2971	84 
2972	83 
2973	78 
2974	85 
2975	27 
2976	103 
2977	18 
2978	86 
2979	73 
2980	46 
2981	59 
2982	14 59 115 
2983	88 
2984	58 
2985	88 
2986	37 
2987	59 
2988	38 
2989	73 
2990	43 
2991	63 
2992	87 
2993	2 
2994	35 
2995	17 47 64 
2996	22 53 90 
2997	86 
2998	81 
2999	71 116 118 
3000	29 
3001	67 
3002	46 
3003	38 
3004	69 
3005	70 
3006	102 
3007	62 
3008	59 
3009	55 
3010	60 
3011	17 
3012	78 
3013	74 
3014	5 
3015	49 
3016	9 
3017	83 
3018	82 
3019	111 
3020	51 
3021	38 
3022	21 
3023	60 
3024	45 
3025	48 
3026	75 
3027	13 
3028	49 
3029	95 
3030	122 
3031	95 
3032	56 71 83 
3033	114 
3034	59 
3035	84 
3036	71 
3037	64 
3038	25 
3039	110 117 120 
3040	67 
3041	98 
3042	10 82 98 
3043	73 
3044	26 
3045	53 
3046	55 
3047	70 
3048	84 
3049	50 
3050	109 
3051	112 
3052	8 
3053	112 
3054	14 
3055	45 88 89 
3056	41 
3057	1 
3058	102 
3059	5 
3060	26 
3061	121 
3062	54 
3063	53 
3064	62 
3065	71 
3066	17 
3067	81 
3068	23 
3069	3 
3070	68 74 100 
3071	50 
3072	123 
3073	51 
3074	31 
3075	21 22 80 
3076	116 
3077	38 
3078	46 
3079	65 
3080	55 
3081	50 
3082	123 
3083	71 
3084	65 
3085	80 
3086	34 
3087	57 
3088	110 
3089	102 
3090	31 
3091	48 
3092	69 
3093	116 
3094	35 
3095	19 21 115 
3096	37 
3097	44 
3098	104 
3099	27 46 104 
3100	69 
3101	84 
3102	53 
3103	35 
3104	115 
3105	38 
3106	109 
3107	92 
3108	83 
3109	16 
3110	98 
3111	117 
3112	49 
3113	53 
3114	72 
3115	23 
3116	86 
3117	112 
3118	1 
3119	107 
3120	45 
3121	39 63 102 
3122	9 41 107 
3123	46 
3124	15 83 107 
3125	98 
3126	89 
3127	112 
3128	38 43 115 
3129	61 
3130	61 
3131	77 
3132	90 
3133	116 
3134	69 
3135	38 
3136	72 
3137	49 
3138	49 
3139	44 
3140	83 
3141	40 
3142	90 
3143	12 
3144	17 31 90 
3145	29 
3146	107 
3147	55 
3148	39 
3149	13 
3150	73 
3151	29 
3152	15 
3153	21 
3154	87 
3155	100 
3156	21 
3157	22 
3158	45 
3159	80 
3160	65 
3161	5 
3162	35 
3163	49 
3164	23 
3165	123 
3166	11 
3167	86 
3168	44 
3169	79 
3170	14 
3171	63 
3172	21 
3173	7 
3174	74 
3175	62 
3176	17 
3177	120 
3178	76 
3179	75 
3180	61 
3181	59 
3182	84 
3183	35 
3184	121 
3185	51 
3186	14 
3187	91 
3188	39 
3189	39 
3190	121 
3191	35 
3192	68 
3193	122 
3194	13 47 112 
3195	36 
3196	79 
3197	46 63 66 
3198	49 
3199	65 
3200	5 
3201	112 
3202	8 
3203	78 
3204	59 
3205	124 
3206	31 
3207	34 69 74 
3208	72 
3209	16 
3210	80 
3211	1 
3212	105 
3213	9 
3214	64 
3215	27 
3216	59 
3217	116 
3218	5 
3219	71 
3220	110 
3221	108 
3222	33 
3223	105 
3224	4 108 121 
3225	64 
3226	10 
3227	21 
3228	118 
3229	64 
3230	30 
3231	29 
3232	46 
3233	21 69 121 
3234	62 
3235	34 
3236	13 29 53 
3237	38 
3238	71 
3239	19 
3240	121 
3241	93 
3242	82 
3243	75 
3244	63 
3245	84 
3246	43 
3247	30 
3248	45 51 69 
3249	113 
3250	18 21 107 
3251	69 
3252	104 
3253	89 
3254	121 
3255	118 
3256	104 
3257	84 
3258	31 
3259	51 
3260	87 
3261	97 
3262	30 45 89 
3263	61 
3264	21 
3265	80 
3266	115 
3267	55 
3268	45 
3269	59 
3270	32 
3271	34 
3272	75 
3273	39 
3274	72 
3275	123 
3276	92 
3277	36 
3278	16 
3279	41 
3280	40 
3281	23 
3282	3 
3283	29 75 103 
3284	35 
3285	31 
3286	79 
3287	87 
3288	15 
3289	69 
3290	39 
3291	43 51 89 
3292	12 
3293	94 
3294	30 
3295	96 
3296	103 
3297	121 
3298	109 
3299	103 
3300	45 
3301	28 
3302	122 
3303	59 
3304	53 
3305	55 
3306	32 
3307	121 
3308	52 62 85 
3309	120 
3310	5 53 115 
3311	89 
3312	116 
3313	58 
3314	64 
3315	18 
3316	19 
3317	11 
3318	72 
3319	70 
3320	100 
3321	31 
3322	105 
3323	82 
3324	77 
3325	99 
3326	120 
3327	15 
3328	102 
3329	112 
3330	16 
3331	7 18 118 
3332	16 
3333	27 
3334	101 
3335	12 
3336	97 
3337	59 
3338	45 
3339	87 
3340	104 
3341	45 
3342	84 
3343	103 
3344	15 
3345	35 
3346	104 
3347	114 
3348	94 
3349	51 55 105 
3350	46 
3351	94 
3352	51 
3353	87 
3354	39 43 56 
3355	79 
3356	57 71 80 
3357	32 40 90 
3358	102 
3359	49 
3360	42 
3361	96 
3362	115 
3363	119 
3364	64 
3365	90 
3366	112 
3367	53 
3368	76 
3369	46 
3370	21 
3371	11 
3372	110 
3373	66 
3374	80 
3375	88 
3376	84 
3377	55 
3378	90 
3379	69 
3380	63 
3381	38 
3382	48 
3383	98 
3384	56 
3385	76 
3386	122 
3387	57 
3388	118 
3389	38 
3390	17 
3391	67 
3392	83 
3393	1 15 79 
3394	30 34 49 
3395	55 
3396	69 
3397	32 
3398	84 
3399	40 
3400	35 
3401	85 
3402	15 55 88 
3403	120 
3404	15 
3405	72 
3406	105 
3407	69 
3408	55 70 122 
3409	109 
3410	11 
3411	65 
3412	54 
3413	61 
3414	88 
3415	94 
3416	79 
3417	14 
3418	15 
3419	63 
3420	13 16 123 
3421	64 
3422	41 
3423	82 
3424	116 
3425	12 
3426	61 
3427	53 
3428	78 
3429	17 
3430	14 
3431	15 
3432	44 
3433	118 
3434	14 
3435	106 
3436	38 
3437	21 
3438	112 
3439	56 
3440	92 
3441	16 
3442	76 
3443	69 
3444	123 
3445	91 
3446	92 
3447	112 
3448	25 
3449	2 
3450	51 
3451	57 
3452	28 
3453	75 
3454	17 
3455	52 55 60 
3456	48 
3457	69 
3458	21 
3459	91 
3460	94 
3461	13 15 84 
3462	81 
3463	53 
3464	66 
3465	70 
3466	123 
3467	38 
3468	123 
3469	99 
3470	59 82 83 
3471	72 
3472	61 
3473	123 
3474	13 
3475	57 
3476	124 
3477	46 
3478	110 
3479	4 
3480	58 
3481	115 
3482	14 
3483	45 
3484	33 
3485	88 
3486	30 
3487	96 
3488	15 
3489	92 
3490	83 
3491	60 
3492	52 
3493	28 
3494	12 14 102 
3495	45 76 123 
3496	45 
3497	7 
3498	121 
3499	42 
3500	24 
3501	107 
3502	74 
3503	72 
3504	121 
3505	101 
3506	118 
3507	78 
3508	95 
3509	21 62 112 
3510	36 
3511	28 89 104 
3512	35 
3513	85 
3514	50 
3515	116 
3516	60 
3517	19 
3518	90 
3519	9 
3520	7 
3521	19 
3522	105 
3523	62 
3524	84 
3525	53 
3526	53 
3527	80 
3528	38 
3529	18 
3530	27 
3531	67 
3532	49 
3533	121 
3534	107 
3535	112 
3536	124 
3537	18 43 64 
3538	53 
3539	5 
3540	19 
3541	51 
3542	75 
3543	64 
3544	17 41 93 
3545	55 73 118 
3546	59 
3547	116 
3548	19 
3549	30 
3550	21 
3551	110 
3552	47 
3553	118 
3554	88 
3555	43 
3556	47 56 102 
3557	47 
3558	114 
3559	87 
3560	9 
3561	71 
3562	38 
3563	52 
3564	55 
3565	45 
3566	61 
3567	83 
3568	121 
3569	19 113 118 
3570	4 
3571	53 
3572	116 
3573	19 
3574	102 
3575	40 
3576	115 
3577	48 
3578	69 
3579	75 
3580	58 
3581	44 
3582	21 53 72 
3583	121 
3584	34 
3585	11 15 97 
3586	20 
3587	34 
3588	75 
3589	106 
3590	11 
3591	41 
3592	123 
3593	64 
3594	19 
3595	37 
3596	11 
3597	56 
3598	98 
3599	5 
3600	107 
3601	99 
3602	41 
3603	56 
3604	107 
3605	44 
3606	15 
3607	110 
3608	2 
3609	43 
3610	83 
3611	47 
3612	58 93 110 
3613	102 
3614	50 
3615	44 
3616	102 
3617	78 
3618	38 
3619	97 
3620	93 
3621	48 
3622	89 
3623	41 
3624	50 
3625	6 
3626	49 
3627	108 
3628	76 
3629	50 
3630	111 
3631	67 
3632	45 
3633	86 
3634	43 55 117 
3635	121 
3636	63 
3637	64 69 107 
3638	77 
3639	102 
3640	46 85 102 
3641	71 
3642	19 
3643	10 
3644	9 
3645	24 53 73 
3646	10 41 83 
3647	60 
3648	87 
3649	105 
3650	7 
3651	21 
3652	68 
3653	104 
3654	25 
3655	53 
3656	16 61 99 
3657	19 
3658	50 75 85 
3659	84 
3660	44 
3661	49 
3662	77 
3663	41 
3664	82 
3665	72 
3666	107 
3667	110 
3668	56 
3669	3 98 102 
3670	21 
3671	34 
3672	94 
3673	83 
3674	56 
3675	34 
3676	69 
3677	19 58 91 
3678	91 
3679	41 
3680	45 
3681	83 
3682	63 
3683	108 
3684	60 
3685	101 
3686	64 
3687	41 
3688	50 57 115 
3689	64 
3690	44 
3691	53 
3692	15 
3693	32 
3694	31 
3695	72 
3696	122 
3697	22 
3698	69 
3699	14 28 68 
3700	109 
3701	70 
3702	30 
3703	61 
3704	41 
3705	63 
3706	53 
3707	84 
3708	14 
3709	115 
3710	121 
3711	90 
3712	56 
3713	38 
3714	21 
3715	70 
3716	38 
3717	88 
3718	21 
3719	91 
3720	30 
3721	52 
3722	105 
3723	121 
3724	112 
3725	17 
3726	94 
3727	41 
3728	11 99 105 
3729	57 
3730	82 
3731	21 
3732	4 
3733	124 
3734	124 
3735	58 
3736	5 
3737	66 
3738	9 53 84 
3739	30 
3740	121 
3741	80 
3742	31 
3743	43 
3744	67 
3745	13 
3746	84 
3747	26 41 60 
3748	42 
3749	6 79 113 
3750	90 
3751	49 
3752	19 
3753	77 
3754	73 
3755	18 
3756	29 
3757	107 
3758	61 
3759	81 
3760	118 
3761	84 
3762	72 
3763	71 
3764	56 
3765	45 
3766	48 
3767	38 
3768	69 
3769	55 76 88 
3770	86 
3771	79 
3772	52 
3773	69 
3774	61 
3775	5 
3776	51 94 114 
3777	107 
3778	106 
3779	89 
3780	60 
3781	74 
3782	88 
3783	82 
3784	88 
3785	105 
3786	81 
3787	39 
3788	21 
3789	52 
3790	121 
3791	71 
3792	116 
3793	45 
3794	69 88 102 
3795	13 28 44 
3796	118 
3797	19 
3798	118 
3799	10 
3800	103 
3801	119 
3802	68 
3803	107 
3804	120 
3805	63 
3806	17 
3807	61 
3808	2 72 92 
3809	34 
3810	48 51 66 
3811	75 
3812	30 
3813	30 
3814	16 
3815	90 
3816	17 
3817	34 
3818	12 
3819	41 
3820	80 
3821	104 
3822	15 
3823	93 
3824	114 
3825	45 
3826	12 
3827	23 77 80 
3828	12 47 80 
3829	33 
3830	84 
3831	45 
3832	87 
3833	61 
3834	104 
3835	34 
3836	26 
3837	14 
3838	81 
3839	53 
3840	50 
3841	34 
3842	107 
3843	38 
3844	57 
3845	102 
3846	9 
3847	54 
3848	31 
3849	49 
3850	14 105 108 
3851	115 
3852	80 
3853	56 
3854	22 
3855	76 
3856	89 
3857	101 
3858	72 
3859	112 
3860	33 
3861	99 
3862	55 56 107 
3863	82 
3864	92 
3865	38 76 112 
3866	8 
3867	5 
3868	53 
3869	73 
3870	97 
3871	77 
3872	90 
3873	74 
3874	30 
3875	90 
3876	118 
3877	46 
3878	3 
3879	12 
3880	3 
3881	50 
3882	53 
3883	55 
3884	103 
3885	105 
3886	88 
3887	57 
3888	60 
3889	40 
3890	119 
3891	24 
3892	107 
3893	123 
3894	19 
3895	72 
3896	97 
3897	45 
3898	13 91 100 
3899	45 
3900	107 
3901	53 58 83 
3902	6 
3903	93 
3904	53 
3905	35 
3906	49 
3907	69 
3908	10 
3909	14 20 80 
3910	35 
3911	4 
3912	21 43 112 
3913	94 
3914	79 
3915	33 
3916	102 
3917	23 
3918	15 
3919	102 
3920	68 
3921	71 
3922	58 97 124 
3923	72 
3924	19 43 90 
3925	109 
3926	93 
3927	60 
3928	35 
3929	64 
3930	13 
3931	44 
3932	2 
3933	23 
3934	53 
3935	46 
3936	112 
3937	66 
3938	69 
3939	35 
3940	84 
3941	56 
3942	28 
3943	5 
3944	28 
3945	30 86 107 
3946	122 
3947	57 
3948	30 
3949	20 
3950	98 
3951	117 
3952	69 
3953	118 
3954	81 
3955	124 
3956	65 
3957	108 
3958	66 
3959	24 
3960	57 
3961	53 
3962	31 
3963	109 
3964	76 
3965	117 
3966	119 
3967	57 116 121 
3968	83 
3969	19 50 117 
3970	28 
3971	3 
3972	7 29 105 
3973	32 92 94 
3974	4 
3975	104 
3976	109 
3977	41 
3978	3 
3979	121 
3980	90 
3981	4 
3982	34 
3983	92 
3984	35 
3985	58 
3986	5 
3987	123 
3988	122 
3989	90 
3990	118 
3991	5 74 102 
3992	91 
3993	101 
3994	84 
3995	51 
3996	45 
3997	56 
3998	16 58 74 
3999	123 
4000	9 
4001	78 
4002	90 
4003	56 
4004	1 88 114 
4005	23 
4006	35 50 99 
4007	5 6 103 
4008	60 
4009	73 
4010	48 
4011	37 
4012	64 
4013	49 
4014	88 
4015	35 
4016	24 
4017	71 
4018	112 
4019	115 
4020	18 
4021	34 117 123 
4022	55 
4023	61 
4024	42 
4025	79 
4026	109 
4027	106 
4028	2 
4029	70 
4030	46 
4031	28 
4032	14 
4033	63 
4034	110 
4035	83 
4036	21 
4037	56 
4038	40 
4039	101 
4040	122 
4041	27 
4042	72 
4043	37 
4044	103 
4045	69 
4046	105 
4047	53 
4048	88 
4049	38 
4050	64 
4051	97 
4052	124 
4053	59 66 89 
4054	121 
4055	47 
4056	106 
4057	107 
4058	74 
4059	82 
4060	18 
4061	113 
4062	51 
4063	92 
4064	106 
4065	81 
4066	61 
4067	75 
4068	31 
4069	30 
4070	122 
4071	4 59 102 
4072	38 
4073	116 
4074	33 
4075	87 
4076	66 
4077	86 
4078	115 
4079	14 
4080	91 
4081	113 
4082	66 
4083	3 
4084	30 
4085	113 
4086	70 
4087	34 
4088	82 
4089	72 
4090	122 
4091	115 
4092	71 
4093	45 
4094	53 
4095	19 
4096	14 
4097	53 
4098	108 
4099	107 
4100	59 75 90 
4101	44 
4102	38 
4103	7 
4104	88 
4105	75 
4106	6 
4107	90 
4108	123 
4109	25 
4110	11 
4111	23 
4112	106 
4113	121 
4114	16 33 44 
4115	89 
4116	15 
4117	102 
4118	103 
4119	33 
4120	88 
4121	52 
4122	31 
4123	77 
4124	9 
4125	46 
4126	15 61 123 
4127	80 
4128	38 
4129	92 
4130	6 74 81 
4131	109 
4132	11 16 74 
4133	45 
4134	13 
4135	71 
4136	27 62 115 
4137	50 
4138	15 
4139	66 
4140	110 
4141	45 
4142	48 72 82 
4143	123 
4144	102 
4145	89 
4146	85 
4147	40 
4148	67 
4149	38 
4150	41 
4151	101 
4152	29 
4153	121 
4154	94 
4155	11 14 33 
4156	84 
4157	73 
4158	68 
4159	68 
4160	37 
4161	116 
4162	52 101 119 
4163	69 
4164	82 
4165	47 
4166	45 
4167	110 
4168	31 
4169	105 
4170	103 
4171	31 
4172	99 
4173	103 
4174	37 
4175	38 
4176	55 
4177	72 
4178	7 
4179	7 60 112 
4180	38 
4181	75 
4182	67 80 86 
4183	66 
4184	80 
4185	39 85 101 
4186	55 
4187	84 
4188	58 
4189	81 
4190	64 
4191	60 
4192	14 
4193	83 
4194	49 74 107 
4195	26 
4196	22 
4197	50 
4198	9 
4199	117 
4200	21 61 84 
4201	91 
4202	89 
4203	42 
4204	66 
4205	79 102 124 
4206	79 
4207	45 
4208	80 
4209	104 
4210	28 
4211	111 
4212	89 
4213	46 
4214	33 46 58 
4215	33 
4216	3 
4217	43 55 101 
4218	89 
4219	120 
4220	64 
4221	118 
4222	122 
4223	12 16 79 
4224	75 
4225	77 
4226	46 
4227	24 
4228	17 
4229	30 
4230	107 
4231	28 
4232	49 
4233	109 
4234	63 
4235	115 
4236	15 
4237	11 
4238	61 
4239	69 
4240	81 
4241	18 
4242	51 
4243	64 
4244	53 
4245	121 
4246	21 67 114 
4247	34 
4248	10 
4249	34 
4250	55 
4251	6 76 80 
4252	50 53 58 
4253	111 
4254	115 
4255	87 
4256	102 
4257	108 
4258	6 
4259	39 
4260	112 
4261	65 
4262	21 
4263	75 
4264	56 
4265	6 
4266	49 
4267	101 
4268	114 
4269	34 45 106 
4270	84 
4271	88 
4272	28 
4273	16 
4274	21 
4275	22 
4276	121 
4277	119 
4278	46 
4279	90 
4280	14 
4281	27 
4282	97 
4283	105 
4284	63 
4285	57 
4286	54 
4287	10 
4288	2 
4289	85 
4290	115 
4291	44 
4292	1 
4293	21 
4294	43 
4295	60 
4296	116 
4297	107 
4298	61 
4299	107 
4300	64 
4301	118 
4302	114 
4303	115 
4304	1 
4305	118 
4306	106 
4307	15 
4308	70 90 110 
4309	88 
4310	3 
4311	41 
4312	33 
4313	120 
4314	10 
4315	99 
4316	45 
4317	110 
4318	46 
4319	15 
4320	107 
4321	32 47 63 
4322	57 
4323	30 
4324	53 
4325	115 
4326	121 
4327	57 
4328	30 56 98 
4329	55 
4330	50 116 118 
4331	61 
4332	56 
4333	95 
4334	24 
4335	15 
4336	68 75 123 
4337	123 
4338	83 
4339	54 
4340	33 
4341	56 
4342	3 
4343	21 
4344	76 
4345	110 
4346	17 
4347	96 
4348	72 
4349	32 
4350	45 
4351	64 
4352	13 
4353	57 85 122 
4354	28 
4355	18 
4356	50 78 84 
4357	37 
4358	14 
4359	21 
4360	16 
4361	44 
4362	81 
4363	83 
4364	51 
4365	104 
4366	64 
4367	26 49 53 
4368	16 
4369	115 
4370	84 
4371	5 69 79 
4372	37 
4373	52 
4374	43 
4375	17 123 124 
4376	48 
4377	71 106 107 
4378	5 
4379	13 
4380	83 
4381	102 115 118 
4382	116 
4383	52 
4384	1 
4385	55 
4386	84 
4387	50 
4388	41 
4389	2 
4390	81 
4391	97 
4392	103 
4393	75 
4394	113 
4395	38 
4396	102 
4397	85 
4398	21 45 57 
4399	107 
4400	78 
4401	84 
4402	5 
4403	37 
4404	70 
4405	79 
4406	71 
4407	69 
4408	65 
4409	32 66 118 
4410	30 
4411	11 
4412	49 
4413	30 
4414	16 28 80 
4415	41 
4416	79 
4417	95 
4418	13 33 88 
4419	104 
4420	119 
4421	50 
4422	75 
4423	52 
4424	97 
4425	83 
4426	50 
4427	112 
4428	41 
4429	50 
4430	21 
4431	123 
4432	83 
4433	52 90 119 
4434	55 
4435	10 
4436	51 
4437	46 
4438	57 
4439	15 
4440	22 74 102 
4441	55 
4442	120 
4443	19 71 89 
4444	70 
4445	27 
4446	83 
4447	66 
4448	83 
4449	8 
4450	102 
4451	85 
4452	63 
4453	92 
4454	115 
4455	75 
4456	45 102 117 
4457	68 72 80 
4458	55 
4459	48 
4460	118 
4461	52 
4462	101 
4463	26 
4464	58 
4465	57 
4466	58 
4467	56 60 62 
4468	21 
4469	56 
4470	32 
4471	53 
4472	101 
4473	67 
4474	112 
4475	71 
4476	97 
4477	34 
4478	40 
4479	117 
4480	43 
4481	91 
4482	16 
4483	8 
4484	52 
4485	100 
4486	106 
4487	60 
4488	83 
4489	44 
4490	100 
4491	118 
4492	120 
4493	16 
4494	5 
4495	84 
4496	71 
4497	15 
4498	38 
4499	34 57 123 
4500	106 
4501	58 
4502	81 
4503	94 
4504	122 
4505	96 
4506	32 
4507	66 
4508	35 
4509	64 
4510	34 44 92 
4511	36 
4512	53 
4513	103 
4514	57 
4515	7 25 56 
4516	104 
4517	20 
4518	87 
4519	113 
4520	20 46 74 
4521	50 
4522	118 
4523	68 
4524	58 
4525	96 
4526	5 
4527	28 69 96 
4528	58 
4529	102 
4530	17 
4531	52 
4532	120 
4533	14 92 105 
4534	55 
4535	80 
4536	55 
4537	118 
4538	66 
4539	64 
4540	116 
4541	122 
4542	105 
4543	63 
4544	7 
4545	61 
4546	43 79 91 
4547	26 
4548	95 
4549	90 
4550	120 
4551	103 
4552	13 
4553	55 
4554	43 
4555	9 
4556	43 
4557	90 
4558	2 30 89 
4559	46 
4560	37 58 65 
4561	58 
4562	84 
4563	8 
4564	84 
4565	14 
4566	31 
4567	102 
4568	106 
4569	13 
4570	54 
4571	103 
4572	21 
4573	5 
4574	36 
4575	35 
4576	78 
4577	16 
4578	37 
4579	38 
4580	103 
4581	98 
4582	18 71 110 
4583	39 
4584	31 
4585	54 
4586	105 
4587	85 
4588	91 
4589	3 7 55 
4590	54 
4591	8 21 121 
4592	88 
4593	72 
4594	60 61 82 
4595	53 
4596	123 
4597	31 
4598	55 
4599	2 
4600	121 
4601	118 
4602	8 
4603	38 
4604	115 
4605	69 
4606	58 
4607	120 
4608	121 
4609	84 
4610	48 
4611	56 
4612	2 
4613	26 98 104 
4614	46 
4615	47 
4616	62 84 87 
4617	13 
4618	118 
4619	93 
4620	19 
4621	98 
4622	64 
4623	60 
4624	69 
4625	2 
4626	22 
4627	82 
4628	106 
4629	2 
4630	85 
4631	112 
4632	34 
4633	47 
4634	17 
4635	4 
4636	90 
4637	60 
4638	1 
4639	19 
4640	122 
4641	110 
4642	71 
4643	60 
4644	41 
4645	120 
4646	80 
4647	21 59 66 
4648	13 
4649	82 
4650	33 
4651	12 
4652	50 
4653	38 
4654	4 
4655	61 
4656	34 
4657	50 
4658	90 
4659	15 
4660	121 
4661	78 
4662	89 
4663	50 
4664	122 
4665	55 
4666	30 
4667	31 
4668	41 
4669	9 
4670	101 
4671	63 
4672	34 
4673	80 
4674	90 
4675	48 
4676	3 
4677	83 
4678	30 
4679	45 
4680	34 
4681	49 
4682	115 
4683	11 113 118 
4684	118 
4685	71 
4686	58 
4687	21 
4688	80 
4689	34 
4690	116 
4691	30 
4692	68 88 112 
4693	78 102 123 
4694	17 83 95 
4695	44 
4696	71 
4697	102 
4698	13 
4699	106 
4700	15 
4701	64 
4702	74 91 95 
4703	77 
4704	49 
4705	63 
4706	89 
4707	105 
4708	21 
4709	84 
4710	123 
4711	57 
4712	103 
4713	37 
4714	121 
4715	76 
4716	30 
4717	51 82 118 
4718	31 
4719	112 
4720	98 
4721	122 
4722	51 
4723	34 61 122 
4724	114 
4725	32 
4726	11 
4727	76 
4728	114 
4729	68 
4730	34 
4731	38 
4732	116 
4733	41 
4734	110 
4735	33 
4736	115 
4737	49 
4738	31 
4739	68 
4740	76 
4741	115 
4742	112 
4743	103 
4744	4 
4745	7 
4746	121 
4747	89 
4748	84 
4749	81 
4750	24 81 92 
4751	83 
4752	52 
4753	110 
4754	101 
4755	18 
4756	33 
4757	71 
4758	41 
4759	15 
4760	82 
4761	41 
4762	67 104 113 
4763	3 
4764	15 
4765	88 
4766	19 
4767	120 
4768	17 
4769	61 
4770	103 
4771	66 
4772	83 
4773	85 
4774	41 76 85 
4775	2 
4776	80 
4777	34 78 103 
4778	37 
4779	41 
4780	115 
4781	45 
4782	79 
4783	21 
4784	18 
4785	89 
4786	116 
4787	122 
4788	74 
4789	90 
4790	63 
4791	84 
4792	38 
4793	15 
4794	98 
4795	6 
4796	8 
4797	83 
4798	84 
4799	47 
4800	35 
4801	106 
4802	71 
4803	30 
4804	31 
4805	39 
4806	46 
4807	53 
4808	67 
4809	30 
4810	6 
4811	85 
4812	15 
4813	122 
4814	21 
4815	32 
4816	69 
4817	121 
4818	122 
4819	45 
4820	43 
4821	88 
4822	50 
4823	79 94 112 
4824	13 38 75 
4825	56 
4826	15 
4827	76 90 112 
4828	80 
4829	92 
4830	115 
4831	92 
4832	112 
4833	90 
4834	110 
4835	110 
4836	44 
4837	50 
4838	15 
4839	53 
4840	5 
4841	110 
4842	49 
4843	116 
4844	66 
4845	71 
4846	29 51 56 
4847	15 
4848	13 
4849	75 
4850	50 71 88 
4851	41 
4852	27 61 74 
4853	5 
4854	38 
4855	7 
4856	55 
4857	44 
4858	106 
4859	46 
4860	53 
4861	6 
4862	50 
4863	83 
4864	28 
4865	5 
4866	74 
4867	4 11 102 
4868	62 64 76 
4869	2 69 71 
4870	80 
4871	110 
4872	61 
4873	30 70 106 
4874	64 
4875	115 
4876	72 
4877	61 
4878	50 
4879	84 
4880	82 
4881	104 
4882	75 
4883	115 
4884	59 
4885	90 
4886	61 89 92 
4887	123 
4888	14 
4889	28 
4890	14 
4891	92 
4892	21 25 34 
4893	122 
4894	103 
4895	107 
4896	53 
4897	56 
4898	118 
4899	38 85 103 
4900	16 
4901	66 
4902	57 
4903	82 
4904	45 
4905	6 
4906	30 
4907	90 
4908	15 28 85 
4909	30 
4910	11 
4911	33 116 123 
4912	107 
4913	45 
4914	81 
4915	76 
4916	118 
4917	31 
4918	71 
4919	14 
4920	107 
4921	61 
4922	101 
4923	79 
4924	52 
4925	45 
4926	102 
4927	13 
4928	81 
4929	15 
4930	55 
4931	85 
4932	55 
4933	16 
4934	60 
4935	7 17 52 
4936	102 
4937	85 
4938	107 113 118 
4939	16 59 75 
4940	57 
4941	44 
4942	13 
4943	28 
4944	11 34 89 
4945	92 
4946	21 
4947	88 92 103 
4948	89 
4949	6 
4950	41 
4951	102 
4952	49 
4953	115 
4954	21 
4955	6 16 96 
4956	6 85 112 
4957	107 
4958	31 
4959	123 
4960	76 
4961	82 
4962	84 
4963	58 
4964	23 43 51 
4965	79 
4966	58 
4967	13 
4968	57 
4969	45 
4970	112 
4971	13 
4972	69 
4973	53 103 107 
4974	55 
4975	116 
4976	121 
4977	112 
4978	60 
4979	121 
4980	75 
4981	3 35 100 
4982	13 
4983	53 
4984	49 
4985	90 
4986	58 
4987	79 
4988	85 
4989	30 
4990	19 
4991	66 
4992	116 
4993	106 
4994	115 
4995	11 
4996	90 
4997	90 108 121 
4998	58 
4999	76 
5000	44 
