1	207 
2	219 
3	52 
4	122 
5	137 
6	73 
7	221 
8	98 
9	84 
10	197 
11	134 
12	212 
13	7 
14	13 
15	141 
16	119 
17	141 
18	156 
19	183 
20	88 190 
21	201 
22	105 
23	47 
24	76 
25	177 
26	71 
27	154 
28	34 59 
29	126 
30	55 
31	150 
32	37 
33	146 
34	110 
35	206 
36	84 116 
37	121 
38	53 
39	198 216 
40	114 
41	80 
42	17 
43	141 
44	53 
45	61 
46	118 
47	177 
48	50 206 
49	198 
50	154 
51	191 
52	29 
53	23 
54	73 
55	3 
56	156 
57	142 
58	76 
59	69 
60	91 
61	69 
62	126 
63	155 
64	103 
65	4 
66	44 
67	39 
68	30 
69	158 201 
70	11 
71	199 
72	201 
73	177 
74	144 
75	142 
76	10 
77	73 
78	5 
79	172 179 
80	67 
81	62 
82	60 
83	13 
84	144 
85	184 221 
86	150 
87	196 
88	57 
89	136 
90	39 
91	104 
92	118 
93	14 
94	143 
95	166 
96	215 
97	197 
98	98 
99	178 
100	41 130 
101	154 
102	117 
103	222 
104	222 
105	14 
106	54 
107	28 
108	72 
109	193 
110	177 
111	191 
112	199 
113	114 
114	30 
115	88 
116	196 
117	89 
118	59 
119	141 
120	18 
121	70 
122	126 201 
123	131 
124	193 198 
125	218 
126	197 
127	209 214 
128	166 
129	139 
130	123 166 
131	71 
132	195 
133	30 
134	117 
135	68 
136	155 
137	184 
138	180 
139	152 
140	106 
141	107 
142	210 
143	21 
144	159 195 
145	215 
146	67 
147	221 
148	64 
149	64 
150	177 
151	214 
152	71 
153	175 
154	83 
155	43 
156	28 
157	53 103 
158	60 
159	195 
160	181 
161	114 
162	17 
163	23 141 
164	137 
165	19 
166	187 
167	204 
168	202 
169	55 
170	14 
171	84 
172	125 
173	43 
174	159 
175	53 139 
176	15 
177	207 
178	178 
179	143 
180	8 
181	8 134 
182	178 
183	187 
184	222 
185	72 
186	74 
187	15 
188	22 
189	82 
190	207 
191	152 
192	221 
193	69 
194	171 
195	225 
196	79 
197	165 
198	80 
199	205 
200	119 
201	152 
202	206 
203	88 
204	136 
205	31 
206	49 58 
207	63 
208	15 
209	139 
210	5 
211	93 
212	212 
213	71 
214	41 
215	209 
216	217 
217	217 
218	43 
219	75 194 
220	150 
221	87 
222	183 
223	47 
224	156 
225	2 
226	221 
227	53 
228	146 148 
229	211 
230	127 
231	167 
232	181 
233	85 
234	88 
235	11 
236	99 
237	213 
238	79 
239	124 179 
240	69 
241	201 
242	128 
243	117 
244	189 
245	65 
246	85 
247	177 
248	83 
249	215 
250	107 
251	188 
252	121 
253	139 
254	107 
255	35 
256	63 
257	190 
258	6 
259	125 
260	207 
261	82 
262	70 
263	19 
264	12 
265	27 
266	161 
267	153 
268	186 216 
269	152 
270	46 
271	137 
272	138 
273	193 
274	7 
275	78 
276	77 
277	175 
278	65 
279	123 
280	122 
281	186 
282	212 
283	158 
284	170 
285	13 
286	100 
287	121 
288	219 
289	181 
290	118 
291	24 
292	137 
293	67 
294	31 
295	160 
296	135 
297	87 
298	43 
299	92 
300	84 185 
301	18 
302	67 
303	194 
304	37 
305	137 
306	13 
307	171 
308	84 138 
309	130 172 
310	61 
311	137 
312	37 
313	78 
314	21 
315	129 
316	46 
317	211 
318	189 202 
319	110 
320	104 
321	66 221 
322	161 
323	161 
324	206 
325	152 
326	167 
327	119 
328	173 
329	182 
330	172 
331	129 
332	221 
333	136 
334	167 
335	39 147 
336	47 
337	21 107 
338	33 
339	215 
340	29 
341	191 
342	35 
343	60 
344	141 
345	225 
346	99 
347	132 
348	131 
349	140 
350	101 122 
351	160 208 
352	53 
353	57 
354	127 
355	174 
356	180 
357	48 
358	83 
359	79 
360	212 
361	89 
362	166 
363	177 
364	91 
365	9 129 
366	175 
367	202 
368	69 
369	195 
370	58 
371	136 
372	190 
373	110 
374	115 
375	50 
376	3 44 
377	102 
378	60 
379	131 
380	70 
381	150 
382	121 
383	167 
384	115 
385	97 
386	13 
387	79 
388	170 
389	160 
390	220 
391	91 
392	203 
393	15 
394	183 
395	118 
396	183 
397	13 
398	43 
399	219 
400	116 
401	5 
402	166 206 
403	207 
404	163 
405	42 187 
406	64 
407	69 
408	209 
409	121 
410	181 
411	144 
412	167 
413	138 
414	44 
415	225 
416	122 
417	93 132 
418	205 
419	83 
420	192 
421	138 
422	186 
423	167 
424	35 
425	19 
426	191 
427	2 
428	205 
429	170 
430	190 
431	34 
432	70 
433	39 
434	149 
435	225 
436	212 
437	41 
438	201 
439	151 
440	17 
441	133 
442	17 182 
443	76 
444	36 
445	207 
446	78 217 
447	219 
448	127 
449	112 
450	10 100 
451	89 
452	197 
453	67 
454	128 
455	25 185 
456	70 
457	142 
458	15 
459	63 
460	87 111 
461	29 
462	168 
463	25 
464	18 
465	128 
466	21 122 
467	43 
468	42 
469	144 
470	127 
471	186 
472	129 
473	19 
474	215 
475	67 
476	31 
477	94 
478	61 
479	180 
480	119 
481	214 
482	129 
483	166 
484	147 
485	158 
486	192 
487	186 
488	53 
489	83 
490	126 
491	185 
492	131 134 
493	225 
494	92 
495	108 
496	3 161 
497	115 
498	137 
499	118 
500	55 151 
501	162 
502	149 204 
503	206 
504	38 
505	181 
506	97 
507	129 
508	151 
509	60 
510	80 
511	16 113 
512	211 
513	79 
514	59 
515	171 
516	50 
517	115 
518	208 
519	149 
520	57 
521	64 
522	38 
523	46 
524	66 
525	59 
526	81 
527	31 142 
528	45 
529	173 
530	58 
531	151 
532	105 
533	205 
534	162 
535	198 
536	98 
537	121 176 
538	123 
539	124 
540	55 
541	168 
542	9 
543	173 
544	47 
545	161 207 
546	202 
547	144 
548	14 
549	46 49 
550	166 
551	186 
552	212 
553	180 
554	5 
555	211 
556	161 
557	139 
558	225 
559	160 
560	97 
561	79 
562	49 
563	74 
564	187 
565	208 
566	197 
567	42 
568	199 
569	49 
570	8 
571	181 
572	53 
573	68 
574	5 221 
575	7 
576	69 
577	179 
578	225 
579	194 
580	73 
581	4 
582	208 
583	26 
584	185 
585	206 
586	181 
587	108 
588	98 
589	81 
590	172 
591	49 
592	44 
593	30 
594	133 
595	8 
596	83 
597	61 
598	43 
599	71 
600	192 
601	24 
602	224 
603	41 
604	81 
605	150 
606	88 
607	75 
608	202 
609	69 
610	50 
611	224 
612	218 
613	155 
614	10 
615	162 
616	219 
617	139 
618	160 212 
619	157 
620	122 
621	30 
622	59 
623	89 
624	45 
625	190 
626	56 
627	83 
628	45 
629	31 
630	137 
631	117 
632	110 
633	92 
634	205 
635	203 
636	187 
637	159 
638	33 
639	21 
640	183 
641	89 
642	38 
643	45 
644	97 
645	167 
646	48 
647	216 
648	225 
649	108 
650	10 
651	182 
652	153 201 
653	114 
654	189 
655	8 165 
656	45 
657	106 
658	33 
659	28 
660	70 
661	9 
662	73 
663	167 
664	131 
665	180 
666	161 
667	89 
668	138 
669	17 
670	171 
671	47 
672	50 
673	141 
674	107 
675	166 
676	186 
677	30 
678	96 
679	2 
680	69 
681	168 
682	18 
683	14 
684	184 
685	67 
686	138 218 
687	30 
688	39 139 
689	104 
690	169 
691	44 
692	104 
693	21 
694	128 
695	154 
696	123 
697	194 
698	141 
699	177 
700	138 
701	123 
702	111 
703	150 
704	85 
705	90 
706	133 
707	72 86 
708	57 85 
709	121 
710	207 
711	30 
712	184 
713	183 
714	217 
715	54 
716	125 
717	43 84 
718	164 
719	4 
720	14 
721	27 
722	121 
723	158 
724	17 66 
725	4 
726	132 
727	101 
728	72 
729	88 
730	118 
731	74 
732	119 
733	78 
734	36 
735	63 166 
736	1 
737	138 
738	112 
739	17 
740	31 46 
741	188 
742	217 
743	153 
744	122 
745	57 
746	98 167 
747	164 
748	185 
749	75 
750	117 
751	66 
752	178 
753	41 
754	123 
755	136 
756	204 
757	47 
758	28 
759	20 
760	175 
761	174 
762	19 
763	169 
764	131 
765	52 
766	165 
767	172 
768	126 
769	221 
770	134 
771	142 
772	34 
773	38 
774	210 
775	84 
776	141 
777	211 
778	56 
779	212 
780	185 
781	208 
782	59 
783	34 
784	94 98 
785	101 
786	94 
787	148 
788	5 
789	31 
790	30 
791	169 
792	20 
793	8 
794	93 
795	13 
796	200 
797	158 
798	68 
799	71 
800	176 
801	175 
802	203 
803	21 
804	179 
805	100 
806	186 
807	124 
808	112 
809	57 154 
810	86 
811	27 
812	204 
813	193 
814	183 
815	188 
816	83 135 
817	224 
818	122 154 
819	184 
820	37 
821	76 
822	154 
823	126 
824	55 
825	75 
826	34 
827	136 148 
828	198 
829	88 
830	63 186 
831	92 
832	55 
833	100 
834	6 
835	207 
836	165 
837	20 
838	140 
839	19 
840	163 
841	166 
842	120 
843	86 
844	225 
845	182 
846	183 
847	2 
848	88 
849	115 
850	180 
851	59 
852	12 
853	164 
854	131 
855	115 
856	7 
857	177 
858	179 
859	19 
860	190 
861	16 
862	139 
863	174 
864	189 
865	95 
866	45 
867	118 
868	92 
869	83 
870	53 
871	180 218 
872	101 
873	140 
874	195 
875	77 
876	72 
877	34 
878	201 
879	204 
880	22 66 
881	15 
882	212 
883	190 
884	146 
885	60 
886	16 96 
887	38 
888	93 
889	193 
890	76 
891	158 
892	183 
893	58 
894	124 
895	75 
896	118 
897	31 
898	207 
899	27 
900	52 
901	122 
902	15 
903	185 
904	53 
905	5 
906	177 
907	50 
908	137 
909	146 167 
910	129 
911	155 
912	167 
913	56 216 
914	177 
915	117 186 
916	109 
917	75 
918	210 
919	197 
920	80 
921	33 
922	175 213 
923	180 
924	223 
925	84 
926	121 
927	30 201 
928	190 225 
929	69 
930	214 
931	47 
932	53 185 
933	60 
934	37 
935	88 
936	54 
937	181 
938	164 
939	15 
940	168 
941	125 
942	22 
943	16 
944	79 
945	185 
946	117 
947	208 
948	157 
949	80 
950	50 
951	205 
952	47 
953	45 
954	116 
955	97 146 
956	180 
957	121 
958	30 154 
959	185 
960	42 
961	154 
962	44 
963	18 
964	221 
965	16 
966	177 
967	60 
968	11 166 
969	195 
970	28 34 
971	207 
972	217 
973	84 
974	191 
975	82 
976	45 
977	123 
978	53 
979	102 
980	25 
981	36 
982	71 
983	156 
984	198 
985	53 125 
986	137 
987	213 
988	174 
989	110 
990	190 
991	65 
992	4 
993	38 
994	129 139 
995	210 
996	140 
997	118 
998	111 
999	205 
1000	14 
1001	72 
1002	184 
1003	178 
1004	93 
1005	115 
1006	5 
1007	192 
1008	190 
1009	31 45 
1010	224 
1011	221 
1012	221 
1013	128 186 
1014	107 
1015	27 62 
1016	108 
1017	175 207 
1018	79 
1019	56 
1020	207 
1021	30 57 
1022	152 
1023	124 
1024	159 
1025	19 
1026	211 
1027	154 
1028	217 
1029	32 
1030	16 
1031	105 
1032	17 
1033	44 
1034	149 
1035	218 
1036	146 
1037	85 
1038	70 
1039	18 
1040	203 
1041	90 
1042	137 
1043	123 
1044	137 
1045	188 
1046	221 
1047	140 
1048	83 
1049	225 
1050	149 164 
1051	105 
1052	14 
1053	96 
1054	162 
1055	15 
1056	32 
1057	115 
1058	4 
1059	107 
1060	154 166 
1061	21 171 
1062	86 
1063	196 
1064	82 206 
1065	224 
1066	132 
1067	201 
1068	225 
1069	131 
1070	211 
1071	75 
1072	136 
1073	207 
1074	158 
1075	223 
1076	82 
1077	31 88 
1078	5 8 
1079	32 
1080	38 217 
1081	107 190 
1082	18 
1083	180 
1084	81 
1085	102 
1086	50 90 
1087	118 
1088	104 
1089	169 
1090	79 
1091	84 
1092	114 136 
1093	8 
1094	93 133 
1095	108 
1096	7 
1097	15 201 
1098	151 
1099	38 
1100	50 
1101	18 
1102	136 
1103	15 
1104	172 
1105	40 
1106	105 
1107	51 
1108	76 
1109	105 
1110	172 
1111	224 
1112	223 
1113	125 
1114	214 
1115	224 
1116	89 
1117	139 
1118	31 
1119	89 
1120	73 
1121	85 
1122	162 
1123	84 
1124	9 
1125	45 
1126	160 
1127	72 
1128	136 
1129	218 
1130	56 
1131	164 
1132	65 
1133	22 
1134	160 
1135	126 
1136	110 
1137	185 
1138	50 
1139	174 
1140	138 
1141	52 
1142	137 
1143	72 
1144	201 
1145	56 
1146	136 196 
1147	58 
1148	23 
1149	35 
1150	217 
1151	34 
1152	85 
1153	15 
1154	125 
1155	75 
1156	136 
1157	30 123 
1158	180 
1159	90 
1160	57 
1161	85 
1162	122 
1163	89 
1164	139 
1165	173 
1166	111 
1167	170 
1168	87 
1169	109 
1170	31 
1171	186 
1172	5 
1173	195 
1174	174 
1175	51 
1176	58 
1177	57 
1178	71 
1179	45 
1180	14 
1181	85 
1182	145 
1183	175 
1184	147 
1185	16 
1186	21 
1187	165 
1188	191 
1189	137 
1190	37 
1191	166 
1192	169 
1193	112 
1194	139 199 
1195	212 
1196	106 
1197	142 
1198	64 
1199	208 
1200	38 
1201	158 
1202	196 
1203	199 
1204	143 
1205	193 
1206	213 
1207	12 
1208	202 
1209	184 221 
1210	202 
1211	182 
1212	65 
1213	26 
1214	98 
1215	173 
1216	220 
1217	43 
1218	54 
1219	143 
1220	94 
1221	43 
1222	84 
1223	158 
1224	166 
1225	11 
1226	56 
1227	125 
1228	43 180 
1229	92 
1230	25 
1231	190 
1232	158 
1233	80 
1234	103 
1235	175 
1236	76 
1237	159 
1238	22 
1239	103 
1240	17 
1241	56 
1242	190 
1243	61 
1244	125 
1245	76 
1246	85 
1247	103 
1248	12 
1249	160 
1250	116 
1251	88 
1252	143 
1253	9 
1254	28 
1255	13 19 
1256	77 
1257	154 
1258	196 
1259	177 
1260	221 
1261	206 
1262	6 
1263	102 
1264	166 
1265	196 
1266	17 
1267	211 
1268	223 
1269	117 
1270	112 189 
1271	69 
1272	46 
1273	223 
1274	24 
1275	169 
1276	34 
1277	32 
1278	8 
1279	127 
1280	90 
1281	63 
1282	141 
1283	4 
1284	53 
1285	57 
1286	148 
1287	98 
1288	126 
1289	13 
1290	208 
1291	196 212 
1292	142 164 
1293	166 
1294	150 
1295	199 
1296	40 
1297	53 
1298	147 
1299	14 
1300	8 
1301	45 
1302	133 
1303	99 
1304	25 
1305	98 
1306	137 220 
1307	9 
1308	41 
1309	36 
1310	131 
1311	166 
1312	90 
1313	82 
1314	74 
1315	64 
1316	2 
1317	106 
1318	30 69 
1319	147 
1320	201 
1321	102 
1322	190 
1323	19 
1324	165 
1325	205 
1326	92 
1327	90 136 
1328	156 
1329	176 
1330	97 
1331	3 
1332	185 
1333	30 45 
1334	85 
1335	76 
1336	49 190 
1337	14 
1338	146 
1339	225 
1340	209 
1341	21 
1342	34 
1343	24 
1344	74 
1345	139 
1346	216 
1347	36 
1348	85 
1349	150 
1350	4 23 
1351	129 
1352	46 
1353	89 
1354	102 
1355	49 
1356	48 
1357	175 
1358	150 
1359	10 
1360	120 
1361	64 
1362	223 
1363	90 
1364	211 
1365	201 225 
1366	132 
1367	147 
1368	72 
1369	111 
1370	217 
1371	45 
1372	155 
1373	84 
1374	173 
1375	71 
1376	64 
1377	66 
1378	158 
1379	175 
1380	7 
1381	1 
1382	142 
1383	217 
1384	77 
1385	184 
1386	49 
1387	139 146 
1388	96 
1389	164 
1390	15 
1391	178 
1392	80 
1393	200 
1394	138 
1395	63 
1396	183 
1397	112 
1398	3 
1399	218 
1400	46 
1401	86 
1402	150 
1403	202 
1404	206 
1405	31 
1406	34 
1407	117 
1408	90 
1409	195 
1410	56 
1411	60 
1412	113 
1413	50 84 
1414	100 
1415	55 
1416	113 
1417	110 
1418	78 179 
1419	32 
1420	93 
1421	16 
1422	114 
1423	15 
1424	216 
1425	224 
1426	30 140 
1427	163 
1428	164 225 
1429	81 
1430	151 
1431	207 
1432	214 
1433	63 
1434	161 
1435	61 
1436	167 
1437	51 144 
1438	162 
1439	125 
1440	50 
1441	186 
1442	103 
1443	120 
1444	121 
1445	136 
1446	121 
1447	118 
1448	21 
1449	75 
1450	169 
1451	16 
1452	138 
1453	137 
1454	207 
1455	215 
1456	159 
1457	51 
1458	71 
1459	38 
1460	15 
1461	118 
1462	211 
1463	62 
1464	202 
1465	48 
1466	59 163 
1467	180 
1468	136 
1469	170 
1470	6 
1471	75 
1472	90 
1473	201 
1474	154 
1475	154 
1476	151 
1477	201 
1478	148 
1479	112 
1480	115 
1481	99 
1482	155 
1483	185 
1484	62 161 
1485	85 
1486	123 
1487	15 
1488	7 
1489	190 
1490	2 
1491	218 
1492	37 
1493	97 
1494	2 
1495	225 
1496	177 
1497	154 
1498	102 
1499	32 214 
1500	129 
1501	168 
1502	194 
1503	171 
1504	21 
1505	214 
1506	137 
1507	153 
1508	161 
1509	7 
1510	15 
1511	18 
1512	55 
1513	210 
1514	19 
1515	183 
1516	39 
1517	167 
1518	106 
1519	198 
1520	28 
1521	57 
1522	45 
1523	51 
1524	51 
1525	40 
1526	61 
1527	213 
1528	14 
1529	94 
1530	68 
1531	45 
1532	176 
1533	187 
1534	86 
1535	48 
1536	134 
1537	212 
1538	147 
1539	71 
1540	186 
1541	39 
1542	69 183 
1543	117 
1544	153 
1545	46 
1546	82 
1547	66 
1548	59 
1549	47 
1550	92 
1551	145 
1552	38 
1553	32 
1554	104 
1555	54 
1556	107 
1557	147 214 
1558	107 
1559	82 
1560	182 
1561	117 
1562	41 
1563	26 
1564	114 
1565	20 
1566	158 
1567	179 
1568	28 
1569	48 
1570	107 
1571	75 
1572	133 
1573	123 
1574	150 
1575	88 
1576	164 
1577	109 180 
1578	204 
1579	15 
1580	8 
1581	1 
1582	205 219 
1583	145 
1584	127 
1585	177 
1586	53 
1587	188 
1588	25 
1589	181 
1590	154 
1591	200 
1592	164 
1593	129 
1594	176 
1595	64 
1596	133 
1597	15 
1598	84 
1599	47 98 
1600	195 
1601	49 
1602	17 
1603	54 
1604	180 
1605	51 
1606	59 
1607	83 
1608	121 
1609	111 
1610	142 
1611	185 
1612	148 
1613	190 
1614	31 
1615	5 
1616	79 
1617	119 202 
1618	189 
1619	179 
1620	131 
1621	38 
1622	141 
1623	74 
1624	186 
1625	14 
1626	151 
1627	136 
1628	138 
1629	74 
1630	225 
1631	157 
1632	23 
1633	140 
1634	165 
1635	110 
1636	129 
1637	72 
1638	150 
1639	124 
1640	167 
1641	201 
1642	145 
1643	160 
1644	150 
1645	97 
1646	3 
1647	219 
1648	76 
1649	214 
1650	207 
1651	210 
1652	106 
1653	189 
1654	164 
1655	23 
1656	39 158 
1657	116 
1658	62 
1659	134 
1660	166 
1661	100 
1662	84 
1663	107 
1664	186 
1665	7 
1666	176 
1667	5 206 
1668	211 
1669	131 
1670	21 105 
1671	146 
1672	13 
1673	16 
1674	15 
1675	61 
1676	1 
1677	146 
1678	30 125 
1679	69 
1680	203 
1681	185 
1682	96 
1683	112 
1684	68 
1685	137 
1686	82 
1687	17 
1688	63 
1689	144 
1690	110 
1691	201 
1692	112 
1693	190 
1694	49 
1695	171 
1696	44 
1697	142 
1698	69 141 
1699	166 
1700	118 
1701	167 
1702	176 
1703	49 
1704	98 
1705	224 
1706	98 109 
1707	221 
1708	58 
1709	110 
1710	201 208 
1711	103 
1712	39 
1713	31 
1714	107 
1715	115 
1716	108 
1717	69 
1718	146 
1719	73 
1720	91 
1721	45 
1722	90 
1723	180 
1724	17 
1725	171 
1726	209 
1727	45 175 
1728	127 
1729	21 
1730	177 
1731	76 
1732	158 
1733	113 
1734	145 
1735	38 116 
1736	31 
1737	205 
1738	35 
1739	195 
1740	206 
1741	158 216 
1742	99 
1743	66 131 
1744	225 
1745	63 104 
1746	221 
1747	211 
1748	29 116 
1749	225 
1750	150 
1751	5 
1752	103 
1753	157 
1754	119 
1755	14 
1756	41 
1757	80 
1758	30 
1759	137 
1760	172 
1761	205 
1762	205 
1763	30 107 
1764	214 
1765	162 
1766	30 
1767	194 
1768	136 
1769	156 
1770	156 
1771	16 
1772	211 
1773	201 
1774	155 
1775	155 
1776	19 
1777	160 
1778	199 
1779	84 
1780	120 
1781	67 
1782	56 
1783	4 
1784	164 
1785	154 
1786	203 
1787	6 
1788	43 
1789	205 
1790	27 
1791	214 
1792	104 
1793	198 
1794	152 
1795	108 218 
1796	52 
1797	13 
1798	76 
1799	174 
1800	3 138 
1801	18 
1802	171 
1803	207 
1804	97 
1805	58 
1806	171 
1807	69 115 
1808	103 
1809	71 
1810	84 
1811	170 
1812	169 
1813	187 
1814	95 
1815	162 
1816	31 
1817	60 
1818	205 
1819	201 
1820	110 
1821	135 
1822	71 
1823	137 
1824	160 
1825	103 
1826	14 
1827	190 
1828	131 
1829	130 
1830	131 
1831	85 
1832	73 
1833	1 
1834	154 
1835	200 
1836	155 
1837	1 
1838	141 
1839	93 
1840	205 
1841	82 
1842	23 
1843	66 
1844	186 
1845	111 200 
1846	185 
1847	188 
1848	52 
1849	79 
1850	223 
1851	155 
1852	70 
1853	121 190 
1854	118 
1855	125 
1856	213 
1857	13 
1858	206 
1859	82 
1860	71 
1861	46 
1862	212 
1863	55 
1864	66 
1865	15 
1866	142 
1867	19 212 
1868	30 
1869	8 
1870	125 
1871	20 
1872	35 
1873	186 189 
1874	168 
1875	221 
1876	123 
1877	171 
1878	101 
1879	203 
1880	17 
1881	129 
1882	186 
1883	7 
1884	144 
1885	53 
1886	111 
1887	44 
1888	212 
1889	122 
1890	104 
1891	212 
1892	186 208 
1893	15 
1894	112 
1895	214 
1896	43 
1897	201 
1898	132 
1899	153 
1900	207 
1901	169 
1902	182 
1903	102 
1904	98 
1905	38 
1906	148 
1907	79 
1908	102 
1909	107 
1910	77 
1911	175 
1912	42 223 
1913	168 
1914	123 
1915	197 
1916	11 
1917	145 
1918	192 
1919	61 
1920	189 
1921	206 
1922	89 108 
1923	135 
1924	154 
1925	15 
1926	15 
1927	14 
1928	167 172 
1929	17 
1930	53 
1931	19 
1932	131 
1933	83 
1934	43 
1935	79 
1936	201 
1937	70 
1938	141 
1939	52 
1940	101 
1941	41 
1942	68 
1943	184 
1944	53 
1945	152 
1946	212 
1947	212 
1948	38 
1949	210 
1950	31 
1951	122 
1952	137 
1953	15 
1954	81 
1955	59 
1956	209 
1957	112 
1958	31 
1959	76 
1960	137 
1961	148 
1962	100 
1963	66 
1964	169 
1965	80 
1966	71 
1967	213 
1968	144 
1969	21 
1970	131 
1971	166 
1972	65 
1973	163 
1974	41 
1975	135 
1976	217 
1977	170 
1978	64 
1979	137 
1980	211 
1981	206 
1982	5 85 
1983	55 
1984	78 
1985	89 
1986	82 
1987	114 
1988	113 
1989	162 
1990	159 
1991	57 142 
1992	25 
1993	68 
1994	91 
1995	50 144 
1996	61 
1997	125 
1998	121 
1999	130 
2000	94 
2001	19 
2002	70 
2003	59 
2004	175 
2005	23 
2006	107 
2007	87 
2008	217 
2009	115 
2010	193 212 
2011	66 
2012	212 
2013	21 
2014	52 200 
2015	151 
2016	206 
2017	164 
2018	163 
2019	53 74 
2020	120 
2021	181 
2022	172 
2023	5 
2024	56 92 
2025	131 
2026	199 
2027	162 
2028	74 
2029	51 
2030	63 
2031	105 
2032	87 
2033	140 
2034	153 
2035	221 
2036	74 
2037	34 118 
2038	63 
2039	66 
2040	108 
2041	59 
2042	149 
2043	6 105 
2044	59 198 
2045	52 213 
2046	115 213 
2047	13 
2048	160 
2049	185 
2050	24 
2051	145 
2052	222 
2053	74 
2054	199 
2055	77 
2056	216 
2057	172 
2058	56 
2059	216 
2060	42 118 
2061	41 225 
2062	206 
2063	141 167 
2064	27 
2065	211 
2066	83 
2067	55 
2068	142 201 
2069	198 
2070	83 180 
2071	41 
2072	221 
2073	57 
2074	175 
2075	66 
2076	155 
2077	53 
2078	81 
2079	107 
2080	5 
2081	90 
2082	71 
2083	88 
2084	149 
2085	213 
2086	201 
2087	147 
2088	126 
2089	95 
2090	41 
2091	102 
2092	103 
2093	172 
2094	52 
2095	32 
2096	83 
2097	57 
2098	11 
2099	220 
2100	155 
2101	9 
2102	55 
2103	33 
2104	183 
2105	167 
2106	81 
2107	160 
2108	209 
2109	130 
2110	155 
2111	33 
2112	59 
2113	212 
2114	142 
2115	45 
2116	221 
2117	222 
2118	127 
2119	166 
2120	106 
2121	149 
2122	146 
2123	23 213 
2124	33 
2125	224 
2126	105 
2127	104 
2128	48 
2129	113 
2130	29 
2131	68 
2132	140 
2133	65 
2134	101 
2135	24 
2136	16 
2137	101 
2138	116 131 
2139	220 
2140	18 
2141	21 81 
2142	14 
2143	27 
2144	102 
2145	212 
2146	149 
2147	214 
2148	190 
2149	40 
2150	38 
2151	192 
2152	112 
2153	137 
2154	205 
2155	171 
2156	158 
2157	63 
2158	144 
2159	41 
2160	157 
2161	8 117 
2162	189 
2163	60 
2164	69 
2165	201 
2166	167 
2167	88 
2168	9 
2169	43 
2170	154 
2171	124 
2172	131 
2173	41 
2174	146 
2175	97 
2176	169 
2177	6 
2178	47 
2179	162 
2180	55 
2181	137 
2182	63 
2183	97 
2184	150 
2185	156 
2186	122 
2187	204 
2188	102 
2189	90 
2190	192 
2191	205 
2192	150 
2193	2 
2194	101 
2195	1 
2196	191 
2197	78 
2198	5 
2199	126 172 
2200	204 
2201	79 
2202	14 
2203	187 215 
2204	55 
2205	175 
2206	211 
2207	13 
2208	10 
2209	172 
2210	200 
2211	46 
2212	224 
2213	186 
2214	66 91 
2215	182 
2216	56 
2217	212 
2218	13 
2219	163 
2220	14 
2221	201 
2222	11 36 
2223	129 
2224	168 
2225	55 
2226	26 
2227	223 
2228	214 
2229	107 
2230	35 
2231	220 
2232	172 
2233	215 
2234	85 
2235	125 
2236	112 
2237	162 
2238	50 
2239	209 
2240	112 
2241	34 
2242	81 
2243	139 
2244	176 
2245	5 
2246	38 
2247	112 
2248	104 
2249	222 
2250	113 
2251	45 
2252	159 
2253	137 
2254	103 
2255	87 
2256	35 
2257	84 197 
2258	6 
2259	61 
2260	34 
2261	43 
2262	193 
2263	85 147 
2264	201 
2265	81 
2266	21 
2267	64 
2268	52 
2269	106 
2270	102 
2271	217 
2272	92 
2273	167 
2274	186 
2275	32 
2276	58 
2277	199 
2278	139 
2279	34 
2280	66 
2281	31 112 
2282	148 
2283	71 
2284	177 
2285	82 
2286	185 
2287	180 
2288	39 
2289	28 184 
2290	146 
2291	109 
2292	22 
2293	200 
2294	91 
2295	30 
2296	10 80 
2297	64 
2298	206 
2299	211 
2300	19 
2301	155 
2302	89 
2303	145 
2304	137 
2305	71 
2306	159 
2307	165 
2308	136 
2309	5 
2310	225 
2311	212 
2312	224 
2313	221 
2314	53 185 
2315	143 
2316	112 
2317	42 
2318	187 
2319	114 
2320	46 
2321	21 
2322	85 
2323	163 
2324	60 
2325	95 
2326	179 
2327	53 
2328	87 
2329	6 225 
2330	223 
2331	171 
2332	14 
2333	94 
2334	147 
2335	38 
2336	142 
2337	38 126 
2338	53 
2339	34 
2340	168 
2341	2 
2342	158 
2343	28 
2344	158 206 
2345	187 
2346	95 
2347	85 
2348	34 
2349	41 
2350	109 
2351	45 
2352	33 
2353	190 
2354	69 
2355	61 152 
2356	49 
2357	119 
2358	131 
2359	3 
2360	37 
2361	205 
2362	164 
2363	59 
2364	49 
2365	39 
2366	140 
2367	33 
2368	74 
2369	13 62 
2370	163 
2371	80 
2372	7 
2373	12 
2374	152 
2375	210 
2376	181 
2377	28 
2378	81 
2379	199 
2380	203 
2381	171 
2382	205 
2383	192 198 
2384	6 
2385	189 
2386	177 
2387	12 
2388	20 
2389	63 180 
2390	18 
2391	30 
2392	3 
2393	85 
2394	140 
2395	29 
2396	164 
2397	92 
2398	143 
2399	137 
2400	186 
2401	39 
2402	142 
2403	174 
2404	221 
2405	40 
2406	68 
2407	221 
2408	215 
2409	172 
2410	83 
2411	190 
2412	146 
2413	107 
2414	159 
2415	1 
2416	177 
2417	66 138 
2418	13 
2419	138 
2420	87 
2421	9 101 
2422	121 
2423	108 
2424	126 
2425	33 
2426	44 
2427	82 
2428	130 157 
2429	156 
2430	79 
2431	43 
2432	56 
2433	50 
2434	139 
2435	169 
2436	147 
2437	162 
2438	46 
2439	222 
2440	198 
2441	46 
2442	116 
2443	128 
2444	60 139 
2445	178 
2446	80 
2447	53 
2448	122 
2449	5 221 
2450	201 
2451	127 
2452	201 
2453	219 
2454	167 
2455	180 
2456	6 
2457	71 
2458	78 
2459	89 
2460	104 
2461	102 138 
2462	58 72 
2463	171 
2464	33 
2465	146 
2466	32 
2467	84 
2468	131 
2469	45 166 
2470	107 
2471	195 
2472	154 
2473	16 
2474	129 
2475	66 
2476	34 
2477	135 
2478	160 
2479	64 106 
2480	40 
2481	209 
2482	154 
2483	212 
2484	193 
2485	46 
2486	118 
2487	151 
2488	123 
2489	130 
2490	181 
2491	84 
2492	48 
2493	185 
2494	180 
2495	225 
2496	151 
2497	133 155 
2498	46 71 
2499	172 
2500	10 
2501	54 
2502	117 
2503	11 
2504	30 
2505	96 
2506	192 
2507	59 
2508	103 
2509	46 
2510	69 
2511	115 
2512	33 
2513	172 
2514	45 
2515	85 
2516	11 
2517	107 
2518	123 
2519	95 
2520	80 
2521	106 116 
2522	43 
2523	83 
2524	200 
2525	7 133 
2526	39 
2527	195 
2528	225 
2529	5 
2530	173 
2531	208 
2532	48 
2533	35 
2534	46 
2535	46 61 
2536	83 
2537	70 217 
2538	33 
2539	162 
2540	198 
2541	15 
2542	137 
2543	143 
2544	175 
2545	13 
2546	69 
2547	148 
2548	5 158 
2549	95 
2550	192 
2551	34 138 
2552	153 
2553	109 202 
2554	190 
2555	186 
2556	214 
2557	66 
2558	72 
2559	182 
2560	64 
2561	189 
2562	186 
2563	76 
2564	113 
2565	152 
2566	75 
2567	5 49 
2568	187 
2569	142 
2570	167 
2571	88 
2572	21 
2573	215 
2574	193 
2575	2 
2576	49 
2577	67 
2578	206 
2579	78 
2580	75 
2581	160 
2582	22 135 
2583	71 
2584	136 
2585	86 
2586	13 
2587	46 
2588	177 
2589	105 
2590	138 
2591	43 
2592	29 
2593	147 
2594	179 
2595	223 
2596	57 
2597	113 
2598	186 
2599	210 
2600	150 
2601	50 
2602	8 
2603	114 
2604	206 
2605	58 
2606	58 
2607	22 
2608	96 
2609	130 
2610	161 
2611	221 
2612	136 
2613	35 
2614	58 
2615	38 
2616	71 
2617	197 
2618	146 
2619	21 
2620	185 
2621	178 
2622	212 
2623	24 
2624	120 
2625	5 
2626	35 
2627	186 
2628	139 
2629	50 
2630	90 
2631	42 
2632	187 
2633	139 
2634	164 
2635	113 
2636	6 
2637	175 
2638	29 214 
2639	92 
2640	158 
2641	24 
2642	185 
2643	125 
2644	141 
2645	73 
2646	14 
2647	124 
2648	32 
2649	98 
2650	51 
2651	126 
2652	173 
2653	76 129 
2654	139 
2655	102 
2656	13 
2657	20 
2658	166 
2659	146 
2660	193 
2661	33 
2662	221 
2663	20 
2664	92 
2665	221 
2666	95 
2667	115 
2668	199 
2669	188 
2670	44 
2671	204 
2672	136 
2673	157 
2674	198 
2675	21 
2676	106 
2677	50 
2678	158 
2679	3 
2680	155 
2681	72 
2682	4 72 
2683	88 
2684	207 
2685	189 
2686	214 
2687	169 
2688	220 
2689	113 
2690	115 
2691	82 190 
2692	200 
2693	14 
2694	26 
2695	134 
2696	188 
2697	88 
2698	206 221 
2699	223 
2700	37 
2701	166 
2702	50 
2703	16 
2704	45 141 
2705	24 
2706	207 
2707	167 
2708	72 
2709	81 
2710	101 
2711	64 
2712	212 
2713	123 
2714	11 
2715	19 139 
2716	147 
2717	176 
2718	13 
2719	142 
2720	71 
2721	179 
2722	195 
2723	92 198 
2724	175 
2725	26 105 
2726	137 
2727	221 
2728	182 
2729	66 
2730	88 
2731	217 
2732	152 185 
2733	112 
2734	14 
2735	125 
2736	151 
2737	26 
2738	5 
2739	164 
2740	41 
2741	167 
2742	41 
2743	163 
2744	43 50 
2745	83 112 
2746	112 
2747	24 
2748	87 
2749	177 
2750	9 
2751	153 
2752	16 
2753	163 
2754	63 
2755	37 
2756	136 
2757	198 
2758	49 
2759	96 
2760	154 
2761	185 
2762	43 
2763	49 
2764	106 
2765	76 
2766	122 
2767	115 139 
2768	16 
2769	191 
2770	47 
2771	95 
2772	170 
2773	13 
2774	39 
2775	29 
2776	212 
2777	71 
2778	83 
2779	11 
2780	68 
2781	136 
2782	5 
2783	2 
2784	159 
2785	93 
2786	167 
2787	102 
2788	139 
2789	161 
2790	136 
2791	93 
2792	152 
2793	184 185 
2794	189 
2795	45 
2796	176 
2797	34 
2798	56 
2799	109 
2800	151 
2801	221 
2802	15 
2803	200 
2804	58 
2805	149 
2806	147 
2807	137 158 
2808	217 
2809	149 
2810	126 
2811	58 
2812	80 
2813	30 177 
2814	69 
2815	190 
2816	54 
2817	41 
2818	21 
2819	83 
2820	75 
2821	107 
2822	164 
2823	65 98 
2824	63 107 
2825	115 
2826	62 225 
2827	219 
2828	217 
2829	5 
2830	126 
2831	136 205 
2832	11 94 
2833	175 
2834	14 
2835	17 
2836	45 
2837	56 
2838	125 
2839	171 
2840	125 
2841	30 
2842	97 
2843	13 
2844	118 
2845	89 
2846	94 
2847	56 
2848	190 
2849	120 
2850	111 
2851	48 74 
2852	88 
2853	129 
2854	38 
2855	99 
2856	138 197 
2857	85 
2858	157 175 
2859	45 
2860	131 
2861	43 
2862	185 
2863	7 
2864	80 
2865	82 
2866	186 
2867	216 
2868	42 
2869	10 
2870	49 
2871	56 
2872	35 
2873	152 
2874	137 
2875	192 
2876	202 
2877	84 
2878	111 
2879	121 
2880	72 
2881	46 180 
2882	8 
2883	98 
2884	127 
2885	16 146 
2886	1 
2887	130 
2888	180 
2889	159 
2890	199 
2891	179 
2892	199 
2893	184 
2894	45 
2895	52 131 
2896	150 
2897	13 
2898	35 
2899	129 
2900	84 
2901	183 
2902	214 
2903	2 
2904	66 
2905	1 
2906	126 
2907	123 
2908	13 
2909	200 
2910	77 
2911	100 
2912	14 
2913	112 
2914	68 221 
2915	81 
2916	177 
2917	207 
2918	46 
2919	21 
2920	104 
2921	12 
2922	224 
2923	141 210 
2924	132 
2925	91 
2926	193 
2927	51 
2928	176 
2929	44 
2930	134 
2931	120 
2932	60 
2933	164 
2934	122 176 
2935	82 
2936	178 
2937	50 
2938	186 
2939	147 
2940	47 
2941	61 
2942	126 
2943	138 
2944	57 
2945	60 
2946	112 
2947	142 
2948	186 
2949	85 
2950	195 
2951	53 
2952	38 
2953	99 
2954	181 
2955	61 
2956	56 
2957	130 
2958	40 
2959	107 
2960	38 
2961	34 
2962	175 
2963	53 
2964	150 
2965	122 
2966	206 
2967	202 
2968	157 
2969	159 
2970	116 
2971	115 
2972	27 
2973	139 151 
2974	45 
2975	180 
2976	137 
2977	10 
2978	109 
2979	17 
2980	128 
2981	17 
2982	164 
2983	61 
2984	107 
2985	55 
2986	19 
2987	150 
2988	197 
2989	85 
2990	119 
2991	225 
2992	153 
2993	64 
2994	107 
2995	224 
2996	158 
2997	26 
2998	162 
2999	66 
3000	158 
3001	190 
3002	25 
3003	43 
3004	140 
3005	100 
3006	123 
3007	106 
3008	180 
3009	110 
3010	208 
3011	204 
3012	201 
3013	64 
3014	13 
3015	192 207 
3016	34 
3017	21 
3018	149 
3019	220 
3020	108 
3021	17 
3022	131 
3023	106 
3024	21 
3025	154 
3026	209 
3027	205 
3028	43 
3029	132 
3030	101 158 
3031	199 
3032	83 
3033	183 
3034	60 
3035	150 
3036	55 151 
3037	156 
3038	85 
3039	136 
3040	119 
3041	9 
3042	55 
3043	90 
3044	172 
3045	89 
3046	30 192 
3047	12 
3048	169 
3049	92 
3050	56 
3051	134 
3052	3 126 
3053	175 
3054	200 
3055	112 
3056	164 
3057	21 174 
3058	204 
3059	201 
3060	104 
3061	146 
3062	110 
3063	159 
3064	59 110 
3065	23 
3066	54 209 
3067	51 
3068	198 
3069	166 
3070	112 
3071	15 
3072	38 
3073	137 
3074	82 
3075	102 
3076	86 
3077	217 
3078	74 
3079	7 
3080	199 
3081	202 
3082	21 44 
3083	192 195 
3084	172 
3085	172 
3086	78 
3087	1 
3088	19 
3089	204 
3090	46 
3091	212 
3092	175 
3093	203 
3094	121 
3095	19 
3096	35 
3097	134 
3098	195 
3099	201 
3100	210 
3101	87 
3102	192 
3103	189 
3104	185 
3105	41 
3106	218 
3107	76 
3108	216 
3109	135 
3110	26 
3111	67 
3112	79 131 
3113	121 
3114	222 
3115	6 
3116	106 
3117	62 
3118	202 
3119	145 
3120	71 
3121	156 
3122	45 
3123	82 
3124	90 
3125	81 
3126	41 
3127	60 149 
3128	146 210 
3129	135 
3130	69 
3131	192 
3132	101 
3133	15 
3134	14 78 
3135	16 
3136	31 126 
3137	189 
3138	211 
3139	102 
3140	33 
3141	107 
3142	163 
3143	7 
3144	30 32 
3145	198 
3146	219 
3147	31 
3148	80 
3149	44 
3150	75 
3151	110 
3152	17 
3153	166 
3154	179 
3155	162 
3156	6 211 
3157	155 
3158	164 
3159	5 
3160	120 
3161	182 
3162	205 
3163	77 
3164	201 
3165	142 143 
3166	34 
3167	26 
3168	21 199 
3169	138 141 
3170	31 
3171	182 
3172	123 
3173	137 
3174	150 
3175	207 
3176	127 
3177	14 206 
3178	1 
3179	173 
3180	223 
3181	77 
3182	201 
3183	36 
3184	143 
3185	91 
3186	123 
3187	80 
3188	79 
3189	88 
3190	66 
3191	9 
3192	19 
3193	124 
3194	144 
3195	67 
3196	90 
3197	21 171 
3198	38 
3199	67 
3200	22 
3201	80 
3202	103 
3203	159 
3204	159 
3205	115 
3206	64 
3207	30 34 
3208	204 
3209	161 207 
3210	84 
3211	209 
3212	5 
3213	84 
3214	81 
3215	165 
3216	162 
3217	224 
3218	112 
3219	171 
3220	159 
3221	215 
3222	33 
3223	77 
3224	160 
3225	141 
3226	184 
3227	214 
3228	16 108 
3229	60 
3230	115 
3231	53 
3232	91 
3233	16 
3234	194 
3235	217 
3236	103 
3237	71 
3238	148 
3239	168 
3240	38 
3241	149 
3242	64 122 
3243	207 
3244	79 
3245	137 
3246	7 
3247	189 
3248	168 
3249	200 
3250	162 
3251	84 
3252	110 164 
3253	184 
3254	213 
3255	29 175 
3256	11 
3257	117 
3258	163 
3259	66 
3260	171 
3261	71 
3262	169 
3263	5 
3264	133 
3265	170 
3266	60 
3267	74 
3268	164 
3269	160 
3270	125 
3271	225 
3272	208 
3273	85 
3274	21 
3275	32 
3276	201 
3277	52 
3278	31 
3279	213 
3280	198 
3281	61 
3282	115 
3283	58 
3284	168 
3285	53 
3286	121 
3287	10 
3288	58 
3289	60 
3290	62 
3291	75 
3292	66 
3293	224 
3294	53 
3295	223 
3296	75 
3297	126 
3298	198 
3299	180 
3300	36 
3301	137 
3302	83 
3303	13 
3304	102 
3305	36 56 
3306	77 
3307	150 
3308	167 
3309	9 
3310	164 
3311	197 
3312	19 185 
3313	3 
3314	2 45 
3315	10 162 
3316	205 
3317	128 
3318	220 
3319	165 
3320	122 
3321	15 
3322	200 
3323	26 
3324	136 
3325	118 190 
3326	185 
3327	198 
3328	7 
3329	82 
3330	68 
3331	140 
3332	103 
3333	80 224 
3334	194 
3335	167 
3336	74 
3337	104 
3338	13 
3339	217 
3340	47 
3341	116 
3342	56 
3343	205 
3344	17 
3345	49 
3346	96 
3347	51 
3348	160 
3349	172 
3350	185 
3351	102 
3352	72 
3353	17 
3354	209 
3355	89 
3356	183 214 
3357	125 
3358	91 
3359	159 
3360	93 
3361	17 
3362	88 
3363	224 
3364	225 
3365	115 
3366	80 
3367	141 
3368	38 
3369	83 
3370	127 
3371	28 
3372	108 
3373	121 
3374	155 
3375	192 
3376	84 
3377	50 
3378	105 181 
3379	85 
3380	207 
3381	50 
3382	68 
3383	41 
3384	182 
3385	114 
3386	217 
3387	105 
3388	61 
3389	23 
3390	139 
3391	135 178 
3392	207 
3393	95 
3394	18 173 
3395	62 103 
3396	16 
3397	197 
3398	160 
3399	82 
3400	204 
3401	18 
3402	58 
3403	7 
3404	85 
3405	142 
3406	38 
3407	18 
3408	117 
3409	147 
3410	12 
3411	106 
3412	63 
3413	76 
3414	38 
3415	159 
3416	72 
3417	16 190 
3418	136 206 
3419	55 
3420	85 
3421	221 
3422	55 
3423	225 
3424	123 
3425	109 
3426	12 
3427	198 
3428	103 223 
3429	82 
3430	84 
3431	213 
3432	145 178 
3433	71 
3434	118 
3435	39 
3436	206 
3437	46 138 
3438	104 
3439	67 
3440	138 
3441	64 
3442	190 
3443	185 
3444	167 
3445	83 
3446	185 
3447	83 
3448	44 206 
3449	5 
3450	92 
3451	115 
3452	163 
3453	57 
3454	57 
3455	22 
3456	128 
3457	223 
3458	20 
3459	114 
3460	37 
3461	53 
3462	88 
3463	149 
3464	99 
3465	18 
3466	215 
3467	191 
3468	176 
3469	28 
3470	43 
3471	208 
3472	146 
3473	41 
3474	199 
3475	49 
3476	85 
3477	173 
3478	212 
3479	75 
3480	221 
3481	193 201 
3482	211 
3483	198 
3484	48 
3485	203 
3486	133 
3487	136 
3488	26 
3489	31 
3490	149 
3491	70 
3492	142 184 
3493	116 
3494	80 
3495	216 
3496	27 
3497	126 
3498	109 
3499	142 
3500	75 102 
3501	105 141 
3502	15 33 
3503	157 
3504	53 
3505	121 
3506	54 
3507	107 
3508	225 
3509	175 
3510	221 
3511	195 
3512	180 
3513	94 
3514	209 
3515	30 
3516	56 63 
3517	172 
3518	180 
3519	189 
3520	162 
3521	28 197 
3522	174 
3523	36 171 
3524	194 
3525	9 
3526	62 
3527	169 
3528	219 
3529	181 
3530	212 
3531	28 
3532	41 57 
3533	145 
3534	108 
3535	67 
3536	131 
3537	187 
3538	129 
3539	110 
3540	109 
3541	95 
3542	199 
3543	77 
3544	155 
3545	181 
3546	60 
3547	180 
3548	188 
3549	175 
3550	56 
3551	125 200 
3552	207 
3553	171 
3554	116 
3555	9 
3556	190 
3557	171 
3558	189 
3559	53 
3560	6 
3561	162 
3562	80 
3563	76 
3564	28 
3565	19 204 
3566	88 
3567	166 
3568	204 
3569	4 
3570	166 
3571	46 
3572	116 
3573	135 
3574	118 
3575	47 
3576	104 
3577	120 
3578	225 
3579	116 
3580	40 170 
3581	34 
3582	31 185 
3583	214 
3584	58 
3585	107 156 
3586	49 97 
3587	101 
3588	203 
3589	42 
3590	172 
3591	137 
3592	186 
3593	23 
3594	37 
3595	99 
3596	61 
3597	61 
3598	172 
3599	55 134 
3600	45 
3601	101 
3602	214 
3603	72 
3604	129 
3605	207 
3606	18 
3607	197 
3608	79 
3609	211 
3610	205 
3611	65 
3612	82 
3613	129 178 
3614	28 
3615	162 
3616	89 136 
3617	221 
3618	219 
3619	44 
3620	15 114 
3621	154 
3622	211 
3623	15 
3624	117 
3625	85 
3626	160 
3627	30 
3628	202 
3629	150 
3630	181 
3631	211 
3632	121 
3633	190 
3634	44 
3635	206 
3636	95 99 
3637	173 
3638	92 
3639	132 
3640	149 
3641	34 
3642	80 
3643	85 
3644	116 
3645	115 
3646	200 
3647	55 207 
3648	54 
3649	177 
3650	92 
3651	93 
3652	200 
3653	71 
3654	223 
3655	106 
3656	34 
3657	160 192 
3658	88 
3659	154 
3660	60 
3661	181 
3662	41 
3663	198 
3664	202 
3665	75 
3666	38 
3667	46 
3668	154 
3669	130 
3670	56 212 
3671	84 
3672	131 
3673	126 
3674	41 
3675	93 
3676	116 
3677	176 
3678	114 
3679	225 
3680	54 
3681	88 
3682	171 
3683	120 
3684	129 
3685	102 162 
3686	162 
3687	208 
3688	57 
3689	43 
3690	154 207 
3691	132 
3692	164 
3693	78 134 
3694	207 
3695	43 
3696	211 
3697	103 
3698	172 
3699	52 
3700	139 
3701	58 
3702	49 
3703	38 
3704	49 131 
3705	66 
3706	154 
3707	216 
3708	221 
3709	151 
3710	34 222 
3711	140 
3712	180 
3713	91 
3714	84 
3715	167 
3716	198 
3717	104 
3718	223 
3719	36 
3720	130 
3721	163 
3722	78 
3723	150 202 
3724	160 
3725	38 
3726	41 
3727	4 
3728	30 
3729	208 
3730	157 
3731	202 
3732	180 
3733	21 
3734	42 
3735	53 182 
3736	55 91 
3737	139 
3738	53 
3739	165 
3740	2 
3741	32 
3742	159 
3743	204 
3744	73 
3745	90 
3746	146 
3747	134 
3748	60 
3749	46 
3750	206 
3751	193 
3752	124 
3753	57 181 
3754	37 
3755	200 
3756	129 
3757	31 
3758	154 
3759	137 
3760	182 
3761	48 
3762	56 
3763	69 
3764	49 
3765	56 
3766	64 
3767	142 
3768	115 
3769	86 
3770	85 91 
3771	84 
3772	35 
3773	30 
3774	103 
3775	118 
3776	15 
3777	76 
3778	71 
3779	106 
3780	139 
3781	45 
3782	61 
3783	164 
3784	28 
3785	87 
3786	82 
3787	76 
3788	132 
3789	86 
3790	45 
3791	212 
3792	118 207 
3793	55 
3794	105 
3795	220 
3796	189 
3797	148 
3798	224 
3799	89 
3800	41 121 
3801	168 
3802	199 
3803	61 
3804	187 
3805	17 
3806	45 112 
3807	51 
3808	112 
3809	38 79 
3810	223 
3811	60 
3812	196 
3813	150 
3814	96 
3815	141 
3816	61 65 
3817	105 
3818	157 
3819	133 
3820	140 
3821	118 
3822	112 
3823	124 
3824	58 
3825	141 
3826	133 
3827	221 
3828	64 
3829	199 
3830	75 
3831	89 
3832	121 
3833	45 103 
3834	180 
3835	81 
3836	207 
3837	28 
3838	180 
3839	19 
3840	93 
3841	5 
3842	121 
3843	175 
3844	6 
3845	207 
3846	13 68 
3847	73 180 
3848	207 
3849	48 
3850	217 
3851	146 
3852	136 
3853	12 
3854	116 
3855	33 190 
3856	131 
3857	147 183 
3858	101 
3859	198 
3860	168 
3861	12 
3862	8 
3863	4 
3864	162 
3865	9 
3866	55 
3867	10 
3868	142 
3869	38 
3870	48 
3871	19 
3872	142 
3873	28 
3874	225 
3875	53 
3876	212 
3877	84 
3878	217 
3879	221 
3880	192 
3881	8 95 
3882	30 
3883	176 
3884	56 
3885	157 
3886	122 
3887	185 209 
3888	97 
3889	53 55 
3890	31 
3891	113 
3892	75 
3893	16 
3894	31 
3895	13 
3896	28 
3897	171 
3898	209 
3899	213 
3900	197 
3901	1 
3902	33 
3903	80 
3904	11 
3905	34 
3906	60 
3907	163 
3908	107 
3909	75 
3910	19 
3911	19 
3912	183 
3913	159 
3914	32 
3915	23 
3916	157 177 
3917	178 
3918	219 
3919	2 
3920	110 
3921	38 214 
3922	33 
3923	55 
3924	203 
3925	126 
3926	13 
3927	11 
3928	103 
3929	122 
3930	177 
3931	84 
3932	84 
3933	183 
3934	21 169 
3935	76 
3936	179 
3937	110 
3938	23 
3939	112 
3940	63 
3941	136 
3942	161 
3943	123 
3944	60 
3945	136 
3946	67 
3947	58 
3948	137 
3949	7 
3950	225 
3951	156 196 
3952	212 
3953	148 
3954	85 
3955	140 180 
3956	154 
3957	164 
3958	182 
3959	5 
3960	139 
3961	214 
3962	17 
3963	192 
3964	118 
3965	114 
3966	166 
3967	215 
3968	185 
3969	138 
3970	209 
3971	82 
3972	155 
3973	158 
3974	203 
3975	130 
3976	142 
3977	38 
3978	92 
3979	191 
3980	145 
3981	224 
3982	97 
3983	50 
3984	45 
3985	69 
3986	55 
3987	21 
3988	107 
3989	13 
3990	31 
3991	171 
3992	35 
3993	115 
3994	17 
3995	43 
3996	80 
3997	166 
3998	95 
3999	211 
4000	157 
4001	219 
4002	184 
4003	146 
4004	219 
4005	110 118 
4006	171 
4007	193 
4008	81 
4009	146 
4010	86 
4011	132 
4012	200 
4013	213 
4014	166 
4015	158 
4016	180 
4017	71 
4018	43 
4019	178 
4020	130 
4021	56 
4022	90 
4023	61 
4024	117 
4025	108 
4026	74 
4027	58 
4028	145 
4029	195 
4030	110 
4031	120 
4032	49 
4033	52 
4034	190 
4035	112 
4036	51 
4037	175 
4038	45 
4039	201 
4040	158 
4041	31 
4042	165 
4043	193 
4044	121 
4045	6 
4046	140 
4047	56 
4048	21 136 
4049	72 
4050	142 
4051	71 
4052	213 
4053	110 
4054	219 
4055	136 186 
4056	123 
4057	50 
4058	149 
4059	149 
4060	71 
4061	164 
4062	50 158 
4063	47 
4064	85 
4065	143 222 
4066	185 
4067	55 
4068	59 
4069	32 
4070	45 
4071	124 
4072	212 
4073	193 
4074	62 
4075	190 
4076	62 
4077	30 
4078	53 
4079	137 
4080	102 
4081	223 
4082	84 
4083	140 
4084	190 
4085	15 222 
4086	30 139 
4087	183 
4088	122 
4089	214 
4090	79 
4091	49 
4092	181 
4093	66 
4094	139 
4095	224 
4096	214 
4097	155 
4098	19 78 
4099	110 
4100	154 160 
4101	78 
4102	156 
4103	198 
4104	142 
4105	69 
4106	149 
4107	89 163 
4108	205 
4109	103 
4110	217 
4111	62 
4112	3 
4113	90 
4114	107 
4115	84 
4116	61 
4117	118 
4118	157 
4119	69 
4120	53 
4121	117 
4122	6 
4123	177 
4124	207 
4125	129 
4126	193 
4127	11 216 
4128	181 
4129	6 69 
4130	84 
4131	193 
4132	66 
4133	107 
4134	116 
4135	4 
4136	59 
4137	101 
4138	58 
4139	3 164 
4140	146 
4141	217 
4142	84 
4143	177 
4144	146 
4145	83 
4146	150 
4147	141 
4148	2 
4149	186 
4150	112 
4151	90 106 
4152	11 
4153	13 166 
4154	221 
4155	125 
4156	51 
4157	118 
4158	96 110 
4159	152 
4160	50 
4161	186 
4162	60 
4163	159 
4164	217 
4165	32 
4166	132 
4167	83 
4168	177 
4169	69 
4170	141 
4171	159 
4172	67 
4173	68 
4174	45 
4175	55 
4176	32 
4177	123 
4178	67 
4179	58 
4180	19 
4181	52 110 
4182	45 
4183	181 
4184	117 
4185	52 
4186	88 
4187	60 
4188	15 100 
4189	152 
4190	16 150 
4191	125 
4192	193 
4193	90 
4194	118 
4195	187 
4196	180 
4197	80 206 
4198	11 
4199	186 
4200	182 
4201	61 157 
4202	216 
4203	90 
4204	72 214 
4205	185 
4206	166 
4207	121 203 
4208	126 
4209	16 201 
4210	55 
4211	117 
4212	182 
4213	72 154 
4214	198 
4215	88 
4216	66 
4217	122 
4218	31 
4219	9 
4220	198 
4221	34 225 
4222	225 
4223	90 168 
4224	103 
4225	216 
4226	172 
4227	189 
4228	34 
4229	122 
4230	90 
4231	64 
4232	142 
4233	141 187 
4234	126 
4235	44 
4236	58 
4237	3 
4238	158 
4239	72 
4240	206 
4241	124 158 
4242	55 
4243	2 
4244	160 
4245	63 
4246	184 
4247	106 
4248	140 
4249	206 
4250	213 
4251	2 32 
4252	137 
4253	21 
4254	142 
4255	2 
4256	18 
4257	142 
4258	52 
4259	14 
4260	207 
4261	103 
4262	161 
4263	41 
4264	6 30 
4265	15 
4266	204 
4267	176 
4268	3 
4269	30 
4270	142 
4271	115 
4272	146 
4273	85 
4274	147 
4275	89 
4276	35 
4277	13 
4278	213 
4279	149 
4280	19 
4281	5 124 
4282	158 
4283	150 
4284	69 
4285	138 
4286	55 223 
4287	198 
4288	180 
4289	200 
4290	5 
4291	102 
4292	80 
4293	102 
4294	158 
4295	11 120 
4296	110 
4297	7 
4298	200 
4299	212 
4300	11 
4301	221 
4302	34 
4303	90 
4304	112 220 
4305	16 
4306	7 
4307	116 
4308	139 
4309	103 
4310	184 
4311	223 
4312	31 
4313	172 
4314	32 
4315	105 
4316	64 
4317	131 
4318	71 140 
4319	30 
4320	175 
4321	162 
4322	15 
4323	112 
4324	125 196 
4325	169 
4326	69 
4327	69 
4328	85 
4329	92 
4330	56 
4331	46 
4332	116 
4333	80 
4334	79 
4335	157 
4336	167 
4337	30 
4338	57 
4339	50 200 
4340	28 
4341	183 
4342	84 
4343	147 
4344	177 
4345	216 
4346	162 
4347	34 46 
4348	198 
4349	112 
4350	53 82 
4351	129 
4352	212 
4353	159 
4354	63 
4355	183 
4356	139 
4357	41 
4358	61 
4359	167 
4360	149 
4361	98 
4362	138 
4363	54 93 
4364	167 168 
4365	11 
4366	206 
4367	181 
4368	122 
4369	106 
4370	131 
4371	121 183 
4372	79 
4373	126 198 
4374	60 
4375	61 
4376	206 
4377	121 
4378	163 
4379	171 
4380	69 
4381	172 
4382	137 
4383	11 
4384	115 
4385	225 
4386	185 
4387	199 
4388	158 
4389	221 
4390	44 
4391	78 86 
4392	167 
4393	56 
4394	38 56 
4395	115 
4396	195 
4397	22 50 
4398	8 
4399	18 
4400	2 
4401	71 
4402	129 
4403	206 
4404	159 
4405	140 
4406	225 
4407	107 
4408	46 
4409	136 
4410	19 
4411	211 
4412	118 
4413	31 
4414	186 
4415	56 
4416	6 
4417	35 142 
4418	121 
4419	184 
4420	19 
4421	154 
4422	80 
4423	217 
4424	40 174 
4425	56 174 
4426	4 174 
4427	58 
4428	41 
4429	141 
4430	181 
4431	104 
4432	101 
4433	15 195 
4434	61 104 
4435	102 
4436	217 
4437	136 
4438	164 
4439	69 
4440	44 
4441	217 
4442	167 
4443	105 
4444	115 
4445	90 
4446	186 
4447	34 
4448	122 
4449	126 
4450	20 214 
4451	85 
4452	71 
4453	221 
4454	15 
4455	38 
4456	20 88 
4457	149 
4458	141 
4459	34 
4460	167 
4461	53 
4462	79 
4463	121 
4464	142 
4465	217 
4466	31 
4467	122 
4468	46 
4469	35 216 
4470	110 
4471	22 53 
4472	139 
4473	180 
4474	129 172 
4475	58 170 
4476	18 
4477	206 
4478	21 
4479	19 
4480	105 
4481	71 
4482	138 
4483	33 
4484	45 
4485	41 
4486	193 
4487	35 
4488	121 
4489	18 44 
4490	157 
4491	154 
4492	17 
4493	120 130 
4494	217 
4495	181 188 
4496	51 87 
4497	44 
4498	85 
4499	201 
4500	131 
4501	32 
4502	190 
4503	53 
4504	58 
4505	128 156 
4506	183 
4507	115 
4508	30 
4509	102 187 
4510	195 
4511	57 
4512	129 
4513	136 
4514	106 
4515	15 
4516	46 
4517	201 
4518	200 
4519	90 
4520	107 
4521	55 
4522	80 
4523	21 
4524	115 
4525	61 
4526	74 
4527	162 
4528	141 
4529	57 89 
4530	88 
4531	72 
4532	19 
4533	74 
4534	141 
4535	131 
4536	140 
4537	225 
4538	137 
4539	56 
4540	74 
4541	84 
4542	104 
4543	121 191 
4544	71 
4545	55 
4546	21 
4547	33 
4548	121 
4549	162 
4550	80 
4551	21 
4552	44 
4553	159 
4554	66 
4555	126 
4556	166 206 
4557	201 
4558	175 
4559	74 
4560	50 
4561	159 
4562	46 
4563	201 
4564	34 167 
4565	126 
4566	158 
4567	17 
4568	38 
4569	75 
4570	80 
4571	46 175 
4572	125 
4573	60 
4574	43 
4575	166 
4576	89 
4577	205 
4578	16 55 
4579	55 177 
4580	15 
4581	18 139 
4582	15 61 
4583	72 73 
4584	106 
4585	211 
4586	180 
4587	155 
4588	127 225 
4589	17 
4590	172 
4591	171 
4592	166 
4593	66 
4594	19 
4595	121 
4596	142 196 
4597	223 
4598	136 157 
4599	15 
4600	131 
4601	56 
4602	118 
4603	137 
4604	137 
4605	171 
4606	50 
4607	17 
4608	154 
4609	126 
4610	59 
4611	44 
4612	16 
4613	11 
4614	53 171 
4615	58 
4616	205 
4617	156 158 
4618	123 
4619	51 181 
4620	102 
4621	103 
4622	49 176 
4623	41 
4624	116 
4625	123 
4626	129 
4627	115 199 
4628	142 
4629	37 44 
4630	199 
4631	11 131 
4632	175 
4633	3 140 
4634	214 
4635	5 154 
4636	118 
4637	21 53 
4638	175 
4639	142 
4640	118 
4641	17 
4642	198 
4643	64 
4644	59 
4645	150 
4646	38 
4647	131 
4648	80 
4649	66 
4650	139 
4651	191 193 
4652	164 
4653	34 
4654	201 
4655	122 
4656	35 63 
4657	5 
4658	158 
4659	14 
4660	58 
4661	38 
4662	185 
4663	50 
4664	13 142 
4665	64 
4666	110 
4667	5 
4668	63 
4669	82 
4670	89 
4671	139 
4672	49 
4673	205 
4674	150 
4675	16 
4676	142 
4677	38 
4678	45 
4679	80 
4680	30 
4681	69 
4682	15 
4683	171 
4684	45 
4685	71 
4686	123 
4687	139 
4688	214 
4689	72 
4690	129 
4691	55 
4692	150 171 
4693	144 155 
4694	167 
4695	129 
4696	190 
4697	63 
4698	41 
4699	166 
4700	58 167 
4701	103 
4702	201 
4703	50 
4704	167 
4705	110 
4706	129 
4707	110 
4708	7 206 
4709	49 
4710	211 
4711	90 
4712	171 
4713	38 40 
4714	64 
4715	115 
4716	142 
4717	103 
4718	60 
4719	121 
4720	129 151 
4721	21 
4722	159 
4723	105 129 
4724	142 
4725	137 
4726	175 
4727	118 
4728	167 
4729	158 
4730	50 107 
4731	52 169 
4732	72 
4733	122 
4734	142 156 
4735	131 
4736	102 
4737	83 163 
4738	110 
4739	118 121 
4740	205 
4741	25 57 
4742	175 
4743	15 
4744	49 
4745	175 
4746	211 
4747	225 
4748	158 
4749	136 
4750	190 
4751	207 
4752	121 
4753	123 
4754	85 102 
4755	66 
4756	141 
4757	55 
4758	159 
4759	146 
4760	84 
4761	119 139 
4762	72 
4763	110 
4764	167 
4765	115 123 
4766	171 
4767	129 
4768	180 
4769	166 
4770	171 
4771	212 
4772	46 
4773	17 97 
4774	121 
4775	136 
4776	72 
4777	150 
4778	205 
4779	71 
4780	201 210 
4781	129 
4782	85 175 
4783	112 
4784	102 
4785	107 
4786	41 
4787	83 
4788	142 
4789	2 89 
4790	57 138 
4791	13 
4792	185 
4793	185 
4794	25 129 
4795	53 
4796	61 
4797	141 
4798	118 
4799	190 
4800	38 
4801	84 
4802	211 
4803	34 
4804	166 
4805	19 
4806	13 
4807	171 
4808	190 
4809	142 
4810	207 
4811	31 
4812	91 208 
4813	146 
4814	146 
4815	64 158 
4816	51 76 
4817	34 
4818	217 
4819	65 213 
4820	225 
4821	136 
4822	90 
4823	142 
4824	175 
4825	225 
4826	175 207 
4827	38 
4828	85 
4829	186 
4830	58 
4831	164 
4832	190 
4833	139 
4834	49 159 
4835	80 
4836	56 
4837	80 
4838	34 165 
4839	21 
4840	126 161 
4841	136 
4842	21 
4843	115 
4844	175 
4845	14 
4846	80 
4847	221 
4848	126 
4849	55 
4850	139 
4851	166 
4852	14 191 
4853	46 
4854	14 
4855	126 
4856	83 163 
4857	61 
4858	90 179 
4859	61 64 
4860	206 
4861	50 
4862	141 
4863	225 
4864	129 
4865	80 
4866	66 
4867	166 
4868	81 167 
4869	46 
4870	112 129 
4871	225 
4872	31 
4873	136 
4874	38 
4875	85 
4876	64 102 
4877	131 
4878	175 
4879	185 
4880	121 
4881	129 
4882	164 
4883	56 
4884	41 
4885	15 
4886	84 
4887	142 
4888	19 
4889	53 
4890	53 
4891	5 
4892	158 
4893	56 
4894	158 
4895	175 
4896	13 
4897	190 
4898	207 
4899	90 168 
4900	107 129 
4901	46 
4902	118 
4903	137 166 
4904	38 
4905	115 
4906	115 
4907	175 
4908	141 194 
4909	98 116 
4910	167 
4911	201 
4912	118 
4913	45 
4914	115 
4915	190 
4916	45 
4917	139 
4918	41 212 
4919	154 
4920	5 
4921	167 
4922	19 145 
4923	30 
4924	21 
4925	175 
4926	118 
4927	59 121 
4928	21 
4929	56 
4930	207 
4931	80 
4932	53 
4933	46 
4934	38 
4935	21 
4936	71 
4937	56 
4938	115 
4939	56 71 
4940	53 
4941	30 
4942	19 
4943	185 
4944	190 
4945	184 225 
4946	80 166 
4947	139 
4948	17 221 
4949	85 
4950	129 
4951	139 
4952	206 
4953	175 
4954	45 
4955	158 176 
4956	21 
4957	166 
4958	166 
4959	207 
4960	207 
4961	121 
4962	201 
4963	45 
4964	84 
4965	64 213 
4966	118 204 
4967	31 189 
4968	85 
4969	45 
4970	139 
4971	132 166 
4972	109 212 
4973	21 
4974	48 61 
4975	201 
4976	167 
4977	207 
4978	139 
4979	201 
4980	15 
4981	137 
4982	30 
4983	85 
4984	59 61 
4985	121 
4986	190 
4987	14 101 
4988	190 
4989	121 211 
4990	225 
4991	16 147 
4992	221 
4993	132 212 
4994	166 218 
4995	225 
4996	121 
4997	139 
4998	63 166 
4999	221 
5000	51 217 
