1 4977
2 4054
3 3699
4 4733
5 4981
6 3744
7 4999
8 4361
9 4964
10 3900
11 3051
12 4771
13 4306
14 4896
15 4862
16 2990
17 4862
18 4102
19 4506
20 4988
21 4979
22 4480
23 3340
24 3777
25 4143
26 4936
27 4919
28 4644
29 4855
30 4849
31 4645
32 3754
33 4813
34 4763
35 4952
36 4964
37 4996
38 4940
39 4345
40 3965
41 4931
42 4589
43 4862
44 4940
45 4857
46 4926
47 4143
48 4952
49 4642
50 4919
51 3979
52 2592
53 3915
54 3744
55 4268
56 4102
57 4823
58 3777
59 4439
60 3713
61 4439
62 4855
63 3972
64 4717
65 4135
66 4611
67 2526
68 4982
69 4979
70 4613
71 4630
72 4979
73 4143
74 3194
75 4823
76 3867
77 3744
78 4920
79 2721 4590
80 4172
81 4076
82 4718
83 4896
84 3194
85 4999
86 4645
87 3812
88 4511
89 4841
90 2526
91 4542
92 4926
93 4845
94 4065
95 4958
96 3967
97 3900
98 4361
99 4019
100 3975
101 4919
102 4024
103 3114
104 3114
105 4845
106 1603
107 3564
108 4762
109 4486
110 4143
111 3979
112 4630
113 3965
114 4982
115 4215
116 3812
117 4670
118 4644
119 4862
120 4476
121 3491
122 4855
123 4877
124 4486
125 3106
126 3900
127 3970
128 4958
129 4997
130 4753
131 4936
132 4510
133 4982
134 4024
135 1942
136 3972
137 4419
138 4768
139 4189
140 4514
141 4785
142 2599
143 4973
144 4722
145 3967
146 4172
147 4999
148 4714
149 4714
150 4143
151 4688
152 4936
153 4953
154 4787
155 4574
156 3564
157 4940
158 4718
159 4510
160 4430
161 3965
162 4589
163 3915
164 4981
165 4942
166 4195
167 4266
168 3731
169 4849
170 4845
171 4964
172 4191
173 4574
174 4722
175 4997
176 4980
177 4977
178 4019
179 4065
180 2882
181 2882
182 4019
183 4195
184 3114
185 4762
186 4559
187 4980
188 3455
189 4669
190 4977
191 4189
192 4999
193 4439
194 4807
195 4995
196 4090
197 4042
198 4931
199 4778
200 2990
201 4189
202 4952
203 4215
204 4841
205 4872
206 4744
207 4697
208 4980
209 4997
210 4920
211 3840
212 4771
213 4936
214 4884
215 3970
216 4818
217 4818
218 4574
219 4569
220 4645
221 3785
222 4506
223 3340
224 4102
225 4400
226 4999
227 4940
228 4813
229 4746
230 2118
231 4976
232 4430
233 4968
234 4215
235 4613
236 3464
237 4278
238 4090
239 4071
240 4439
241 4979
242 3456
243 4024
244 4227
245 3611
246 4968
247 4143
248 4787
249 3967
250 4785
251 3548
252 4996
253 4997
254 4785
255 4487
256 4697
257 4988
258 4416
259 4191
260 4977
261 4669
262 3491
263 4942
264 3853
265 2064
266 4262
267 2751
268 4829
269 4189
270 4933
271 4981
272 4482
273 4486
274 4306
275 3722
276 3306
277 4953
278 3611
279 4753
280 4733
281 4829
282 4771
283 4894
284 3265
285 4896
286 2911
287 4996
288 4054
289 4430
290 4926
291 2705
292 4981
293 4172
294 4872
295 4244
296 3573
297 3785
298 4574
299 4329
300 4964
301 4476
302 4172
303 3334
304 3754
305 4981
306 4896
307 4807
308 4964
309 3975
310 4857
311 4981
312 3754
313 3722
314 4973
315 4950
316 4933
317 4746
318 3731 4227
319 4763
320 4542
321 4866
322 4262
323 4262
324 4952
325 4189
326 4976
327 2990
328 3179
329 4200
330 4590
331 4950
332 4999
333 4841
334 4976
335 2526
336 3340
337 4973
338 4483
339 3967
340 2592
341 3979
342 4487
343 4718
344 4862
345 4995
346 3464
347 4166
348 4877
349 4536
350 4432
351 4244
352 4940
353 4511
354 2118
355 4135
356 4768
357 3761
358 4787
359 4090
360 4771
361 4670
362 4958
363 4143
364 3713
365 4950
366 4953
367 3731
368 4439
369 4510
370 4830
371 4841
372 4988
373 4763
374 4938
375 4861
376 4268
377 4784
378 4718
379 4877
380 3491
381 4645
382 4996
383 4976
384 4938
385 2175
386 4896
387 4090
388 3265
389 4244
390 3019
391 3713
392 3924
393 4980
394 4506
395 4926
396 4506
397 4896
398 4574
399 4054
400 4624
401 4920
402 4958
403 4977
404 4378
405 3589
406 4714
407 4439
408 3970
409 4996
410 4430
411 3194
412 4976
413 4482
414 4611
415 4995
416 4733
417 3840
418 4778
419 4787
420 2550
421 4482
422 4829
423 4976
424 4487
425 4942
426 3979
427 4400
428 4778
429 3265
430 4988
431 4817
432 3491
433 2526
434 4457
435 4995
436 4771
437 4884
438 4979
439 2800
440 4589
441 3826
442 4200
443 3777
444 3300
445 4977
446 4818
447 4054
448 2118
449 4783
450 3867
451 4670
452 3900
453 4172
454 3456
455 4943
456 3491
457 4823
458 4980
459 4697
460 3785
461 2592
462 4822
463 4511 4950
464 4476
465 3456
466 4733
467 4574
468 3589
469 3194
470 2118
471 4829
472 4950
473 4942
474 3967
475 4172
476 4872
477 1529
478 4857
479 4768
480 2990
481 4688
482 4950
483 4958
484 4343
485 4894
486 2550
487 4829
488 4940
489 4787
490 4855
491 4943
492 4877
493 4995
494 4329
495 3534
496 4268
497 4938
498 4981
499 4926
500 4849
501 4527
502 4457
503 4952
504 4934
505 4430
506 2175
507 4950
508 2800 4778
509 4718
510 4931
511 2689
512 4746
513 4090
514 4644
515 4807
516 4861
517 4938
518 3729
519 4457
520 4511
521 4714
522 4934
523 4933
524 4866
525 4644
526 4008
527 4872
528 4969
529 3179
530 4830
531 2800
532 4480
533 4778
534 4527
535 4642
536 4361
537 4996
538 4753
539 4071
540 4849
541 4822
542 4219
543 3179
544 3340
545 4262
546 3731
547 3194
548 4845
549 4933
550 4958
551 4829
552 4771
553 4768
554 4920
555 4746
556 4262
557 4997
558 4995
559 4244
560 2175
561 4090
562 4744
563 4559
564 4195
565 3729
566 3900
567 3589
568 4630
569 4744
570 2882
571 4430
572 4940
573 1942
574 4920
575 4306
576 4439
577 2721
578 4995
579 3334
580 3744
581 4135
582 3729
583 3488
584 4943
585 4952
586 4430
587 3534
588 4361
589 4008
590 4590
591 4744
592 4611
593 4982
594 3826
595 2882
596 4787
597 4857
598 4574
599 4936
600 2550
601 2705
602 3798
603 4884
604 4008
605 4645
606 4215
607 4569
608 3731
609 4439
610 4861
611 3798
612 3106
613 3972
614 3867
615 4527
616 4054
617 4997
618 4244
619 4490
620 4733
621 4982
622 4644
623 4670
624 4969
625 4988
626 4937
627 4787
628 4969
629 4872
630 4981
631 4024
632 4763
633 4329
634 4778
635 3924
636 4195
637 4722
638 4483
639 4973
640 4506
641 4670
642 4934
643 4969
644 2175
645 4976
646 3761
647 4345
648 4995
649 3534
650 3867
651 4200
652 2751
653 3965
654 4227
655 2882
656 4969
657 4514
658 4483
659 3564
660 3491
661 4219
662 3744
663 4976
664 4877
665 4768
666 4262
667 4670
668 4482
669 4589
670 4807
671 3340
672 4861
673 4862
674 4785
675 4958
676 4829
677 4982
678 3346
679 4400
680 4439
681 4822
682 4476
683 4845
684 4419
685 4172
686 4482
687 4982
688 2526
689 4542
690 4325
691 4611
692 4542
693 4973
694 3456
695 4919
696 4753
697 3334
698 4862
699 4143
700 4482
701 4753
702 1886
703 4645
704 4968
705 4822
706 3826
707 3789 4569
708 4968
709 4996
710 4977
711 4982
712 4419
713 4506
714 4818
715 1603
716 4191
717 4574
718 4882
719 4135
720 4845
721 2064
722 4996
723 4894
724 4589
725 4135
726 4166
727 4432
728 4762
729 4215
730 4926
731 4559
732 2990
733 3722
734 3300
735 4958
736 3087
737 4482
738 4783
739 4589
740 4872
741 3548
742 4818
743 2751
744 4733
745 4511
746 4976
747 4882
748 4943
749 4569
750 4024
751 4866
752 4019
753 4884
754 4753
755 4841
756 4266
757 3340
758 3564
759 3458
760 4953
761 2958
762 4942
763 4325
764 4877
765 3699
766 4042
767 4590
768 4855
769 4999
770 3051
771 4823
772 4817
773 4934
774 2599
775 4964
776 4862
777 4746
778 4937
779 4771
780 4943
781 3729
782 4644
783 4817
784 1529
785 4432
786 1529
787 3797
788 4920
789 4872
790 4982
791 4325
792 3458
793 2882
794 3840
795 4896
796 4298
797 4894
798 1942
799 4936
800 4267
801 4953
802 3924
803 4973
804 2721
805 2911
806 4829
807 4071
808 4783
809 4511
810 3789
811 2064
812 4266
813 4486
814 4506
815 3548
816 3573
817 3798
818 4733
819 4419
820 3754
821 3777
822 4919
823 4855
824 4849
825 4569
826 4817
827 3797
828 4642
829 4215
830 4697
831 4329
832 4849
833 2911
834 4416
835 4977
836 4042
837 3458
838 4536
839 4942
840 4378
841 4958
842 4031
843 3789
844 4995
845 4200
846 4506
847 4400
848 4215
849 4938
850 4768
851 4644
852 3853
853 4882
854 4877
855 4938
856 4306
857 4143
858 2721
859 4942
860 4988
861 4675
862 4997
863 4135
864 4227
865 3393
866 4969
867 4926
868 4329
869 4787
870 4940
871 4768
872 4432
873 4536
874 4510
875 3306
876 4762
877 4817
878 4979
879 4266
880 4829
881 4980
882 4771
883 4988
884 4813
885 4718
886 3346
887 4934
888 3840
889 4486
890 3777
891 4894
892 4506
893 4830
894 4071
895 4569
896 4926
897 4872
898 4977
899 2064
900 3699
901 4733
902 4980
903 4943
904 4940
905 4920
906 4143
907 4861
908 4981
909 4813
910 4950
911 3972
912 4976
913 4937
914 4143
915 4024
916 3540
917 4569
918 2599
919 3900
920 4931
921 4483
922 4953
923 4768
924 4597
925 4964
926 4996
927 4982
928 4988
929 4439
930 4688
931 3340
932 4943
933 4718
934 3754
935 4215
936 1603
937 4430
938 4882
939 4980
940 4822
941 4191
942 3455
943 4675
944 4090
945 4943
946 4024
947 3729
948 4490
949 4931
950 4861
951 4778
952 3340
953 4969
954 4624
955 4813
956 4768
957 4996
958 4982
959 4943
960 3589
961 4919
962 4611
963 4476
964 4999
965 4675
966 4143
967 4718
968 4613
969 4510
970 4817
971 4977
972 4818
973 4964
974 3979
975 4669
976 4969
977 4753
978 4940
979 4784
980 3002
981 3300
982 4936
983 3456
984 4642
985 4940
986 4981
987 4278
988 2958 4135
989 4763
990 4988
991 3611
992 4135
993 4934
994 4997
995 2599
996 4536
997 4926
998 1886
999 4778
1000 4845
1001 4762
1002 4419
1003 4019
1004 3840
1005 4938
1006 4920
1007 2550
1008 4988
1009 4872
1010 3798
1011 4999
1012 4999
1013 3456
1014 4785
1015 2064
1016 3534
1017 4977
1018 4090
1019 4937
1020 4977
1021 4982
1022 4189
1023 4071
1024 4722
1025 4942
1026 4746
1027 4919
1028 4818
1029 4501
1030 3967 4675 4813
1031 4480
1032 4589
1033 4611
1034 4457
1035 3106
1036 4813
1037 4968
1038 3491
1039 4476
1040 3924
1041 4822
1042 4981
1043 4753
1044 4981
1045 3548
1046 4999
1047 4536
1048 4787
1049 4995
1050 4882
1051 4480
1052 4845
1053 3346
1054 4527
1055 4980
1056 4501
1057 4938
1058 4135
1059 4785
1060 4919
1061 4973
1062 3789
1063 3812
1064 4669
1065 3798
1066 4166
1067 4979
1068 4995
1069 4877
1070 4746
1071 4569
1072 4841
1073 4977
1074 4894
1075 4597
1076 4669
1077 4872
1078 4920
1079 4501
1080 4934
1081 4988
1082 4476
1083 4768
1084 4008
1085 4784
1086 4861
1087 4926
1088 4542
1089 4325
1090 4090
1091 4964
1092 3965
1093 2882
1094 3840
1095 3534
1096 4306
1097 4979
1098 2800
1099 4934
1100 4861
1101 4476
1102 4841
1103 4980
1104 4590
1105 2958
1106 4480
1107 4818
1108 3777
1109 4480
1110 4590
1111 3798
1112 4597
1113 4191
1114 4688
1115 3798
1116 4670
1117 4997
1118 4872
1119 4670
1120 3744
1121 4968
1122 4527
1123 4964
1124 4219
1125 4969
1126 4244
1127 4762
1128 4841
1129 3106
1130 4937
1131 4882
1132 3611
1133 3455
1134 4244
1135 4855
1136 4763
1137 4943
1138 4861
1139 2958
1140 4482
1141 3699
1142 4981
1143 4762
1144 4979
1145 4937
1146 4841
1147 4830
1148 3915
1149 4487
1150 4818
1151 4817
1152 4968
1153 4980
1154 4191
1155 4569
1156 4841
1157 4982
1158 4768
1159 4822
1160 4511
1161 4968
1162 4733
1163 4670
1164 4997
1165 3179
1166 1886
1167 3265
1168 3785
1169 3540
1170 4872
1171 4829
1172 4920
1173 4510
1174 2958
1175 4818
1176 4830
1177 4511
1178 4936
1179 4969
1180 4845
1181 4968
1182 4028
1183 4953
1184 4343
1185 4675
1186 4973
1187 4042
1188 3979
1189 4981
1190 3754
1191 4958
1192 4325
1193 4783
1194 4997
1195 4771
1196 4514
1197 4823
1198 4714
1199 3729
1200 4934
1201 4894
1202 3812
1203 4630
1204 4065
1205 4486
1206 4278
1207 3853
1208 3731
1209 4999
1210 3731
1211 4200
1212 3611
1213 3488
1214 4361
1215 3179
1216 3019
1217 4574
1218 1603
1219 4065
1220 1529
1221 4574
1222 4964
1223 4894
1224 4958
1225 4613
1226 4937
1227 4191
1228 4574
1229 4329
1230 3002
1231 4988
1232 4894
1233 4931
1234 4717
1235 4953
1236 3777
1237 4722
1238 3455
1239 4717
1240 4589
1241 4937
1242 4988
1243 4857
1244 4191
1245 3777
1246 4968
1247 4717
1248 3853
1249 4244
1250 4624
1251 4215
1252 4065
1253 4219
1254 3564
1255 4896 4942
1256 3306
1257 4919
1258 3812
1259 4143
1260 4999
1261 4952
1262 4416
1263 4784
1264 4958
1265 3812
1266 4589
1267 4746
1268 4597
1269 4024
1270 4227 4783
1271 4439
1272 4933
1273 4597
1274 2705
1275 4325
1276 4817
1277 4501
1278 2882
1279 2118
1280 4822
1281 4697
1282 4862
1283 4135
1284 4940
1285 4511
1286 3797
1287 4361
1288 4855
1289 4896
1290 3729
1291 3812 4771
1292 4823 4882
1293 4958
1294 4645
1295 4630
1296 2958
1297 4940
1298 4343
1299 4845
1300 2882
1301 4969
1302 3826
1303 3464
1304 3002
1305 4361
1306 4981
1307 4219
1308 4884
1309 3300
1310 4877
1311 4958
1312 4822
1313 4669
1314 4559
1315 4714
1316 4400
1317 4514
1318 4982
1319 4343
1320 4979
1321 4784
1322 4988
1323 4942
1324 4042
1325 4778
1326 4329
1327 4822
1328 3456
1329 4267
1330 2175
1331 4268
1332 4943
1333 4969
1334 4968
1335 3777
1336 4744 4988
1337 4845
1338 4813
1339 4995
1340 3970
1341 4973
1342 4817
1343 2705
1344 4559
1345 4997
1346 4345
1347 3300
1348 4968
1349 4645
1350 4135
1351 4950
1352 4933
1353 4670
1354 4784
1355 4744
1356 3761
1357 4953
1358 4645
1359 3867
1360 4031
1361 4714
1362 4597
1363 4822
1364 4746
1365 4979 4995
1366 4166
1367 4343
1368 4762
1369 1886
1370 4818
1371 4969
1372 3972
1373 4964
1374 3179
1375 4936
1376 4714
1377 4866
1378 4894
1379 4953
1380 4306
1381 3087
1382 4823
1383 4818
1384 3306
1385 4419
1386 4744
1387 4997
1388 3346
1389 4882
1390 4980
1391 4019
1392 4931
1393 4298
1394 4482
1395 4697
1396 4506
1397 4783
1398 4268
1399 3106
1400 4933
1401 3789
1402 4645
1403 3731
1404 4952
1405 4872
1406 4817
1407 4024
1408 4822
1409 4510
1410 4937
1411 4718
1412 2689
1413 4861
1414 2911
1415 4849
1416 2689
1417 4763
1418 2721
1419 4501
1420 3840
1421 4675
1422 3965
1423 4980
1424 4345
1425 3798
1426 4536 4982
1427 4378
1428 4882
1429 4008
1430 2800
1431 4977
1432 4688
1433 4697
1434 4262
1435 4857
1436 4976
1437 4977
1438 4527
1439 4191
1440 4861
1441 4829
1442 4717
1443 4031
1444 4996
1445 4841
1446 4996
1447 4926
1448 4973
1449 4569
1450 4325
1451 4675
1452 4482
1453 4981
1454 4977
1455 3967
1456 4722
1457 4818
1458 4936
1459 4934
1460 4980
1461 4926
1462 4746
1463 4076
1464 3731
1465 3761
1466 4644
1467 4768
1468 4841
1469 3265
1470 4416
1471 4569
1472 4822
1473 4979
1474 4919
1475 4919
1476 2800
1477 4979
1478 3797
1479 4783
1480 4938
1481 3464
1482 3972
1483 4943
1484 4076 4262
1485 4968
1486 4753
1487 4980
1488 4306
1489 4988
1490 4400
1491 3106
1492 3754
1493 2175
1494 4400
1495 4995
1496 4143
1497 4919
1498 4784
1499 4501 4688
1500 4950
1501 4822
1502 3334
1503 4807
1504 4973
1505 4688
1506 4981
1507 2751
1508 4262
1509 4306
1510 4980
1511 4476
1512 4849
1513 2599
1514 4942
1515 4506
1516 2526
1517 4976
1518 4514
1519 4642
1520 3564
1521 4511
1522 4969
1523 4818
1524 4818
1525 2958
1526 4857
1527 4278
1528 4845
1529 1529
1530 1942
1531 4969
1532 4267
1533 4195
1534 3789
1535 3761
1536 3051
1537 4771
1538 4343
1539 4936
1540 4829
1541 2526
1542 4439 4506
1543 4024
1544 2751
1545 4933
1546 4669
1547 4866
1548 4644
1549 3340
1550 4329
1551 4028
1552 4934
1553 4501
1554 4542
1555 1603
1556 4785
1557 4343 4688
1558 4785
1559 4669
1560 4200
1561 4024
1562 4884
1563 3488
1564 3965
1565 3458
1566 4894
1567 2721
1568 3564
1569 3761
1570 4785
1571 4569
1572 3826
1573 4753
1574 4645
1575 4215
1576 4882
1577 3540 4768
1578 4266
1579 4980
1580 2882
1581 3087
1582 4054 4778
1583 4028
1584 2118
1585 4143
1586 4940
1587 3548
1588 3002
1589 4430
1590 4919
1591 4298
1592 4882
1593 4950
1594 4267
1595 4714
1596 3826
1597 4980
1598 4964
1599 3340 4361
1600 4510
1601 4744
1602 4589
1603 1603
1604 4768
1605 4818
1606 4644
1607 4787
1608 4996
1609 1886
1610 4823
1611 4943
1612 3797
1613 4988
1614 4872
1615 4920
1616 4090
1617 2990 3731
1618 4227
1619 2721
1620 4877
1621 4934
1622 4862
1623 4559
1624 4829
1625 4845
1626 2800
1627 4841
1628 4482
1629 4559
1630 4995
1631 4490
1632 3915
1633 4536
1634 4042
1635 4763
1636 4950
1637 4762
1638 4645
1639 4071
1640 4976
1641 4979
1642 4028
1643 4244
1644 4645
1645 2175
1646 4268
1647 4054
1648 3777
1649 4688
1650 4977
1651 2599
1652 4514
1653 4227
1654 4882
1655 3915
1656 2526
1657 4624
1658 4076
1659 3051
1660 4958
1661 2911
1662 4964
1663 4785
1664 4829
1665 4306
1666 4267
1667 4920 4952
1668 4746
1669 4877
1670 4973
1671 4813
1672 4896
1673 4675
1674 4980
1675 4857
1676 3087
1677 4813
1678 4191 4982
1679 4439
1680 3924
1681 4943
1682 3346
1683 4783
1684 1942
1685 4981
1686 4669
1687 4589
1688 4697
1689 3194
1690 4763
1691 4979
1692 4783
1693 4988
1694 4744
1695 4807
1696 4611
1697 4823
1698 4439 4862
1699 4958
1700 4926
1701 4976
1702 4267
1703 4744
1704 4361
1705 3798
1706 4361
1707 4999
1708 4830
1709 4763
1710 3729 4979
1711 4717
1712 2526
1713 4872
1714 4785
1715 4938
1716 3534
1717 4439
1718 4813
1719 3744
1720 3713
1721 4969
1722 4822
1723 4768
1724 4589
1725 4807
1726 3970
1727 4953 4969
1728 2118
1729 4973
1730 4143
1731 3777
1732 4894
1733 2689
1734 4028
1735 4624 4934
1736 4872
1737 4778
1738 4487
1739 4510
1740 4952
1741 4894
1742 3464
1743 4866
1744 4995
1745 4697
1746 4999
1747 4746
1748 2592 4624
1749 4995
1750 4645
1751 4920
1752 4717
1753 4490
1754 2990
1755 4845
1756 4884
1757 4931
1758 4982
1759 4981
1760 4590
1761 4778
1762 4778
1763 4982
1764 4688
1765 4527
1766 4982
1767 3334
1768 4841
1769 4102
1770 4102
1771 4675
1772 4746
1773 4979
1774 3972
1775 3972
1776 4942
1777 4244
1778 4630
1779 4964
1780 4031
1781 4172
1782 4937
1783 4135
1784 4882
1785 4919
1786 3924
1787 4416
1788 4574
1789 4778
1790 2064
1791 4688
1792 4542
1793 4642
1794 4189
1795 3106 3534
1796 3699
1797 4896
1798 3777
1799 2958
1800 4268
1801 4476
1802 4807
1803 4977
1804 2175
1805 4830
1806 4807
1807 4439
1808 4717
1809 4936
1810 4964
1811 3265
1812 4325
1813 4195
1814 3393
1815 4527
1816 4872
1817 4718
1818 4778
1819 4979
1820 4763
1821 3573
1822 4936
1823 4981
1824 4244
1825 4717
1826 4845
1827 4988
1828 4877
1829 3975
1830 4877
1831 4968
1832 3744
1833 3087
1834 4919
1835 4298
1836 3972
1837 3087
1838 4862
1839 3840
1840 4778
1841 4669
1842 3915
1843 4866
1844 4829
1845 1886
1846 4943
1847 3548
1848 3699
1849 4090
1850 4597
1851 3972
1852 3491
1853 4996
1854 4926
1855 4191
1856 4278
1857 4896
1858 4952
1859 4669
1860 4936
1861 4933
1862 4771
1863 4849
1864 4866
1865 4980
1866 4823
1867 4942
1868 4982
1869 2882
1870 4191
1871 3458
1872 4487
1873 4227 4829
1874 4822
1875 4999
1876 4753
1877 4807
1878 4432
1879 3924
1880 4589
1881 4950
1882 4829
1883 4306
1884 3194
1885 4940
1886 1886
1887 4611
1888 4771
1889 4733
1890 4542
1891 4771
1892 3729 4829
1893 4980
1894 4783
1895 4688
1896 4574
1897 4979
1898 4166
1899 2751
1900 4977
1901 4325
1902 4200
1903 4784
1904 4361
1905 4934
1906 3797
1907 4090
1908 4784
1909 4785
1910 3306
1911 4953
1912 3589 4597
1913 4822
1914 4753
1915 3900
1916 4613
1917 4028
1918 2550
1919 4857
1920 4227
1921 4952
1922 3534 4670
1923 3573
1924 4919
1925 4980
1926 4980
1927 4845
1928 4590 4976
1929 4589
1930 4940
1931 4942
1932 4877
1933 4787
1934 4574
1935 4090
1936 4979
1937 3491
1938 4862
1939 3699
1940 4432
1941 4884
1942 1942
1943 4419
1944 4940
1945 4189
1946 4771
1947 4771
1948 4934
1949 2599
1950 4872
1951 4733
1952 4981
1953 4980
1954 4008
1955 4644
1956 3970
1957 4783
1958 4872
1959 3777
1960 4981
1961 3797
1962 2911
1963 4866
1964 4325
1965 4931
1966 4936
1967 4278
1968 3194
1969 4973
1970 4877
1971 4958
1972 3611
1973 4378
1974 4884
1975 3573
1976 4818
1977 3265
1978 4714
1979 4981
1980 4746
1981 4952
1982 4968
1983 4849
1984 3722
1985 4670
1986 4669
1987 3965
1988 2689
1989 4527
1990 4722
1991 4511 4823
1992 3002
1993 1942
1994 3713
1995 3194 4861
1996 4857
1997 4191
1998 4996
1999 3975
2000 1529
2001 4942
2002 3491
2003 4644
2004 4953
2005 3915
2006 4785
2007 3785
2008 4818
2009 4938
2010 4486
2011 4866
2012 4771
2013 4973
2014 3699 4298
2015 2800
2016 4952
2017 4882
2018 4378
2019 4559 4940
2020 4031
2021 4430
2022 4590
2023 4920
2024 4937
2025 4877
2026 4630
2027 4527
2028 4559
2029 4818
2030 4697
2031 4480
2032 3785
2033 4536
2034 2751
2035 4999
2036 4559
2037 4926
2038 4697
2039 4866
2040 3534
2041 4644
2042 4457
2043 4416 4480
2044 4644
2045 3699
2046 4938
2047 4896
2048 4244
2049 4943
2050 2705
2051 4028
2052 3114
2053 4559
2054 4630
2055 3306
2056 4345
2057 4590
2058 4937
2059 4345
2060 3589
2061 4884 4995
2062 4952
2063 4976
2064 2064
2065 4746
2066 4787
2067 4849
2068 4823 4979
2069 4642
2070 4768
2071 4884
2072 4999
2073 4511
2074 4953
2075 4866
2076 3972
2077 4940
2078 4008
2079 4785
2080 4920
2081 4822
2082 4936
2083 4215
2084 4457
2085 4278
2086 4979
2087 4343
2088 4855
2089 3393
2090 4884
2091 4784
2092 4717
2093 4590
2094 3699
2095 4501
2096 4787
2097 4511
2098 4613
2099 3019
2100 3972
2101 4219
2102 4849
2103 4483
2104 4506
2105 4976
2106 4008
2107 4244
2108 3970
2109 3975
2110 3972
2111 4483
2112 4644
2113 4771
2114 4823
2115 4969
2116 4999
2117 3114
2118 2118
2119 4958
2120 4514
2121 4457
2122 4813
2123 3915
2124 4483
2125 3798
2126 4480
2127 4542
2128 3761
2129 2689
2130 2592
2131 1942
2132 4536
2133 3611
2134 4432
2135 2705
2136 4675
2137 4432
2138 4624
2139 3019
2140 4476
2141 4008 4973
2142 4845
2143 2064
2144 4784
2145 4771
2146 4457
2147 4688
2148 4988
2149 2958
2150 4934
2151 2550
2152 4783
2153 4981
2154 4778
2155 4807
2156 4894
2157 4697
2158 3194
2159 4884
2160 4490
2161 2882 4024
2162 4227
2163 4718
2164 4439
2165 4979
2166 4976
2167 4215
2168 4219
2169 4574
2170 4919
2171 4071
2172 4877
2173 4884
2174 4813
2175 2175
2176 4325
2177 4416
2178 3340
2179 4527
2180 4849
2181 4981
2182 4697
2183 2175
2184 4645
2185 4102
2186 4733
2187 4266
2188 4784
2189 4822
2190 2550
2191 4778
2192 4645
2193 4400
2194 4432
2195 3087
2196 3979
2197 3722
2198 4920
2199 4855
2200 4266
2201 4090
2202 4845
2203 3967 4195
2204 4849
2205 4953
2206 4746
2207 4896
2208 3867
2209 4590
2210 4298
2211 4933
2212 3798
2213 4829
2214 4866
2215 4200
2216 4937
2217 4771
2218 4896
2219 4378
2220 4845
2221 4979
2222 3300 4613
2223 4950
2224 4822
2225 4849
2226 3488
2227 4597
2228 4688
2229 4785
2230 4487
2231 3019
2232 4590
2233 3967
2234 4968
2235 4191
2236 4783
2237 4527
2238 4861
2239 3970
2240 4783
2241 4817
2242 4008
2243 4997
2244 4267
2245 4920
2246 4934
2247 4783
2248 4542
2249 3114
2250 2689
2251 4969
2252 4722
2253 4981
2254 4717
2255 3785
2256 4487
2257 4964
2258 4416
2259 4857
2260 4817
2261 4574
2262 4486
2263 4968
2264 4979
2265 4008
2266 4973
2267 4714
2268 3699
2269 4514
2270 4784
2271 4818
2272 4329
2273 4976
2274 4829
2275 4501
2276 4830
2277 4630
2278 4997
2279 4817
2280 4866
2281 4783 4872
2282 3797
2283 4936
2284 4143
2285 4669
2286 4943
2287 4768
2288 2526
2289 3564 4419
2290 4813
2291 3540
2292 3455
2293 4298
2294 3713
2295 4982
2296 4931
2297 4714
2298 4952
2299 4746
2300 4942
2301 3972
2302 4670
2303 4028
2304 4981
2305 4936
2306 4722
2307 4042
2308 4841
2309 4920
2310 4995
2311 4771
2312 3798
2313 4999
2314 4940
2315 4065
2316 4783
2317 3589
2318 4195
2319 3965
2320 4933
2321 4973
2322 4968
2323 4378
2324 4718
2325 3393
2326 2721
2327 4940
2328 3785
2329 4416 4995
2330 4597
2331 4807
2332 4845
2333 1529
2334 4343
2335 4934
2336 4823
2337 4855 4934
2338 4940
2339 4817
2340 4822
2341 4400
2342 4894
2343 3564
2344 4952
2345 4195
2346 3393
2347 4968
2348 4817
2349 4884
2350 3540
2351 4969
2352 4483
2353 4988
2354 4439
2355 4857
2356 4744
2357 2990
2358 4877
2359 4268
2360 3754
2361 4778
2362 4882
2363 4644
2364 4744
2365 2526
2366 4536
2367 4483
2368 4559
2369 4896
2370 4378
2371 4931
2372 4306
2373 3853
2374 4189
2375 2599
2376 4430
2377 3564
2378 4008
2379 4630
2380 3924
2381 4807
2382 4778
2383 2550
2384 4416
2385 4227
2386 4143
2387 3853
2388 3458
2389 4697 4768
2390 4476
2391 4982
2392 4268
2393 4968
2394 4536
2395 2592
2396 4882
2397 4329
2398 4065
2399 4981
2400 4829
2401 2526
2402 4823
2403 4135
2404 4999
2405 2958
2406 1942
2407 4999
2408 3967
2409 4590
2410 4787
2411 4988
2412 4813
2413 4785
2414 4722
2415 3087
2416 4143
2417 4866
2418 4896
2419 4482
2420 3785
2421 4219
2422 4996
2423 3534
2424 4855
2425 4483
2426 4611
2427 4669
2428 3975 4490
2429 4102
2430 4090
2431 4574
2432 4937
2433 4861
2434 4997
2435 4325
2436 4343
2437 4527
2438 4933
2439 3114
2440 4642
2441 4933
2442 4624
2443 3456
2444 4718 4997
2445 4019
2446 4931
2447 4940
2448 4733
2449 4920 4999
2450 4979
2451 2118
2452 4979
2453 4054
2454 4976
2455 4768
2456 4416
2457 4936
2458 3722
2459 4670
2460 4542
2461 4482 4784
2462 4762 4830
2463 4807
2464 4483
2465 4813
2466 4501
2467 4964
2468 4877
2469 4969
2470 4785
2471 4510
2472 4919
2473 4675
2474 4950
2475 4866
2476 4817
2477 3573
2478 4244
2479 4514
2480 2958
2481 3970
2482 4919
2483 4771
2484 4486
2485 4933
2486 4926
2487 2800
2488 4753
2489 3975
2490 4430
2491 4964
2492 3761
2493 4943
2494 4768
2495 4995
2496 2800
2497 3826
2498 4933
2499 4590
2500 3867
2501 1603
2502 4024
2503 4613
2504 4982
2505 3346
2506 2550
2507 4644
2508 4717
2509 4933
2510 4439
2511 4938
2512 4483
2513 4590
2514 4969
2515 4968
2516 4613
2517 4785
2518 4753
2519 3393
2520 4931
2521 4514 4624
2522 4574
2523 4787
2524 4298
2525 3826 4306
2526 2526
2527 4510
2528 4995
2529 4920
2530 3179
2531 3729
2532 3761
2533 4487
2534 4933
2535 4857 4933
2536 4787
2537 3491
2538 4483
2539 4527
2540 4642
2541 4980
2542 4981
2543 4065
2544 4953
2545 4896
2546 4439
2547 3797
2548 4894 4920
2549 3393
2550 2550
2551 4482 4817
2552 2751
2553 3540 3731
2554 4988
2555 4829
2556 4688
2557 4866
2558 4762
2559 4200
2560 4714
2561 4227
2562 4829
2563 3777
2564 2689
2565 4189
2566 4569
2567 4920
2568 4195
2569 4823
2570 4976
2571 4215
2572 4973
2573 3967
2574 4486
2575 4400
2576 4744
2577 4172
2578 4952
2579 3722
2580 4569
2581 4244
2582 3573
2583 4936
2584 4841
2585 3789
2586 4896
2587 4933
2588 4143
2589 4480
2590 4482
2591 4574
2592 2592
2593 4343
2594 2721
2595 4597
2596 4511
2597 2689
2598 4829
2599 2599
2600 4645
2601 4861
2602 2882
2603 3965
2604 4952
2605 4830
2606 4830
2607 3455
2608 3346
2609 3975
2610 4262
2611 4999
2612 4841
2613 4487
2614 4830
2615 4934
2616 4936
2617 3900
2618 4813
2619 4973
2620 4943
2621 4019
2622 4771
2623 2705
2624 4031
2625 4920
2626 4487
2627 4829
2628 4997
2629 4861
2630 4822
2631 3589
2632 4195
2633 4997
2634 4882
2635 2689
2636 4416
2637 4953
2638 2592 4688
2639 4329
2640 4894
2641 2705
2642 4943
2643 4191
2644 4862
2645 3744
2646 4845
2647 4071
2648 4501
2649 4361
2650 4818
2651 4855
2652 3179
2653 3777 4950
2654 4997
2655 4784
2656 4896
2657 3458
2658 4958
2659 4813
2660 4486
2661 4483
2662 4999
2663 3458
2664 4329
2665 4999
2666 3393
2667 4938
2668 4630
2669 3548
2670 4611
2671 4266
2672 4841
2673 4490
2674 4642
2675 4973
2676 4514
2677 4861
2678 4894
2679 4268
2680 3972
2681 4762
2682 4135 4762
2683 4215
2684 4977
2685 4227
2686 4688
2687 4325
2688 3019
2689 2689
2690 4938
2691 4669 4988
2692 4298
2693 4845
2694 3488
2695 3051
2696 3548
2697 4215
2698 4952
2699 4597
2700 3754
2701 4958
2702 4861
2703 4675
2704 4862 4969
2705 2705
2706 4977
2707 4976
2708 4762
2709 4008
2710 4432
2711 4714
2712 4771
2713 4753
2714 4613
2715 4942
2716 4343
2717 4267
2718 4896
2719 4823
2720 4936
2721 2721
2722 4510
2723 4329 4642
2724 4953
2725 3488
2726 4981
2727 4999
2728 4200
2729 4866
2730 4215
2731 4818
2732 4189 4943
2733 4783
2734 4845
2735 4191
2736 2800
2737 3488
2738 4920
2739 4882
2740 4884
2741 4976
2742 4884
2743 4378
2744 4574 4861
2745 4787
2746 4783
2747 2705
2748 3785
2749 4143
2750 4219
2751 2751
2752 4675
2753 4378
2754 4697
2755 3754
2756 4841
2757 4642
2758 4744
2759 3346
2760 4919
2761 4943
2762 4574
2763 4744
2764 4514
2765 3777
2766 4733
2767 4938
2768 4675
2769 3979
2770 3340
2771 3393
2772 3265
2773 4896
2774 2526
2775 2592
2776 4771
2777 4936
2778 4787
2779 4613
2780 1942
2781 4841
2782 4920
2783 4400
2784 4722
2785 3840
2786 4976
2787 4784
2788 4997
2789 4262
2790 4841
2791 3840
2792 4189
2793 4419 4943
2794 4227
2795 4969
2796 4267
2797 4817
2798 4937
2799 3540
2800 2800
2801 4999
2802 4980
2803 4298
2804 4830
2805 4457
2806 4343
2807 4894 4981
2808 4818
2809 4457
2810 4855
2811 4830
2812 4931
2813 4143 4982
2814 4439
2815 4988
2816 1603
2817 4884
2818 4973
2819 4787
2820 4569
2821 4785
2822 4882
2823 3611 4361
2824 4697 4785
2825 4938
2826 4076 4995
2827 4054
2828 4818
2829 4920
2830 4855
2831 4841
2832 1529 4613
2833 4953
2834 4845
2835 4589
2836 4969
2837 4937
2838 4191
2839 4807
2840 4191
2841 4982
2842 2175
2843 4896
2844 4926
2845 4670
2846 1529
2847 4937
2848 4988
2849 4031
2850 1886
2851 3761 4559
2852 4215
2853 4950
2854 4934
2855 3464
2856 4482
2857 4968
2858 4490 4953
2859 4969
2860 4877
2861 4574
2862 4943
2863 4306
2864 4931
2865 4669
2866 4829
2867 4345
2868 3589
2869 3867
2870 4744
2871 4937
2872 4487
2873 4189
2874 4981
2875 2550
2876 3731
2877 4964
2878 1886
2879 4996
2880 4762
2881 4768 4933
2882 2882
2883 4361
2884 2118
2885 4813
2886 3087
2887 3975
2888 4768
2889 4722
2890 4630
2891 2721
2892 4630
2893 4419
2894 4969
2895 3699 4877
2896 4645
2897 4896
2898 4487
2899 4950
2900 4964
2901 4506
2902 4688
2903 4400
2904 4866
2905 3087
2906 4855
2907 4753
2908 4896
2909 4298
2910 3306
2911 2911
2912 4845
2913 4783
2914 1942 4999
2915 4008
2916 4143
2917 4977
2918 4933
2919 4973
2920 4542
2921 3853
2922 3798
2923 2599 4862
2924 4166
2925 3713
2926 4486
2927 4818
2928 4267
2929 4611
2930 3051
2931 4031
2932 4718
2933 4882
2934 4733
2935 4669
2936 4019
2937 4861
2938 4829
2939 4343
2940 3340
2941 4857
2942 4855
2943 4482
2944 4511
2945 4718
2946 4783
2947 4823
2948 4829
2949 4968
2950 4510
2951 4940
2952 4934
2953 3464
2954 4430
2955 4857
2956 4937
2957 3975
2958 2958
2959 4785
2960 4934
2961 4817
2962 4953
2963 4940
2964 4645
2965 4733
2966 4952
2967 3731
2968 4490
2969 4722
2970 4624
2971 4938
2972 2064
2973 2800 4997
2974 4969
2975 4768
2976 4981
2977 3867
2978 3540
2979 4589
2980 3456
2981 4589
2982 4882
2983 4857
2984 4785
2985 4849
2986 4942
2987 4645
2988 3900
2989 4968
2990 2990
2991 4995
2992 2751
2993 4714
2994 4785
2995 3798
2996 4894
2997 3488
2998 4527
2999 4866
3000 4894
3001 4988
3002 3002
3003 4574
3004 4536
3005 2911
3006 4753
3007 4514
3008 4768
3009 4763
3010 3729
3011 4266
3012 4979
3013 4714
3014 4896
3015 2550 4977
3016 4817
3017 4973
3018 4457
3019 3019
3020 3534
3021 4589
3022 4877
3023 4514
3024 4973
3025 4919
3026 3970
3027 4778
3028 4574
3029 4166
3030 4432 4894
3031 4630
3032 4787
3033 4506
3034 4718
3035 4645
3036 4849
3037 3456
3038 4968
3039 4841
3040 2990
3041 4219
3042 4849
3043 4822
3044 4590
3045 4670
3046 4982
3047 3853
3048 4325
3049 4329
3050 4937
3051 3051
3052 4855
3053 4953
3054 4298
3055 4783
3056 4882
3057 4973
3058 4266
3059 4979
3060 4542
3061 4813
3062 4763
3063 4722
3064 4644 4763
3065 3915
3066 1603 3970
3067 4818
3068 4642
3069 4958
3070 4783
3071 4980
3072 4934
3073 4981
3074 4669
3075 4784
3076 3789
3077 4818
3078 4559
3079 4306
3080 4630
3081 3731
3082 4973
3083 2550 4510
3084 4590
3085 4590
3086 3722
3087 3087
3088 4942
3089 4266
3090 4933
3091 4771
3092 4953
3093 3924
3094 4996
3095 4942
3096 4487
3097 3051
3098 4510
3099 4979
3100 2599
3101 3785
3102 2550
3103 4227
3104 4943
3105 4884
3106 3106
3107 3777
3108 4345
3109 3573
3110 3488
3111 4172
3112 4090 4877
3113 4996
3114 3114
3115 4416
3116 4514
3117 4076
3118 3731
3119 4028
3120 4936
3121 3456
3122 4969
3123 4669
3124 4822
3125 4008
3126 4884
3127 4457 4718
3128 2599 4813
3129 3573
3130 4439
3131 2550
3132 4432
3133 4980
3134 3722
3135 4675
3136 4855 4872
3137 4227
3138 4746
3139 4784
3140 4483
3141 4785
3142 4378
3143 4306
3144 4501 4982
3145 4642
3146 4054
3147 4872
3148 4931
3149 4611
3150 4569
3151 4763
3152 4589
3153 4958
3154 2721
3155 4527
3156 4416 4746
3157 3972
3158 4882
3159 4920
3160 4031
3161 4200
3162 4778
3163 3306
3164 4979
3165 4065 4823
3166 4817
3167 3488
3168 4630 4973
3169 4482 4862
3170 4872
3171 4200
3172 4753
3173 4981
3174 4645
3175 4977
3176 2118
3177 4845 4952
3178 3087
3179 3179
3180 4597
3181 3306
3182 4979
3183 3300
3184 4065
3185 3713
3186 4753
3187 4931
3188 4090
3189 4215
3190 4866
3191 4219
3192 4942
3193 4071
3194 3194
3195 4172
3196 4822
3197 4807 4973
3198 4934
3199 4172
3200 3455
3201 4931
3202 4717
3203 4722
3204 4722
3205 4938
3206 4714
3207 4817 4982
3208 4266
3209 4262 4977
3210 4964
3211 3970
3212 4920
3213 4964
3214 4008
3215 4042
3216 4527
3217 3798
3218 4783
3219 4807
3220 4722
3221 3967
3222 4483
3223 3306
3224 4244
3225 4862
3226 4419
3227 4688
3228 3534 4675
3229 4718
3230 4938
3231 4940
3232 3713
3233 4675
3234 3334
3235 4818
3236 4717
3237 4936
3238 3797
3239 4822
3240 4934
3241 4457
3242 4714 4733
3243 4977
3244 4090
3245 4981
3246 4306
3247 4227
3248 4822
3249 4298
3250 4527
3251 4964
3252 4763 4882
3253 4419
3254 4278
3255 2592 4953
3256 4613
3257 4024
3258 4378
3259 4866
3260 4807
3261 4936
3262 4325
3263 4920
3264 3826
3265 3265
3266 4718
3267 4559
3268 4882
3269 4244
3270 4191
3271 4995
3272 3729
3273 4968
3274 4973
3275 4501
3276 4979
3277 3699
3278 4872
3279 4278
3280 4642
3281 4857
3282 4938
3283 4830
3284 4822
3285 4940
3286 4996
3287 3867
3288 4830
3289 4718
3290 4076
3291 4569
3292 4866
3293 3798
3294 4940
3295 4597
3296 4569
3297 4855
3298 4642
3299 4768
3300 3300
3301 4981
3302 4787
3303 4896
3304 4784
3305 3300 4937
3306 3306
3307 4645
3308 4976
3309 4219
3310 4882
3311 3900
3312 4942 4943
3313 4268
3314 4400 4969
3315 3867 4527
3316 4778
3317 3456
3318 3019
3319 4042
3320 4733
3321 4980
3322 4298
3323 3488
3324 4841
3325 4926 4988
3326 4943
3327 4642
3328 4306
3329 4669
3330 1942
3331 4536
3332 4717
3333 3798 4931
3334 3334
3335 4976
3336 4559
3337 4542
3338 4896
3339 4818
3340 3340
3341 4624
3342 4937
3343 4778
3344 4589
3345 4744
3346 3346
3347 4818
3348 4244
3349 4590
3350 4943
3351 4784
3352 4762
3353 4589
3354 3970
3355 4670
3356 4506 4688
3357 4191
3358 3713
3359 4722
3360 3840
3361 4589
3362 4215
3363 3798
3364 4995
3365 4938
3366 4931
3367 4862
3368 4934
3369 4787
3370 2118
3371 3564
3372 3534
3373 4996
3374 3972
3375 2550
3376 4964
3377 4861
3378 4480
3379 4968
3380 4977
3381 4861
3382 1942
3383 4884
3384 4200
3385 3965
3386 4818
3387 4480
3388 4857
3389 3915
3390 4997
3391 3573 4019
3392 4977
3393 3393
3394 4476
3395 4076 4717
3396 4675
3397 3900
3398 4244
3399 4669
3400 4266
3401 4476
3402 4830
3403 4306
3404 4968
3405 4823
3406 4934
3407 4476
3408 4024
3409 4343
3410 3853
3411 4514
3412 4697
3413 3777
3414 4934
3415 4722
3416 4762
3417 4675 4988
3418 4841
3419 4849
3420 4968
3421 4999
3422 4849
3423 4995
3424 4753
3425 3540
3426 3853
3427 4642
3428 4597 4717
3429 4669
3430 4964
3431 4278
3432 4019 4028
3433 4936
3434 4926
3435 2526
3436 4952
3437 4933
3438 4542
3439 4172
3440 4482
3441 4714
3442 4988
3443 4943
3444 4976
3445 4787
3446 4943
3447 4787
3448 4611 4952
3449 4920
3450 4329
3451 4938
3452 4378
3453 4511
3454 4511
3455 3455
3456 3456
3457 4597
3458 3458
3459 3965
3460 3754
3461 4940
3462 4215
3463 4457
3464 3464
3465 4476
3466 3967
3467 3979
3468 4267
3469 3564
3470 4574
3471 3729
3472 4813
3473 4884
3474 4630
3475 4744
3476 4968
3477 3179
3478 4771
3479 4569
3480 4999
3481 4486 4979
3482 4746
3483 4642
3484 3761
3485 3924
3486 3826
3487 4841
3488 3488
3489 4872
3490 4457
3491 3491
3492 4419 4823
3493 4624
3494 4931
3495 4345
3496 2064
3497 4855
3498 3540
3499 4823
3500 4569 4784
3501 4480 4862
3502 4483 4980
3503 4490
3504 4940
3505 4996
3506 1603
3507 4785
3508 4995
3509 4953
3510 4999
3511 4510
3512 4768
3513 1529
3514 3970
3515 4982
3516 4697 4937
3517 4590
3518 4768
3519 4227
3520 4527
3521 3564 3900
3522 2958 4135
3523 3300 4807
3524 3334
3525 4219
3526 4076
3527 4325
3528 4054
3529 4430
3530 4771
3531 3564
3532 4511 4884
3533 4028
3534 3534
3535 4172
3536 4877
3537 4195
3538 4950
3539 4763
3540 3540
3541 3393
3542 4630
3543 3306
3544 3972
3545 4430
3546 4718
3547 4768
3548 3548
3549 4953
3550 4937
3551 4191 4298
3552 4977
3553 4807
3554 4624
3555 4219
3556 4988
3557 4807
3558 4227
3559 4940
3560 4416
3561 4527
3562 4931
3563 3777
3564 3564
3565 4266 4942
3566 4215
3567 4958
3568 4266
3569 4135
3570 4958
3571 4933
3572 4624
3573 3573
3574 4926
3575 3340
3576 4542
3577 4031
3578 4995
3579 4624
3580 2958 3265
3581 4817
3582 4872 4943
3583 4688
3584 4830
3585 4785
3586 2175 4744
3587 4432
3588 3924
3589 3589
3590 4590
3591 4981
3592 4829
3593 3915
3594 3754
3595 3464
3596 4857
3597 4857
3598 4590
3599 3051 4849
3600 4969
3601 4432
3602 4688
3603 4762
3604 4950
3605 4977
3606 4476
3607 3900
3608 4090
3609 4746
3610 4778
3611 3611
3612 4669
3613 4019 4950
3614 3564
3615 4527
3616 4670 4841
3617 4999
3618 4054
3619 4611
3620 3965 4980
3621 4919
3622 4746
3623 4980
3624 4024
3625 4968
3626 4244
3627 4982
3628 3731
3629 4645
3630 4430
3631 4746
3632 4996
3633 4988
3634 4611
3635 4952
3636 3393 3464
3637 3179
3638 4329
3639 4166
3640 4457
3641 4817
3642 4931
3643 4968
3644 4624
3645 4938
3646 4298
3647 4849 4977
3648 1603
3649 4143
3650 4329
3651 3840
3652 4298
3653 4936
3654 4597
3655 4514
3656 4817
3657 2550 4244
3658 4215
3659 4919
3660 4718
3661 4430
3662 4884
3663 4642
3664 3731
3665 4569
3666 4934
3667 4933
3668 4919
3669 3975
3670 4771 4937
3671 4964
3672 4877
3673 4855
3674 4884
3675 3840
3676 4624
3677 4267
3678 3965
3679 4995
3680 1603
3681 4215
3682 4807
3683 4031
3684 4950
3685 4527 4784
3686 4527
3687 3729
3688 4511
3689 4574
3690 4919 4977
3691 4166
3692 4882
3693 2721 3051 3722 4818
3694 4977
3695 4574
3696 4746
3697 4717
3698 4590
3699 3699
3700 4997
3701 4830
3702 4744
3703 4934
3704 4744 4877
3705 4866
3706 4919
3707 4345
3708 4999
3709 2800
3710 3114 4817
3711 4536
3712 4768
3713 3713
3714 4964
3715 4976
3716 4642
3717 4542
3718 4597
3719 3300
3720 3975
3721 4378
3722 3722
3723 3731 4645
3724 4244
3725 4934
3726 4884
3727 4135
3728 4982
3729 3729
3730 4490
3731 3731
3732 4768
3733 4973
3734 3589
3735 4200 4940
3736 3713 4849
3737 4997
3738 4940
3739 4042
3740 4400
3741 4501
3742 4722
3743 4266
3744 3744
3745 4822
3746 4813
3747 3051
3748 4718
3749 4933
3750 4952
3751 4486
3752 4071
3753 4430 4511
3754 3754
3755 4298
3756 4950
3757 4872
3758 4919
3759 4981
3760 4200
3761 3761
3762 4937
3763 4439
3764 4744
3765 4937
3766 4714
3767 4823
3768 4938
3769 3789
3770 3713 4968
3771 4964
3772 4487
3773 4982
3774 4717
3775 4926
3776 4980
3777 3777
3778 4936
3779 4514
3780 4997
3781 4969
3782 4857
3783 4882
3784 3564
3785 3785
3786 4669
3787 3777
3788 4166
3789 3789
3790 4969
3791 4771
3792 4926 4977
3793 4849
3794 4480
3795 3019
3796 4227
3797 3797
3798 3798
3799 4670
3800 4884 4996
3801 4822
3802 4630
3803 4857
3804 4195
3805 4589
3806 4969
3807 4818
3808 4783
3809 4090 4934
3810 4597
3811 4718
3812 3812
3813 4645
3814 3346
3815 4862
3816 3611 4857
3817 4480
3818 4490
3819 3826
3820 4536
3821 4926
3822 4783
3823 4071
3824 4830
3825 4862
3826 3826
3827 4999
3828 4714
3829 4630
3830 4569
3831 4670
3832 4996
3833 4717 4969
3834 4768
3835 4008
3836 4977
3837 3564
3838 4768
3839 4942
3840 3840
3841 4920
3842 4996
3843 4953
3844 4416
3845 4977
3846 1942 4896
3847 3744 4768
3848 4977
3849 3761
3850 4818
3851 4813
3852 4841
3853 3853
3854 4624
3855 4483 4988
3856 4877
3857 4343 4506
3858 4432
3859 4642
3860 4822
3861 3853
3862 2882
3863 4135
3864 4527
3865 4219
3866 4849
3867 3867
3868 4823
3869 4934
3870 3761
3871 4942
3872 4823
3873 3564
3874 4995
3875 4940
3876 4771
3877 4964
3878 4818
3879 4999
3880 2550
3881 2882 3393
3882 4982
3883 4267
3884 4937
3885 4490
3886 4733
3887 3970 4943
3888 2175
3889 4849 4940
3890 4872
3891 2689
3892 4569
3893 4675
3894 4872
3895 4896
3896 3564
3897 4807
3898 3970
3899 4278
3900 3900
3901 3087
3902 4483
3903 4931
3904 4613
3905 4817
3906 4718
3907 4378
3908 4785
3909 4569
3910 4942
3911 4942
3912 4506
3913 4722
3914 4501
3915 3915
3916 4143 4490
3917 4019
3918 4054
3919 4400
3920 4763
3921 4688 4934
3922 4483
3923 4849
3924 3924
3925 4855
3926 4896
3927 4613
3928 4717
3929 4733
3930 4143
3931 4964
3932 4964
3933 4506
3934 4325 4973
3935 3777
3936 2721
3937 4763
3938 3915
3939 4783
3940 4697
3941 4841
3942 4262
3943 4753
3944 4718
3945 4841
3946 4172
3947 4830
3948 4981
3949 4306
3950 4995
3951 3456 3812 4102
3952 4771
3953 3797
3954 4968
3955 4536 4768
3956 4919
3957 4882
3958 4200
3959 4920
3960 4997
3961 4688
3962 4589
3963 2550
3964 4926
3965 3965
3966 4958
3967 3967
3968 4943
3969 4482
3970 3970
3971 4669
3972 3972
3973 4894
3974 3924
3975 3975
3976 4823
3977 4934
3978 4329
3979 3979
3980 4028
3981 3798
3982 2175
3983 4861
3984 4969
3985 4439
3986 4849
3987 4973
3988 4785
3989 4896
3990 4872
3991 4807
3992 4487
3993 4938
3994 4589
3995 4574
3996 4931
3997 4958
3998 3393
3999 4746
4000 4490
4001 4054
4002 4419
4003 4813
4004 4054
4005 4763 4926
4006 4807
4007 4486
4008 4008
4009 4813
4010 3789
4011 4166
4012 4298
4013 4278
4014 4958
4015 4894
4016 4768
4017 4936
4018 4574
4019 4019
4020 3975
4021 4937
4022 4822
4023 4857
4024 4024
4025 3534
4026 4559
4027 4830
4028 4028
4029 4510
4030 4763
4031 4031
4032 4744
4033 3699
4034 4988
4035 4783
4036 4818
4037 4953
4038 4969
4039 4979
4040 4894
4041 4872
4042 4042
4043 4486
4044 4996
4045 4416
4046 4536
4047 4937
4048 4841 4973
4049 4762
4050 4823
4051 4936
4052 4278
4053 4763
4054 4054
4055 4829 4841
4056 4753
4057 4861
4058 4457
4059 4457
4060 4936
4061 4882
4062 4861 4894
4063 3340
4064 4968
4065 3114 4065
4066 4943
4067 4849
4068 4644
4069 4501
4070 4969
4071 4071
4072 4771
4073 4486
4074 4076
4075 4988
4076 4076
4077 4982
4078 4940
4079 4981
4080 4784
4081 4597
4082 4964
4083 4536
4084 4988
4085 3114 4980
4086 4982 4997
4087 4506
4088 4733
4089 4688
4090 4090
4091 4744
4092 4430
4093 4866
4094 4997
4095 3798
4096 4688
4097 3972
4098 3722 4942
4099 4763
4100 4244 4919
4101 3722
4102 3456 4102
4103 4642
4104 4823
4105 4439
4106 4457
4107 4378 4670
4108 4778
4109 4717
4110 4818
4111 4076
4112 4268
4113 4822
4114 4785
4115 4964
4116 4857
4117 4926
4118 4490
4119 4439
4120 4940
4121 4024
4122 4416
4123 4143
4124 4977
4125 4950
4126 4486
4127 4345 4613
4128 4430
4129 4416 4439
4130 4964
4131 4486
4132 4866
4133 4785
4134 4624
4135 4135
4136 4644
4137 4432
4138 4830
4139 4268 4882
4140 4813
4141 4818
4142 4964
4143 4143
4144 4813
4145 4787
4146 4645
4147 4862
4148 4400
4149 4829
4150 4783
4151 4514 4822
4152 4613
4153 4896 4958
4154 4999
4155 4191
4156 4818
4157 4926
4158 3346 4763
4159 4189
4160 4861
4161 4829
4162 4718
4163 4722
4164 4818
4165 4501
4166 4166
4167 4787
4168 4143
4169 4439
4170 4862
4171 4722
4172 4172
4173 1942
4174 4969
4175 4849
4176 4501
4177 4753
4178 4172
4179 4830
4180 4942
4181 3699 4763
4182 4969
4183 4430
4184 4024
4185 3699
4186 4215
4187 4718
4188 2911 4980
4189 4189
4190 4645 4675
4191 4191
4192 4486
4193 4822
4194 4926
4195 4195
4196 4768
4197 4931 4952
4198 4613
4199 4829
4200 4200
4201 4490 4857
4202 4345
4203 4822
4204 4688 4762
4205 4943
4206 4958
4207 3924 4996
4208 4855
4209 4675 4979
4210 4849
4211 4024
4212 4200
4213 4762 4919
4214 4642
4215 4215
4216 4866
4217 4733
4218 4872
4219 4219
4220 4642
4221 4817 4995
4222 4995
4223 4822
4224 4717
4225 4345
4226 4590
4227 4227
4228 4817
4229 4733
4230 4822
4231 4714
4232 4823
4233 4195 4862
4234 4855
4235 4611
4236 4830
4237 4268
4238 4894
4239 4762
4240 4952
4241 4071 4894
4242 4849
4243 4400
4244 4244
4245 4697
4246 4419
4247 4514
4248 4536
4249 4952
4250 4278
4251 4400 4501
4252 4981
4253 4973
4254 4823
4255 4400
4256 4476
4257 4823
4258 3699
4259 4845
4260 4977
4261 4717
4262 4262
4263 4884
4264 4416 4982
4265 4980
4266 4266
4267 4267
4268 4268
4269 4982
4270 4823
4271 4938
4272 4813
4273 4968
4274 4343
4275 4670
4276 4487
4277 4896
4278 4278
4279 4457
4280 4942
4281 4071 4920
4282 4894
4283 4645
4284 4439
4285 4482
4286 4597 4849
4287 4642
4288 4768
4289 4298
4290 4920
4291 4784
4292 4931
4293 4784
4294 4894
4295 4031 4613
4296 4763
4297 4306
4298 4298
4299 4771
4300 4613
4301 4999
4302 4817
4303 4822
4304 3019 4783
4305 4675
4306 4306
4307 4624
4308 4997
4309 4717
4310 4419
4311 4597
4312 4872
4313 4590
4314 4501
4315 4480
4316 4714
4317 4877
4318 4536 4936
4319 4982
4320 4953
4321 4527
4322 4980
4323 4783
4324 3812 4191
4325 4325
4326 4439
4327 4439
4328 4968
4329 4329
4330 4937
4331 4933
4332 4624
4333 4931
4334 4090
4335 4490
4336 4976
4337 4982
4338 4511
4339 4298 4861
4340 3564
4341 4506
4342 4964
4343 4343
4344 4143
4345 4345
4346 4527
4347 4817 4933
4348 4642
4349 4783
4350 4669 4940
4351 4950
4352 4771
4353 4722
4354 4697
4355 4506
4356 4997
4357 4884
4358 4857
4359 4976
4360 4457
4361 4361
4362 4482
4363 1603 3840
4364 4822 4976
4365 4613
4366 4952
4367 4430
4368 4733
4369 4514
4370 4877
4371 4506 4996
4372 4090
4373 4642 4855
4374 4718
4375 4857
4376 4952
4377 4996
4378 4378
4379 4807
4380 4439
4381 4590
4382 4981
4383 4613
4384 4938
4385 4995
4386 4943
4387 4630
4388 4894
4389 4999
4390 4611
4391 3722 3789
4392 4976
4393 4937
4394 4934 4937
4395 4938
4396 4510
4397 3455 4861
4398 2882
4399 4476
4400 4400
4401 4936
4402 4950
4403 4952
4404 4722
4405 4536
4406 4995
4407 4785
4408 4933
4409 4841
4410 4942
4411 4746
4412 4926
4413 4872
4414 4829
4415 4937
4416 4416
4417 4487 4823
4418 4996
4419 4419
4420 4942
4421 4919
4422 4931
4423 4818
4424 2958
4425 2958 4937
4426 2958 4135
4427 4830
4428 4884
4429 4862
4430 4430
4431 4542
4432 4432
4433 4510 4980
4434 4542 4857
4435 4784
4436 4818
4437 4841
4438 4882
4439 4439
4440 4611
4441 4818
4442 4976
4443 4480
4444 4938
4445 4822
4446 4829
4447 4817
4448 4733
4449 4855
4450 3458 4688
4451 4968
4452 4936
4453 4999
4454 4980
4455 4934
4456 3458 4215
4457 4457
4458 4862
4459 4817
4460 4976
4461 4940
4462 4090
4463 4996
4464 4823
4465 4818
4466 4872
4467 4733
4468 4933
4469 4345 4487
4470 4763
4471 3455 4940
4472 4997
4473 4768
4474 4590 4950
4475 3265 4830
4476 4476
4477 4952
4478 4973
4479 4942
4480 4480
4481 4936
4482 4482
4483 4483
4484 4969
4485 4884
4486 4486
4487 4487
4488 4996
4489 4476 4611
4490 4490
4491 4919
4492 4589
4493 3975 4031
4494 4818
4495 3548 4430
4496 3785 4818
4497 4611
4498 4968
4499 4979
4500 4877
4501 4501
4502 4988
4503 4940
4504 4830
4505 3456
4506 4506
4507 4938
4508 4982
4509 4195 4784
4510 4510
4511 4511
4512 4950
4513 4841
4514 4514
4515 4980
4516 4933
4517 4979
4518 4298
4519 4822
4520 4785
4521 4849
4522 4931
4523 4973
4524 4938
4525 4857
4526 4559
4527 4527
4528 4862
4529 4511 4670
4530 4215
4531 4762
4532 4942
4533 4559
4534 4862
4535 4877
4536 4536
4537 4995
4538 4981
4539 4937
4540 4559
4541 4964
4542 4542
4543 3979 4996
4544 4936
4545 4849
4546 4973
4547 4483
4548 4996
4549 4527
4550 4931
4551 4973
4552 4611
4553 4722
4554 4866
4555 4855
4556 4952 4958
4557 4979
4558 4953
4559 4559
4560 4861
4561 4722
4562 4933
4563 4979
4564 4817 4976
4565 4855
4566 4894
4567 4589
4568 4934
4569 4569
4570 4931
4571 4933 4953
4572 4191
4573 4718
4574 4574
4575 4958
4576 4670
4577 4778
4578 4675 4849
4579 4143 4849
4580 4980
4581 4476 4997
4582 4857 4980
4583 3744 4762
4584 4514
4585 4746
4586 4768
4587 3972
4588 2118 4995
4589 4589
4590 4590
4591 4807
4592 4958
4593 4866
4594 4942
4595 4996
4596 3812 4823
4597 4597
4598 4490 4841
4599 4980
4600 4877
4601 4937
4602 4926
4603 4981
4604 4981
4605 4807
4606 4861
4607 4589
4608 4919
4609 4855
4610 4644
4611 4611
4612 4675
4613 4613
4614 4807 4940
4615 4830
4616 4778
4617 3456 4102 4894
4618 4753
4619 4430 4818
4620 4784
4621 4717
4622 4267 4744
4623 4884
4624 4624
4625 4753
4626 4950
4627 4630 4938
4628 4823
4629 3754 4611
4630 4630
4631 4613 4877
4632 4953
4633 4268 4536
4634 4688
4635 4919 4920
4636 4926
4637 4940 4973
4638 4953
4639 4823
4640 4926
4641 4589
4642 4642
4643 4714
4644 4644
4645 4645
4646 4934
4647 4877
4648 4931
4649 4866
4650 4997
4651 3979 4486
4652 4882
4653 4817
4654 4979
4655 4733
4656 4487 4697
4657 4920
4658 4894
4659 4845
4660 4830
4661 4934
4662 4943
4663 4861
4664 4823 4896
4665 4714
4666 4763
4667 4920
4668 4697
4669 4669
4670 4670
4671 4997
4672 4744
4673 4778
4674 4645
4675 4675
4676 4823
4677 4934
4678 4969
4679 4931
4680 4982
4681 4439
4682 4980
4683 4807
4684 4969
4685 4936
4686 4753
4687 4997
4688 4688
4689 4762
4690 4950
4691 4849
4692 4645 4807
4693 3194 3972
4694 4976
4695 4950
4696 4988
4697 4697
4698 4884
4699 4958
4700 4830 4976
4701 4717
4702 4979
4703 4861
4704 4976
4705 4763
4706 4950
4707 4763
4708 4306 4952
4709 4744
4710 4746
4711 4822
4712 4807
4713 2958 4934
4714 4714
4715 4938
4716 4823
4717 4717
4718 4718
4719 4996
4720 2800 4950
4721 4973
4722 4722
4723 4480 4950
4724 4823
4725 4981
4726 4953
4727 4926
4728 4976
4729 4894
4730 4785 4861
4731 3699 4325
4732 4762
4733 4733
4734 3456 4102 4823
4735 4877
4736 4784
4737 4378 4787
4738 4763
4739 4926 4996
4740 4778
4741 3002 4511
4742 4953
4743 4980
4744 4744
4745 4953
4746 4746
4747 4995
4748 4894
4749 4841
4750 4988
4751 4977
4752 4996
4753 4753
4754 4784 4968
4755 4866
4756 4862
4757 4849
4758 4722
4759 4813
4760 4964
4761 2990 4997
4762 4762
4763 4763
4764 4976
4765 4753 4938
4766 4807
4767 4950
4768 4768
4769 4958
4770 4807
4771 4771
4772 4933
4773 2175 4589
4774 4996
4775 4841
4776 4762
4777 4645
4778 4778
4779 4936
4780 2599 4979
4781 4950
4782 4953 4968
4783 4783
4784 4784
4785 4785
4786 4884
4787 4787
4788 4823
4789 4400 4670
4790 4482 4511
4791 4896
4792 4943
4793 4943
4794 3002 4950
4795 4940
4796 4857
4797 4862
4798 4926
4799 4988
4800 4934
4801 4964
4802 4746
4803 4817
4804 4958
4805 4942
4806 4896
4807 4807
4808 4988
4809 4823
4810 4977
4811 4872
4812 3713 3729
4813 4813
4814 4813
4815 4714 4894
4816 3777 4818
4817 4817
4818 4818
4819 3611 4278
4820 4995
4821 4841
4822 4822
4823 4823
4824 4953
4825 4995
4826 4953 4977
4827 4934
4828 4968
4829 4829
4830 4830
4831 4882
4832 4988
4833 4997
4834 4722 4744
4835 4931
4836 4937
4837 4931
4838 4042 4817
4839 4973
4840 4262 4855
4841 4841
4842 4973
4843 4938
4844 4953
4845 4845
4846 4931
4847 4999
4848 4855
4849 4849
4850 4997
4851 4958
4852 3979 4845
4853 4933
4854 4845
4855 4855
4856 4378 4787
4857 4857
4858 2721 4822
4859 4714 4857
4860 4952
4861 4861
4862 4862
4863 4995
4864 4950
4865 4931
4866 4866
4867 4958
4868 4008 4976
4869 4933
4870 4783 4950
4871 4995
4872 4872
4873 4841
4874 4934
4875 4968
4876 4714 4784
4877 4877
4878 4953
4879 4943
4880 4996
4881 4950
4882 4882
4883 4937
4884 4884
4885 4980
4886 4964
4887 4823
4888 4942
4889 4940
4890 4940
4891 4920
4892 4894
4893 4937
4894 4894
4895 4953
4896 4896
4897 4988
4898 4977
4899 4822
4900 4785 4950
4901 4933
4902 4926
4903 4958 4981
4904 4934
4905 4938
4906 4938
4907 4953
4908 3334 4862
4909 4361 4624
4910 4976
4911 4979
4912 4926
4913 4969
4914 4938
4915 4988
4916 4969
4917 4997
4918 4771 4884
4919 4919
4920 4920
4921 4976
4922 4028 4942
4923 4982
4924 4973
4925 4953
4926 4926
4927 4644 4996
4928 4973
4929 4937
4930 4977
4931 4931
4932 4940
4933 4933
4934 4934
4935 4973
4936 4936
4937 4937
4938 4938
4939 4936 4937
4940 4940
4941 4982
4942 4942
4943 4943
4944 4988
4945 4419 4995
4946 4931 4958
4947 4997
4948 4589 4999
4949 4968
4950 4950
4951 4997
4952 4952
4953 4953
4954 4969
4955 4267 4894
4956 4973
4957 4958
4958 4958
4959 4977
4960 4977
4961 4996
4962 4979
4963 4969
4964 4964
4965 4278 4714
4966 4266 4926
4967 4227 4872
4968 4968
4969 4969
4970 4997
4971 4166 4958
4972 3540 4771
4973 4973
4974 3761 4857
4975 4979
4976 4976
4977 4977
4978 4997
4979 4979
4980 4980
4981 4981
4982 4982
4983 4968
4984 4644 4857
4985 4996
4986 4988
4987 4432 4845
4988 4988
4989 4746 4996
4990 4995
4991 4343 4675
4992 4999
4993 4166 4771
4994 3106 4958
4995 4995
4996 4996
4997 4997
4998 4697 4958
4999 4999
5000 4818
