1 996
2 851
3 963
4 985
5 781
6 993
7 492
8 949
9 898
10 879
11 975
12 992
13 841
14 996
15 781
16 740
17 981
18 996
19 915
20 991
21 489
22 948
23 979
24 879 898
25 993
26 997
27 961
28 963
29 989
30 991
31 991
32 948
33 941
34 995
35 963
36 1000
37 1000
38 975
39 983
40 740
41 561 935
42 967
43 983
44 963
45 996
46 949
47 967 990 993
48 979
49 993
50 941
51 816
52 785
53 920
54 994
55 994
56 994
57 935
58 995
59 990
60 914
61 983
62 994
63 981
64 985
65 492
66 772
67 987
68 990
69 859
70 989
71 489
72 995
73 948
74 981
75 993
76 985
77 941
78 975
79 961
80 968 979 996
81 785
82 519
83 883
84 991
85 989
86 987
87 975
88 416
89 812
90 915
91 975 996
92 791
93 963
94 992
95 895
96 812
97 898
98 920
99 975 987
100 968
101 997
102 561
103 489 915 993
104 993
105 961
106 975
107 961
108 989
109 772
110 949
111 851
112 975
113 920
114 963
115 961
116 987
117 949
118 519
119 883
120 911
121 920
122 895
123 949 967
124 754
125 618
126 993
127 989
128 990
129 995
130 416
131 991
132 985
133 963
134 841
135 948
136 975
137 979
138 997
139 990
140 949
141 981
142 492
143 991
144 997
145 785
146 492
147 949
148 979
149 961
150 618
151 785
152 968
153 963
154 967
155 995
156 990
157 948
158 992
159 983
160 772
161 785
162 859 963
163 816 935
164 561 915
165 561
166 841 941 990
167 989
168 979
169 630
170 985
171 772
172 895
173 915
174 879
175 996
176 997
177 997
178 997
179 1000
180 983
181 898
182 997
183 981
184 979
185 993
186 949
187 941
188 989
189 975
190 941
191 754
192 983 991
193 994
194 994
195 990
196 997
197 987
198 941
199 985
200 992
201 914
202 772
203 914
204 989
205 997
206 967
207 561
208 911
209 989
210 941 991
211 985
212 975
213 879
214 584
215 989
216 995
217 995
218 997
219 994
220 941
221 995
222 618
223 981
224 948
225 618
226 898
227 1000
228 990
229 993
230 995
231 989
232 781 948
233 935
234 991
235 968
236 489
237 519
238 785
239 992
240 851
241 492
242 791
243 841
244 975
245 739
246 990
247 990
248 841
249 920
250 995
251 785
252 981
253 879
254 883
255 992
256 935
257 739
258 983
259 492
260 489
261 739
262 990
263 968 990 995 997
264 995
265 915
266 987
267 812 983
268 781 949
269 994
270 995
271 992
272 992
273 914
274 785
275 975
276 967
277 841
278 992
279 489
280 996
281 489 963 992
282 983
283 785
284 987
285 995
286 987
287 1000
288 995
289 618
290 754
291 812
292 983
293 963
294 981
295 816
296 914
297 994
298 948
299 989
300 990
301 1000
302 791 812 941 992
303 983
304 961
305 630
306 785
307 995
308 991
309 895
310 879
311 948
312 990
313 992
314 492
315 995
316 996
317 983
318 981
319 990
320 991
321 985
322 489 961 992
323 997
324 914
325 489
326 995
327 489 618 935 968
328 859 948
329 911
330 983
331 985
332 994
333 883
334 985
335 968
336 983
337 489 961 987
338 584
339 994
340 812
341 785
342 983
343 989
344 993
345 992
346 989
347 948
348 992
349 994
350 816
351 967
352 561
353 994
354 963
355 914
356 948 968 975 991
357 948
358 989
359 967
360 983 993 994 1000
361 967
362 967
363 989
364 914
365 994
366 993
367 859
368 883
369 996
370 948
371 993
372 989
373 915
374 812
375 990
376 941
377 992
378 989
379 992
380 949
381 561
382 754
383 920
384 618
385 1000
386 993
387 983
388 920
389 561
390 997
391 898
392 785 990
393 996
394 618
395 992
396 968
397 979
398 983
399 985
400 879 983 993
401 492
402 948
403 987
404 1000
405 993
406 975
407 987
408 993
409 996
410 996
411 994
412 990
413 948
414 989
415 979
416 416 816
417 997
418 739
419 740 990
420 519 948 996
421 781
422 963
423 985
424 983
425 812 859 941
426 841
427 949
428 968
429 895
430 949
431 841
432 519
433 948
434 963
435 584
436 991
437 915
438 941
439 812
440 859
441 883
442 1000
443 785
444 967
445 948 989
446 985
447 990
448 985
449 914
450 968
451 968
452 987
453 993
454 841
455 993
456 987
457 994
458 948
459 630 739 781 941
460 987
461 492 781 967
462 996
463 754
464 968
465 935
466 997
467 489 914 941
468 987
469 492
470 989
471 898 997
472 772
473 879
474 941
475 991
476 739 963 968 1000
477 995
478 991
479 997
480 989
481 993
482 859 935 991
483 992
484 915 967 993
485 772 816
486 975
487 941
488 489
489 489
490 981
491 996
492 492
493 985
494 961
495 883
496 816
497 997
498 979
499 981
500 584 996
501 993
502 985
503 914
504 997
505 935
506 989
507 1000
508 911
509 989
510 990
511 492
512 991
513 935
514 949
515 975
516 879
517 997
518 981
519 519 785
520 992
521 851
522 740
523 895
524 949
525 995
526 995
527 772
528 935
529 1000
530 630
531 989
532 618
533 981
534 920
535 981
536 991
537 935
538 791
539 489
540 985
541 785
542 968
543 879
544 991
545 1000
546 968
547 983
548 851
549 914 968 996
550 989
551 985
552 968
553 997
554 879
555 992
556 963
557 941
558 772
559 975
560 981
561 561
562 967
563 987
564 963
565 851
566 981
567 990
568 987
569 935 968
570 911
571 949
572 772
573 975
574 898
575 987
576 975
577 841
578 991
579 963
580 915
581 948
582 898
583 772
584 584 816
585 985
586 968
587 785
588 841
589 995
590 987
591 990
592 935
593 979
594 981
595 985
596 812
597 979
598 963
599 914
600 981
601 996
602 895
603 963
604 949
605 879
606 997
607 968 979
608 989
609 879
610 990
611 561
612 975
613 990
614 992
615 987
616 859 985
617 911
618 618
619 630
620 997
621 985 989
622 618
623 883
624 979
625 859
626 991
627 968
628 993
629 740 975
630 630
631 961
632 996
633 948
634 991
635 993
636 995
637 975
638 989
639 935 989
640 961
641 991
642 740
643 492
644 975
645 985
646 990
647 561 935 990
648 992
649 968 989
650 739
651 519 785 967
652 859 915 991
653 995
654 993
655 996
656 963
657 961
658 914
659 996
660 996
661 841
662 983
663 851
664 920
665 992
666 949
667 995
668 851
669 990
670 935
671 975
672 995
673 754
674 948 1000
675 993
676 1000
677 791
678 987
679 859
680 740 989 992
681 991
682 1000
683 961
684 949
685 985
686 948
687 772
688 791
689 990
690 739
691 941 967 975
692 948 979 997
693 895
694 989
695 975
696 920
697 997
698 489 948 989
699 981
700 996
701 985
702 996
703 995
704 949
705 993
706 992
707 851
708 987
709 968
710 898
711 920 935 949 996
712 989
713 991
714 489
715 985
716 791
717 948
718 961
719 996
720 990
721 948
722 994
723 981
724 851
725 990
726 985
727 996
728 989
729 996
730 935
731 791
732 994
733 948
734 997
735 948
736 630 920 1000
737 985
738 994
739 739
740 740
741 961
742 968
743 785
744 985
745 968
746 1000
747 914
748 992
749 416 492 949 1000
750 492 898 983 987
751 991
752 879 895 949
753 993
754 754
755 987
756 754
757 987
758 1000
759 987
760 911
761 915
762 996
763 963
764 911
765 859
766 985
767 996
768 1000
769 992
770 968 975 992 997
771 990
772 772
773 879 979 987 989
774 968
775 967
776 961
777 995
778 859
779 920
780 992
781 781
782 983
783 915
784 996
785 785
786 993
787 993
788 975 983 987 997
789 949
790 987
791 791
792 1000
793 963
794 967
795 879
796 851 981
797 996
798 985
799 968
800 915
801 949
802 941 948 990
803 992
804 920
805 991
806 883 985 997
807 993
808 991
809 898
810 948
811 812
812 812
813 990
814 995
815 991
816 584 816 985
817 961
818 841 963 979
819 949
820 898
821 911
822 841
823 941
824 781
825 981
826 920
827 979
828 991
829 941
830 561 772 791 992
831 996
832 879 975 985
833 985
834 911
835 781 941 990
836 975
837 981
838 948
839 898
840 948
841 841
842 975
843 883
844 914
845 987
846 948 981 989 996
847 791
848 985
849 990
850 993
851 851
852 979
853 979
854 975
855 961
856 895
857 979
858 915 963 967 990
859 859
860 994
861 987
862 489
863 997
864 994
865 754 979 990 993
866 963
867 975
868 949
869 914
870 949
871 992
872 879
873 914
874 994
875 898
876 561 935
877 911 985 994 997
878 993
879 879
880 975
881 995
882 993
883 883
884 981
885 995
886 1000
887 990
888 416 584 772 816
889 1000
890 948
891 990
892 997
893 989
894 915
895 895
896 883
897 989
898 898
899 961 979 989 992
900 995
901 949
902 883
903 981
904 941
905 996
906 996
907 975
908 975
909 987
910 963
911 911
912 772 883 979 990
913 993
914 914
915 915
916 991
917 996
918 920 963 994 996
919 911
920 920
921 841
922 915
923 989
924 1000
925 997
926 989
927 963
928 995
929 985
930 997
931 996
932 967
933 979
934 994
935 935
936 983
937 561 816 992 997
938 989
939 991
940 985
941 941
942 993
943 975
944 992
945 985
946 754 911 983 997
947 948
948 948
949 949
950 989
951 994
952 492 630 961 983 991
953 991
954 997
955 963
956 997
957 981
958 781 785 941 992 1000
959 993
960 963
961 961
962 987
963 963
964 990
965 985
966 987
967 967
968 968
969 994
970 967
971 990
972 967
973 990
974 994
975 975
976 985
977 1000
978 740 975 996 1000
979 979
980 489 967 983 990
981 981
982 1000
983 983
984 968
985 985
986 1000
987 987
988 740 859 948 994 1000
989 989
990 990
991 991
992 992
993 993
994 994
995 995
996 996
997 997
998 898 981 992 1000
999 816 963 981 987 996
1000 1000
