1	66 82 88 106 125 155 
2	59 
3	147 
4	153 
5	38 
6	52 
7	86 
8	84 
9	146 
10	106 
11	49 
12	153 
13	76 
14	139 
15	60 
16	34 
17	83 
18	117 
19	30 
20	72 
21	7 
22	69 
23	8 71 80 82 135 149 
24	148 
25	154 
26	13 
27	4 17 21 69 87 107 
28	127 
29	3 
30	15 
31	36 
32	97 
33	21 
34	114 
35	15 
36	119 
37	30 
38	4 
39	148 
40	17 
41	141 
42	13 23 25 38 63 98 
43	101 
44	21 51 63 67 105 140 
45	41 
46	46 
47	46 
48	71 
49	17 
50	131 
51	2 44 71 98 100 114 
52	9 
53	18 
54	63 
55	25 
56	17 
57	30 
58	75 
59	2 21 66 75 117 130 
60	74 
61	117 
62	82 
63	4 
64	76 
65	136 
66	33 
67	3 
68	63 
69	144 
70	141 
71	58 
72	14 17 41 108 141 142 
73	11 
74	141 
75	57 
76	98 
77	118 
78	5 74 102 139 149 154 
79	35 
80	30 
81	121 
82	6 
83	10 
84	39 
85	13 
86	56 
87	19 34 39 43 79 150 
88	23 
89	112 
90	46 
91	102 
92	95 
93	11 
94	49 
95	85 
96	155 
97	10 26 28 46 131 155 
98	21 
99	15 36 48 92 115 116 
100	23 31 57 60 121 138 
101	11 28 31 48 56 71 
102	149 
103	140 
104	4 
105	44 
106	18 
107	63 
108	85 
109	23 
110	138 
111	115 
112	139 
113	45 
114	56 
115	80 
116	28 31 52 72 109 150 
117	15 
118	57 81 97 101 125 147 
119	11 
120	154 
121	56 
122	82 
123	34 
124	46 
125	123 
126	8 
127	50 
128	91 
129	14 
130	147 
131	43 
132	20 
133	122 
134	136 
135	8 
136	71 
137	70 
138	21 82 92 139 149 150 
139	146 
140	109 
141	17 24 28 49 107 131 
142	64 
143	63 
144	8 
145	64 
146	60 67 89 98 124 138 
147	74 
148	19 
149	34 
150	15 18 66 107 118 134 
151	61 
152	124 
153	106 
154	114 
155	108 
156	106 
157	90 
158	150 
159	68 
160	133 
161	44 
162	80 
163	84 
164	105 
165	20 
166	73 
167	1 11 15 42 132 149 
168	121 
169	79 
170	41 
171	121 
172	71 
173	118 
174	41 
175	107 
176	13 30 53 82 123 154 
177	83 
178	68 
179	72 
180	112 
181	150 
182	44 
183	50 
184	106 
185	125 
186	152 
187	63 
188	129 
189	110 
190	144 
191	133 
192	18 19 24 51 102 126 
193	129 
194	43 
195	101 
196	103 
197	154 
198	154 
199	139 
200	55 
201	7 14 16 34 46 52 
202	16 53 60 89 115 130 
203	44 
204	35 
205	152 
206	148 
207	11 
208	56 
209	129 
210	30 
211	16 50 67 80 109 115 
212	6 
213	17 
214	128 
215	147 
216	30 
217	8 16 38 79 116 151 
218	19 
219	15 76 84 87 103 129 
220	55 
221	106 
222	77 
223	88 
224	16 
225	52 
226	100 
227	139 
228	136 
229	111 
230	38 
231	21 
232	93 
233	83 
234	59 
235	41 
236	65 
237	139 
238	111 
239	79 
240	16 
241	135 
242	134 
243	8 
244	102 
245	118 
246	150 
247	15 
248	15 
249	21 
250	7 
251	30 
252	131 
253	115 
254	30 
255	43 52 67 85 103 111 
256	101 
257	108 
258	146 
259	5 82 85 108 112 118 
260	7 16 107 110 118 129 
261	85 
262	14 
263	71 
264	28 29 44 118 129 141 
265	27 30 79 83 90 128 
266	16 
267	37 
268	52 
269	26 
270	43 
271	118 
272	139 
273	11 
274	105 
275	88 
276	114 
277	43 
278	95 
279	151 
280	59 
281	71 
282	17 21 30 112 123 141 
283	113 
284	110 
285	45 
286	41 
287	107 
288	45 
289	154 
290	85 
291	116 
292	84 
293	64 
294	6 20 47 53 61 105 
295	61 
296	146 
297	38 
298	141 
299	56 
300	10 45 80 92 97 148 
301	146 
302	81 
303	71 
304	76 
305	136 
306	10 
307	136 
308	13 
309	115 
310	49 
311	6 
312	49 
313	38 44 83 115 131 142 
314	81 83 84 107 125 141 
315	25 
316	9 
317	97 
318	66 
319	30 35 39 45 79 82 
320	5 21 60 133 146 155 
321	2 28 50 69 81 124 
322	147 
323	55 
324	63 
325	99 
326	2 
327	18 
328	82 
329	7 
330	138 
331	97 
332	54 
333	84 
334	20 45 56 74 136 154 
335	42 
336	55 
337	45 
338	33 
339	123 
340	43 
341	124 
342	123 
343	38 
344	116 
345	27 
346	14 
347	34 
348	59 
349	43 46 53 87 89 150 
350	141 
351	105 
352	93 
353	108 
354	8 
355	129 
356	10 
357	55 
358	127 
359	19 34 56 66 76 102 
360	38 
361	110 
362	126 
363	20 
364	141 
365	139 
366	142 
367	139 
368	106 
369	72 
370	96 
371	40 
372	121 
373	86 
374	55 
375	33 
376	120 
377	108 
378	134 
379	63 
380	77 
381	155 
382	44 45 84 85 123 146 
383	45 
384	51 53 92 104 154 155 
385	31 
386	21 31 58 106 113 116 
387	31 43 56 75 76 137 
388	140 
389	146 
390	60 
391	125 
392	139 
393	64 
394	59 
395	50 
396	144 
397	13 18 48 68 69 84 
398	89 
399	106 
400	88 
401	37 
402	65 
403	141 
404	97 
405	84 
406	33 38 46 64 123 126 
407	139 
408	146 
409	40 
410	20 31 116 120 129 142 
411	79 
412	145 
413	154 
414	154 
415	2 
416	62 
417	125 
418	154 
419	104 
420	14 80 99 103 122 142 
421	67 
422	46 
423	61 
424	30 38 82 98 101 118 
425	13 61 115 119 134 149 
426	37 
427	107 
428	63 
429	19 
430	63 
431	61 
432	102 
433	109 
434	129 
435	47 88 98 99 106 154 
436	93 
437	50 
438	90 
439	77 
440	23 
441	59 
442	10 23 37 59 96 112 
443	81 
444	105 
445	76 
446	142 
447	59 
448	121 
449	154 
450	19 55 58 69 129 140 
451	30 48 60 64 65 69 
452	56 80 86 106 122 155 
453	4 11 101 118 129 139 
454	129 
455	102 
456	85 
457	29 
458	34 
459	147 
460	13 38 52 74 92 141 
461	102 
462	58 
463	149 
464	49 
465	28 
466	1 
467	122 
468	34 
469	17 
470	53 
471	9 
472	6 69 81 137 138 139 
473	7 
474	46 
475	123 
476	83 
477	137 
478	120 
479	122 
480	140 
481	11 
482	11 
483	127 
484	57 
485	62 
486	13 28 30 73 85 108 
487	9 
488	144 
489	125 
490	31 
491	127 
492	31 
493	79 
494	101 
495	84 
496	104 
497	6 12 18 71 76 101 
498	54 
499	95 
500	18 30 51 85 136 139 
501	136 
502	44 
503	38 
504	80 
505	90 
506	146 
507	118 
508	84 
509	21 
510	93 
511	45 
512	45 66 117 134 136 137 
513	126 
514	138 
515	31 
516	67 
517	61 
518	137 
519	63 
520	45 
521	128 
522	22 
523	88 
524	116 
525	25 
526	18 64 66 81 110 142 
527	61 
528	137 
529	38 
530	70 
531	15 
532	63 
533	16 
534	84 86 95 103 115 137 
535	3 
536	21 
537	97 
538	58 
539	14 43 58 110 126 141 
540	139 
541	50 
542	125 
543	118 
544	31 
545	13 
546	56 
547	69 
548	17 31 48 74 129 131 
549	83 
550	139 
551	110 
552	56 
553	9 43 64 115 129 137 
554	66 
555	95 
556	76 
557	3 
558	8 
559	47 
560	71 
561	99 
562	128 
563	142 
564	115 
565	16 26 31 78 96 121 
566	126 
567	19 
568	90 
569	15 84 112 136 148 155 
570	141 
571	151 
572	139 
573	117 
574	35 
575	136 
576	56 
577	31 
578	134 
579	67 
580	36 42 83 84 118 155 
581	34 
582	53 
583	110 
584	138 
585	28 29 32 71 84 142 
586	139 
587	30 64 85 89 112 138 
588	16 30 45 95 110 155 
589	52 
590	101 
591	116 
592	1 52 56 78 95 136 
593	90 
594	17 
595	89 
596	125 
597	106 
598	61 
599	127 
600	52 87 89 106 123 128 
601	109 
602	15 
603	116 
604	7 
605	106 
606	103 
607	41 
608	37 
609	18 
610	69 
611	53 
612	59 
613	139 
614	59 
615	59 
616	49 
617	150 
618	31 
619	34 
620	15 
621	117 
622	141 
623	80 
624	39 
625	101 
626	9 
627	88 
628	63 90 120 126 131 148 
629	121 
630	80 
631	130 
632	65 
633	35 
634	29 
635	61 
636	90 
637	141 
638	87 
639	118 
640	28 
641	41 
642	69 
643	88 
644	83 
645	53 
646	115 
647	21 
648	38 
649	83 
650	81 
651	32 
652	96 
653	136 
654	44 
655	121 
656	19 64 84 107 123 142 
657	15 28 50 119 142 144 
658	15 
659	70 
660	38 
661	84 
662	38 
663	18 
664	62 
665	11 14 19 38 44 71 
666	76 
667	140 
668	107 
669	141 
670	89 
671	102 
672	149 
673	139 
674	14 
675	110 
676	26 
677	28 
678	71 
679	41 
680	115 
681	151 
682	2 42 71 97 116 131 
683	19 
684	50 
685	121 
686	35 
687	15 
688	61 
689	131 
690	23 
691	11 13 21 50 140 146 
692	124 
693	146 
694	27 
695	45 
696	117 
697	144 
698	141 
699	38 
700	27 
701	104 
702	117 
703	13 
704	73 
705	83 
706	114 
707	27 
708	87 
709	35 
710	53 
711	92 
712	89 
713	19 
714	64 
715	154 
716	129 
717	38 
718	14 
719	96 
720	105 
721	80 
722	34 
723	85 
724	98 
725	107 
726	136 
727	155 
728	104 
729	141 
730	14 
731	56 
732	31 
733	55 
734	124 
735	53 
736	89 
737	2 
738	21 
739	44 
740	43 
741	95 
742	124 
743	138 
744	19 
745	2 
746	9 
747	3 
748	3 7 15 83 123 146 
749	8 62 83 84 93 112 
750	21 
751	155 
752	151 
753	53 
754	73 
755	122 
756	63 
757	69 
758	141 
759	32 
760	18 
761	72 
762	36 
763	80 
764	142 
765	74 
766	107 
767	44 
768	85 
769	116 
770	78 
771	17 56 71 84 88 114 
772	2 31 34 84 123 138 
773	34 
774	122 
775	115 
776	116 
777	46 50 58 62 83 107 
778	83 
779	142 
780	40 
781	64 
782	71 
783	66 
784	121 
785	105 
786	150 
787	17 
788	8 21 43 75 84 142 
789	17 
790	38 
791	8 
792	136 
793	14 34 41 60 112 141 
794	15 30 53 134 136 147 
795	66 
796	51 55 61 74 105 125 
797	48 
798	64 
799	36 
800	154 
801	50 
802	21 
803	109 
804	138 
805	121 
806	11 
807	77 
808	16 
809	129 
810	122 
811	53 
812	50 
813	111 
814	45 
815	13 
816	129 
817	23 28 64 102 136 142 
818	105 
819	82 
820	84 
821	80 
822	154 
823	128 
824	13 
825	22 92 115 136 137 150 
826	146 
827	21 
828	10 15 49 75 98 155 
829	41 
830	34 
831	35 
832	6 
833	9 33 64 102 104 129 
834	6 
835	84 
836	76 
837	139 
838	135 
839	18 45 80 101 112 121 
840	13 
841	112 
842	88 
843	65 
844	16 
845	131 
846	105 
847	121 
848	58 
849	41 
850	1 
851	48 55 86 102 127 139 
852	116 
853	38 44 51 115 126 141 
854	19 35 38 41 55 73 
855	46 
856	138 
857	76 
858	34 
859	72 
860	139 
861	104 
862	58 
863	46 
864	13 
865	15 
866	80 
867	138 
868	50 
869	46 
870	57 
871	58 
872	41 
873	138 
874	74 
875	140 
876	4 14 23 79 103 135 
877	141 
878	94 
879	46 
880	75 
881	6 
882	138 
883	50 
884	154 
885	78 
886	66 
887	126 
888	15 
889	71 
890	29 
891	83 
892	153 
893	103 
894	120 
895	88 
896	148 
897	120 
898	65 
899	3 
900	33 38 50 51 68 109 
901	45 
902	79 
903	92 
904	104 
905	142 
906	142 
907	82 
908	102 
909	76 
910	144 
911	11 
912	71 
913	81 
914	28 
915	126 
916	49 
917	47 
918	110 
919	117 
920	114 
921	61 
922	74 
923	14 
924	139 
925	140 
926	122 
927	143 
928	33 
929	136 
930	92 
931	153 
932	4 
933	9 
934	139 
935	84 
936	23 
937	13 20 31 53 71 94 
938	32 
939	8 
940	135 
941	103 
942	110 
943	8 30 45 53 80 131 
944	105 
945	90 
946	136 
947	123 
948	24 
949	104 
950	93 
951	27 
952	115 
953	94 
954	136 
955	22 
956	16 19 63 91 121 126 
957	25 
958	59 
959	71 
960	144 
961	93 
962	30 36 41 44 83 139 
963	31 
964	118 
965	134 
966	141 
967	54 
968	69 
969	32 
970	34 
971	21 
972	126 
973	69 
974	78 
975	84 
976	34 
977	84 
978	56 
979	139 
980	68 
981	154 
982	81 
983	70 
984	53 
985	51 
986	31 
987	33 
988	13 30 67 90 143 149 
989	79 
990	111 
991	30 
992	31 68 76 129 131 140 
993	90 
994	60 
995	146 
996	33 
997	119 
998	17 
999	128 
1000	129 
1001	88 
1002	97 
1003	84 
1004	65 
1005	22 59 66 122 131 139 
1006	123 
1007	90 
1008	81 
1009	131 
1010	55 
1011	138 
1012	53 
1013	60 
1014	80 
1015	88 
1016	117 
1017	5 
1018	14 27 62 72 107 137 
1019	26 46 64 90 121 148 
1020	2 
1021	39 
1022	38 
1023	17 
1024	67 
1025	133 
1026	41 
1027	36 
1028	137 
1029	119 
1030	146 
1031	145 
1032	144 
1033	87 
1034	38 
1035	154 
1036	118 
1037	139 
1038	123 
1039	102 
1040	95 
1041	129 
1042	37 
1043	90 
1044	55 
1045	30 
1046	30 
1047	21 63 64 121 139 150 
1048	104 
1049	51 
1050	110 
1051	137 
1052	117 
1053	103 
1054	66 
1055	142 
1056	38 
1057	17 45 68 70 103 146 
1058	49 
1059	53 
1060	8 14 67 88 89 136 
1061	58 
1062	121 
1063	90 
1064	2 5 16 18 107 109 
1065	142 
1066	97 
1067	46 
1068	115 
1069	11 43 72 82 86 110 
1070	96 
1071	39 
1072	11 34 71 137 139 141 
1073	66 
1074	82 
1075	32 
1076	110 
1077	121 
1078	50 
1079	15 57 69 70 100 146 
1080	118 
1081	130 
1082	126 
1083	31 
1084	42 
1085	130 
1086	152 
1087	80 
1088	30 
1089	147 
1090	78 98 112 115 116 142 
1091	16 
1092	132 
1093	89 
1094	121 
1095	71 
1096	139 
1097	3 
1098	123 
1099	130 
1100	12 
1101	83 
1102	78 
1103	131 
1104	154 
1105	120 
1106	7 
1107	121 
1108	63 
1109	71 
1110	13 
1111	42 
1112	142 
1113	138 
1114	24 
1115	1 7 45 72 110 129 
1116	11 
1117	3 
1118	112 
1119	23 
1120	55 56 79 97 102 141 
1121	122 
1122	46 
1123	69 
1124	33 
1125	52 
1126	51 
1127	11 16 21 61 76 116 
1128	55 
1129	133 
1130	3 45 53 86 138 149 
1131	81 
1132	50 
1133	80 
1134	107 
1135	77 
1136	130 
1137	138 
1138	69 
1139	75 
1140	88 
1141	47 
1142	123 
1143	43 
1144	125 
1145	38 
1146	71 
1147	74 
1148	51 
1149	102 
1150	56 
1151	76 
1152	28 
1153	69 
1154	147 
1155	53 
1156	115 
1157	6 
1158	141 
1159	152 
1160	72 
1161	19 
1162	66 
1163	72 
1164	53 
1165	16 42 44 45 63 115 
1166	34 38 80 112 123 142 
1167	26 
1168	149 
1169	93 
1170	35 
1171	7 80 81 89 123 139 
1172	61 
1173	95 
1174	68 
1175	42 
1176	31 44 56 102 107 139 
1177	107 
1178	56 
1179	80 
1180	133 
1181	66 
1182	17 
1183	64 
1184	3 
1185	55 
1186	50 
1187	117 
1188	142 
1189	37 
1190	64 
1191	112 
1192	11 
1193	100 
1194	18 38 54 99 146 151 
1195	92 
1196	17 
1197	110 
1198	15 
1199	116 
1200	53 58 92 98 122 133 
1201	114 
1202	30 
1203	21 
1204	129 
1205	46 
1206	11 
1207	122 
1208	97 
1209	125 
1210	19 
1211	28 
1212	25 61 69 107 132 136 
1213	102 
1214	92 
1215	13 27 49 62 105 115 
1216	2 
1217	85 
1218	58 
1219	30 
1220	36 41 44 85 123 141 
1221	105 
1222	1 
1223	27 80 106 115 136 149 
1224	107 
1225	82 
1226	43 
1227	104 
1228	98 
1229	55 
1230	38 
1231	102 
1232	42 
1233	26 
1234	7 
1235	16 
1236	149 
1237	29 34 46 50 130 139 
1238	115 
1239	113 
1240	38 
1241	73 
1242	88 
1243	38 
1244	107 
1245	79 
1246	22 34 82 118 122 137 
1247	30 
1248	89 
1249	69 74 79 126 130 151 
1250	126 
1251	111 
1252	144 
1253	96 
1254	125 
1255	30 
1256	64 
1257	10 
1258	54 
1259	45 
1260	78 
1261	66 84 87 95 105 142 
1262	3 23 60 88 103 108 
1263	3 5 31 91 129 141 
1264	14 
1265	102 
1266	1 
1267	19 
1268	56 
1269	134 
1270	87 
1271	75 
1272	16 25 71 75 107 125 
1273	23 
1274	136 
1275	126 
1276	57 
1277	63 
1278	61 
1279	90 
1280	16 
1281	18 45 55 66 81 153 
1282	114 
1283	102 
1284	56 
1285	154 
1286	103 
1287	153 
1288	128 
1289	21 
1290	83 
1291	132 
1292	63 
1293	154 
1294	55 
1295	143 
1296	126 
1297	131 
1298	61 
1299	59 
1300	93 
1301	19 
1302	149 
1303	16 53 69 102 121 134 
1304	81 
1305	59 
1306	115 
1307	122 
1308	43 
1309	56 
1310	20 52 89 103 149 150 
1311	93 
1312	129 
1313	15 43 44 110 112 123 
1314	112 
1315	138 
1316	43 
1317	83 
1318	51 
1319	15 
1320	16 
1321	125 
1322	61 
1323	34 
1324	21 
1325	28 
1326	34 
1327	58 
1328	34 85 103 105 121 142 
1329	112 
1330	80 
1331	119 
1332	137 
1333	129 
1334	92 
1335	17 52 85 110 118 130 
1336	103 
1337	52 
1338	129 
1339	44 
1340	45 
1341	134 
1342	20 
1343	137 
1344	15 
1345	129 
1346	34 
1347	134 
1348	73 
1349	15 
1350	90 
1351	122 
1352	50 
1353	131 
1354	65 
1355	21 
1356	82 
1357	91 
1358	118 
1359	149 
1360	51 
1361	118 
1362	98 
1363	100 
1364	26 
1365	50 52 68 84 120 142 
1366	6 9 31 40 59 104 
1367	131 
1368	97 
1369	35 
1370	123 
1371	47 
1372	6 
1373	124 
1374	106 
1375	82 
1376	15 
1377	135 
1378	103 
1379	22 
1380	103 
1381	41 
1382	85 
1383	60 
1384	7 
1385	145 
1386	144 
1387	80 
1388	119 
1389	90 
1390	90 
1391	116 
1392	102 
1393	130 
1394	59 
1395	85 
1396	117 
1397	66 
1398	146 
1399	143 
1400	33 
1401	41 
1402	33 
1403	139 
1404	113 
1405	112 
1406	46 
1407	30 
1408	107 
1409	53 
1410	1 
1411	118 
1412	117 
1413	142 
1414	12 
1415	30 
1416	117 
1417	38 
1418	107 
1419	80 
1420	99 
1421	10 18 33 44 103 112 
1422	6 
1423	6 
1424	85 
1425	55 
1426	137 
1427	34 
1428	137 
1429	9 
1430	38 
1431	38 
1432	30 
1433	69 
1434	90 
1435	55 80 88 89 107 118 
1436	107 
1437	154 
1438	149 
1439	104 
1440	62 
1441	125 
1442	155 
1443	80 
1444	126 
1445	98 
1446	72 
1447	131 
1448	14 
1449	96 
1450	16 
1451	59 75 86 100 103 139 
1452	38 
1453	125 
1454	35 
1455	83 
1456	121 
1457	48 
1458	54 
1459	63 
1460	84 
1461	131 
1462	71 
1463	106 
1464	84 
1465	55 
1466	69 
1467	50 
1468	46 
1469	97 
1470	147 
1471	34 
1472	88 
1473	31 
1474	58 
1475	144 
1476	61 
1477	15 
1478	14 34 49 114 124 136 
1479	80 
1480	145 
1481	83 
1482	115 
1483	38 
1484	85 
1485	31 
1486	82 
1487	123 
1488	69 
1489	38 
1490	61 
1491	56 
1492	116 
1493	105 
1494	4 
1495	116 
1496	118 
1497	121 
1498	150 
1499	20 
1500	154 
1501	7 
1502	130 
1503	85 
1504	20 
1505	68 
1506	82 
1507	103 
1508	89 
1509	30 
1510	139 
1511	118 
1512	34 
1513	109 
1514	137 
1515	34 50 69 71 102 138 
1516	121 
1517	60 64 68 121 137 152 
1518	66 
1519	112 
1520	15 64 66 84 105 121 
1521	68 
1522	137 
1523	60 
1524	45 
1525	2 
1526	89 
1527	30 
1528	14 58 80 88 138 139 
1529	45 
1530	34 
1531	140 
1532	68 
1533	98 
1534	136 
1535	59 
1536	121 
1537	25 
1538	55 
1539	129 
1540	104 
1541	47 
1542	138 
1543	85 
1544	15 
1545	16 56 58 59 71 101 
1546	66 
1547	7 21 48 54 81 88 
1548	73 
1549	131 
1550	119 
1551	12 
1552	88 
1553	106 
1554	147 
1555	142 
1556	19 
1557	49 
1558	55 
1559	115 
1560	10 46 90 106 121 136 
1561	122 
1562	85 
1563	145 
1564	50 
1565	83 
1566	110 
1567	88 
1568	118 
1569	133 
1570	38 47 78 104 115 126 
1571	6 13 43 63 96 142 
1572	17 
1573	150 
1574	6 41 100 107 127 146 
1575	14 
1576	9 14 34 112 131 137 
1577	19 
1578	56 
1579	126 
1580	81 
1581	141 
1582	86 
1583	13 
1584	5 11 13 50 98 146 
1585	136 
1586	136 
1587	53 
1588	85 
1589	124 
1590	102 
1591	91 
1592	43 45 55 61 81 145 
1593	139 
1594	109 
1595	106 
1596	126 
1597	137 
1598	16 
1599	43 
1600	75 
1601	59 
1602	69 
1603	16 
1604	99 
1605	6 
1606	142 
1607	125 
1608	3 
1609	6 
1610	30 
1611	99 
1612	75 
1613	65 
1614	38 
1615	150 
1616	103 
1617	39 
1618	59 
1619	3 
1620	53 
1621	113 
1622	60 
1623	112 
1624	18 
1625	61 
1626	59 
1627	21 
1628	21 31 56 126 139 146 
1629	114 
1630	42 
1631	69 
1632	115 
1633	50 
1634	38 
1635	149 
1636	139 
1637	29 69 71 134 141 143 
1638	136 
1639	55 
1640	115 
1641	118 
1642	114 
1643	45 
1644	101 
1645	93 
1646	81 
1647	85 
1648	3 
1649	150 
1650	8 
1651	103 
1652	61 
1653	82 
1654	85 
1655	148 
1656	3 21 28 50 55 154 
1657	88 
1658	75 
1659	95 
1660	107 
1661	138 
1662	37 
1663	121 
1664	18 
1665	51 
1666	34 
1667	85 
1668	53 
1669	10 34 88 90 129 131 
1670	40 
1671	4 8 15 21 58 121 
1672	142 
1673	2 57 62 74 76 95 
1674	115 
1675	69 
1676	55 
1677	132 
1678	90 
1679	38 
1680	151 
1681	59 
1682	154 
1683	150 
1684	14 27 56 110 111 155 
1685	153 
1686	127 
1687	155 
1688	40 
1689	13 31 102 112 147 151 
1690	33 
1691	80 
1692	71 
1693	17 
1694	1 
1695	55 
1696	45 
1697	9 11 55 127 136 146 
1698	115 
1699	53 62 84 88 122 132 
1700	53 
1701	75 
1702	82 
1703	83 
1704	88 
1705	78 
1706	46 69 75 129 134 155 
1707	117 
1708	112 
1709	46 
1710	75 
1711	144 
1712	137 
1713	22 28 66 74 88 146 
1714	112 
1715	14 18 37 62 88 129 
1716	86 
1717	29 54 56 88 106 118 
1718	139 
1719	123 
1720	61 
1721	4 63 86 90 121 151 
1722	20 49 66 71 104 150 
1723	126 
1724	94 
1725	99 
1726	60 
1727	131 
1728	115 
1729	31 
1730	154 
1731	38 
1732	154 
1733	131 
1734	91 
1735	132 
1736	124 
1737	53 
1738	147 
1739	136 
1740	14 21 69 78 131 136 
1741	112 
1742	100 
1743	4 
1744	15 
1745	33 
1746	17 
1747	106 
1748	150 
1749	39 
1750	91 
1751	82 
1752	52 
1753	136 
1754	21 84 98 137 142 153 
1755	32 
1756	121 
1757	138 
1758	138 
1759	92 
1760	3 
1761	49 
1762	127 
1763	8 
1764	44 
1765	48 
1766	12 24 65 83 85 115 
1767	33 
1768	84 
1769	16 
1770	49 
1771	51 
1772	31 
1773	154 
1774	60 
1775	107 
1776	45 
1777	147 
1778	53 
1779	75 
1780	122 
1781	148 
1782	82 
1783	143 
1784	21 43 83 85 107 146 
1785	25 
1786	45 
1787	56 
1788	2 27 52 60 76 131 
1789	121 
1790	63 
1791	49 
1792	60 
1793	108 
1794	82 
1795	55 
1796	75 
1797	109 
1798	114 
1799	35 46 61 69 73 91 
1800	142 
1801	31 
1802	122 
1803	137 
1804	72 
1805	17 
1806	84 
1807	110 
1808	142 
1809	110 
1810	85 
1811	18 42 46 51 106 150 
1812	53 
1813	19 
1814	5 
1815	104 
1816	5 
1817	15 
1818	13 14 31 58 121 125 
1819	145 
1820	85 
1821	121 
1822	13 
1823	46 
1824	66 
1825	69 
1826	130 
1827	122 
1828	51 
1829	126 
1830	90 
1831	80 
1832	82 
1833	122 
1834	80 
1835	38 
1836	34 46 58 82 85 107 
1837	12 
1838	38 
1839	155 
1840	71 
1841	118 
1842	49 
1843	47 
1844	11 15 16 43 84 110 
1845	85 
1846	147 
1847	122 
1848	138 
1849	41 
1850	60 63 75 125 147 151 
1851	42 
1852	141 
1853	61 65 73 122 139 141 
1854	104 
1855	13 
1856	57 
1857	43 
1858	16 
1859	152 
1860	55 
1861	41 
1862	64 
1863	56 
1864	113 
1865	115 
1866	22 31 34 58 62 63 
1867	20 
1868	140 
1869	43 
1870	123 
1871	147 
1872	16 20 68 76 107 116 
1873	89 
1874	64 
1875	107 
1876	3 15 71 83 84 115 
1877	29 
1878	72 
1879	142 
1880	88 
1881	112 
1882	19 
1883	55 
1884	56 
1885	55 
1886	127 
1887	110 
1888	39 
1889	1 19 55 61 113 140 
1890	28 
1891	120 
1892	17 43 85 101 102 132 
1893	135 
1894	124 
1895	41 
1896	78 
1897	6 
1898	115 
1899	40 57 90 115 121 140 
1900	142 
1901	13 
1902	110 
1903	102 
1904	126 
1905	55 
1906	76 
1907	94 
1908	97 
1909	84 
1910	7 20 33 61 63 136 
1911	69 
1912	56 
1913	131 
1914	76 
1915	13 
1916	64 
1917	28 
1918	140 
1919	15 
1920	52 
1921	60 
1922	155 
1923	45 57 101 132 139 142 
1924	141 
1925	30 
1926	9 
1927	106 
1928	13 
1929	71 
1930	131 
1931	121 
1932	43 
1933	44 45 67 89 136 143 
1934	93 
1935	91 
1936	104 
1937	14 
1938	125 
1939	1 
1940	76 
1941	61 
1942	53 75 96 106 112 139 
1943	71 
1944	72 
1945	91 
1946	112 
1947	88 
1948	116 
1949	3 
1950	38 45 80 90 102 105 
1951	150 
1952	5 8 15 67 74 79 
1953	60 
1954	107 
1955	98 
1956	8 
1957	6 30 53 76 118 139 
1958	122 
1959	38 
1960	45 
1961	13 72 82 88 117 138 
1962	66 
1963	112 
1964	5 37 80 127 136 153 
1965	49 
1966	29 
1967	20 
1968	69 
1969	154 
1970	93 
1971	21 
1972	80 
1973	151 
1974	15 33 46 77 137 143 
1975	142 
1976	50 
1977	76 
1978	23 
1979	44 
1980	150 
1981	136 
1982	38 
1983	113 
1984	113 
1985	140 
1986	41 63 83 84 107 150 
1987	74 
1988	30 
1989	152 
1990	121 
1991	96 
1992	145 
1993	60 
1994	105 
1995	132 
1996	34 
1997	61 
1998	115 
1999	35 49 85 120 139 154 
2000	99 
2001	91 
2002	82 
2003	23 49 60 78 79 121 
2004	53 
2005	33 
2006	150 
2007	110 
2008	83 
2009	33 56 63 74 132 150 
2010	118 
2011	102 
2012	32 36 45 79 142 154 
2013	15 30 39 84 107 154 
2014	145 
2015	80 
2016	138 
2017	104 
2018	152 
2019	28 
2020	95 
2021	71 
2022	28 
2023	59 
2024	111 
2025	95 
2026	124 
2027	142 
2028	45 61 81 84 129 131 
2029	21 
2030	9 
2031	68 
2032	129 
2033	15 
2034	21 
2035	80 
2036	28 
2037	50 
2038	121 
2039	84 
2040	11 
2041	7 
2042	56 
2043	83 
2044	138 
2045	100 
2046	47 
2047	46 
2048	136 
2049	30 
2050	142 
2051	143 
2052	46 
2053	4 
2054	108 
2055	49 
2056	16 
2057	123 
2058	43 
2059	108 
2060	105 
2061	17 
2062	45 
2063	45 
2064	136 
2065	2 
2066	80 
2067	46 
2068	51 
2069	57 
2070	19 
2071	118 
2072	121 
2073	90 
2074	71 
2075	1 28 74 80 95 133 
2076	131 
2077	135 
2078	79 
2079	46 
2080	137 
2081	53 
2082	115 
2083	85 
2084	20 43 72 87 123 140 
2085	61 
2086	32 
2087	89 
2088	91 
2089	139 
2090	71 
2091	97 
2092	15 
2093	131 
2094	139 
2095	112 121 122 125 138 152 
2096	72 
2097	58 
2098	19 83 100 102 115 133 
2099	141 
2100	122 
2101	21 
2102	14 
2103	105 
2104	19 30 89 101 145 149 
2105	64 
2106	72 
2107	74 
2108	55 
2109	106 
2110	59 
2111	45 
2112	100 
2113	101 
2114	135 
2115	44 
2116	20 
2117	25 
2118	43 
2119	86 
2120	39 
2121	99 
2122	123 
2123	139 
2124	139 
2125	141 
2126	41 
2127	109 
2128	66 
2129	5 
2130	71 
2131	97 
2132	116 
2133	88 118 121 132 148 155 
2134	106 
2135	46 
2136	93 
2137	53 
2138	131 
2139	45 
2140	2 
2141	129 
2142	56 
2143	33 
2144	128 
2145	76 
2146	49 
2147	45 
2148	154 
2149	85 
2150	48 
2151	30 
2152	122 
2153	135 
2154	10 
2155	129 
2156	112 
2157	27 
2158	11 45 69 82 120 123 
2159	118 
2160	141 
2161	140 
2162	116 
2163	40 
2164	137 
2165	53 
2166	67 
2167	7 
2168	96 
2169	137 
2170	49 
2171	32 
2172	80 
2173	33 
2174	84 
2175	7 
2176	69 
2177	71 
2178	57 
2179	153 
2180	101 
2181	12 32 75 90 101 132 
2182	130 
2183	27 
2184	38 
2185	152 
2186	137 
2187	138 
2188	147 
2189	73 
2190	83 
2191	22 63 71 76 85 148 
2192	135 
2193	82 
2194	45 50 53 58 78 114 
2195	50 53 119 136 142 153 
2196	30 
2197	7 
2198	85 
2199	82 
2200	4 
2201	24 
2202	21 
2203	134 
2204	85 
2205	107 
2206	65 
2207	15 30 53 59 61 117 
2208	152 
2209	143 
2210	140 
2211	72 
2212	11 76 82 89 118 142 
2213	51 
2214	15 24 50 67 103 143 
2215	33 
2216	135 
2217	7 17 35 66 85 121 
2218	45 
2219	151 
2220	19 
2221	107 
2222	58 
2223	141 
2224	15 
2225	47 89 100 110 142 150 
2226	64 
2227	71 
2228	31 54 57 120 123 126 
2229	15 30 85 94 142 146 
2230	50 
2231	30 
2232	87 
2233	15 
2234	75 
2235	52 
2236	144 
2237	150 
2238	141 
2239	30 
2240	80 
2241	88 
2242	15 30 36 41 61 116 
2243	132 
2244	6 
2245	81 
2246	49 
2247	5 36 83 116 137 149 
2248	10 
2249	80 
2250	150 
2251	16 
2252	67 
2253	35 
2254	76 
2255	124 
2256	50 
2257	119 
2258	104 
2259	108 
2260	79 
2261	115 
2262	32 
2263	84 
2264	17 59 73 74 97 137 
2265	12 27 37 70 72 110 
2266	41 
2267	25 
2268	50 
2269	111 
2270	139 
2271	10 49 61 84 113 150 
2272	19 
2273	55 
2274	139 
2275	140 
2276	78 
2277	122 
2278	92 
2279	140 
2280	101 
2281	44 
2282	138 
2283	45 
2284	21 
2285	45 
2286	34 
2287	139 
2288	44 
2289	14 66 80 119 125 142 
2290	34 38 67 82 90 152 
2291	15 
2292	45 
2293	71 
2294	131 
2295	136 
2296	2 
2297	63 
2298	17 
2299	73 
2300	125 
2301	150 
2302	129 
2303	147 
2304	79 
2305	55 
2306	4 
2307	140 
2308	103 
2309	124 
2310	19 
2311	137 
2312	150 
2313	99 
2314	30 40 55 140 145 152 
2315	126 
2316	2 3 52 86 122 128 
2317	91 
2318	31 
2319	79 
2320	126 
2321	67 
2322	99 
2323	17 
2324	88 
2325	30 
2326	3 
2327	136 
2328	60 
2329	115 
2330	28 
2331	57 
2332	59 
2333	112 
2334	45 
2335	15 
2336	117 
2337	113 
2338	129 
2339	10 16 42 53 118 150 
2340	132 
2341	123 
2342	94 
2343	4 
2344	18 41 102 118 137 142 
2345	118 
2346	117 
2347	83 
2348	110 
2349	75 
2350	45 
2351	94 
2352	112 
2353	151 
2354	29 
2355	46 
2356	142 
2357	6 14 33 84 88 115 
2358	124 
2359	30 
2360	17 
2361	134 
2362	13 
2363	83 
2364	30 
2365	21 
2366	137 
2367	70 
2368	130 
2369	131 
2370	88 
2371	63 
2372	9 
2373	129 
2374	147 
2375	35 
2376	90 
2377	102 
2378	57 
2379	154 
2380	122 
2381	31 
2382	28 
2383	58 
2384	19 
2385	147 
2386	46 
2387	139 
2388	6 11 53 68 83 145 
2389	136 
2390	32 
2391	126 
2392	84 
2393	9 49 83 129 131 136 
2394	72 
2395	65 
2396	90 
2397	9 
2398	116 
2399	133 
2400	102 
2401	121 
2402	141 
2403	134 
2404	56 
2405	43 
2406	90 
2407	77 
2408	121 
2409	61 
2410	133 
2411	84 
2412	32 
2413	128 
2414	44 49 52 58 97 120 
2415	56 
2416	31 
2417	117 
2418	5 
2419	89 
2420	38 
2421	112 
2422	51 81 87 98 101 126 
2423	139 
2424	143 
2425	137 
2426	90 
2427	49 
2428	98 
2429	104 
2430	16 
2431	51 77 80 106 131 139 
2432	64 
2433	123 
2434	141 
2435	13 
2436	53 
2437	126 
2438	83 
2439	84 
2440	55 
2441	133 
2442	114 
2443	21 
2444	21 
2445	47 
2446	28 
2447	107 
2448	34 
2449	149 
2450	90 
2451	50 
2452	117 
2453	112 
2454	144 
2455	16 59 71 126 136 139 
2456	107 
2457	74 
2458	136 
2459	22 55 56 92 106 112 
2460	75 
2461	126 
2462	144 
2463	59 
2464	13 
2465	122 
2466	148 
2467	51 
2468	57 
2469	136 
2470	127 
2471	75 
2472	60 
2473	60 
2474	31 
2475	114 
2476	106 
2477	83 
2478	98 
2479	55 
2480	145 
2481	12 
2482	17 
2483	6 8 31 45 52 139 
2484	45 
2485	92 
2486	81 
2487	13 
2488	69 
2489	38 70 130 131 140 147 
2490	111 
2491	46 
2492	57 
2493	74 
2494	15 38 46 89 105 138 
2495	39 
2496	104 
2497	15 
2498	95 
2499	14 
2500	49 
2501	122 
2502	125 
2503	76 
2504	2 
2505	55 
2506	53 79 85 110 121 148 
2507	55 
2508	24 34 49 85 125 139 
2509	88 
2510	87 
2511	93 
2512	60 
2513	141 
2514	154 
2515	64 
2516	17 
2517	15 
2518	13 
2519	79 
2520	44 
2521	84 
2522	28 41 121 149 150 152 
2523	28 
2524	129 
2525	67 
2526	14 
2527	120 
2528	5 
2529	87 
2530	134 
2531	38 
2532	107 
2533	66 
2534	142 
2535	34 
2536	21 
2537	23 56 116 118 122 154 
2538	107 
2539	137 
2540	101 
2541	120 
2542	110 
2543	19 
2544	22 
2545	84 
2546	105 
2547	15 26 50 74 130 137 
2548	57 
2549	94 
2550	124 
2551	26 80 87 99 146 155 
2552	143 
2553	144 
2554	138 
2555	46 
2556	128 
2557	31 48 98 124 131 146 
2558	102 
2559	7 
2560	63 
2561	89 
2562	90 
2563	76 
2564	129 
2565	115 
2566	77 
2567	12 
2568	56 
2569	41 
2570	96 
2571	55 56 108 115 142 149 
2572	71 
2573	21 
2574	24 
2575	69 
2576	80 
2577	49 
2578	85 
2579	13 
2580	84 92 112 121 134 155 
2581	137 
2582	5 11 12 24 83 137 
2583	15 
2584	21 
2585	138 
2586	136 
2587	46 
2588	86 
2589	31 
2590	60 
2591	35 
2592	34 
2593	11 
2594	80 85 91 103 123 145 
2595	89 
2596	78 
2597	142 
2598	84 
2599	114 
2600	97 
2601	61 
2602	19 52 67 80 125 148 
2603	129 
2604	19 
2605	38 65 71 107 136 155 
2606	82 
2607	72 
2608	10 13 14 58 112 137 
2609	131 
2610	131 
2611	55 
2612	22 86 107 118 146 152 
2613	72 
2614	77 
2615	34 
2616	112 
2617	139 
2618	15 
2619	119 
2620	120 
2621	108 
2622	116 
2623	63 92 105 131 147 152 
2624	34 
2625	131 
2626	54 
2627	7 43 61 71 89 150 
2628	154 
2629	115 
2630	71 
2631	80 
2632	65 
2633	116 
2634	4 10 13 55 153 154 
2635	45 
2636	16 
2637	33 
2638	17 
2639	105 
2640	72 
2641	142 
2642	45 
2643	84 
2644	99 
2645	21 22 33 70 139 141 
2646	142 
2647	77 
2648	129 
2649	43 
2650	32 58 74 90 133 151 
2651	27 33 39 51 146 151 
2652	43 
2653	34 47 71 103 104 138 
2654	85 
2655	11 
2656	21 
2657	45 
2658	93 
2659	19 
2660	131 
2661	85 
2662	139 
2663	84 
2664	88 
2665	102 
2666	83 
2667	72 
2668	25 
2669	15 
2670	83 
2671	131 
2672	79 
2673	155 
2674	15 
2675	89 
2676	31 
2677	34 
2678	115 
2679	72 
2680	45 
2681	54 
2682	44 
2683	97 
2684	67 
2685	109 
2686	76 
2687	42 
2688	137 
2689	4 
2690	147 
2691	75 
2692	154 
2693	96 
2694	102 
2695	64 
2696	126 
2697	5 
2698	103 
2699	84 
2700	33 
2701	154 
2702	61 
2703	41 
2704	32 
2705	153 
2706	140 
2707	85 
2708	88 
2709	124 
2710	81 
2711	22 
2712	97 
2713	90 
2714	55 
2715	38 
2716	68 
2717	19 50 53 56 57 91 
2718	58 
2719	57 
2720	44 
2721	6 
2722	57 
2723	154 
2724	118 
2725	113 
2726	15 39 46 87 131 135 
2727	129 
2728	112 
2729	5 
2730	46 
2731	146 
2732	82 
2733	142 
2734	22 
2735	149 
2736	9 57 65 101 138 149 
2737	64 
2738	128 
2739	138 
2740	17 
2741	154 
2742	47 
2743	54 
2744	137 
2745	53 
2746	79 
2747	58 
2748	137 
2749	115 
2750	11 
2751	86 
2752	113 
2753	87 
2754	21 
2755	150 
2756	107 
2757	35 
2758	107 
2759	55 
2760	149 
2761	1 26 50 79 97 129 
2762	34 
2763	16 
2764	36 
2765	99 
2766	110 
2767	21 
2768	78 
2769	41 45 46 53 137 149 
2770	35 
2771	61 
2772	40 
2773	84 
2774	2 69 102 110 142 149 
2775	49 64 69 73 81 109 
2776	45 51 80 82 131 149 
2777	31 
2778	101 
2779	91 
2780	1 
2781	148 
2782	53 69 78 89 131 152 
2783	122 
2784	136 
2785	12 
2786	107 
2787	57 
2788	85 92 106 110 126 137 
2789	14 
2790	152 
2791	36 37 46 55 65 141 
2792	21 40 94 136 147 150 
2793	131 
2794	86 
2795	26 31 53 110 117 121 
2796	2 32 39 61 103 118 
2797	15 21 28 35 57 107 
2798	113 
2799	40 45 50 82 84 121 
2800	6 
2801	120 
2802	31 
2803	90 
2804	11 
2805	90 
2806	121 
2807	138 
2808	137 
2809	86 
2810	45 
2811	38 
2812	129 
2813	18 
2814	136 
2815	74 
2816	6 
2817	29 
2818	61 
2819	122 
2820	44 
2821	35 
2822	153 
2823	9 15 78 121 138 143 
2824	139 
2825	21 
2826	84 92 96 98 136 137 
2827	56 
2828	72 
2829	121 
2830	34 
2831	107 
2832	7 26 44 102 104 107 
2833	75 
2834	116 
2835	9 
2836	118 
2837	60 
2838	45 
2839	2 
2840	111 
2841	6 32 50 61 104 107 
2842	64 
2843	126 
2844	38 
2845	154 
2846	126 
2847	139 
2848	144 
2849	37 
2850	41 
2851	96 
2852	154 
2853	43 
2854	60 
2855	80 
2856	55 
2857	155 
2858	21 
2859	67 
2860	140 
2861	47 
2862	35 
2863	74 
2864	56 69 83 85 92 141 
2865	58 
2866	30 
2867	49 
2868	88 
2869	100 
2870	89 
2871	10 
2872	115 
2873	135 
2874	71 
2875	9 32 43 58 101 129 
2876	119 
2877	61 
2878	41 
2879	30 31 35 58 77 132 
2880	59 
2881	68 
2882	50 
2883	58 
2884	52 
2885	125 
2886	6 
2887	90 
2888	139 
2889	96 
2890	82 
2891	149 
2892	122 
2893	123 
2894	153 
2895	153 
2896	74 
2897	141 
2898	137 
2899	154 
2900	3 
2901	56 
2902	145 
2903	125 
2904	113 
2905	57 
2906	85 
2907	24 
2908	61 
2909	64 
2910	118 
2911	17 
2912	45 
2913	132 
2914	116 
2915	144 
2916	49 
2917	137 
2918	113 
2919	79 
2920	50 122 124 129 141 147 
2921	45 
2922	84 
2923	76 
2924	32 
2925	7 45 47 55 115 129 
2926	64 
2927	41 
2928	53 
2929	22 
2930	116 
2931	42 
2932	152 
2933	132 
2934	141 
2935	17 
2936	80 
2937	29 
2938	62 
2939	105 
2940	53 
2941	131 
2942	34 41 46 48 101 142 
2943	72 
2944	35 
2945	24 
2946	20 
2947	102 
2948	102 
2949	148 
2950	48 
2951	84 
2952	83 
2953	146 
2954	95 
2955	7 
2956	21 
2957	131 
2958	29 30 39 41 53 90 
2959	89 
2960	33 
2961	81 
2962	108 
2963	102 
2964	115 
2965	69 
2966	154 
2967	97 
2968	60 
2969	64 
2970	115 
2971	34 
2972	13 49 54 64 65 85 
2973	16 
2974	9 21 83 88 110 142 
2975	15 
2976	79 
2977	144 
2978	79 
2979	106 
2980	30 
2981	137 
2982	75 
2983	41 
2984	71 
2985	47 51 56 89 123 146 
2986	30 
2987	21 
2988	142 
2989	72 
2990	121 
2991	127 
2992	67 
2993	129 
2994	4 15 46 56 128 155 
2995	23 
2996	151 
2997	53 
2998	64 
2999	21 44 61 85 138 142 
3000	130 
3001	85 
3002	147 
3003	3 
3004	46 
3005	21 50 62 112 117 118 
3006	117 
3007	53 
3008	14 61 70 131 140 145 
3009	154 
3010	102 
3011	131 
3012	73 
3013	64 
3014	45 
3015	84 
3016	30 
3017	18 
3018	22 
3019	52 
3020	114 
3021	88 
3022	19 73 102 115 122 128 
3023	154 
3024	137 
3025	66 
3026	28 
3027	98 
3028	23 43 45 122 130 151 
3029	66 
3030	69 
3031	137 
3032	56 
3033	123 
3034	111 
3035	45 
3036	89 
3037	85 
3038	47 
3039	93 
3040	80 
3041	103 
3042	119 
3043	56 105 117 118 121 137 
3044	154 
3045	72 
3046	126 
3047	125 
3048	41 
3049	26 31 38 55 125 146 
3050	31 49 90 103 122 136 
3051	137 
3052	118 
3053	150 
3054	65 
3055	35 
3056	89 
3057	133 
3058	11 31 50 56 85 144 
3059	94 
3060	49 
3061	88 
3062	6 
3063	12 
3064	116 
3065	32 
3066	94 
3067	57 
3068	30 57 90 107 144 146 
3069	105 
3070	128 
3071	21 35 49 85 118 123 
3072	69 
3073	119 
3074	47 
3075	13 
3076	17 
3077	145 
3078	39 
3079	98 
3080	135 
3081	53 
3082	10 30 43 69 94 147 
3083	61 
3084	70 
3085	130 
3086	46 
3087	107 
3088	87 
3089	61 
3090	103 
3091	41 
3092	21 
3093	56 
3094	121 
3095	60 
3096	66 
3097	107 
3098	2 19 51 101 118 155 
3099	16 
3100	106 
3101	131 
3102	19 
3103	102 
3104	74 
3105	106 
3106	41 
3107	121 
3108	46 
3109	148 
3110	137 
3111	61 
3112	29 
3113	19 
3114	112 
3115	70 
3116	71 
3117	137 
3118	146 
3119	149 
3120	27 
3121	137 
3122	8 13 35 41 64 123 
3123	79 
3124	48 
3125	23 
3126	28 
3127	143 
3128	71 
3129	47 
3130	138 
3131	118 
3132	52 
3133	31 
3134	38 
3135	110 
3136	37 
3137	54 
3138	120 
3139	120 
3140	38 
3141	80 
3142	120 
3143	84 
3144	41 
3145	151 
3146	84 
3147	38 
3148	121 
3149	120 
3150	19 69 84 90 136 141 
3151	149 
3152	24 
3153	56 
3154	154 
3155	14 
3156	55 
3157	141 
3158	25 
3159	48 
3160	72 
3161	74 
3162	55 
3163	70 
3164	61 
3165	1 
3166	113 
3167	142 
3168	113 
3169	15 
3170	133 
3171	55 
3172	89 
3173	15 
3174	127 
3175	53 
3176	15 17 18 61 84 91 
3177	92 
3178	76 
3179	31 89 103 112 137 140 
3180	4 
3181	24 
3182	66 
3183	30 
3184	60 
3185	68 
3186	81 
3187	125 
3188	33 
3189	148 
3190	136 
3191	129 
3192	97 
3193	115 
3194	8 33 41 45 64 75 
3195	64 
3196	11 
3197	15 
3198	53 
3199	26 
3200	18 21 38 48 103 142 
3201	7 
3202	6 22 45 47 104 131 
3203	60 
3204	19 
3205	146 
3206	41 
3207	115 
3208	16 45 89 107 125 142 
3209	115 
3210	8 
3211	52 
3212	15 27 36 71 107 139 
3213	133 
3214	151 
3215	104 
3216	147 
3217	109 
3218	100 
3219	84 
3220	1 
3221	55 
3222	3 
3223	12 
3224	41 
3225	69 
3226	83 
3227	34 
3228	13 38 94 107 136 144 
3229	50 
3230	107 
3231	43 
3232	122 
3233	5 16 53 67 72 126 
3234	53 
3235	104 
3236	21 34 57 102 142 146 
3237	62 
3238	109 
3239	130 
3240	1 28 31 76 90 118 
3241	33 
3242	38 
3243	59 
3244	13 
3245	90 
3246	17 21 52 72 135 140 
3247	72 
3248	41 
3249	135 
3250	126 
3251	137 
3252	60 
3253	17 19 33 93 123 141 
3254	117 
3255	151 
3256	154 
3257	110 
3258	7 
3259	117 
3260	137 
3261	150 
3262	80 
3263	31 
3264	146 
3265	118 
3266	117 
3267	30 
3268	28 30 45 66 106 150 
3269	53 
3270	19 
3271	23 
3272	141 
3273	14 
3274	84 
3275	11 
3276	151 
3277	103 
3278	20 
3279	80 
3280	71 79 102 132 153 154 
3281	148 
3282	142 
3283	29 
3284	89 
3285	17 
3286	8 30 34 75 133 150 
3287	117 
3288	66 
3289	89 
3290	124 
3291	85 
3292	53 
3293	83 
3294	13 23 50 57 78 150 
3295	53 
3296	120 
3297	45 
3298	56 
3299	140 
3300	31 
3301	22 
3302	30 
3303	83 
3304	102 
3305	19 67 81 110 124 150 
3306	77 
3307	58 
3308	120 
3309	77 
3310	92 
3311	34 
3312	36 
3313	109 
3314	9 59 74 76 107 123 
3315	114 
3316	95 
3317	7 
3318	56 
3319	122 
3320	129 
3321	57 
3322	31 
3323	89 
3324	63 119 121 124 139 140 
3325	53 
3326	91 
3327	129 
3328	142 
3329	90 
3330	111 
3331	69 
3332	7 
3333	13 
3334	46 
3335	112 
3336	36 
3337	134 
3338	41 
3339	152 
3340	37 
3341	55 
3342	2 
3343	90 
3344	21 29 58 66 115 117 
3345	74 
3346	84 
3347	2 
3348	4 17 54 105 109 154 
3349	14 
3350	137 
3351	63 
3352	137 
3353	89 
3354	108 
3355	17 
3356	118 
3357	81 
3358	46 
3359	55 
3360	64 
3361	69 
3362	148 
3363	142 
3364	14 
3365	38 
3366	136 
3367	13 
3368	34 
3369	38 
3370	14 
3371	117 
3372	31 
3373	115 
3374	85 
3375	119 
3376	48 
3377	109 
3378	134 
3379	110 
3380	112 
3381	80 
3382	136 
3383	32 
3384	111 
3385	150 
3386	2 
3387	51 
3388	18 
3389	76 
3390	79 
3391	50 
3392	56 
3393	101 
3394	15 
3395	10 
3396	9 30 35 51 123 136 
3397	138 
3398	112 
3399	149 
3400	86 
3401	50 
3402	146 
3403	59 
3404	10 19 44 80 81 96 
3405	89 
3406	31 49 76 116 141 146 
3407	27 36 46 47 95 112 
3408	85 
3409	78 
3410	83 
3411	71 
3412	45 
3413	83 
3414	44 
3415	72 
3416	72 
3417	105 
3418	9 
3419	103 
3420	88 
3421	2 
3422	88 
3423	121 
3424	106 
3425	19 
3426	127 
3427	46 
3428	31 
3429	34 
3430	115 
3431	48 
3432	20 
3433	14 
3434	7 
3435	107 
3436	49 
3437	34 
3438	34 
3439	59 123 126 129 142 143 
3440	142 
3441	152 
3442	41 
3443	60 
3444	149 
3445	1 
3446	92 
3447	154 
3448	118 
3449	64 
3450	89 
3451	45 
3452	57 
3453	45 
3454	55 
3455	66 
3456	155 
3457	79 
3458	115 
3459	69 
3460	121 
3461	61 
3462	112 
3463	60 
3464	9 
3465	70 
3466	37 
3467	62 
3468	14 34 55 58 146 155 
3469	144 
3470	146 
3471	73 
3472	14 38 57 78 119 146 
3473	125 
3474	80 
3475	121 
3476	69 
3477	66 
3478	149 
3479	51 
3480	53 
3481	37 
3482	136 
3483	90 
3484	82 
3485	141 
3486	142 
3487	95 
3488	106 
3489	14 
3490	112 
3491	131 
3492	25 
3493	140 
3494	55 
3495	14 
3496	129 
3497	147 
3498	145 
3499	81 
3500	106 
3501	11 
3502	15 
3503	64 
3504	122 
3505	100 
3506	40 
3507	18 
3508	17 
3509	142 
3510	34 
3511	55 
3512	131 
3513	118 
3514	53 
3515	38 41 115 129 131 138 
3516	13 38 52 79 118 126 
3517	58 
3518	132 
3519	146 
3520	76 
3521	53 
3522	125 
3523	41 
3524	141 
3525	28 
3526	48 
3527	129 
3528	71 
3529	85 
3530	15 
3531	80 
3532	44 
3533	4 
3534	76 
3535	1 29 43 53 79 147 
3536	126 
3537	110 
3538	53 
3539	29 
3540	112 
3541	85 
3542	139 
3543	17 
3544	66 
3545	19 
3546	125 
3547	155 
3548	58 
3549	58 
3550	24 31 68 110 122 136 
3551	93 
3552	17 
3553	108 
3554	14 
3555	155 
3556	72 
3557	1 20 23 69 84 120 
3558	31 
3559	80 
3560	8 
3561	16 52 63 66 88 93 
3562	150 
3563	87 
3564	58 
3565	49 
3566	40 
3567	150 
3568	12 
3569	118 
3570	41 
3571	25 
3572	104 
3573	107 
3574	110 
3575	105 
3576	147 
3577	57 
3578	16 
3579	68 
3580	88 
3581	70 
3582	130 
3583	72 
3584	154 
3585	28 
3586	67 
3587	50 
3588	150 
3589	42 
3590	141 
3591	58 
3592	69 
3593	57 
3594	6 
3595	54 
3596	56 
3597	137 
3598	57 69 86 102 105 137 
3599	27 
3600	140 
3601	155 
3602	12 50 82 103 132 150 
3603	4 25 55 104 136 137 
3604	2 16 56 69 85 106 
3605	131 
3606	131 
3607	45 
3608	8 39 46 59 66 128 
3609	25 
3610	56 
3611	39 
3612	5 
3613	13 
3614	68 
3615	120 
3616	5 58 95 108 117 121 
3617	23 
3618	128 
3619	122 
3620	50 59 68 71 95 118 
3621	16 
3622	6 
3623	53 
3624	48 
3625	108 
3626	92 
3627	70 
3628	73 
3629	18 
3630	66 
3631	150 
3632	70 
3633	11 13 15 60 89 148 
3634	80 
3635	37 
3636	109 
3637	97 
3638	31 
3639	15 
3640	9 13 15 50 53 148 
3641	151 
3642	146 
3643	130 
3644	139 
3645	88 
3646	130 
3647	16 
3648	143 
3649	33 
3650	154 
3651	103 
3652	33 
3653	82 
3654	74 
3655	16 53 58 59 89 126 
3656	136 
3657	4 44 45 83 90 145 
3658	68 
3659	62 
3660	22 
3661	75 
3662	112 
3663	43 
3664	43 
3665	2 
3666	109 
3667	58 
3668	93 
3669	71 
3670	109 
3671	21 
3672	110 
3673	18 
3674	38 
3675	13 
3676	19 49 58 108 117 125 
3677	4 21 32 95 129 150 
3678	85 
3679	147 
3680	17 30 66 107 129 133 
3681	10 
3682	98 
3683	13 
3684	48 
3685	113 115 125 140 145 151 
3686	37 
3687	127 
3688	43 
3689	152 
3690	80 
3691	121 
3692	22 
3693	41 
3694	15 
3695	84 
3696	151 
3697	141 
3698	72 
3699	17 21 57 92 121 140 
3700	107 
3701	52 
3702	108 
3703	26 30 31 56 70 135 
3704	17 24 84 90 115 131 
3705	88 
3706	72 
3707	107 
3708	45 61 80 88 121 154 
3709	91 
3710	68 
3711	76 
3712	143 
3713	83 
3714	28 41 55 107 123 153 
3715	122 
3716	119 
3717	146 
3718	44 
3719	125 
3720	28 
3721	71 
3722	50 
3723	101 
3724	85 
3725	7 
3726	47 
3727	12 
3728	16 
3729	122 
3730	21 
3731	13 71 98 114 122 125 
3732	22 34 84 107 132 152 
3733	35 
3734	81 
3735	27 
3736	66 
3737	98 
3738	49 
3739	92 
3740	36 
3741	43 
3742	129 
3743	154 
3744	28 
3745	73 
3746	72 
3747	151 
3748	95 
3749	61 
3750	88 
3751	72 
3752	5 
3753	118 
3754	56 
3755	19 
3756	104 
3757	34 64 86 118 121 131 
3758	33 
3759	56 
3760	75 
3761	149 
3762	24 
3763	7 
3764	69 
3765	90 
3766	52 
3767	19 38 60 112 119 125 
3768	13 
3769	149 
3770	127 
3771	123 
3772	103 
3773	110 
3774	85 
3775	103 
3776	53 
3777	103 
3778	57 60 80 129 138 141 
3779	143 
3780	19 
3781	72 
3782	74 
3783	104 
3784	81 
3785	63 
3786	51 
3787	41 
3788	44 
3789	57 
3790	102 
3791	121 
3792	11 
3793	2 21 64 69 96 146 
3794	78 
3795	15 
3796	139 
3797	6 
3798	32 
3799	137 
3800	14 
3801	57 
3802	13 
3803	41 
3804	64 
3805	119 
3806	91 
3807	14 
3808	121 
3809	45 
3810	6 
3811	123 
3812	129 
3813	43 
3814	103 
3815	71 
3816	7 
3817	146 
3818	110 
3819	142 
3820	82 
3821	11 
3822	56 
3823	136 
3824	90 
3825	50 
3826	80 
3827	69 
3828	13 
3829	25 
3830	122 
3831	118 
3832	69 
3833	49 
3834	101 
3835	19 
3836	139 
3837	30 
3838	117 
3839	31 
3840	44 
3841	37 
3842	103 
3843	31 
3844	90 
3845	7 
3846	141 
3847	136 
3848	141 
3849	13 
3850	38 
3851	46 49 57 102 107 126 
3852	77 
3853	60 
3854	94 
3855	45 
3856	18 
3857	137 
3858	13 
3859	137 
3860	81 
3861	33 
3862	3 
3863	77 
3864	58 
3865	112 
3866	25 
3867	137 
3868	32 
3869	78 
3870	142 
3871	121 
3872	78 
3873	125 
3874	126 
3875	154 
3876	139 
3877	145 
3878	32 
3879	79 
3880	52 103 116 126 131 139 
3881	107 
3882	88 
3883	60 
3884	154 
3885	1 
3886	3 43 46 53 102 118 
3887	15 
3888	48 
3889	2 
3890	85 
3891	47 
3892	108 
3893	39 
3894	37 
3895	26 
3896	54 
3897	82 
3898	112 
3899	17 60 71 75 137 153 
3900	80 
3901	58 
3902	60 
3903	50 
3904	35 
3905	39 
3906	49 56 57 66 102 106 
3907	150 
3908	115 
3909	61 62 101 126 147 154 
3910	10 
3911	114 
3912	34 
3913	124 
3914	7 
3915	147 
3916	138 
3917	127 
3918	13 
3919	155 
3920	41 
3921	147 
3922	90 
3923	49 
3924	103 
3925	19 43 59 91 127 142 
3926	77 
3927	11 
3928	42 
3929	125 
3930	56 
3931	116 
3932	136 
3933	46 
3934	66 
3935	38 
3936	7 9 108 127 146 151 
3937	11 
3938	41 
3939	38 
3940	46 
3941	132 
3942	66 
3943	92 
3944	124 
3945	30 38 41 55 92 104 
3946	72 
3947	79 
3948	112 
3949	75 
3950	21 
3951	118 
3952	6 13 15 60 73 139 
3953	140 
3954	129 
3955	39 
3956	155 
3957	14 
3958	66 
3959	155 
3960	67 
3961	8 
3962	50 
3963	98 
3964	129 
3965	113 
3966	142 
3967	15 18 45 92 106 150 
3968	13 
3969	85 
3970	41 
3971	16 61 63 83 104 112 
3972	47 49 80 116 145 149 
3973	12 
3974	138 
3975	86 
3976	106 
3977	95 
3978	13 
3979	79 
3980	136 
3981	121 
3982	124 
3983	10 30 46 60 67 85 
3984	71 
3985	147 
3986	139 
3987	97 
3988	153 
3989	19 35 74 108 111 146 
3990	4 
3991	136 
3992	126 
3993	150 
3994	8 53 85 136 141 142 
3995	7 
3996	17 
3997	155 
3998	28 
3999	59 
4000	126 
4001	121 
4002	81 84 89 104 105 151 
4003	155 
4004	116 
4005	132 
4006	131 
4007	4 
4008	42 
4009	140 
4010	21 
4011	99 
4012	146 
4013	44 
4014	30 
4015	66 
4016	91 
4017	11 22 38 63 66 116 
4018	28 38 43 55 71 93 
4019	13 16 41 47 64 92 
4020	118 
4021	79 
4022	4 47 59 66 137 150 
4023	129 
4024	78 
4025	24 
4026	90 
4027	56 
4028	69 
4029	131 
4030	76 
4031	32 
4032	2 
4033	2 5 78 89 102 149 
4034	61 
4035	129 
4036	2 
4037	142 
4038	13 
4039	42 
4040	2 
4041	41 
4042	17 38 73 82 105 129 
4043	28 
4044	105 
4045	64 
4046	151 
4047	148 
4048	49 
4049	134 
4050	85 
4051	13 32 68 110 113 118 
4052	45 
4053	137 
4054	6 
4055	139 
4056	7 
4057	81 
4058	2 
4059	71 
4060	44 
4061	44 
4062	94 
4063	16 
4064	74 
4065	78 
4066	53 
4067	114 
4068	133 
4069	31 
4070	74 
4071	32 
4072	21 
4073	72 
4074	118 
4075	101 
4076	150 
4077	149 
4078	121 
4079	64 
4080	75 
4081	30 
4082	102 
4083	65 
4084	149 
4085	150 
4086	79 
4087	31 
4088	32 
4089	21 
4090	31 
4091	68 
4092	66 
4093	2 11 15 45 79 107 
4094	114 
4095	154 
4096	19 
4097	8 34 53 110 128 153 
4098	146 
4099	145 
4100	150 
4101	125 
4102	112 
4103	53 
4104	112 
4105	117 
4106	38 
4107	113 
4108	47 
4109	59 
4110	46 
4111	26 41 75 85 131 151 
4112	18 
4113	112 
4114	137 
4115	115 
4116	94 
4117	100 
4118	106 
4119	19 64 114 122 139 142 
4120	81 
4121	93 
4122	14 21 44 85 94 154 
4123	142 
4124	5 
4125	23 
4126	61 
4127	22 
4128	80 
4129	17 
4130	54 
4131	32 36 44 56 58 143 
4132	69 
4133	42 
4134	17 
4135	98 
4136	110 
4137	152 
4138	134 
4139	104 
4140	58 
4141	34 
4142	78 
4143	6 21 53 80 133 150 
4144	5 13 24 28 139 146 
4145	110 
4146	69 
4147	26 
4148	84 
4149	21 
4150	127 
4151	60 
4152	147 
4153	130 
4154	14 
4155	61 
4156	73 
4157	17 
4158	77 
4159	82 
4160	57 
4161	38 
4162	83 
4163	125 
4164	57 
4165	81 
4166	103 
4167	134 
4168	119 
4169	140 
4170	14 19 62 88 125 126 
4171	154 
4172	115 
4173	103 
4174	137 
4175	17 
4176	139 
4177	123 
4178	132 
4179	27 59 60 140 146 155 
4180	4 
4181	86 
4182	146 
4183	21 
4184	139 
4185	100 
4186	2 
4187	21 51 55 102 121 126 
4188	139 
4189	137 
4190	110 
4191	112 
4192	7 26 41 71 129 131 
4193	8 
4194	48 
4195	1 11 19 55 107 130 
4196	30 
4197	98 
4198	126 
4199	101 
4200	51 
4201	109 
4202	61 
4203	14 
4204	21 
4205	121 
4206	41 
4207	91 
4208	75 
4209	2 
4210	73 84 92 95 96 104 
4211	48 
4212	88 
4213	76 
4214	65 
4215	38 
4216	120 
4217	84 
4218	71 
4219	70 
4220	139 
4221	37 
4222	123 
4223	39 
4224	76 
4225	45 48 64 110 131 142 
4226	142 
4227	152 
4228	93 
4229	4 
4230	107 
4231	9 
4232	53 
4233	1 
4234	57 
4235	121 
4236	14 32 50 56 70 129 
4237	85 
4238	148 
4239	13 30 38 71 79 123 
4240	18 
4241	18 
4242	34 
4243	124 
4244	34 
4245	80 
4246	3 
4247	34 38 61 65 67 137 
4248	32 
4249	92 
4250	34 
4251	139 
4252	72 
4253	94 
4254	78 
4255	19 
4256	56 
4257	66 
4258	115 
4259	32 
4260	106 
4261	72 
4262	142 
4263	35 
4264	92 
4265	111 
4266	92 
4267	15 
4268	19 
4269	151 
4270	108 
4271	150 
4272	142 
4273	53 
4274	101 
4275	90 
4276	86 
4277	64 
4278	19 
4279	45 
4280	41 
4281	19 
4282	83 
4283	40 
4284	39 
4285	90 
4286	140 
4287	116 
4288	148 
4289	97 
4290	72 
4291	100 
4292	110 
4293	18 53 91 102 105 125 
4294	75 
4295	137 
4296	140 
4297	66 
4298	32 
4299	141 
4300	117 
4301	87 
4302	97 
4303	131 
4304	74 
4305	136 
4306	150 
4307	115 
4308	143 
4309	63 
4310	126 
4311	57 
4312	14 33 58 80 108 141 
4313	71 
4314	98 
4315	35 51 56 84 93 122 
4316	123 
4317	8 
4318	21 
4319	101 
4320	61 
4321	56 
4322	111 
4323	58 
4324	9 
4325	14 55 60 72 103 114 
4326	21 
4327	144 
4328	53 
4329	26 
4330	121 
4331	85 
4332	116 
4333	1 
4334	98 
4335	82 
4336	77 
4337	49 
4338	13 
4339	101 
4340	30 62 67 111 112 150 
4341	53 
4342	56 
4343	125 
4344	52 
4345	112 
4346	121 
4347	74 
4348	111 
4349	91 
4350	10 38 50 98 137 139 
4351	116 
4352	9 45 49 53 100 129 
4353	53 
4354	49 
4355	12 
4356	39 58 72 115 139 152 
4357	93 
4358	31 
4359	15 
4360	6 
4361	150 
4362	127 
4363	127 
4364	45 
4365	16 
4366	124 
4367	30 
4368	116 
4369	136 
4370	12 
4371	123 
4372	54 
4373	48 
4374	150 
4375	56 
4376	21 
4377	53 
4378	4 
4379	15 
4380	19 37 116 136 138 141 
4381	53 
4382	29 
4383	15 
4384	60 
4385	71 
4386	15 26 103 108 136 145 
4387	49 
4388	97 
4389	152 
4390	34 
4391	51 
4392	142 
4393	47 
4394	60 
4395	112 
4396	85 
4397	45 
4398	76 
4399	31 
4400	45 77 79 126 134 142 
4401	142 
4402	6 
4403	19 
4404	32 
4405	7 41 60 71 107 114 
4406	110 
4407	54 
4408	60 
4409	49 
4410	150 
4411	109 
4412	64 
4413	121 
4414	129 
4415	21 
4416	15 
4417	115 
4418	19 
4419	58 
4420	115 
4421	147 
4422	122 
4423	91 
4424	37 
4425	103 
4426	26 
4427	104 
4428	58 
4429	30 
4430	60 
4431	105 
4432	107 
4433	131 
4434	98 
4435	140 
4436	119 
4437	128 
4438	30 
4439	89 
4440	38 
4441	53 
4442	48 
4443	29 
4444	36 85 109 115 135 142 
4445	33 
4446	14 
4447	98 
4448	43 
4449	13 46 55 95 96 123 
4450	57 
4451	35 
4452	123 
4453	92 
4454	58 
4455	25 
4456	133 
4457	58 
4458	137 
4459	8 
4460	146 
4461	46 
4462	12 
4463	136 
4464	71 
4465	135 
4466	63 
4467	3 
4468	71 
4469	143 
4470	128 
4471	62 
4472	135 
4473	121 
4474	17 46 88 117 146 148 
4475	8 
4476	46 72 83 102 126 137 
4477	46 
4478	105 
4479	34 
4480	19 38 62 77 102 112 
4481	16 43 44 59 87 123 
4482	65 
4483	4 9 38 49 60 117 
4484	85 
4485	133 
4486	61 
4487	3 46 112 118 142 146 
4488	129 
4489	133 
4490	70 
4491	13 43 50 62 89 140 
4492	145 
4493	35 44 73 91 103 121 
4494	90 
4495	14 33 53 75 106 139 
4496	15 18 30 50 59 66 
4497	11 
4498	36 
4499	2 
4500	54 
4501	72 
4502	70 
4503	129 
4504	71 
4505	21 
4506	34 
4507	121 
4508	6 
4509	138 
4510	114 
4511	46 
4512	89 
4513	30 
4514	47 58 62 77 82 93 
4515	10 
4516	21 32 66 75 123 145 
4517	64 
4518	116 
4519	62 
4520	63 
4521	23 
4522	79 
4523	118 
4524	21 
4525	87 
4526	84 
4527	99 
4528	139 
4529	114 
4530	98 
4531	142 
4532	138 
4533	72 
4534	129 
4535	37 
4536	121 
4537	115 
4538	102 
4539	19 
4540	123 
4541	31 
4542	141 
4543	131 
4544	15 
4545	82 
4546	3 
4547	129 
4548	76 
4549	40 
4550	40 
4551	154 
4552	10 
4553	45 
4554	37 
4555	75 
4556	116 
4557	122 
4558	19 
4559	110 
4560	50 
4561	26 
4562	32 
4563	15 
4564	107 
4565	103 
4566	14 
4567	17 
4568	43 
4569	55 
4570	80 
4571	42 
4572	3 30 46 63 69 112 
4573	50 
4574	136 
4575	33 56 60 66 133 137 
4576	67 
4577	23 57 92 117 127 136 
4578	50 
4579	123 
4580	118 
4581	1 
4582	11 52 66 93 137 150 
4583	38 
4584	127 
4585	137 
4586	63 
4587	121 
4588	105 
4589	100 
4590	60 
4591	80 
4592	77 
4593	18 
4594	39 
4595	62 
4596	60 
4597	14 
4598	63 
4599	145 
4600	48 
4601	21 
4602	154 
4603	130 
4604	95 
4605	54 
4606	139 
4607	35 37 46 52 82 91 
4608	125 
4609	85 
4610	79 
4611	43 
4612	43 
4613	122 
4614	39 
4615	125 
4616	61 
4617	131 
4618	66 
4619	51 
4620	58 
4621	58 
4622	90 
4623	50 
4624	75 
4625	155 
4626	38 
4627	137 
4628	18 
4629	142 
4630	75 
4631	146 
4632	78 
4633	129 
4634	114 
4635	116 
4636	14 
4637	82 
4638	21 
4639	154 
4640	38 
4641	69 
4642	134 
4643	31 101 110 125 126 147 
4644	16 
4645	93 
4646	7 
4647	56 
4648	152 
4649	56 
4650	129 
4651	15 46 93 121 141 150 
4652	34 
4653	53 
4654	55 
4655	54 
4656	64 
4657	55 
4658	17 
4659	85 
4660	45 
4661	142 
4662	99 
4663	149 
4664	80 
4665	78 
4666	12 
4667	48 
4668	154 
4669	62 
4670	58 
4671	90 
4672	19 
4673	17 71 107 110 137 147 
4674	118 
4675	64 
4676	83 
4677	50 
4678	85 
4679	102 
4680	33 
4681	141 
4682	91 
4683	66 87 105 118 136 138 
4684	18 
4685	49 
4686	1 
4687	13 34 66 113 125 137 
4688	155 
4689	129 
4690	135 
4691	154 
4692	88 
4693	61 
4694	75 
4695	130 
4696	108 
4697	110 
4698	17 
4699	7 
4700	9 40 69 101 117 151 
4701	118 
4702	118 
4703	53 
4704	102 
4705	69 
4706	108 
4707	108 
4708	43 
4709	80 
4710	80 
4711	118 
4712	17 
4713	75 
4714	5 
4715	118 
4716	14 
4717	17 51 70 85 104 137 
4718	41 
4719	110 
4720	88 
4721	106 
4722	16 
4723	38 
4724	115 
4725	146 
4726	43 
4727	64 
4728	85 
4729	135 
4730	47 
4731	35 50 53 55 112 137 
4732	53 
4733	155 
4734	115 
4735	71 
4736	136 
4737	15 
4738	56 
4739	57 
4740	126 
4741	74 
4742	84 
4743	34 
4744	56 67 99 102 103 120 
4745	42 
4746	118 
4747	24 26 64 112 121 149 
4748	45 
4749	71 
4750	103 
4751	12 39 50 123 126 140 
4752	72 
4753	58 
4754	38 
4755	97 
4756	19 
4757	49 
4758	52 
4759	37 
4760	15 
4761	13 
4762	87 
4763	49 
4764	69 
4765	35 
4766	155 
4767	41 
4768	54 
4769	93 
4770	13 34 56 83 94 115 
4771	136 
4772	59 
4773	38 
4774	124 
4775	129 
4776	15 70 75 105 132 142 
4777	67 
4778	3 
4779	16 21 23 72 84 131 
4780	41 
4781	129 
4782	31 
4783	77 
4784	107 
4785	103 
4786	62 
4787	48 
4788	126 
4789	59 
4790	79 
4791	58 
4792	155 
4793	19 
4794	145 
4795	43 
4796	84 
4797	97 
4798	69 
4799	44 47 56 127 149 150 
4800	77 
4801	21 
4802	116 
4803	141 
4804	115 
4805	11 21 36 102 150 152 
4806	58 66 112 130 134 136 
4807	31 
4808	68 
4809	139 
4810	11 
4811	80 
4812	8 
4813	43 
4814	82 
4815	152 
4816	64 
4817	19 
4818	30 
4819	155 
4820	151 
4821	139 
4822	39 41 53 83 92 102 
4823	137 
4824	32 53 59 111 132 152 
4825	17 
4826	83 
4827	131 
4828	19 
4829	79 
4830	114 
4831	61 
4832	14 
4833	87 
4834	60 
4835	49 
4836	62 
4837	66 
4838	13 
4839	90 
4840	78 
4841	130 
4842	104 
4843	120 
4844	54 
4845	56 
4846	63 
4847	44 
4848	137 
4849	121 
4850	118 
4851	138 
4852	110 
4853	61 
4854	71 
4855	126 
4856	15 46 56 90 143 152 
4857	136 
4858	80 
4859	18 
4860	83 
4861	112 
4862	45 58 86 112 146 155 
4863	121 
4864	32 
4865	3 54 60 66 90 126 
4866	46 
4867	37 39 109 118 139 146 
4868	2 
4869	12 17 57 63 100 110 
4870	21 53 85 98 120 142 
4871	19 46 113 121 122 151 
4872	15 
4873	61 
4874	49 
4875	132 
4876	92 
4877	11 
4878	84 
4879	103 
4880	19 
4881	45 
4882	121 
4883	5 
4884	35 
4885	154 
4886	14 15 16 30 82 116 
4887	61 
4888	103 
4889	80 
4890	23 55 71 115 126 142 
4891	77 81 84 115 126 147 
4892	69 
4893	149 
4894	79 
4895	28 
4896	30 
4897	137 
4898	75 
4899	51 
4900	16 18 41 46 55 66 
4901	140 
4902	93 
4903	154 
4904	154 
4905	72 
4906	74 
4907	84 
4908	49 
4909	35 
4910	129 
4911	132 
4912	141 
4913	131 
4914	34 
4915	38 82 84 87 99 149 
4916	64 
4917	84 
4918	19 
4919	67 
4920	91 
4921	33 
4922	105 
4923	132 
4924	85 
4925	8 
4926	129 
4927	39 45 55 60 61 103 
4928	31 36 46 85 137 154 
4929	51 
4930	138 
4931	107 
4932	21 55 56 85 139 144 
4933	72 
4934	58 
4935	115 
4936	32 
4937	71 
4938	154 
4939	136 
4940	137 
4941	40 43 68 72 137 139 
4942	110 
4943	21 40 46 57 67 133 
4944	41 
4945	155 
4946	82 
4947	46 
4948	47 
4949	30 
4950	126 
4951	19 
4952	136 
4953	118 
4954	69 
4955	32 
4956	2 
4957	75 
4958	7 
4959	49 
4960	66 
4961	19 
4962	115 
4963	6 
4964	21 
4965	30 
4966	85 
4967	13 47 50 60 91 122 
4968	41 
4969	138 
4970	141 
4971	53 
4972	18 54 56 64 68 137 
4973	30 33 45 92 96 104 
4974	14 
4975	110 
4976	115 
4977	56 
4978	76 
4979	141 
4980	63 
4981	8 35 85 118 129 149 
4982	79 
4983	125 
4984	136 
4985	55 
4986	74 
4987	14 
4988	52 
4989	63 
4990	126 
4991	122 
4992	140 
4993	74 
4994	21 
4995	131 
4996	71 
4997	17 
4998	104 
4999	138 
5000	44 
