1	108 
2	7 
3	69 
4	21 
5	56 
6	7 
7	55 
8	45 77 108 
9	46 74 76 
10	115 
11	22 
12	34 
13	2 
14	75 
15	83 
16	91 
17	56 
18	103 
19	34 
20	109 
21	27 
22	107 
23	48 
24	74 
25	17 
26	43 
27	8 
28	56 
29	84 
30	79 
31	80 
32	118 
33	21 
34	87 
35	8 110 121 
36	56 
37	62 
38	11 
39	79 88 91 
40	2 31 114 
41	112 
42	85 
43	44 
44	30 68 75 
45	7 
46	39 
47	79 
48	59 66 89 
49	50 
50	112 
51	56 
52	45 
53	83 
54	36 
55	6 
56	16 63 71 
57	33 
58	86 
59	69 
60	49 
61	38 
62	14 92 105 
63	41 
64	17 
65	39 
66	9 61 79 
67	99 
68	96 
69	18 
70	77 
71	44 
72	80 
73	63 
74	98 
75	69 
76	37 
77	100 
78	106 
79	51 53 79 
80	69 
81	36 
82	109 
83	115 
84	19 
85	53 
86	118 
87	118 
88	116 
89	66 
90	118 
91	7 45 61 
92	64 
93	53 
94	19 
95	53 
96	16 
97	12 
98	16 
99	118 
100	86 
101	32 
102	74 
103	32 66 118 
104	56 
105	26 67 121 
106	121 
107	121 
108	121 
109	14 
110	16 
111	13 
112	86 
113	5 
114	31 
115	15 
116	34 
117	55 
118	43 
119	103 
120	43 
121	109 
122	17 123 124 
123	49 
124	71 
125	110 
126	17 
127	53 90 113 
128	99 
129	14 
130	38 
131	114 
132	110 
133	72 
134	41 
135	74 
136	71 116 118 
137	55 
138	47 
139	19 21 115 
140	119 
141	46 
142	66 
143	123 
144	46 
145	88 
146	93 
147	114 
148	30 
149	19 
150	87 
151	96 
152	97 
153	56 61 104 
154	84 
155	67 106 121 
156	31 
157	15 
158	20 
159	30 
160	19 
161	3 
162	48 
163	67 
164	101 
165	77 
166	6 
167	9 
168	76 
169	102 
170	102 
171	75 
172	116 
173	18 
174	46 
175	45 
176	79 
177	111 
178	26 
179	38 
180	47 
181	15 
182	14 
183	1 
184	16 71 95 
185	107 
186	17 
187	64 
188	1 
189	19 
190	85 
191	33 
192	2 
193	92 
194	10 
195	75 
196	98 
197	49 
198	32 
199	38 
200	30 
201	116 
202	2 
203	52 90 119 
204	31 
205	101 
206	15 
207	118 
208	34 
209	45 60 119 
210	59 
211	108 
212	55 73 118 
213	13 
214	11 
215	2 
216	2 
217	15 
218	112 
219	72 
220	50 
221	84 
222	107 
223	80 
224	98 
225	44 
226	8 52 108 
227	78 
228	79 
229	48 
230	14 
231	101 
232	103 
233	57 
234	90 
235	114 
236	50 
237	109 
238	34 
239	84 
240	106 
241	48 
242	69 
243	45 88 89 
244	73 
245	117 
246	102 
247	116 
248	49 
249	61 
250	7 
251	8 
252	102 
253	105 
254	28 
255	111 
256	110 
257	84 
258	41 85 117 
259	1 
260	50 
261	116 
262	35 
263	55 
264	56 
265	123 
266	2 15 90 
267	82 
268	43 
269	83 
270	39 63 102 
271	78 
272	6 
273	83 
274	66 
275	112 
276	45 
277	31 
278	122 
279	106 
280	60 
281	13 18 58 
282	116 
283	92 
284	17 83 95 
285	5 
286	47 
287	38 80 119 
288	88 
289	76 80 106 
290	12 
291	31 
292	2 
293	6 
294	34 117 123 
295	14 43 58 
296	62 
297	118 
298	58 
299	116 
300	5 74 102 
301	98 
302	82 
303	83 
304	85 
305	85 
306	75 
307	19 
308	69 
309	44 
310	81 
311	34 
312	79 
313	66 
314	28 
315	76 
316	47 
317	98 
318	77 
319	31 
320	1 
321	56 
322	28 
323	11 
324	9 
325	58 
326	82 
327	111 
328	46 
329	26 
330	1 
331	38 
332	80 
333	9 
334	38 
335	105 
336	15 
337	13 38 123 
338	35 70 88 
339	93 
340	19 
341	105 
342	14 
343	83 
344	115 
345	61 
346	21 
347	70 
348	11 
349	6 16 96 
350	57 
351	16 
352	13 
353	114 
354	53 
355	1 
356	22 
357	69 
358	17 
359	44 
360	55 
361	80 
362	102 
363	80 
364	115 
365	44 
366	123 
367	101 
368	83 
369	121 
370	108 
371	94 
372	4 
373	19 
374	10 82 98 
375	114 
376	56 
377	15 
378	58 
379	23 55 86 
380	13 15 84 
381	38 
382	43 51 89 
383	107 
384	71 
385	11 
386	94 
387	92 
388	35 
389	35 
390	71 
391	17 
392	55 
393	115 
394	84 
395	57 
396	66 
397	69 
398	55 
399	35 
400	117 
401	43 
402	56 
403	90 
404	118 
405	54 
406	5 
407	30 
408	41 
409	116 
410	65 
411	14 67 71 
412	65 
413	24 
414	72 
415	94 
416	69 80 107 
417	84 
418	115 
419	55 
420	32 
421	115 
422	64 
423	124 
424	31 49 57 
425	7 
426	24 
427	13 
428	49 
429	44 
430	76 
431	111 
432	74 
433	42 
434	49 
435	89 
436	118 
437	38 
438	33 
439	16 
440	8 21 121 
441	116 
442	58 
443	56 63 68 
444	14 
445	121 
446	19 
447	74 
448	8 
449	64 
450	17 
451	22 
452	93 
453	85 
454	81 
455	90 
456	30 
457	81 
458	66 
459	82 
460	115 
461	20 
462	51 
463	89 
464	6 
465	118 
466	102 
467	52 55 60 
468	45 
469	63 
470	64 
471	2 
472	15 64 76 
473	88 
474	31 
475	35 
476	70 
477	110 
478	28 
479	124 
480	32 
481	107 
482	84 
483	30 86 107 
484	113 
485	55 70 122 
486	97 
487	35 
488	49 
489	42 
490	87 
491	102 
492	103 
493	102 
494	64 
495	102 
496	50 76 80 
497	30 
498	62 84 87 
499	58 
500	107 
501	60 
502	16 
503	75 
504	121 
505	121 
506	19 
507	119 
508	48 
509	94 
510	104 
511	106 
512	12 
513	50 
514	72 
515	16 
516	65 
517	80 
518	41 
519	107 
520	69 
521	30 56 98 
522	66 
523	45 
524	101 
525	36 
526	87 
527	34 
528	17 
529	76 
530	52 
531	28 
532	91 
533	45 61 63 
534	56 
535	119 
536	94 
537	29 
538	44 
539	105 
540	85 
541	110 
542	33 98 103 
543	26 
544	116 
545	121 
546	19 
547	123 
548	48 
549	91 
550	52 
551	45 
552	43 
553	57 
554	110 
555	34 45 106 
556	31 
557	21 
558	44 
559	73 
560	5 41 110 
561	89 
562	68 
563	46 
564	44 
565	102 
566	27 
567	17 
568	122 
569	121 
570	59 
571	53 
572	80 
573	82 
574	103 
575	46 
576	123 
577	26 41 60 
578	81 
579	72 
580	111 
581	77 
582	45 
583	6 
584	78 
585	7 
586	51 
587	82 97 118 
588	60 
589	36 
590	69 
591	45 
592	41 
593	118 
594	15 
595	117 
596	62 
597	39 
598	6 
599	124 
600	122 
601	32 
602	41 
603	41 
604	31 
605	21 
606	56 
607	47 
608	67 
609	97 
610	65 
611	53 
612	51 
613	45 
614	34 
615	46 
616	21 
617	58 
618	28 
619	29 
620	123 
621	41 
622	33 
623	82 
624	15 
625	30 44 64 
626	64 
627	4 107 121 
628	46 
629	102 
630	66 
631	12 
632	76 
633	56 
634	21 
635	13 
636	30 88 115 
637	35 
638	61 
639	80 
640	4 85 120 
641	15 
642	97 
643	82 
644	69 
645	65 
646	116 
647	37 
648	102 
649	71 
650	5 
651	118 
652	84 
653	31 
654	17 
655	123 
656	13 91 100 
657	39 
658	19 
659	81 
660	86 
661	53 
662	10 
663	10 
664	52 
665	90 
666	97 
667	83 
668	53 
669	10 41 83 
670	114 
671	39 49 78 
672	3 
673	9 
674	9 
675	72 
676	115 
677	59 
678	115 
679	70 
680	47 
681	104 
682	71 
683	3 71 83 
684	122 
685	45 107 112 
686	85 
687	18 
688	41 
689	99 
690	88 
691	5 
692	31 
693	87 
694	84 
695	49 
696	115 
697	11 
698	120 
699	64 
700	53 
701	3 
702	1 
703	82 
704	88 
705	47 94 121 
706	41 
707	18 
708	70 
709	123 
710	54 
711	92 
712	6 
713	9 
714	43 
715	37 
716	53 
717	46 
718	121 
719	85 
720	124 
721	80 
722	5 80 123 
723	1 33 34 
724	97 
725	20 
726	3 
727	17 
728	82 
729	113 
730	105 
731	122 
732	85 
733	118 
734	81 
735	74 
736	19 
737	84 
738	37 
739	32 92 94 
740	60 
741	43 
742	16 
743	35 
744	53 
745	122 
746	119 
747	4 87 119 
748	66 
749	49 
750	8 
751	16 
752	42 
753	90 
754	45 
755	93 
756	14 
757	91 
758	65 
759	3 
760	32 
761	38 44 58 
762	53 
763	4 108 121 
764	93 
765	21 
766	52 
767	115 
768	55 
769	30 
770	21 
771	107 
772	65 107 112 
773	80 
774	45 
775	43 
776	2 30 89 
777	31 
778	66 
779	48 
780	17 
781	104 
782	15 
783	75 
784	52 54 90 
785	30 
786	38 
787	73 
788	21 43 112 
789	50 
790	119 
791	61 
792	3 
793	50 
794	14 
795	34 
796	87 
797	50 
798	81 
799	95 
800	34 
801	10 
802	64 
803	57 
804	71 
805	33 
806	90 
807	15 
808	122 
809	30 
810	49 
811	7 
812	48 
813	88 
814	118 
815	24 
816	21 
817	61 
818	103 
819	98 
820	45 
821	83 
822	92 
823	67 
824	11 14 33 
825	100 
826	82 
827	90 
828	97 
829	30 
830	89 
831	14 
832	82 
833	32 85 94 
834	49 
835	124 
836	1 
837	123 
838	92 
839	38 56 63 
840	30 57 83 
841	92 
842	66 
843	51 
844	39 
845	85 
846	33 
847	89 
848	76 
849	38 59 85 
850	69 
851	58 
852	36 
853	3 
854	59 
855	93 
856	100 
857	40 
858	101 
859	56 
860	43 
861	7 
862	88 
863	16 
864	13 
865	124 
866	13 68 107 
867	85 
868	119 
869	47 
870	122 
871	117 
872	72 
873	103 
874	60 
875	38 109 110 
876	19 34 84 
877	50 71 92 
878	65 
879	26 
880	63 
881	46 
882	63 
883	9 
884	63 
885	6 
886	120 
887	116 
888	15 
889	2 84 115 
890	123 
891	121 
892	38 
893	83 
894	104 
895	83 
896	90 
897	71 
898	35 39 85 
899	13 
900	124 
901	31 
902	115 
903	21 
904	50 
905	85 
906	13 
907	23 77 80 
908	105 
909	60 
910	48 
911	106 
912	50 59 85 
913	67 
914	28 
915	121 
916	92 
917	26 
918	120 
919	35 
920	27 63 66 
921	55 
922	14 59 115 
923	91 
924	51 
925	119 
926	8 
927	75 
928	45 
929	100 
930	75 
931	43 
932	48 
933	61 
934	17 66 84 
935	13 
936	35 
937	122 
938	14 
939	121 
940	51 
941	73 
942	71 
943	96 
944	91 
945	32 
946	4 56 66 
947	50 
948	43 
949	107 
950	98 
951	7 
952	19 54 95 
953	55 
954	92 
955	60 
956	53 
957	116 
958	6 
959	38 
960	123 
961	114 
962	123 
963	50 
964	121 
965	41 
966	5 
967	107 
968	72 
969	100 
970	39 
971	116 
972	46 50 97 
973	8 
974	66 
975	93 
976	70 
977	5 
978	22 
979	81 
980	103 
981	6 9 82 
982	102 
983	69 
984	74 
985	118 
986	21 
987	92 
988	43 
989	56 
990	109 
991	21 95 109 
992	84 
993	34 
994	112 
995	80 
996	45 
997	105 
998	17 
999	31 
1000	71 
1001	43 
1002	115 
1003	14 
1004	102 
1005	13 15 75 
1006	61 
1007	97 
1008	68 
1009	85 
1010	25 
1011	17 
1012	46 
1013	16 
1014	102 115 118 
1015	122 
1016	15 
1017	24 
1018	5 
1019	4 33 88 
1020	108 
1021	115 
1022	115 
1023	71 
1024	69 
1025	50 
1026	9 
1027	85 
1028	53 
1029	85 
1030	3 
1031	21 41 105 
1032	110 
1033	41 
1034	85 
1035	63 
1036	15 
1037	109 
1038	61 
1039	75 
1040	59 
1041	69 
1042	52 
1043	46 
1044	11 
1045	53 
1046	2 
1047	57 
1048	60 
1049	56 
1050	44 
1051	34 96 108 
1052	28 
1053	10 
1054	121 
1055	35 
1056	102 
1057	37 
1058	21 
1059	115 
1060	34 
1061	29 
1062	21 61 84 
1063	3 
1064	53 
1065	7 
1066	30 58 112 
1067	101 
1068	18 
1069	48 
1070	17 41 93 
1071	110 
1072	13 
1073	71 
1074	17 31 90 
1075	19 
1076	59 
1077	81 
1078	90 
1079	27 
1080	123 
1081	26 
1082	78 
1083	35 
1084	13 
1085	8 
1086	117 
1087	21 
1088	15 
1089	97 
1090	104 
1091	15 
1092	32 
1093	39 45 106 
1094	59 
1095	32 40 90 
1096	5 
1097	53 
1098	68 
1099	91 
1100	23 59 118 
1101	55 
1102	116 
1103	27 
1104	41 83 105 
1105	60 
1106	41 
1107	23 34 46 
1108	66 
1109	57 
1110	118 
1111	61 
1112	18 
1113	31 
1114	54 
1115	114 
1116	63 
1117	31 
1118	21 87 92 
1119	50 
1120	53 
1121	124 
1122	70 
1123	60 
1124	4 
1125	110 
1126	57 
1127	45 
1128	14 80 84 
1129	81 
1130	104 
1131	77 
1132	43 
1133	88 
1134	84 
1135	34 
1136	60 
1137	83 
1138	46 
1139	53 
1140	115 
1141	69 
1142	18 
1143	64 
1144	30 
1145	97 
1146	46 
1147	45 
1148	64 
1149	76 
1150	21 25 34 
1151	42 
1152	17 
1153	48 
1154	13 
1155	53 
1156	11 
1157	81 
1158	21 
1159	52 
1160	81 
1161	121 
1162	31 
1163	15 
1164	85 
1165	33 
1166	49 
1167	46 
1168	83 
1169	15 
1170	35 
1171	107 
1172	34 44 110 
1173	117 
1174	105 
1175	121 
1176	57 
1177	5 
1178	88 
1179	46 
1180	38 
1181	41 
1182	15 
1183	48 
1184	37 
1185	60 
1186	4 
1187	73 
1188	21 
1189	53 
1190	123 
1191	28 
1192	22 28 103 
1193	41 
1194	8 
1195	120 
1196	78 
1197	1 
1198	76 
1199	89 
1200	55 
1201	9 
1202	54 
1203	60 
1204	59 
1205	56 
1206	79 
1207	28 
1208	21 69 82 
1209	90 
1210	36 
1211	52 
1212	84 
1213	61 
1214	16 61 99 
1215	7 
1216	61 
1217	32 
1218	19 
1219	121 
1220	59 
1221	28 
1222	13 21 38 
1223	2 
1224	76 
1225	7 
1226	116 
1227	85 
1228	2 
1229	58 
1230	81 
1231	117 
1232	9 
1233	31 
1234	79 
1235	38 
1236	89 105 112 
1237	13 
1238	115 
1239	70 
1240	33 
1241	43 
1242	21 
1243	108 
1244	106 
1245	17 
1246	29 
1247	96 
1248	97 
1249	103 
1250	51 
1251	75 
1252	107 
1253	19 113 118 
1254	3 37 124 
1255	67 
1256	57 
1257	68 
1258	66 
1259	69 
1260	66 
1261	28 39 77 
1262	67 
1263	83 
1264	102 
1265	27 
1266	50 
1267	115 
1268	66 
1269	83 
1270	85 
1271	79 
1272	31 
1273	60 
1274	34 
1275	61 
1276	75 
1277	45 
1278	80 
1279	31 
1280	12 47 80 
1281	52 
1282	68 
1283	30 
1284	56 
1285	45 
1286	85 
1287	11 
1288	115 
1289	19 
1290	113 
1291	120 
1292	30 
1293	92 
1294	32 38 122 
1295	47 
1296	112 
1297	66 
1298	92 
1299	75 
1300	73 
1301	31 32 72 
1302	49 
1303	103 
1304	106 
1305	107 
1306	19 66 117 
1307	97 
1308	84 
1309	97 
1310	37 
1311	21 22 80 
1312	20 
1313	95 
1314	102 
1315	74 
1316	77 
1317	111 
1318	53 
1319	35 
1320	83 
1321	28 
1322	1 28 78 
1323	57 
1324	90 
1325	47 51 58 
1326	83 
1327	57 
1328	34 
1329	54 
1330	30 64 112 
1331	76 
1332	103 
1333	63 
1334	82 
1335	23 
1336	3 
1337	59 
1338	42 
1339	76 
1340	56 
1341	7 
1342	108 
1343	53 
1344	44 
1345	35 56 60 
1346	15 
1347	46 
1348	8 
1349	26 
1350	23 
1351	66 
1352	66 
1353	103 
1354	46 
1355	60 
1356	119 
1357	74 
1358	54 
1359	23 28 121 
1360	64 
1361	21 
1362	76 
1363	19 
1364	95 
1365	101 
1366	4 7 114 
1367	14 
1368	51 
1369	30 
1370	15 
1371	13 
1372	63 
1373	122 
1374	70 
1375	115 
1376	122 
1377	6 115 121 
1378	61 
1379	7 
1380	2 5 69 
1381	51 
1382	19 
1383	1 
1384	70 
1385	56 
1386	13 33 88 
1387	23 
1388	66 
1389	18 
1390	46 
1391	112 
1392	66 
1393	87 
1394	79 
1395	106 
1396	110 
1397	72 
1398	43 
1399	56 
1400	74 
1401	58 
1402	30 
1403	51 
1404	48 72 82 
1405	115 
1406	102 
1407	44 
1408	33 
1409	4 59 102 
1410	108 
1411	50 
1412	62 64 76 
1413	109 
1414	120 
1415	89 
1416	64 
1417	82 
1418	26 88 113 
1419	32 
1420	27 
1421	46 
1422	28 
1423	6 
1424	21 
1425	2 
1426	112 
1427	56 
1428	79 
1429	17 
1430	53 
1431	85 
1432	11 
1433	39 
1434	59 
1435	116 
1436	15 
1437	11 
1438	92 
1439	61 
1440	106 
1441	87 
1442	35 
1443	44 
1444	15 
1445	29 
1446	3 
1447	120 
1448	38 
1449	84 
1450	88 
1451	49 63 93 
1452	42 
1453	66 
1454	82 
1455	31 
1456	77 
1457	34 
1458	51 
1459	83 
1460	97 
1461	67 
1462	120 
1463	100 
1464	80 
1465	13 
1466	7 
1467	55 
1468	110 
1469	56 
1470	45 
1471	1 
1472	42 
1473	66 
1474	74 
1475	113 
1476	37 
1477	35 
1478	72 
1479	57 
1480	99 
1481	63 
1482	55 
1483	87 
1484	45 
1485	17 
1486	98 
1487	54 
1488	33 
1489	13 17 97 
1490	110 
1491	116 
1492	73 
1493	55 
1494	82 
1495	80 
1496	14 
1497	41 
1498	90 
1499	53 
1500	105 
1501	12 
1502	83 
1503	114 
1504	101 
1505	16 
1506	64 
1507	114 
1508	3 
1509	5 
1510	33 
1511	13 
1512	35 
1513	72 
1514	122 
1515	55 112 115 
1516	53 
1517	9 
1518	105 
1519	55 
1520	72 
1521	1 
1522	97 
1523	65 
1524	102 
1525	2 
1526	64 
1527	71 
1528	34 
1529	59 
1530	105 
1531	17 
1532	71 
1533	30 
1534	61 73 112 
1535	7 
1536	99 
1537	106 
1538	30 
1539	123 
1540	52 
1541	34 
1542	53 
1543	16 
1544	60 
1545	35 
1546	6 76 80 
1547	122 
1548	34 
1549	24 
1550	107 
1551	100 
1552	106 
1553	91 
1554	28 
1555	44 
1556	104 
1557	2 34 95 
1558	117 
1559	31 
1560	45 
1561	34 
1562	64 
1563	47 
1564	64 
1565	80 
1566	107 
1567	104 
1568	54 
1569	112 
1570	105 
1571	19 50 117 
1572	93 
1573	13 38 75 
1574	112 
1575	121 
1576	28 
1577	118 
1578	92 
1579	18 103 122 
1580	43 
1581	103 
1582	108 
1583	118 
1584	39 43 56 
1585	70 
1586	52 
1587	75 
1588	23 
1589	93 
1590	121 
1591	107 
1592	5 
1593	107 
1594	102 
1595	63 
1596	116 
1597	53 
1598	33 
1599	14 
1600	9 
1601	65 
1602	47 
1603	68 
1604	80 
1605	14 37 121 
1606	15 
1607	3 
1608	22 
1609	8 14 64 
1610	51 
1611	6 54 62 
1612	61 
1613	28 
1614	25 
1615	90 
1616	99 
1617	1 
1618	15 
1619	84 
1620	73 
1621	41 
1622	79 
1623	21 
1624	48 
1625	121 
1626	14 
1627	118 
1628	64 
1629	106 
1630	6 33 76 
1631	71 105 122 
1632	10 
1633	46 
1634	36 
1635	8 12 31 
1636	27 61 74 
1637	23 
1638	38 
1639	80 
1640	34 
1641	16 
1642	5 
1643	97 
1644	104 
1645	8 16 66 
1646	85 
1647	14 
1648	63 
1649	34 
1650	19 
1651	64 
1652	25 
1653	37 
1654	26 
1655	66 
1656	19 
1657	101 
1658	23 
1659	112 
1660	23 
1661	116 
1662	115 
1663	72 
1664	116 
1665	102 
1666	93 
1667	106 
1668	50 
1669	32 
1670	80 
1671	55 
1672	6 74 81 
1673	41 
1674	57 
1675	43 79 91 
1676	71 
1677	58 
1678	45 
1679	46 63 66 
1680	55 
1681	40 
1682	116 
1683	12 
1684	69 
1685	111 
1686	122 
1687	43 
1688	19 
1689	18 
1690	53 103 107 
1691	54 
1692	30 
1693	102 
1694	43 
1695	113 
1696	5 
1697	11 
1698	109 
1699	36 
1700	82 
1701	56 
1702	57 
1703	122 
1704	56 
1705	13 97 110 
1706	24 
1707	107 
1708	56 
1709	29 
1710	4 
1711	108 
1712	45 
1713	70 
1714	79 
1715	115 
1716	122 
1717	38 
1718	3 43 50 
1719	123 
1720	107 
1721	60 
1722	35 63 69 
1723	94 
1724	78 
1725	109 
1726	69 
1727	56 
1728	79 
1729	68 
1730	16 
1731	83 
1732	106 
1733	84 
1734	84 
1735	15 
1736	29 
1737	19 
1738	41 
1739	8 
1740	31 32 73 
1741	66 
1742	81 
1743	21 
1744	54 
1745	110 
1746	14 
1747	32 
1748	4 
1749	17 
1750	118 
1751	91 
1752	65 
1753	69 
1754	13 
1755	41 
1756	44 
1757	95 
1758	13 
1759	70 
1760	56 
1761	13 
1762	11 
1763	56 71 83 
1764	31 
1765	7 
1766	38 
1767	5 47 55 
1768	28 
1769	83 
1770	15 61 85 
1771	52 
1772	74 
1773	34 
1774	63 
1775	96 
1776	5 
1777	38 
1778	38 60 77 
1779	21 
1780	60 
1781	92 
1782	123 
1783	120 
1784	120 
1785	105 
1786	23 
1787	103 
1788	84 
1789	95 
1790	21 91 112 
1791	42 
1792	2 
1793	85 
1794	122 
1795	46 
1796	117 
1797	86 
1798	105 
1799	115 
1800	18 
1801	53 
1802	50 
1803	118 
1804	69 
1805	39 
1806	112 
1807	93 
1808	43 
1809	72 
1810	16 
1811	14 
1812	101 
1813	120 
1814	98 
1815	23 
1816	49 
1817	32 
1818	64 
1819	96 
1820	89 
1821	73 
1822	115 
1823	22 
1824	74 
1825	71 
1826	23 
1827	64 
1828	33 
1829	85 
1830	44 
1831	114 
1832	49 56 76 
1833	11 
1834	45 
1835	42 
1836	118 
1837	11 113 118 
1838	51 55 105 
1839	25 
1840	4 
1841	41 
1842	64 
1843	23 
1844	71 
1845	71 
1846	17 
1847	30 
1848	72 
1849	56 
1850	76 
1851	1 
1852	29 
1853	15 
1854	45 
1855	53 
1856	53 58 83 
1857	14 
1858	56 
1859	110 
1860	13 95 121 
1861	31 
1862	84 
1863	44 71 99 
1864	70 
1865	82 
1866	117 
1867	77 
1868	42 
1869	105 
1870	101 
1871	57 
1872	57 
1873	121 
1874	80 
1875	60 
1876	13 
1877	46 
1878	72 
1879	106 
1880	21 
1881	11 
1882	114 
1883	44 
1884	114 
1885	8 
1886	61 
1887	15 
1888	25 
1889	72 
1890	34 
1891	79 
1892	117 
1893	98 
1894	90 
1895	112 
1896	38 
1897	118 
1898	35 
1899	23 
1900	49 
1901	17 
1902	35 60 123 
1903	72 
1904	14 
1905	93 
1906	81 
1907	115 
1908	30 
1909	112 
1910	36 42 44 
1911	30 
1912	66 
1913	28 
1914	107 
1915	104 
1916	7 
1917	97 
1918	115 
1919	64 
1920	11 99 105 
1921	91 
1922	80 
1923	16 33 44 
1924	60 
1925	85 
1926	49 
1927	96 
1928	79 
1929	103 
1930	103 
1931	71 
1932	17 34 120 
1933	18 
1934	112 
1935	34 
1936	7 
1937	6 
1938	58 
1939	94 
1940	59 
1941	72 74 102 
1942	6 
1943	119 
1944	52 
1945	115 
1946	9 
1947	31 
1948	30 
1949	115 
1950	51 
1951	11 
1952	26 61 121 
1953	30 38 85 
1954	26 
1955	45 
1956	82 
1957	67 
1958	101 
1959	24 80 96 
1960	8 41 50 
1961	114 
1962	52 
1963	103 
1964	95 
1965	5 
1966	31 
1967	39 91 123 
1968	70 
1969	48 
1970	30 
1971	66 
1972	121 
1973	46 85 102 
1974	120 
1975	102 
1976	58 
1977	17 
1978	107 
1979	116 
1980	11 
1981	50 
1982	45 
1983	83 
1984	17 50 122 
1985	15 
1986	64 
1987	117 
1988	83 
1989	40 
1990	38 
1991	34 
1992	10 
1993	85 
1994	21 45 53 
1995	28 
1996	12 42 105 
1997	63 
1998	109 
1999	17 
2000	20 
2001	41 
2002	26 
2003	45 
2004	42 
2005	103 
2006	121 
2007	78 
2008	6 
2009	90 
2010	26 
2011	18 
2012	97 
2013	85 
2014	41 
2015	80 
2016	19 
2017	90 
2018	54 
2019	46 
2020	59 
2021	71 
2022	13 
2023	22 53 90 
2024	96 
2025	75 
2026	40 59 108 
2027	7 
2028	36 
2029	118 
2030	85 107 109 
2031	12 
2032	53 
2033	38 76 112 
2034	1 
2035	112 
2036	57 
2037	89 
2038	25 
2039	104 
2040	46 
2041	21 
2042	52 
2043	107 
2044	83 
2045	41 
2046	19 
2047	38 
2048	67 
2049	57 
2050	67 
2051	13 
2052	84 
2053	40 
2054	103 
2055	18 
2056	11 
2057	31 
2058	46 
2059	50 
2060	102 
2061	38 
2062	46 
2063	58 
2064	44 
2065	67 
2066	90 
2067	18 
2068	72 
2069	58 60 108 
2070	32 
2071	110 
2072	110 
2073	38 
2074	52 
2075	87 
2076	103 
2077	120 
2078	71 
2079	99 
2080	85 
2081	5 
2082	16 
2083	111 
2084	83 
2085	21 
2086	92 
2087	21 
2088	17 
2089	83 
2090	48 51 66 
2091	46 
2092	76 
2093	118 
2094	103 
2095	89 
2096	13 
2097	22 
2098	72 
2099	44 
2100	49 
2101	64 
2102	74 91 95 
2103	5 
2104	84 
2105	98 
2106	19 
2107	54 
2108	15 83 107 
2109	63 
2110	5 
2111	6 
2112	92 
2113	57 
2114	21 
2115	111 
2116	13 
2117	11 
2118	84 
2119	84 
2120	83 
2121	80 
2122	117 
2123	53 
2124	74 
2125	113 
2126	17 
2127	61 
2128	117 
2129	69 
2130	106 
2131	84 
2132	24 
2133	17 
2134	25 
2135	82 
2136	79 
2137	50 
2138	14 
2139	80 
2140	78 
2141	122 
2142	4 11 102 
2143	50 
2144	97 
2145	63 
2146	122 
2147	89 
2148	70 
2149	95 
2150	45 
2151	49 
2152	55 
2153	46 
2154	115 
2155	118 
2156	89 
2157	37 
2158	115 
2159	121 
2160	2 
2161	38 
2162	61 
2163	112 
2164	33 
2165	30 
2166	17 89 121 
2167	67 85 112 
2168	69 
2169	6 
2170	37 
2171	46 
2172	82 
2173	4 
2174	33 
2175	58 
2176	76 
2177	59 
2178	107 
2179	95 
2180	9 
2181	78 
2182	15 
2183	105 
2184	43 49 100 
2185	48 
2186	75 
2187	3 
2188	53 
2189	69 
2190	17 47 64 
2191	43 45 78 
2192	13 
2193	83 
2194	13 115 117 
2195	102 
2196	62 
2197	2 
2198	120 
2199	5 
2200	59 
2201	39 
2202	71 
2203	82 
2204	124 
2205	39 
2206	110 
2207	97 
2208	88 
2209	60 
2210	111 
2211	122 
2212	76 
2213	80 
2214	81 
2215	104 
2216	13 
2217	115 
2218	16 
2219	59 
2220	41 45 55 
2221	53 71 118 
2222	59 
2223	63 
2224	88 
2225	56 
2226	6 
2227	64 
2228	120 
2229	2 
2230	56 
2231	93 
2232	111 
2233	48 
2234	104 
2235	25 
2236	117 
2237	5 
2238	58 
2239	5 
2240	46 
2241	27 
2242	71 
2243	46 
2244	39 
2245	64 
2246	49 
2247	98 
2248	121 
2249	30 58 66 
2250	123 
2251	29 
2252	20 
2253	32 
2254	47 
2255	14 
2256	32 
2257	19 
2258	59 75 90 
2259	61 
2260	32 
2261	51 
2262	103 
2263	89 
2264	53 
2265	57 
2266	122 
2267	15 
2268	117 
2269	84 
2270	58 
2271	10 
2272	92 
2273	19 
2274	56 
2275	4 
2276	22 40 55 
2277	11 
2278	122 
2279	112 
2280	108 
2281	46 115 116 
2282	95 
2283	40 
2284	85 
2285	5 
2286	83 
2287	60 
2288	14 
2289	90 
2290	12 
2291	84 
2292	98 
2293	67 
2294	123 
2295	38 59 118 
2296	58 
2297	85 
2298	22 
2299	75 
2300	78 
2301	41 
2302	34 
2303	112 
2304	16 
2305	37 
2306	63 
2307	83 
2308	6 14 27 
2309	49 
2310	15 
2311	118 
2312	45 
2313	56 60 62 
2314	7 
2315	35 
2316	34 
2317	49 
2318	56 
2319	30 
2320	31 
2321	87 
2322	21 
2323	69 
2324	55 
2325	80 
2326	61 
2327	69 
2328	116 
2329	90 
2330	79 
2331	58 
2332	103 
2333	33 
2334	109 
2335	81 
2336	29 
2337	102 
2338	69 
2339	69 
2340	21 67 114 
2341	21 
2342	21 
2343	112 
2344	34 
2345	121 
2346	54 
2347	38 53 61 
2348	56 
2349	114 
2350	32 
2351	11 16 74 
2352	50 
2353	5 
2354	15 
2355	29 
2356	107 
2357	86 
2358	106 
2359	13 
2360	35 
2361	5 53 115 
2362	19 58 91 
2363	38 
2364	91 
2365	76 85 98 
2366	13 
2367	71 
2368	33 
2369	31 
2370	121 
2371	38 46 102 
2372	67 
2373	113 
2374	111 
2375	74 
2376	83 
2377	13 
2378	38 
2379	64 
2380	13 
2381	108 
2382	73 
2383	49 
2384	71 
2385	47 60 110 
2386	94 
2387	21 
2388	11 
2389	54 
2390	81 
2391	46 
2392	35 50 99 
2393	124 
2394	99 
2395	107 
2396	78 102 123 
2397	114 
2398	84 
2399	53 63 110 
2400	75 
2401	63 
2402	43 
2403	31 
2404	10 
2405	61 
2406	55 
2407	90 
2408	72 
2409	65 
2410	83 
2411	39 
2412	38 
2413	52 
2414	71 
2415	80 
2416	104 
2417	53 
2418	76 110 124 
2419	77 
2420	26 
2421	121 
2422	58 
2423	122 
2424	101 
2425	71 
2426	30 
2427	72 
2428	4 
2429	45 
2430	82 
2431	47 55 118 
2432	14 
2433	16 
2434	50 
2435	19 30 55 
2436	112 
2437	38 43 115 
2438	51 
2439	58 
2440	62 
2441	115 
2442	118 
2443	8 
2444	107 
2445	2 
2446	21 
2447	41 
2448	84 
2449	30 
2450	104 
2451	54 
2452	62 
2453	121 
2454	96 
2455	50 116 118 
2456	72 
2457	1 15 79 
2458	102 
2459	118 
2460	69 
2461	42 
2462	30 101 112 
2463	15 
2464	38 
2465	41 
2466	24 
2467	84 
2468	90 
2469	48 112 121 
2470	53 
2471	21 53 72 
2472	116 
2473	30 
2474	89 
2475	77 
2476	90 
2477	76 
2478	13 
2479	6 14 93 
2480	80 
2481	92 
2482	59 82 83 
2483	86 
2484	5 
2485	59 
2486	72 
2487	18 
2488	88 
2489	14 
2490	48 53 58 
2491	68 88 112 
2492	84 
2493	45 
2494	86 
2495	40 
2496	97 
2497	122 
2498	85 
2499	18 
2500	18 21 107 
2501	70 
2502	124 
2503	2 
2504	42 
2505	121 
2506	21 
2507	112 
2508	50 
2509	119 
2510	25 
2511	110 
2512	24 53 119 
2513	30 
2514	65 
2515	98 
2516	15 
2517	120 
2518	16 
2519	57 
2520	107 
2521	39 
2522	85 
2523	110 
2524	19 
2525	52 
2526	60 
2527	44 
2528	26 
2529	88 
2530	91 
2531	80 
2532	50 92 122 
2533	85 
2534	32 
2535	38 
2536	49 
2537	34 
2538	81 
2539	114 
2540	10 
2541	113 
2542	68 74 100 
2543	69 
2544	4 
2545	83 
2546	27 
2547	46 
2548	16 
2549	95 
2550	13 
2551	30 
2552	53 
2553	85 
2554	44 
2555	93 
2556	21 
2557	48 
2558	103 
2559	113 
2560	17 
2561	38 75 81 
2562	110 
2563	9 41 107 
2564	71 
2565	55 
2566	51 
2567	54 
2568	66 
2569	17 
2570	3 
2571	15 
2572	123 
2573	118 
2574	14 80 115 
2575	124 
2576	97 
2577	28 62 72 
2578	71 
2579	12 
2580	67 
2581	106 
2582	2 
2583	47 
2584	5 
2585	121 
2586	117 
2587	55 56 107 
2588	23 39 79 
2589	69 
2590	30 45 68 
2591	58 
2592	50 
2593	53 
2594	45 
2595	88 
2596	44 
2597	45 
2598	67 
2599	119 
2600	78 
2601	7 
2602	90 
2603	112 
2604	7 
2605	58 
2606	25 
2607	86 
2608	63 
2609	62 
2610	19 
2611	71 
2612	21 
2613	15 
2614	79 
2615	21 
2616	13 
2617	17 
2618	51 
2619	60 
2620	31 72 92 
2621	11 
2622	21 
2623	71 
2624	38 
2625	56 
2626	87 
2627	43 
2628	103 
2629	116 
2630	66 
2631	58 
2632	75 
2633	119 
2634	66 
2635	91 
2636	85 
2637	45 
2638	89 
2639	19 
2640	16 53 110 
2641	53 
2642	56 
2643	118 
2644	38 
2645	7 17 52 
2646	14 
2647	87 
2648	80 
2649	45 88 91 
2650	102 
2651	120 
2652	16 38 43 
2653	15 
2654	55 
2655	110 
2656	111 
2657	122 
2658	41 
2659	99 
2660	122 
2661	76 90 112 
2662	93 
2663	15 
2664	82 
2665	3 
2666	90 
2667	63 
2668	10 43 66 
2669	53 
2670	56 
2671	50 78 84 
2672	71 
2673	108 
2674	19 
2675	84 
2676	40 
2677	78 85 106 
2678	113 
2679	6 
2680	85 106 117 
2681	17 
2682	9 
2683	89 
2684	6 
2685	112 
2686	38 
2687	59 
2688	119 
2689	110 
2690	99 
2691	13 47 112 
2692	122 
2693	14 
2694	90 
2695	107 
2696	65 
2697	91 
2698	85 
2699	15 
2700	31 
2701	45 
2702	77 
2703	44 
2704	28 
2705	11 
2706	107 
2707	19 
2708	3 
2709	21 
2710	106 
2711	47 
2712	61 
2713	51 94 114 
2714	61 
2715	66 
2716	83 
2717	80 
2718	34 
2719	53 
2720	101 
2721	20 
2722	90 
2723	41 
2724	45 
2725	70 
2726	77 79 113 
2727	45 
2728	49 
2729	26 49 53 
2730	13 28 44 
2731	46 
2732	38 
2733	90 
2734	26 98 104 
2735	101 
2736	117 
2737	30 
2738	85 
2739	57 
2740	123 
2741	82 
2742	71 
2743	71 
2744	66 
2745	47 
2746	122 
2747	60 
2748	113 
2749	62 
2750	14 
2751	47 
2752	94 
2753	61 71 124 
2754	80 
2755	74 
2756	103 
2757	48 
2758	46 
2759	61 
2760	19 
2761	21 
2762	80 
2763	121 
2764	111 
2765	5 6 103 
2766	90 
2767	31 42 94 
2768	87 
2769	5 
2770	103 
2771	23 
2772	45 
2773	124 
2774	98 
2775	57 
2776	71 
2777	53 
2778	19 
2779	94 
2780	32 
2781	53 
2782	19 
2783	62 64 102 
2784	55 
2785	96 
2786	112 
2787	35 
2788	39 
2789	82 
2790	19 
2791	13 
2792	42 
2793	7 
2794	66 
2795	69 88 102 
2796	43 
2797	59 
2798	4 30 100 
2799	39 
2800	121 
2801	111 
2802	51 
2803	1 
2804	66 
2805	35 
2806	8 
2807	95 
2808	59 
2809	63 
2810	49 
2811	2 71 121 
2812	9 
2813	90 
2814	21 
2815	8 
2816	67 93 123 
2817	110 
2818	44 
2819	66 
2820	112 
2821	58 
2822	19 
2823	30 
2824	31 
2825	62 
2826	40 
2827	93 
2828	35 
2829	49 
2830	82 
2831	53 60 118 
2832	68 
2833	72 
2834	71 
2835	32 49 78 
2836	5 61 104 
2837	31 
2838	65 
2839	121 
2840	4 
2841	44 
2842	15 
2843	98 
2844	11 
2845	20 31 89 
2846	99 
2847	103 
2848	85 
2849	102 
2850	56 
2851	40 69 75 
2852	7 
2853	83 
2854	34 
2855	80 
2856	21 110 118 
2857	60 
2858	68 72 80 
2859	122 
2860	3 
2861	20 
2862	79 
2863	46 
2864	34 
2865	89 
2866	78 
2867	75 101 107 
2868	75 
2869	5 45 72 
2870	15 
2871	81 
2872	19 
2873	110 
2874	61 
2875	30 69 110 
2876	78 
2877	90 
2878	120 
2879	49 
2880	20 
2881	30 
2882	118 
2883	50 
2884	82 
2885	30 34 49 
2886	34 43 88 
2887	55 
2888	71 
2889	28 
2890	112 
2891	66 
2892	30 
2893	30 
2894	70 90 110 
2895	16 
2896	110 
2897	89 
2898	16 
2899	46 
2900	8 
2901	53 69 85 
2902	90 
2903	41 
2904	49 
2905	121 
2906	52 
2907	80 
2908	20 
2909	102 
2910	64 
2911	89 
2912	71 
2913	110 
2914	7 18 118 
2915	36 
2916	11 
2917	28 
2918	34 
2919	22 
2920	57 105 109 
2921	84 
2922	61 
2923	33 
2924	56 
2925	107 
2926	55 
2927	98 
2928	112 
2929	21 
2930	32 
2931	55 
2932	101 
2933	21 
2934	44 55 82 
2935	69 
2936	53 
2937	53 
2938	38 
2939	31 
2940	82 
2941	106 
2942	10 
2943	33 
2944	15 
2945	120 
2946	107 
2947	34 41 53 
2948	107 
2949	91 
2950	13 
2951	34 80 121 
2952	12 
2953	34 
2954	45 
2955	66 
2956	81 
2957	16 
2958	71 
2959	66 
2960	114 
2961	107 
2962	66 
2963	46 
2964	68 
2965	75 
2966	86 
2967	38 
2968	56 
2969	44 
2970	41 
2971	41 
2972	114 
2973	112 
2974	30 
2975	8 
2976	58 
2977	48 
2978	51 
2979	64 
2980	110 
2981	83 
2982	22 
2983	87 
2984	28 72 86 
2985	83 
2986	109 
2987	53 
2988	84 
2989	93 
2990	71 
2991	121 
2992	34 
2993	34 78 103 
2994	34 44 92 
2995	49 
2996	94 
2997	100 
2998	110 
2999	109 
3000	46 
3001	101 
3002	22 
3003	98 
3004	114 
3005	8 
3006	72 
3007	5 
3008	106 
3009	28 
3010	100 
3011	69 
3012	30 
3013	30 
3014	19 
3015	30 
3016	78 
3017	17 
3018	74 
3019	17 
3020	41 
3021	101 
3022	15 39 88 
3023	8 
3024	41 
3025	14 
3026	73 
3027	21 57 102 
3028	115 
3029	112 
3030	2 69 71 
3031	90 
3032	14 
3033	14 
3034	80 
3035	121 
3036	80 
3037	37 
3038	57 
3039	118 
3040	38 
3041	66 
3042	112 
3043	13 
3044	69 
3045	55 
3046	103 
3047	69 
3048	104 
3049	55 
3050	45 
3051	53 
3052	95 
3053	73 
3054	117 
3055	17 
3056	79 
3057	98 
3058	55 
3059	115 
3060	33 
3061	66 
3062	50 
3063	21 
3064	31 
3065	27 
3066	47 
3067	41 
3068	31 
3069	85 
3070	1 
3071	102 
3072	44 
3073	67 80 86 
3074	123 
3075	58 
3076	107 113 118 
3077	45 
3078	116 
3079	31 
3080	7 60 112 
3081	82 
3082	21 
3083	28 
3084	72 
3085	105 
3086	32 
3087	90 
3088	20 
3089	118 
3090	66 
3091	64 
3092	50 
3093	21 
3094	90 
3095	68 
3096	21 34 81 
3097	45 
3098	71 
3099	121 
3100	111 
3101	30 
3102	45 
3103	62 
3104	117 
3105	91 
3106	45 
3107	118 
3108	105 
3109	45 
3110	45 
3111	123 
3112	83 
3113	22 
3114	84 
3115	18 
3116	110 
3117	120 
3118	112 
3119	121 
3120	109 
3121	85 
3122	3 
3123	33 
3124	48 
3125	103 
3126	76 
3127	63 
3128	13 
3129	57 
3130	90 
3131	15 
3132	26 
3133	33 
3134	121 
3135	23 
3136	107 
3137	61 
3138	92 
3139	72 
3140	23 
3141	45 
3142	53 
3143	30 
3144	7 
3145	72 
3146	27 62 115 
3147	53 
3148	53 
3149	113 
3150	37 
3151	62 
3152	17 
3153	33 
3154	21 
3155	31 
3156	42 
3157	19 
3158	104 
3159	16 
3160	107 
3161	46 
3162	49 
3163	21 
3164	2 
3165	84 
3166	50 71 88 
3167	64 
3168	91 
3169	104 
3170	104 
3171	38 
3172	13 
3173	38 
3174	66 
3175	109 
3176	62 89 124 
3177	15 
3178	43 
3179	40 
3180	8 
3181	9 
3182	50 
3183	111 
3184	91 
3185	36 38 123 
3186	123 
3187	102 
3188	6 
3189	106 
3190	32 
3191	62 65 69 
3192	64 
3193	108 
3194	123 
3195	104 
3196	38 
3197	105 
3198	123 
3199	5 
3200	2 60 67 
3201	117 
3202	17 55 78 
3203	79 
3204	17 
3205	7 
3206	84 
3207	87 
3208	94 
3209	30 
3210	33 
3211	56 
3212	50 
3213	46 
3214	47 63 103 
3215	110 
3216	16 
3217	124 
3218	105 
3219	17 
3220	80 
3221	88 
3222	75 
3223	82 
3224	61 
3225	71 
3226	59 
3227	53 101 116 
3228	88 
3229	17 
3230	100 
3231	121 
3232	6 
3233	116 
3234	118 
3235	110 117 120 
3236	112 
3237	39 
3238	14 
3239	80 
3240	70 
3241	85 
3242	80 
3243	18 
3244	51 
3245	95 
3246	76 
3247	41 
3248	49 
3249	35 
3250	57 
3251	46 
3252	63 
3253	68 
3254	31 
3255	43 
3256	18 
3257	103 
3258	118 
3259	121 
3260	31 45 79 
3261	13 
3262	122 
3263	61 
3264	37 
3265	14 
3266	75 
3267	107 
3268	84 
3269	5 69 79 
3270	84 
3271	115 
3272	26 
3273	5 
3274	107 
3275	83 
3276	59 
3277	18 
3278	121 
3279	41 
3280	108 
3281	26 
3282	34 
3283	31 106 117 
3284	34 
3285	61 
3286	69 
3287	90 
3288	71 
3289	61 
3290	96 
3291	89 
3292	110 
3293	44 
3294	56 
3295	86 
3296	85 
3297	112 
3298	61 
3299	88 
3300	9 
3301	53 82 88 
3302	68 
3303	58 
3304	57 
3305	37 
3306	68 75 123 
3307	14 
3308	14 20 31 
3309	2 61 104 
3310	45 
3311	22 
3312	90 
3313	31 
3314	25 
3315	24 
3316	31 
3317	107 
3318	56 
3319	90 
3320	75 
3321	46 
3322	19 
3323	34 
3324	15 
3325	45 
3326	85 
3327	67 76 110 
3328	69 
3329	81 
3330	4 
3331	73 
3332	41 
3333	107 
3334	17 
3335	3 
3336	46 
3337	77 
3338	68 
3339	77 
3340	50 
3341	45 
3342	115 
3343	77 
3344	103 
3345	23 55 74 
3346	38 45 82 
3347	84 
3348	60 
3349	59 
3350	25 
3351	115 
3352	16 
3353	118 
3354	18 58 115 
3355	115 
3356	30 
3357	110 
3358	79 
3359	21 
3360	80 
3361	49 
3362	61 
3363	55 
3364	30 
3365	46 
3366	23 
3367	69 
3368	55 
3369	5 
3370	56 
3371	115 
3372	34 61 122 
3373	97 
3374	45 
3375	15 
3376	45 
3377	104 
3378	72 
3379	75 
3380	113 
3381	16 
3382	47 
3383	95 
3384	30 
3385	109 
3386	102 
3387	101 
3388	69 
3389	71 
3390	109 
3391	20 
3392	38 
3393	112 
3394	99 
3395	73 
3396	31 
3397	61 
3398	81 
3399	101 
3400	64 
3401	38 
3402	36 
3403	90 
3404	38 
3405	63 
3406	81 
3407	71 106 107 
3408	81 
3409	5 
3410	16 
3411	27 
3412	112 
3413	16 105 121 
3414	29 75 103 
3415	85 
3416	55 
3417	60 
3418	53 
3419	80 
3420	16 
3421	21 
3422	19 77 118 
3423	89 
3424	10 
3425	103 
3426	101 
3427	55 
3428	48 
3429	38 
3430	63 
3431	96 
3432	86 
3433	53 
3434	80 
3435	66 
3436	17 
3437	115 
3438	78 
3439	52 
3440	55 
3441	19 
3442	64 
3443	54 
3444	121 
3445	85 
3446	58 59 89 
3447	5 
3448	31 
3449	45 
3450	69 
3451	56 
3452	84 
3453	101 
3454	61 
3455	68 
3456	15 
3457	21 
3458	83 
3459	50 
3460	29 
3461	105 
3462	122 
3463	19 64 80 
3464	17 
3465	24 
3466	15 
3467	13 
3468	36 
3469	41 
3470	66 
3471	114 
3472	19 82 113 
3473	60 
3474	53 
3475	11 
3476	30 
3477	19 
3478	35 
3479	123 
3480	12 
3481	84 
3482	86 
3483	34 
3484	103 
3485	49 
3486	74 
3487	56 
3488	83 
3489	27 41 77 
3490	29 
3491	36 
3492	55 
3493	115 
3494	31 
3495	88 
3496	11 55 81 
3497	19 43 90 
3498	71 
3499	2 
3500	87 
3501	84 
3502	49 
3503	84 
3504	93 
3505	48 
3506	21 
3507	99 
3508	9 57 86 
3509	14 
3510	123 
3511	42 
3512	20 
3513	47 
3514	50 
3515	118 
3516	120 
3517	85 
3518	43 
3519	18 
3520	116 
3521	92 
3522	118 
3523	40 76 84 
3524	108 
3525	112 
3526	49 
3527	30 
3528	80 
3529	120 
3530	14 72 112 
3531	19 
3532	38 
3533	101 
3534	19 58 81 
3535	57 
3536	58 93 110 
3537	8 71 79 
3538	3 
3539	89 
3540	5 
3541	5 
3542	124 
3543	65 
3544	34 
3545	63 
3546	61 
3547	91 
3548	76 
3549	102 
3550	16 
3551	5 
3552	53 
3553	73 
3554	80 
3555	53 
3556	118 
3557	123 
3558	117 
3559	58 
3560	49 
3561	46 
3562	55 
3563	7 
3564	56 
3565	84 
3566	16 
3567	13 51 99 
3568	28 
3569	106 
3570	4 
3571	78 
3572	79 
3573	110 
3574	21 
3575	76 
3576	36 
3577	107 
3578	16 
3579	62 
3580	68 
3581	85 
3582	55 
3583	82 
3584	10 
3585	100 
3586	31 45 90 
3587	18 
3588	116 
3589	64 69 107 
3590	36 
3591	21 59 66 
3592	71 107 110 
3593	9 
3594	4 
3595	92 
3596	75 
3597	24 53 73 
3598	9 60 81 
3599	113 
3600	62 
3601	93 
3602	60 
3603	121 
3604	9 
3605	118 
3606	5 
3607	8 
3608	13 32 55 
3609	21 
3610	50 75 85 
3611	105 
3612	56 
3613	13 
3614	84 
3615	85 
3616	115 
3617	63 
3618	67 
3619	85 
3620	89 
3621	47 56 102 
3622	46 
3623	121 
3624	85 
3625	79 
3626	5 
3627	14 
3628	71 
3629	110 
3630	5 
3631	118 
3632	63 
3633	53 
3634	84 
3635	107 
3636	13 
3637	30 
3638	101 
3639	57 
3640	50 57 115 
3641	54 
3642	7 
3643	64 
3644	115 
3645	107 
3646	57 
3647	60 
3648	15 
3649	60 
3650	45 
3651	14 28 68 
3652	50 
3653	45 
3654	92 
3655	106 
3656	58 
3657	72 
3658	41 
3659	117 
3660	58 59 121 
3661	56 
3662	2 
3663	112 
3664	51 
3665	56 
3666	10 
3667	31 
3668	10 
3669	46 
3670	38 
3671	71 
3672	50 
3673	110 
3674	49 
3675	8 74 115 
3676	46 
3677	85 
3678	80 
3679	21 
3680	12 14 102 
3681	84 
3682	59 
3683	25 
3684	9 
3685	34 
3686	51 
3687	72 
3688	31 
3689	38 
3690	28 43 99 
3691	118 
3692	118 
3693	15 
3694	82 
3695	16 
3696	15 
3697	15 
3698	31 
3699	20 46 74 
3700	72 
3701	14 66 107 
3702	86 
3703	111 
3704	114 
3705	64 
3706	55 
3707	88 
3708	78 
3709	57 
3710	15 
3711	72 
3712	116 
3713	39 
3714	27 
3715	2 
3716	62 
3717	28 
3718	95 
3719	68 
3720	18 
3721	11 15 97 
3722	31 
3723	37 
3724	89 
3725	80 
3726	71 
3727	24 
3728	7 40 75 
3729	75 
3730	31 
3731	33 
3732	124 
3733	83 
3734	121 
3735	86 
3736	20 
3737	72 
3738	2 
3739	123 
3740	53 
3741	18 
3742	13 16 123 
3743	23 
3744	69 
3745	55 
3746	71 81 101 
3747	9 53 84 
3748	53 
3749	123 
3750	116 
3751	57 
3752	121 
3753	53 
3754	103 
3755	14 
3756	98 
3757	34 54 111 
3758	8 
3759	30 
3760	32 
3761	21 
3762	7 25 56 
3763	82 
3764	78 
3765	38 
3766	6 
3767	60 
3768	27 
3769	89 
3770	30 
3771	80 
3772	108 
3773	5 
3774	6 
3775	46 
3776	85 
3777	11 
3778	12 
3779	13 38 89 
3780	88 
3781	110 
3782	61 
3783	90 
3784	8 
3785	118 
3786	37 
3787	124 
3788	77 
3789	86 
3790	15 61 123 
3791	30 
3792	14 
3793	49 
3794	37 
3795	15 
3796	52 
3797	107 
3798	50 
3799	19 
3800	64 
3801	3 
3802	34 69 74 
3803	110 
3804	121 
3805	45 
3806	60 
3807	86 
3808	11 
3809	121 
3810	50 
3811	110 
3812	115 
3813	102 
3814	30 57 69 
3815	80 
3816	84 
3817	16 101 117 
3818	122 
3819	90 
3820	71 
3821	33 
3822	20 
3823	88 
3824	70 
3825	15 
3826	34 
3827	43 
3828	71 
3829	76 
3830	10 
3831	89 
3832	15 
3833	118 
3834	98 
3835	43 
3836	88 
3837	46 
3838	112 
3839	41 
3840	41 
3841	50 
3842	15 
3843	60 
3844	48 
3845	89 
3846	82 
3847	71 
3848	121 
3849	10 
3850	13 63 76 
3851	64 
3852	64 
3853	72 98 116 
3854	50 
3855	115 
3856	84 
3857	102 
3858	47 
3859	41 
3860	15 84 103 
3861	14 105 108 
3862	74 81 84 
3863	15 
3864	21 62 112 
3865	89 
3866	59 
3867	90 
3868	85 
3869	85 
3870	89 
3871	55 
3872	84 
3873	31 
3874	16 28 80 
3875	105 
3876	21 60 71 
3877	17 
3878	104 
3879	45 
3880	121 
3881	85 
3882	118 
3883	79 
3884	43 
3885	56 
3886	110 
3887	75 
3888	66 
3889	30 
3890	108 
3891	18 
3892	96 
3893	115 
3894	81 
3895	110 
3896	64 
3897	7 121 124 
3898	43 
3899	21 
3900	18 
3901	21 
3902	69 
3903	6 79 113 
3904	6 
3905	11 
3906	58 
3907	61 
3908	88 
3909	124 
3910	45 
3911	17 
3912	58 
3913	14 
3914	15 
3915	21 
3916	62 
3917	118 
3918	122 
3919	57 116 121 
3920	41 
3921	3 7 55 
3922	61 
3923	19 
3924	20 44 78 
3925	54 91 107 
3926	98 
3927	76 
3928	43 
3929	114 
3930	9 
3931	44 
3932	112 
3933	11 
3934	54 
3935	66 
3936	84 
3937	29 
3938	12 
3939	50 
3940	45 
3941	69 
3942	10 
3943	55 
3944	85 
3945	45 
3946	63 
3947	83 
3948	17 
3949	53 
3950	49 74 107 
3951	95 
3952	3 
3953	52 
3954	38 
3955	122 
3956	1 18 19 
3957	73 
3958	45 102 117 
3959	68 
3960	67 
3961	99 
3962	107 
3963	98 
3964	116 
3965	3 
3966	56 
3967	25 
3968	106 
3969	107 
3970	20 
3971	6 
3972	88 
3973	121 
3974	115 
3975	5 
3976	50 
3977	41 
3978	56 60 123 
3979	53 
3980	37 
3981	115 
3982	10 
3983	10 
3984	106 
3985	19 
3986	105 
3987	113 
3988	123 
3989	112 
3990	123 
3991	92 
3992	33 
3993	99 
3994	26 
3995	15 
3996	13 
3997	53 
3998	44 
3999	119 
4000	67 
4001	38 
4002	38 
4003	124 
4004	64 
4005	15 55 88 
4006	57 
4007	52 
4008	33 
4009	45 
4010	13 
4011	106 
4012	81 
4013	121 
4014	8 
4015	51 
4016	50 
4017	85 
4018	5 
4019	31 
4020	15 
4021	53 
4022	87 
4023	34 57 123 
4024	56 
4025	87 
4026	17 
4027	42 
4028	115 
4029	118 
4030	14 
4031	50 
4032	123 
4033	40 
4034	9 
4035	93 
4036	71 
4037	5 
4038	59 82 83 
4039	102 
4040	15 21 80 
4041	72 
4042	14 
4043	10 
4044	50 
4045	46 
4046	72 
4047	20 
4048	107 
4049	33 
4050	30 
4051	105 
4052	30 46 63 
4053	55 
4054	64 
4055	57 
4056	43 
4057	34 
4058	71 
4059	19 
4060	21 
4061	56 
4062	10 
4063	45 
4064	7 
4065	40 
4066	4 15 66 
4067	61 
4068	55 
4069	61 
4070	111 
4071	84 
4072	102 
4073	21 
4074	16 
4075	46 
4076	116 
4077	52 
4078	61 89 92 
4079	93 
4080	76 
4081	16 
4082	103 
4083	2 
4084	56 89 90 
4085	120 
4086	65 
4087	97 
4088	6 85 112 
4089	79 
4090	121 
4091	59 
4092	122 
4093	58 
4094	14 64 93 
4095	107 
4096	32 
4097	14 
4098	22 
4099	43 
4100	116 
4101	106 
4102	85 
4103	88 
4104	46 
4105	84 
4106	59 
4107	45 88 96 
4108	50 
4109	88 
4110	52 61 72 
4111	84 
4112	107 
4113	49 
4114	19 64 90 
4115	77 
4116	43 
4117	15 
4118	55 
4119	4 
4120	95 
4121	82 
4122	41 
4123	65 
4124	118 
4125	7 
4126	23 
4127	67 
4128	26 
4129	64 
4130	36 
4131	57 71 80 
4132	115 
4133	5 
4134	10 18 46 
4135	67 
4136	30 
4137	15 23 81 
4138	115 
4139	21 
4140	71 
4141	28 42 107 
4142	56 
4143	49 
4144	1 
4145	78 
4146	22 74 102 
4147	48 
4148	96 
4149	55 
4150	10 
4151	117 
4152	38 45 58 
4153	65 
4154	25 
4155	7 
4156	41 
4157	5 53 85 
4158	12 
4159	30 
4160	69 
4161	118 
4162	98 
4163	39 85 101 
4164	122 
4165	19 
4166	33 46 58 
4167	88 
4168	104 
4169	2 72 92 
4170	118 
4171	92 
4172	63 
4173	80 
4174	19 
4175	16 58 74 
4176	31 
4177	5 
4178	74 
4179	46 
4180	46 
4181	79 
4182	121 
4183	100 
4184	29 
4185	116 
4186	2 
4187	5 
4188	49 
4189	21 
4190	64 
4191	61 
4192	36 
4193	93 
4194	84 
4195	119 
4196	56 
4197	13 
4198	50 53 58 
4199	109 
4200	74 
4201	116 
4202	31 
4203	21 69 121 
4204	79 102 124 
4205	83 
4206	118 
4207	18 
4208	16 
4209	1 
4210	46 
4211	13 27 92 
4212	75 
4213	107 
4214	50 
4215	74 
4216	104 
4217	35 
4218	21 
4219	34 
4220	105 
4221	52 62 85 
4222	103 
4223	100 
4224	103 
4225	89 
4226	31 
4227	36 
4228	14 
4229	103 
4230	34 
4231	58 
4232	64 
4233	13 
4234	92 
4235	13 
4236	71 
4237	121 
4238	19 
4239	5 
4240	44 
4241	49 
4242	108 
4243	80 
4244	15 
4245	41 
4246	56 
4247	106 
4248	110 
4249	31 
4250	87 
4251	39 
4252	49 
4253	106 
4254	115 
4255	65 
4256	4 
4257	38 
4258	96 
4259	12 
4260	14 20 80 
4261	122 
4262	43 
4263	2 
4264	5 
4265	35 
4266	106 
4267	53 
4268	112 
4269	1 
4270	2 
4271	102 
4272	13 
4273	11 52 103 
4274	55 
4275	36 
4276	60 
4277	98 
4278	49 
4279	110 
4280	12 17 96 
4281	60 
4282	3 54 89 
4283	104 
4284	64 
4285	84 
4286	15 
4287	123 
4288	33 44 118 
4289	115 
4290	35 
4291	112 
4292	53 
4293	35 
4294	60 
4295	115 
4296	75 
4297	57 
4298	107 
4299	62 
4300	36 
4301	93 
4302	12 
4303	103 
4304	121 
4305	57 85 122 
4306	27 
4307	69 
4308	18 43 64 
4309	88 
4310	102 
4311	80 
4312	90 
4313	112 
4314	58 
4315	64 
4316	34 
4317	49 
4318	61 
4319	19 33 74 
4320	82 
4321	35 
4322	107 
4323	18 22 122 
4324	85 
4325	50 
4326	29 
4327	3 98 102 
4328	21 
4329	49 56 98 
4330	121 
4331	53 
4332	62 
4333	75 108 110 
4334	122 
4335	122 
4336	38 
4337	105 
4338	56 
4339	38 
4340	112 
4341	15 
4342	43 
4343	56 
4344	31 
4345	16 
4346	61 
4347	69 
4348	24 
4349	123 
4350	30 45 89 
4351	74 
4352	80 
4353	46 
4354	73 
4355	34 
4356	45 
4357	79 
4358	123 
4359	35 
4360	83 
4361	43 47 102 
4362	85 
4363	74 
4364	110 
4365	58 
4366	55 76 88 
4367	121 
4368	14 
4369	37 
4370	21 
4371	121 
4372	41 
4373	88 
4374	95 
4375	109 
4376	6 
4377	44 
4378	107 
4379	25 
4380	37 
4381	5 
4382	98 
4383	63 
4384	68 
4385	43 55 117 
4386	58 
4387	112 
4388	45 
4389	80 
4390	54 
4391	21 
4392	33 116 123 
4393	101 
4394	52 
4395	19 71 89 
4396	28 
4397	24 
4398	54 
4399	45 
4400	98 
4401	24 
4402	11 
4403	73 
4404	25 
4405	117 
4406	32 
4407	66 
4408	22 41 95 
4409	49 50 58 
4410	104 
4411	79 
4412	116 
4413	109 
4414	121 
4415	84 
4416	57 
4417	30 
4418	5 
4419	11 15 38 
4420	32 
4421	80 
4422	19 
4423	118 
4424	42 
4425	52 
4426	69 
4427	18 
4428	45 
4429	84 
4430	38 
4431	34 
4432	105 
4433	85 
4434	46 
4435	49 
4436	44 
4437	103 
4438	48 
4439	30 
4440	84 
4441	22 
4442	115 
4443	84 
4444	18 
4445	41 
4446	41 
4447	76 
4448	71 
4449	98 
4450	30 80 84 
4451	95 103 119 
4452	123 
4453	30 
4454	89 
4455	115 
4456	9 
4457	52 
4458	5 
4459	38 
4460	53 
4461	41 
4462	43 55 101 
4463	63 
4464	86 
4465	105 
4466	15 
4467	27 46 104 
4468	72 
4469	122 
4470	84 
4471	84 
4472	17 38 69 
4473	87 
4474	16 
4475	25 
4476	72 
4477	38 
4478	11 
4479	28 69 96 
4480	56 
4481	81 
4482	75 
4483	13 
4484	13 
4485	38 85 103 
4486	49 
4487	5 
4488	78 
4489	124 
4490	88 
4491	34 
4492	84 
4493	103 
4494	109 
4495	51 
4496	33 
4497	37 
4498	28 89 104 
4499	101 
4500	92 
4501	94 
4502	22 
4503	2 
4504	116 
4505	14 
4506	67 
4507	36 
4508	60 
4509	8 
4510	7 23 75 
4511	107 
4512	37 58 65 
4513	44 
4514	57 
4515	6 
4516	47 
4517	31 
4518	5 
4519	88 
4520	43 
4521	70 
4522	22 
4523	55 
4524	95 
4525	121 
4526	112 
4527	115 
4528	124 
4529	56 
4530	6 
4531	82 
4532	73 
4533	9 
4534	18 71 110 
4535	49 
4536	90 
4537	60 
4538	15 
4539	55 
4540	5 
4541	38 46 102 
4542	74 
4543	17 32 45 
4544	83 
4545	28 
4546	60 61 82 
4547	38 
4548	61 
4549	49 
4550	77 
4551	82 
4552	38 
4553	84 
4554	34 
4555	88 
4556	38 
4557	91 
4558	68 
4559	86 
4560	26 
4561	97 
4562	66 
4563	31 
4564	90 
4565	6 40 69 
4566	59 
4567	60 
4568	21 45 57 
4569	55 
4570	49 
4571	56 
4572	100 
4573	90 
4574	112 
4575	19 
4576	60 
4577	66 
4578	55 
4579	66 
4580	17 
4581	18 
4582	115 
4583	61 
4584	61 
4585	61 
4586	15 
4587	96 
4588	106 
4589	11 
4590	117 
4591	121 
4592	40 
4593	27 
4594	31 
4595	80 
4596	66 
4597	72 
4598	50 
4599	3 
4600	77 
4601	4 18 31 
4602	17 
4603	50 
4604	60 
4605	85 
4606	100 
4607	83 
4608	30 
4609	45 
4610	29 
4611	116 
4612	45 
4613	110 
4614	80 
4615	1 
4616	32 
4617	105 
4618	21 
4619	118 
4620	34 
4621	15 
4622	104 
4623	120 
4624	82 
4625	35 
4626	41 
4627	8 
4628	61 
4629	3 
4630	45 
4631	38 
4632	2 
4633	104 
4634	58 
4635	61 
4636	65 
4637	53 
4638	119 
4639	28 
4640	85 
4641	46 
4642	102 
4643	56 
4644	104 
4645	122 
4646	80 
4647	40 
4648	121 
4649	12 
4650	88 
4651	89 
4652	30 
4653	116 
4654	55 
4655	28 
4656	45 51 69 
4657	21 46 55 
4658	62 71 85 
4659	5 
4660	55 
4661	94 
4662	122 
4663	82 
4664	32 
4665	8 
4666	75 103 114 
4667	104 
4668	56 
4669	122 
4670	122 
4671	98 
4672	84 
4673	59 
4674	19 
4675	4 
4676	28 
4677	61 
4678	101 
4679	75 
4680	24 
4681	121 
4682	51 82 118 
4683	33 
4684	74 
4685	34 
4686	17 
4687	87 
4688	19 35 52 
4689	39 
4690	88 
4691	31 
4692	84 
4693	37 
4694	79 
4695	81 
4696	72 
4697	15 
4698	63 
4699	33 
4700	83 
4701	115 
4702	3 
4703	2 
4704	112 
4705	34 
4706	107 
4707	120 
4708	15 
4709	93 
4710	122 
4711	53 
4712	64 
4713	51 
4714	37 
4715	5 
4716	68 
4717	24 81 92 
4718	11 
4719	55 
4720	21 
4721	58 
4722	63 
4723	106 
4724	123 
4725	106 
4726	56 
4727	109 
4728	68 
4729	93 
4730	67 104 113 
4731	72 
4732	60 
4733	71 
4734	117 
4735	86 
4736	84 
4737	55 
4738	104 
4739	41 
4740	84 
4741	83 
4742	41 76 85 
4743	84 
4744	107 
4745	38 79 104 
4746	15 
4747	13 
4748	72 
4749	72 
4750	85 
4751	84 
4752	63 
4753	122 
4754	59 
4755	110 
4756	38 
4757	79 
4758	63 
4759	87 
4760	106 
4761	12 
4762	46 
4763	90 
4764	118 
4765	38 
4766	39 
4767	15 
4768	7 29 105 
4769	114 
4770	49 
4771	33 
4772	102 
4773	45 
4774	118 
4775	123 
4776	84 
4777	19 
4778	57 
4779	78 
4780	79 
4781	4 
4782	71 
4783	73 
4784	30 
4785	89 
4786	50 
4787	15 
4788	38 
4789	38 
4790	79 94 112 
4791	30 
4792	58 97 124 
4793	82 
4794	67 
4795	1 88 114 
4796	53 
4797	118 
4798	18 
4799	84 
4800	107 
4801	121 
4802	46 
4803	50 
4804	44 
4805	79 
4806	105 
4807	30 
4808	91 
4809	21 
4810	61 
4811	102 
4812	76 
4813	82 
4814	29 51 56 
4815	11 
4816	88 
4817	117 
4818	115 
4819	18 
4820	19 41 115 
4821	117 
4822	38 
4823	45 76 123 
4824	45 
4825	83 
4826	50 
4827	38 
4828	41 
4829	34 
4830	110 
4831	85 
4832	44 
4833	66 
4834	11 
4835	92 
4836	56 
4837	9 
4838	58 
4839	75 
4840	88 
4841	12 16 79 
4842	24 58 112 
4843	70 77 91 
4844	43 
4845	13 
4846	37 
4847	84 
4848	30 70 106 
4849	48 
4850	46 
4851	104 
4852	72 
4853	16 
4854	6 
4855	90 
4856	50 
4857	47 
4858	61 
4859	16 
4860	64 
4861	32 103 122 
4862	21 
4863	21 
4864	51 
4865	80 
4866	101 
4867	95 104 120 
4868	41 
4869	47 
4870	52 
4871	108 
4872	69 
4873	115 
4874	16 59 101 
4875	83 
4876	21 
4877	4 
4878	30 
4879	67 
4880	69 
4881	15 28 85 
4882	9 
4883	13 
4884	121 
4885	11 80 108 
4886	30 
4887	9 
4888	89 
4889	112 
4890	30 
4891	15 
4892	30 
4893	34 
4894	53 
4895	60 
4896	15 
4897	14 
4898	102 
4899	59 
4900	69 
4901	38 
4902	88 
4903	5 
4904	93 
4905	14 
4906	38 
4907	78 
4908	106 
4909	52 101 119 
4910	34 
4911	32 
4912	123 
4913	17 
4914	56 
4915	19 53 71 
4916	16 59 75 
4917	89 
4918	44 
4919	108 
4920	2 
4921	64 
4922	51 
4923	5 
4924	71 
4925	11 34 89 
4926	13 
4927	53 
4928	41 
4929	88 92 103 
4930	15 
4931	39 
4932	88 
4933	97 
4934	44 
4935	78 85 100 
4936	13 29 53 
4937	17 
4938	121 
4939	19 
4940	115 
4941	19 
4942	43 
4943	7 
4944	104 
4945	118 
4946	31 
4947	58 
4948	122 
4949	49 
4950	60 
4951	72 
4952	23 43 51 
4953	112 
4954	69 
4955	104 
4956	67 
4957	41 
4958	90 
4959	11 
4960	75 
4961	55 
4962	58 
4963	32 47 63 
4964	103 
4965	56 
4966	52 
4967	71 
4968	41 
4969	102 
4970	76 
4971	34 
4972	55 
4973	117 
4974	19 
4975	60 
4976	3 35 100 
4977	17 
4978	69 
4979	35 
4980	43 
4981	79 
4982	58 
4983	121 
4984	88 
4985	53 
4986	19 
4987	8 
4988	17 
4989	83 
4990	118 
4991	92 
4992	116 
4993	106 
4994	115 
4995	11 
4996	90 
4997	90 108 121 
4998	58 
4999	76 
5000	44 
