1	124 
2	7 
3	129 
4	38 
5	3 
6	43 
7	85 
8	1 46 51 66 89 121 152 
9	33 
10	127 
11	108 
12	53 
13	84 
14	80 
15	58 
16	96 
17	112 
18	146 
19	28 36 38 54 73 85 121 
20	150 
21	131 
22	116 
23	80 
24	86 
25	149 
26	30 
27	35 
28	54 
29	25 
30	3 
31	49 
32	164 
33	115 
34	52 
35	161 
36	7 
37	5 
38	42 65 66 85 110 115 126 
39	46 
40	131 
41	141 
42	126 
43	59 
44	88 
45	70 
46	21 
47	112 
48	64 
49	43 
50	72 
51	80 
52	53 
53	1 
54	66 
55	44 46 84 88 120 149 162 
56	156 
57	98 
58	117 
59	66 
60	154 
61	43 
62	126 
63	66 
64	43 
65	146 
66	7 50 58 60 71 157 158 
67	162 
68	141 
69	13 
70	148 
71	53 
72	112 
73	6 
74	38 
75	129 
76	54 
77	136 
78	112 
79	15 
80	63 71 93 113 136 139 163 
81	152 
82	77 
83	118 
84	125 
85	75 
86	114 
87	123 
88	55 
89	103 
90	75 
91	24 
92	19 
93	123 
94	29 42 63 69 76 93 164 
95	56 
96	149 
97	30 
98	102 
99	53 
100	64 
101	32 
102	17 44 53 89 121 140 151 
103	103 
104	55 
105	115 
106	14 
107	149 
108	122 
109	4 
110	33 
111	138 
112	87 
113	1 
114	17 60 79 100 139 142 155 
115	87 
116	74 
117	46 
118	15 
119	152 
120	6 
121	32 
122	72 
123	34 51 56 58 122 145 147 
124	16 
125	75 
126	23 
127	15 52 61 65 71 75 100 
128	82 
129	69 
130	79 93 101 124 131 152 161 
131	123 
132	6 17 21 33 81 106 112 
133	40 
134	64 
135	31 
136	84 
137	68 
138	33 
139	148 
140	67 
141	21 
142	93 
143	121 
144	25 
145	66 
146	56 
147	72 
148	11 
149	61 
150	5 
151	112 
152	80 
153	30 
154	158 
155	2 37 46 53 119 127 159 
156	128 
157	15 
158	58 
159	19 
160	156 
161	39 
162	18 41 45 71 110 116 118 
163	143 
164	22 
165	142 
166	136 
167	92 
168	55 
169	5 37 53 63 133 158 163 
170	96 
171	136 
172	106 
173	59 
174	84 
175	30 
176	11 
177	84 
178	60 72 75 76 111 137 154 
179	45 47 103 110 141 157 159 
180	69 
181	106 
182	5 
183	34 
184	14 
185	142 
186	30 
187	58 
188	45 
189	155 
190	132 
191	16 
192	64 
193	107 
194	34 69 71 117 120 157 160 
195	70 
196	15 16 62 67 71 90 114 
197	59 
198	72 
199	35 38 52 56 85 102 126 
200	5 37 60 83 85 94 159 
201	23 
202	65 
203	80 
204	58 
205	89 
206	71 
207	107 
208	102 
209	124 
210	53 
211	121 
212	43 
213	30 
214	49 
215	19 28 43 61 67 79 107 
216	35 
217	147 
218	61 
219	17 44 49 56 60 85 123 
220	60 
221	141 
222	41 47 66 75 112 119 144 
223	51 
224	5 
225	145 
226	15 
227	1 
228	15 49 64 101 112 121 151 
229	91 
230	137 
231	18 35 45 60 83 146 157 
232	50 
233	72 
234	60 
235	56 
236	54 
237	34 55 72 101 121 125 136 
238	79 
239	54 
240	135 
241	16 
242	66 
243	75 
244	4 
245	25 
246	136 
247	117 
248	128 
249	72 
250	56 
251	129 
252	106 
253	136 
254	26 
255	84 
256	11 49 121 122 149 151 152 
257	123 
258	119 
259	71 101 129 142 158 162 165 
260	112 
261	15 45 81 84 118 125 143 
262	131 
263	155 
264	41 
265	89 
266	41 
267	129 
268	115 
269	59 
270	115 
271	3 
272	46 
273	55 
274	20 
275	109 
276	61 
277	126 
278	13 
279	58 
280	141 
281	32 
282	48 
283	16 55 71 130 138 141 147 
284	53 
285	43 
286	19 39 51 69 88 103 133 
287	55 
288	59 
289	19 31 50 55 122 150 152 
290	154 
291	110 
292	158 
293	47 
294	11 56 69 115 125 136 157 
295	107 
296	160 
297	88 
298	41 
299	15 22 45 56 61 150 154 
300	90 
301	75 
302	59 
303	86 
304	139 
305	21 63 80 81 98 138 141 
306	91 
307	61 
308	38 
309	132 
310	76 
311	137 
312	19 
313	81 
314	13 
315	43 
316	128 
317	59 
318	142 
319	2 
320	73 
321	139 
322	154 
323	3 68 108 115 125 138 155 
324	82 
325	56 
326	30 
327	58 
328	142 
329	10 
330	99 
331	126 
332	110 
333	155 
334	146 
335	19 
336	145 
337	15 60 73 127 138 142 158 
338	116 
339	132 
340	144 
341	123 
342	2 30 38 84 100 118 162 
343	18 
344	162 
345	62 
346	89 
347	102 
348	131 
349	65 
350	41 
351	145 
352	111 
353	53 
354	86 107 129 136 141 145 147 
355	19 
356	11 
357	84 
358	95 
359	30 58 97 106 109 135 142 
360	71 
361	15 28 33 35 41 87 141 
362	123 
363	38 
364	145 
365	95 
366	118 
367	105 
368	34 
369	30 
370	72 
371	34 
372	104 
373	45 
374	69 
375	142 
376	62 
377	75 
378	38 
379	16 30 57 83 92 101 105 
380	141 
381	63 
382	55 
383	156 
384	93 
385	154 
386	85 
387	5 
388	14 
389	63 
390	1 16 45 48 99 110 121 
391	124 
392	27 
393	153 
394	15 
395	30 
396	68 
397	107 
398	162 
399	67 
400	130 
401	56 
402	55 
403	46 
404	125 
405	69 
406	139 
407	121 
408	45 
409	64 
410	34 
411	56 57 60 61 66 86 118 
412	13 
413	15 
414	105 
415	164 
416	71 
417	38 
418	59 
419	149 
420	99 
421	21 
422	146 
423	52 
424	128 
425	71 
426	104 
427	142 
428	152 
429	133 
430	34 
431	85 
432	84 
433	5 
434	106 
435	50 
436	126 
437	75 
438	4 
439	118 
440	61 
441	106 
442	161 
443	141 
444	161 
445	56 
446	32 
447	129 
448	107 
449	149 
450	84 
451	13 33 56 57 65 138 150 
452	157 
453	81 
454	69 
455	46 
456	11 63 97 115 146 147 159 
457	159 
458	139 
459	13 
460	161 
461	72 
462	126 
463	89 
464	123 
465	17 31 62 94 116 134 137 
466	73 
467	101 
468	34 
469	78 
470	8 
471	88 89 90 102 114 142 154 
472	114 
473	85 
474	33 
475	139 
476	50 
477	43 
478	152 
479	84 
480	17 
481	153 
482	38 
483	3 
484	164 
485	19 
486	155 
487	25 
488	146 
489	28 
490	45 
491	161 
492	45 
493	71 
494	145 
495	158 
496	112 
497	46 
498	18 
499	56 
500	84 
501	15 52 56 58 78 102 136 
502	84 
503	117 
504	150 
505	151 
506	128 
507	55 
508	46 
509	125 
510	37 38 45 97 107 119 131 
511	6 
512	150 
513	88 
514	107 
515	20 
516	68 
517	126 
518	131 
519	118 
520	23 
521	43 
522	158 
523	138 
524	79 
525	101 
526	141 
527	59 
528	35 57 60 107 111 115 135 
529	140 
530	56 
531	50 
532	13 14 17 76 138 158 160 
533	110 
534	79 
535	85 
536	13 
537	14 
538	130 
539	85 
540	6 10 21 33 82 132 158 
541	42 
542	38 
543	49 
544	138 
545	50 
546	50 
547	16 
548	7 
549	20 
550	117 
551	131 
552	163 
553	20 
554	160 
555	85 
556	84 
557	66 
558	13 
559	7 
560	79 
561	109 
562	74 
563	77 
564	133 
565	153 
566	159 
567	75 
568	47 
569	149 
570	136 
571	52 
572	76 
573	138 
574	33 
575	105 
576	89 
577	60 
578	104 
579	38 
580	91 
581	6 
582	14 16 28 88 115 124 158 
583	162 
584	19 
585	107 
586	103 
587	85 
588	21 26 34 69 103 115 157 
589	158 
590	102 
591	96 
592	24 
593	76 
594	31 
595	43 
596	121 
597	70 
598	85 
599	102 
600	136 
601	18 
602	102 
603	19 
604	34 
605	22 
606	45 
607	19 
608	34 44 49 69 122 131 141 
609	63 
610	113 
611	68 
612	83 
613	61 
614	16 21 37 40 49 71 85 
615	49 
616	139 
617	117 
618	126 
619	136 
620	17 
621	107 
622	154 
623	137 
624	131 
625	56 
626	7 13 80 136 140 143 164 
627	82 
628	58 79 95 99 126 129 141 
629	96 
630	88 
631	40 
632	138 
633	157 
634	86 
635	11 
636	95 
637	14 
638	82 
639	139 
640	9 
641	158 
642	26 
643	13 
644	116 
645	8 21 80 99 112 138 160 
646	45 
647	11 
648	19 38 70 83 93 96 146 
649	161 
650	94 
651	136 
652	84 
653	6 
654	164 
655	11 
656	81 
657	60 
658	139 
659	21 
660	77 
661	7 40 59 131 148 155 158 
662	28 49 74 85 119 120 144 
663	8 
664	135 
665	43 
666	97 
667	25 
668	126 
669	119 
670	60 
671	21 25 99 115 146 147 151 
672	164 
673	137 
674	11 23 53 89 102 129 133 
675	34 
676	36 
677	42 
678	43 
679	82 
680	161 
681	124 
682	83 
683	38 53 74 76 109 142 147 
684	30 70 104 115 117 142 158 
685	122 
686	62 
687	6 50 73 109 129 145 150 
688	81 93 116 118 129 132 138 
689	21 
690	13 
691	13 19 53 103 112 136 157 
692	19 
693	31 
694	154 
695	62 
696	118 
697	52 
698	158 
699	125 
700	34 
701	6 
702	91 
703	6 11 31 46 68 125 126 
704	104 
705	100 
706	3 17 97 121 125 158 162 
707	98 
708	129 
709	19 
710	45 
711	122 
712	142 
713	143 
714	77 
715	149 
716	59 
717	58 
718	80 
719	14 128 137 139 142 150 161 
720	67 
721	46 
722	115 
723	69 
724	1 50 91 98 112 151 159 
725	93 
726	15 61 82 103 146 155 162 
727	13 
728	14 
729	105 
730	125 
731	17 
732	12 23 38 54 90 134 162 
733	53 
734	38 
735	5 
736	63 
737	21 
738	95 
739	71 
740	51 
741	51 54 56 72 79 154 158 
742	156 
743	19 
744	45 
745	49 
746	43 
747	56 
748	114 
749	15 27 53 118 121 150 164 
750	53 
751	92 
752	38 
753	14 45 46 103 109 110 137 
754	145 
755	21 
756	85 
757	16 
758	137 
759	74 
760	31 
761	154 
762	38 
763	76 
764	142 
765	61 
766	158 
767	53 
768	165 
769	107 
770	67 
771	122 
772	36 
773	36 
774	11 
775	15 
776	1 9 12 24 64 110 148 
777	130 
778	7 
779	145 
780	21 
781	157 
782	61 
783	76 
784	31 
785	164 
786	127 
787	126 
788	154 
789	62 
790	76 
791	142 
792	139 
793	13 
794	160 
795	43 
796	44 
797	18 53 55 84 90 92 107 
798	8 
799	7 
800	48 
801	110 
802	66 
803	108 
804	127 
805	132 
806	165 
807	33 
808	140 
809	28 
810	137 
811	23 
812	58 
813	88 
814	131 
815	83 
816	17 
817	103 
818	15 
819	15 
820	34 
821	34 
822	94 
823	38 
824	85 
825	150 
826	39 45 108 116 125 142 145 
827	56 
828	34 
829	19 35 43 49 106 124 136 
830	4 13 14 21 66 103 149 
831	135 
832	143 
833	82 
834	116 
835	149 
836	88 
837	110 
838	114 
839	143 
840	43 84 96 122 137 158 164 
841	58 
842	41 
843	133 
844	130 
845	122 
846	8 45 65 80 89 100 105 
847	113 
848	106 
849	69 
850	38 
851	20 28 84 105 118 139 163 
852	4 
853	145 
854	17 
855	30 
856	53 
857	101 
858	61 
859	124 
860	100 
861	100 
862	27 
863	141 
864	45 63 64 82 115 160 164 
865	55 
866	125 
867	128 
868	21 
869	135 
870	113 
871	46 
872	113 
873	126 
874	127 
875	107 
876	118 
877	79 
878	151 
879	71 
880	7 50 56 138 148 157 163 
881	53 86 99 112 118 123 142 
882	71 
883	44 
884	149 
885	139 
886	30 
887	120 
888	47 
889	7 
890	76 
891	116 
892	66 
893	124 
894	13 
895	34 38 82 104 118 136 164 
896	40 
897	17 
898	76 
899	30 
900	50 
901	116 
902	142 
903	97 
904	3 
905	131 
906	112 
907	107 
908	49 
909	113 
910	54 
911	103 
912	126 
913	153 
914	14 
915	121 
916	71 
917	20 
918	150 
919	57 
920	63 
921	28 
922	30 66 76 88 130 139 158 
923	134 
924	55 57 71 107 129 132 137 
925	85 
926	145 
927	71 
928	30 
929	50 
930	31 
931	136 
932	59 
933	82 
934	64 
935	144 
936	10 
937	37 72 84 95 119 129 157 
938	18 
939	118 
940	87 
941	66 
942	60 
943	36 
944	137 
945	130 
946	41 
947	4 
948	52 
949	12 42 45 75 87 102 162 
950	140 
951	146 
952	159 
953	135 
954	131 
955	117 
956	61 
957	32 
958	149 
959	30 
960	141 
961	71 
962	84 
963	146 
964	31 
965	134 
966	39 
967	142 
968	115 
969	30 
970	136 
971	122 
972	55 
973	8 30 34 57 66 119 129 
974	31 
975	34 
976	161 
977	15 
978	88 
979	15 
980	131 
981	114 
982	154 
983	32 
984	52 
985	118 
986	56 
987	151 
988	154 
989	61 
990	80 
991	32 39 45 68 102 125 127 
992	67 
993	41 
994	117 
995	89 
996	95 
997	108 
998	8 45 68 74 93 112 131 
999	158 
1000	27 
1001	5 
1002	72 
1003	34 72 90 96 103 112 155 
1004	103 
1005	152 
1006	128 
1007	15 31 44 92 129 156 162 
1008	102 
1009	17 
1010	162 
1011	31 49 61 112 147 156 164 
1012	9 25 46 70 90 109 126 
1013	63 
1014	66 
1015	134 
1016	40 
1017	15 26 34 60 72 107 119 
1018	17 
1019	71 
1020	147 
1021	80 
1022	27 
1023	77 
1024	121 
1025	97 
1026	32 
1027	118 
1028	7 
1029	139 
1030	61 
1031	146 
1032	117 
1033	118 
1034	51 
1035	117 
1036	80 
1037	110 
1038	83 
1039	45 
1040	154 
1041	95 
1042	125 
1043	113 
1044	44 
1045	57 
1046	74 
1047	54 
1048	136 
1049	124 
1050	143 
1051	14 
1052	131 
1053	129 
1054	43 
1055	162 
1056	148 
1057	137 
1058	156 
1059	129 
1060	129 
1061	144 
1062	49 
1063	103 
1064	152 
1065	115 
1066	25 
1067	58 
1068	49 
1069	60 
1070	154 
1071	19 
1072	67 
1073	141 
1074	19 
1075	84 
1076	55 
1077	155 
1078	163 
1079	144 
1080	79 
1081	121 
1082	157 
1083	52 62 83 93 101 115 141 
1084	104 
1085	2 
1086	66 
1087	7 14 45 122 147 150 151 
1088	106 
1089	157 
1090	15 26 35 55 61 66 126 
1091	31 
1092	104 
1093	66 
1094	15 16 17 21 119 129 151 
1095	122 
1096	126 
1097	9 
1098	88 
1099	137 
1100	11 
1101	120 
1102	82 
1103	45 
1104	82 
1105	45 
1106	3 
1107	16 
1108	73 
1109	165 
1110	38 46 48 60 79 125 139 
1111	2 84 92 105 127 140 141 
1112	68 
1113	149 
1114	13 23 43 69 87 137 150 
1115	91 
1116	152 
1117	149 
1118	85 
1119	131 
1120	63 
1121	139 
1122	18 
1123	8 17 30 60 64 83 135 
1124	53 
1125	56 
1126	107 
1127	149 
1128	50 
1129	69 
1130	65 80 83 108 134 135 150 
1131	129 
1132	14 76 90 101 137 142 162 
1133	35 
1134	88 
1135	129 
1136	73 
1137	82 
1138	37 
1139	140 
1140	28 
1141	123 
1142	56 61 64 77 93 126 137 
1143	148 
1144	125 
1145	80 
1146	53 
1147	121 
1148	3 21 109 119 126 128 129 
1149	148 
1150	51 
1151	98 
1152	50 
1153	84 
1154	136 
1155	55 
1156	27 
1157	32 
1158	11 61 78 82 104 115 155 
1159	85 
1160	55 58 59 122 141 162 164 
1161	111 
1162	90 
1163	120 
1164	88 
1165	12 28 41 80 131 139 142 
1166	58 
1167	144 
1168	35 56 87 90 142 143 147 
1169	146 
1170	5 9 31 84 139 141 161 
1171	85 
1172	18 
1173	125 
1174	66 
1175	16 27 71 83 84 85 121 
1176	45 
1177	50 
1178	163 
1179	46 
1180	46 
1181	35 
1182	21 
1183	68 
1184	136 
1185	16 45 49 74 103 122 123 
1186	49 
1187	134 
1188	66 
1189	126 
1190	61 
1191	155 
1192	137 
1193	164 
1194	21 29 35 58 71 90 97 
1195	151 
1196	44 
1197	137 
1198	23 
1199	138 
1200	144 
1201	146 
1202	17 
1203	122 
1204	118 
1205	13 19 21 35 43 115 162 
1206	88 
1207	103 
1208	2 
1209	13 
1210	53 
1211	103 
1212	159 
1213	108 
1214	83 
1215	143 
1216	14 
1217	49 
1218	68 
1219	10 
1220	44 
1221	66 
1222	99 
1223	66 
1224	80 
1225	53 
1226	40 
1227	138 
1228	7 26 47 100 106 127 164 
1229	125 
1230	63 
1231	85 
1232	2 
1233	15 
1234	156 
1235	123 
1236	154 
1237	137 
1238	82 
1239	45 
1240	163 
1241	14 
1242	21 34 96 97 121 137 157 
1243	137 
1244	6 41 43 111 116 124 160 
1245	15 
1246	149 
1247	71 
1248	6 
1249	137 
1250	109 
1251	34 
1252	84 
1253	122 
1254	58 
1255	135 
1256	19 
1257	72 
1258	31 
1259	4 31 38 70 78 105 110 
1260	127 
1261	58 
1262	69 
1263	38 
1264	74 
1265	63 
1266	9 
1267	22 
1268	111 
1269	41 
1270	136 
1271	90 
1272	118 
1273	54 
1274	48 
1275	61 
1276	36 
1277	129 
1278	83 
1279	38 
1280	69 
1281	30 
1282	54 
1283	161 
1284	86 
1285	88 
1286	154 
1287	118 
1288	152 
1289	45 
1290	103 
1291	38 
1292	159 
1293	129 
1294	59 70 84 102 131 148 161 
1295	7 
1296	150 
1297	165 
1298	104 
1299	22 
1300	56 
1301	80 
1302	3 71 82 89 105 117 163 
1303	130 
1304	137 
1305	70 
1306	59 
1307	3 
1308	7 
1309	133 
1310	28 
1311	51 89 90 101 131 137 153 
1312	56 
1313	3 28 71 101 110 126 131 
1314	12 33 53 78 115 126 131 
1315	59 
1316	16 
1317	15 
1318	5 18 63 65 86 162 164 
1319	32 
1320	2 
1321	53 
1322	4 
1323	97 
1324	67 
1325	32 
1326	71 
1327	150 
1328	36 
1329	131 
1330	19 
1331	107 
1332	34 
1333	85 
1334	153 
1335	106 
1336	83 
1337	34 
1338	121 
1339	59 
1340	125 
1341	15 
1342	30 31 62 132 134 155 163 
1343	149 
1344	136 
1345	17 
1346	147 
1347	45 
1348	134 
1349	45 
1350	141 
1351	53 
1352	100 
1353	82 
1354	53 
1355	92 
1356	56 
1357	21 56 64 76 121 129 149 
1358	106 
1359	152 
1360	142 
1361	41 
1362	40 
1363	123 
1364	38 53 69 76 84 102 118 
1365	63 
1366	13 
1367	58 
1368	50 
1369	51 
1370	67 
1371	136 
1372	5 29 30 90 127 137 162 
1373	99 
1374	164 
1375	25 
1376	117 
1377	131 
1378	6 
1379	80 
1380	28 
1381	39 
1382	106 
1383	80 
1384	71 
1385	4 
1386	161 
1387	146 
1388	64 
1389	56 
1390	53 
1391	80 
1392	115 
1393	68 
1394	46 
1395	139 
1396	141 
1397	76 
1398	52 
1399	10 61 70 80 125 156 158 
1400	79 
1401	108 
1402	4 41 57 121 134 146 162 
1403	158 
1404	16 21 46 132 153 160 164 
1405	41 
1406	31 
1407	126 
1408	150 
1409	93 
1410	30 
1411	104 
1412	118 
1413	53 
1414	132 
1415	158 
1416	137 
1417	41 
1418	71 
1419	63 
1420	157 
1421	18 
1422	18 33 46 68 98 101 164 
1423	46 
1424	110 
1425	106 
1426	79 
1427	96 
1428	74 
1429	88 
1430	43 
1431	63 
1432	74 
1433	14 
1434	35 71 80 100 118 121 142 
1435	64 
1436	13 
1437	11 
1438	108 
1439	76 
1440	150 
1441	130 
1442	53 
1443	59 
1444	50 
1445	59 
1446	49 
1447	138 
1448	149 
1449	61 
1450	2 
1451	136 
1452	160 
1453	123 
1454	86 
1455	92 
1456	117 
1457	93 
1458	43 
1459	20 
1460	114 
1461	51 91 102 130 141 150 159 
1462	33 
1463	31 32 45 64 92 124 138 
1464	146 
1465	4 
1466	9 23 41 48 71 102 104 
1467	2 
1468	70 
1469	83 
1470	69 
1471	127 
1472	136 
1473	72 
1474	51 
1475	53 
1476	3 
1477	22 
1478	2 
1479	130 
1480	5 16 42 49 90 113 164 
1481	139 
1482	17 
1483	29 31 61 102 126 129 160 
1484	37 
1485	8 36 67 103 152 153 154 
1486	24 
1487	82 
1488	115 
1489	41 
1490	137 
1491	74 
1492	44 
1493	153 
1494	28 
1495	17 19 80 98 101 118 131 
1496	57 
1497	131 
1498	29 
1499	17 24 69 105 107 114 137 
1500	154 
1501	27 
1502	92 
1503	30 38 56 98 146 147 164 
1504	60 
1505	131 
1506	121 
1507	32 
1508	136 
1509	52 
1510	53 
1511	30 
1512	14 
1513	60 
1514	10 
1515	74 
1516	84 
1517	30 31 46 64 88 106 153 
1518	60 
1519	49 
1520	90 
1521	84 
1522	133 
1523	128 
1524	159 
1525	24 30 39 55 93 106 129 
1526	49 
1527	137 
1528	82 
1529	150 
1530	129 
1531	55 
1532	158 
1533	80 
1534	150 
1535	15 86 101 106 112 141 162 
1536	122 
1537	15 
1538	16 51 58 89 131 142 160 
1539	162 
1540	90 
1541	161 
1542	17 23 60 61 72 91 98 
1543	79 
1544	17 
1545	102 
1546	34 
1547	13 
1548	66 
1549	140 
1550	91 
1551	81 
1552	157 
1553	107 
1554	118 
1555	98 
1556	49 
1557	2 
1558	148 
1559	97 
1560	80 
1561	19 
1562	2 
1563	128 
1564	149 
1565	89 
1566	141 
1567	122 
1568	106 
1569	139 
1570	84 
1571	160 
1572	100 
1573	38 
1574	89 
1575	118 
1576	13 
1577	120 
1578	50 
1579	116 
1580	85 
1581	2 
1582	6 
1583	84 
1584	12 
1585	59 
1586	153 
1587	47 
1588	38 
1589	11 
1590	103 
1591	132 
1592	20 
1593	4 
1594	138 
1595	118 
1596	144 
1597	132 
1598	16 
1599	32 
1600	151 
1601	38 46 58 64 86 125 138 
1602	12 
1603	137 
1604	24 
1605	31 
1606	163 
1607	139 
1608	155 
1609	108 
1610	53 
1611	69 
1612	38 
1613	147 
1614	4 
1615	95 
1616	121 
1617	147 
1618	41 
1619	25 
1620	85 
1621	125 
1622	158 
1623	66 
1624	148 
1625	81 
1626	13 
1627	121 
1628	13 
1629	30 
1630	21 
1631	129 
1632	15 
1633	141 
1634	78 
1635	60 
1636	57 
1637	76 
1638	38 
1639	45 
1640	141 
1641	88 
1642	121 
1643	160 
1644	104 
1645	127 
1646	88 
1647	15 
1648	12 
1649	7 
1650	112 
1651	2 
1652	36 
1653	20 
1654	87 
1655	33 
1656	146 
1657	164 
1658	75 
1659	122 
1660	85 
1661	2 
1662	53 66 82 85 115 150 158 
1663	115 
1664	66 
1665	53 
1666	10 
1667	11 15 43 46 54 103 106 
1668	55 
1669	146 
1670	159 
1671	131 
1672	10 15 29 44 112 113 129 
1673	164 
1674	94 
1675	137 
1676	16 21 65 107 115 137 146 
1677	80 
1678	4 30 31 43 81 92 111 
1679	53 
1680	164 
1681	21 
1682	24 
1683	19 
1684	129 
1685	32 
1686	159 
1687	45 51 84 106 112 148 160 
1688	108 
1689	154 
1690	34 
1691	147 
1692	165 
1693	162 
1694	108 
1695	142 
1696	131 
1697	136 
1698	13 
1699	19 20 78 84 118 126 159 
1700	122 
1701	55 101 102 115 123 151 158 
1702	120 
1703	162 
1704	6 
1705	48 
1706	136 
1707	31 
1708	65 
1709	46 
1710	41 
1711	33 37 75 91 137 147 161 
1712	43 
1713	123 
1714	51 
1715	81 
1716	7 
1717	21 
1718	53 
1719	31 
1720	150 
1721	107 
1722	21 
1723	30 
1724	5 
1725	46 
1726	35 
1727	165 
1728	104 
1729	50 
1730	133 
1731	16 
1732	103 
1733	158 
1734	53 
1735	14 
1736	29 
1737	158 
1738	30 
1739	50 
1740	15 
1741	19 
1742	66 
1743	30 
1744	49 61 75 110 114 137 138 
1745	90 
1746	85 
1747	140 
1748	131 
1749	6 15 78 136 138 157 164 
1750	88 
1751	53 
1752	47 
1753	141 
1754	142 
1755	115 
1756	149 
1757	19 
1758	160 
1759	16 
1760	14 
1761	17 53 59 78 121 132 165 
1762	121 
1763	19 52 62 65 105 150 158 
1764	87 
1765	96 
1766	121 
1767	44 
1768	82 
1769	8 53 75 91 121 134 137 
1770	154 
1771	127 
1772	158 
1773	43 
1774	64 
1775	2 
1776	9 
1777	110 
1778	159 
1779	15 
1780	83 
1781	19 56 122 133 135 146 161 
1782	1 13 17 65 95 121 148 
1783	13 
1784	115 
1785	53 
1786	107 
1787	79 
1788	150 
1789	82 
1790	37 
1791	58 
1792	129 
1793	96 
1794	108 
1795	90 
1796	45 
1797	29 
1798	6 
1799	83 
1800	122 
1801	108 
1802	120 
1803	12 75 84 102 122 125 138 
1804	164 
1805	112 
1806	59 
1807	55 
1808	90 
1809	111 
1810	139 
1811	61 
1812	44 
1813	67 
1814	3 38 41 64 146 150 156 
1815	95 
1816	14 44 55 84 107 136 162 
1817	158 
1818	21 
1819	6 
1820	55 
1821	56 
1822	154 
1823	67 
1824	121 
1825	49 
1826	112 
1827	69 
1828	15 
1829	158 
1830	34 42 69 71 99 113 139 
1831	8 15 23 50 64 94 118 
1832	13 15 58 84 90 117 133 
1833	33 
1834	51 
1835	141 
1836	111 
1837	65 
1838	60 
1839	68 
1840	55 
1841	112 
1842	107 
1843	45 
1844	31 
1845	3 
1846	100 
1847	20 
1848	107 
1849	71 
1850	16 32 51 70 105 132 137 
1851	88 
1852	148 
1853	46 
1854	38 
1855	47 
1856	133 
1857	139 
1858	55 
1859	121 
1860	154 
1861	81 
1862	45 67 75 122 137 150 156 
1863	14 15 48 56 91 102 139 
1864	18 
1865	18 
1866	154 
1867	123 
1868	35 
1869	75 
1870	103 
1871	16 39 45 55 71 97 148 
1872	114 
1873	77 
1874	146 
1875	121 
1876	72 
1877	38 
1878	33 62 113 115 138 140 155 
1879	80 
1880	41 
1881	15 55 83 84 85 134 137 
1882	115 
1883	34 
1884	87 
1885	47 
1886	83 
1887	89 
1888	141 
1889	21 47 73 81 88 102 103 
1890	100 
1891	115 
1892	76 
1893	117 
1894	1 19 36 72 102 103 139 
1895	35 
1896	61 
1897	88 
1898	107 
1899	12 
1900	137 
1901	51 52 85 109 150 152 157 
1902	64 
1903	19 42 76 102 138 142 145 
1904	19 
1905	38 
1906	2 13 38 66 80 110 131 
1907	103 
1908	3 8 15 21 24 62 139 
1909	15 
1910	19 35 90 102 108 131 137 
1911	38 
1912	63 
1913	78 85 107 116 126 144 147 
1914	136 
1915	146 
1916	46 
1917	18 
1918	79 
1919	49 
1920	89 
1921	21 
1922	145 
1923	36 
1924	139 
1925	25 
1926	39 
1927	128 
1928	19 54 89 97 131 153 160 
1929	45 
1930	49 60 69 102 125 141 162 
1931	41 
1932	19 
1933	138 
1934	123 
1935	92 
1936	94 
1937	104 
1938	58 
1939	8 
1940	138 
1941	17 
1942	116 
1943	138 
1944	27 30 55 131 136 155 164 
1945	11 
1946	48 
1947	9 
1948	147 
1949	137 
1950	117 
1951	71 
1952	80 
1953	68 
1954	85 
1955	123 
1956	84 
1957	9 11 32 104 111 149 158 
1958	78 
1959	48 63 115 142 145 150 154 
1960	162 
1961	46 
1962	41 
1963	45 
1964	45 
1965	34 
1966	66 94 107 116 117 135 149 
1967	165 
1968	17 
1969	22 
1970	1 
1971	64 
1972	45 
1973	21 23 105 112 115 131 161 
1974	119 
1975	4 59 64 75 110 131 164 
1976	164 
1977	17 
1978	87 
1979	13 
1980	33 
1981	141 
1982	122 
1983	161 
1984	13 22 33 46 73 77 126 
1985	79 
1986	62 
1987	61 
1988	23 
1989	143 
1990	146 
1991	49 
1992	143 
1993	41 
1994	35 
1995	136 
1996	63 
1997	142 
1998	136 
1999	38 63 90 112 113 140 142 
2000	15 58 64 90 92 140 156 
2001	15 
2002	61 
2003	13 43 64 70 115 121 130 
2004	34 
2005	34 
2006	14 
2007	139 
2008	150 
2009	4 20 83 125 129 160 164 
2010	69 
2011	142 
2012	95 
2013	40 
2014	115 
2015	21 34 43 55 106 112 159 
2016	69 
2017	5 58 81 91 110 122 131 
2018	14 17 41 84 95 111 146 
2019	123 
2020	102 
2021	48 
2022	10 
2023	154 
2024	76 
2025	154 
2026	80 
2027	56 
2028	19 
2029	135 
2030	163 
2031	129 
2032	38 
2033	125 
2034	69 
2035	144 
2036	38 
2037	126 
2038	41 
2039	38 
2040	90 
2041	41 62 68 90 106 114 146 
2042	31 80 85 112 115 129 159 
2043	16 
2044	47 
2045	78 
2046	164 
2047	88 
2048	105 
2049	9 
2050	5 39 60 79 105 113 156 
2051	43 
2052	126 
2053	33 
2054	6 
2055	137 
2056	20 46 49 57 110 133 140 
2057	13 
2058	31 62 80 83 102 112 131 
2059	131 
2060	80 
2061	22 
2062	121 
2063	126 
2064	51 
2065	146 
2066	80 
2067	7 
2068	36 59 60 80 110 141 154 
2069	110 
2070	126 
2071	86 102 103 112 136 139 153 
2072	118 
2073	162 
2074	42 
2075	19 
2076	119 
2077	161 
2078	101 
2079	75 
2080	75 
2081	44 
2082	69 
2083	51 
2084	102 
2085	21 
2086	58 
2087	47 
2088	75 
2089	110 
2090	85 
2091	30 
2092	28 63 67 71 72 85 89 
2093	52 
2094	122 
2095	82 
2096	130 
2097	59 
2098	66 
2099	84 
2100	61 
2101	8 21 96 97 123 147 165 
2102	90 
2103	123 
2104	39 
2105	145 
2106	54 
2107	19 
2108	85 
2109	79 
2110	81 
2111	86 
2112	57 
2113	55 
2114	68 
2115	30 32 74 89 105 112 157 
2116	18 
2117	90 
2118	149 
2119	35 
2120	151 
2121	112 
2122	60 
2123	147 
2124	144 
2125	164 
2126	102 
2127	142 
2128	51 
2129	125 
2130	98 
2131	30 
2132	84 
2133	51 
2134	137 
2135	30 
2136	29 
2137	43 
2138	74 
2139	2 13 27 48 72 74 139 
2140	90 
2141	16 
2142	71 
2143	19 
2144	139 
2145	118 
2146	59 
2147	85 
2148	120 
2149	124 
2150	116 
2151	34 
2152	115 
2153	98 
2154	104 
2155	63 
2156	21 
2157	76 
2158	16 34 37 44 80 129 157 
2159	142 
2160	152 
2161	66 
2162	96 
2163	76 
2164	115 
2165	146 
2166	101 
2167	34 
2168	30 
2169	23 36 39 48 101 104 129 
2170	103 
2171	121 
2172	123 
2173	143 
2174	134 
2175	15 
2176	115 
2177	36 
2178	2 
2179	79 
2180	69 
2181	107 
2182	9 19 30 38 45 78 142 
2183	14 18 19 47 56 100 154 
2184	102 
2185	61 
2186	83 
2187	129 
2188	78 
2189	10 
2190	33 43 64 80 88 112 116 
2191	15 
2192	89 
2193	162 
2194	151 
2195	15 
2196	71 
2197	37 
2198	106 
2199	41 
2200	11 
2201	53 
2202	18 
2203	13 
2204	83 
2205	142 
2206	152 
2207	88 
2208	154 
2209	99 
2210	137 
2211	126 
2212	159 
2213	56 
2214	21 
2215	73 
2216	35 
2217	13 
2218	129 
2219	122 
2220	81 
2221	8 13 24 124 131 132 162 
2222	77 
2223	41 
2224	94 
2225	137 
2226	34 
2227	137 
2228	17 
2229	5 17 31 36 38 79 157 
2230	110 
2231	101 
2232	90 
2233	26 
2234	4 
2235	130 
2236	66 
2237	33 
2238	85 
2239	84 
2240	39 
2241	85 
2242	83 
2243	45 
2244	48 
2245	84 
2246	156 
2247	33 
2248	106 
2249	74 
2250	126 
2251	164 
2252	107 
2253	98 
2254	123 
2255	63 
2256	84 99 118 131 133 140 154 
2257	11 13 42 49 138 148 159 
2258	89 
2259	9 
2260	15 46 69 79 84 105 113 
2261	92 
2262	14 26 38 51 77 78 129 
2263	148 
2264	137 
2265	45 
2266	33 
2267	81 
2268	44 
2269	57 
2270	139 
2271	137 
2272	54 
2273	147 
2274	33 
2275	30 
2276	87 
2277	139 
2278	139 
2279	102 
2280	92 
2281	83 
2282	85 
2283	55 
2284	39 
2285	33 
2286	72 82 88 97 137 138 146 
2287	4 27 38 55 84 94 138 
2288	26 31 36 84 118 121 138 
2289	69 
2290	8 
2291	52 
2292	19 29 36 52 115 118 161 
2293	160 
2294	22 
2295	3 
2296	15 
2297	116 
2298	152 
2299	87 
2300	15 
2301	20 
2302	8 
2303	22 38 60 71 92 110 124 
2304	56 
2305	136 
2306	46 
2307	19 
2308	148 
2309	88 
2310	116 
2311	88 
2312	31 
2313	30 46 49 69 101 115 126 
2314	78 
2315	22 
2316	15 
2317	62 
2318	8 13 64 107 154 159 160 
2319	85 
2320	142 
2321	155 
2322	158 
2323	50 
2324	105 
2325	124 
2326	7 
2327	76 88 126 142 150 157 165 
2328	88 
2329	92 
2330	28 
2331	72 
2332	64 
2333	155 
2334	114 
2335	110 
2336	102 
2337	45 
2338	45 
2339	17 66 89 108 122 158 163 
2340	19 32 33 105 121 129 147 
2341	40 56 65 84 107 122 154 
2342	41 
2343	68 
2344	155 
2345	11 
2346	90 
2347	81 
2348	98 
2349	140 
2350	45 
2351	161 
2352	17 
2353	121 
2354	46 
2355	19 
2356	51 
2357	119 
2358	56 
2359	16 
2360	132 
2361	139 
2362	23 
2363	84 
2364	139 
2365	53 
2366	108 
2367	60 
2368	31 
2369	116 
2370	66 
2371	5 11 18 32 58 81 136 
2372	16 
2373	80 
2374	56 
2375	6 22 30 50 85 142 156 
2376	149 
2377	10 33 80 103 110 149 157 
2378	8 
2379	46 
2380	17 
2381	115 
2382	11 
2383	115 
2384	76 
2385	46 
2386	112 
2387	54 
2388	59 
2389	147 
2390	79 
2391	142 
2392	15 17 23 30 50 74 121 
2393	21 
2394	143 
2395	7 53 71 78 107 110 112 
2396	5 
2397	40 
2398	44 
2399	111 
2400	132 
2401	53 
2402	160 
2403	56 
2404	14 60 82 83 104 116 133 
2405	72 
2406	38 
2407	18 27 50 61 123 129 142 
2408	61 
2409	149 
2410	93 
2411	87 
2412	147 
2413	82 
2414	126 
2415	58 
2416	105 
2417	50 
2418	28 
2419	90 
2420	6 38 49 79 115 141 153 
2421	117 
2422	15 
2423	38 
2424	13 
2425	158 
2426	21 
2427	101 
2428	139 
2429	10 
2430	165 
2431	165 
2432	163 
2433	16 
2434	66 
2435	1 3 11 29 107 118 162 
2436	55 
2437	61 
2438	30 
2439	58 
2440	1 
2441	106 
2442	15 21 49 90 119 140 150 
2443	14 
2444	114 
2445	96 
2446	26 
2447	23 
2448	22 
2449	12 41 85 118 119 154 156 
2450	21 64 82 92 106 137 158 
2451	21 
2452	19 
2453	150 
2454	50 
2455	147 
2456	82 
2457	130 
2458	156 
2459	112 
2460	29 
2461	39 
2462	55 
2463	152 
2464	118 
2465	112 
2466	142 
2467	26 
2468	50 
2469	23 
2470	17 42 65 96 123 126 163 
2471	121 
2472	17 
2473	26 45 55 79 141 142 151 
2474	44 
2475	63 
2476	14 
2477	126 
2478	51 
2479	34 
2480	38 
2481	121 
2482	82 
2483	93 
2484	35 
2485	70 
2486	123 
2487	159 
2488	106 
2489	40 
2490	29 
2491	87 
2492	66 
2493	107 
2494	136 
2495	67 
2496	2 26 65 80 113 137 159 
2497	85 
2498	123 
2499	116 
2500	17 
2501	54 
2502	158 
2503	121 
2504	118 
2505	74 
2506	63 
2507	7 11 56 90 91 102 107 
2508	115 
2509	67 
2510	158 
2511	107 
2512	57 
2513	59 
2514	106 
2515	97 
2516	53 
2517	104 
2518	1 
2519	165 
2520	7 55 66 91 92 137 140 
2521	13 21 28 30 81 108 141 
2522	33 64 92 117 122 139 147 
2523	34 
2524	2 
2525	122 
2526	141 
2527	84 
2528	94 
2529	34 
2530	78 
2531	46 
2532	127 
2533	47 
2534	56 
2535	145 
2536	17 23 51 71 120 158 165 
2537	17 
2538	109 
2539	131 
2540	137 
2541	79 
2542	4 
2543	33 
2544	140 
2545	46 
2546	60 64 94 98 141 146 155 
2547	165 
2548	102 
2549	88 
2550	117 
2551	131 
2552	28 
2553	6 28 83 88 98 118 142 
2554	34 
2555	38 
2556	148 
2557	14 41 95 115 118 119 123 
2558	3 37 67 89 90 102 112 
2559	73 
2560	133 
2561	110 
2562	104 
2563	34 
2564	15 
2565	158 
2566	53 
2567	41 
2568	71 
2569	43 
2570	21 
2571	150 
2572	13 
2573	72 
2574	1 31 36 85 129 146 164 
2575	109 
2576	71 
2577	115 
2578	142 
2579	131 
2580	28 
2581	21 
2582	134 
2583	127 
2584	88 
2585	78 
2586	1 14 61 62 69 81 154 
2587	118 
2588	79 
2589	1 5 50 85 103 116 120 
2590	35 
2591	90 
2592	27 
2593	23 45 69 75 79 108 146 
2594	87 
2595	85 
2596	14 
2597	123 
2598	45 
2599	118 
2600	23 
2601	70 
2602	105 
2603	136 
2604	13 30 38 41 47 52 55 
2605	102 
2606	19 
2607	34 50 53 69 117 122 125 
2608	9 
2609	72 
2610	92 
2611	63 
2612	75 
2613	89 
2614	75 
2615	80 
2616	58 
2617	34 
2618	42 
2619	32 
2620	89 
2621	39 
2622	160 
2623	121 
2624	13 24 55 71 131 137 162 
2625	85 
2626	1 
2627	92 
2628	117 
2629	45 
2630	43 
2631	54 
2632	18 21 49 63 69 136 157 
2633	122 
2634	38 
2635	160 
2636	89 
2637	26 
2638	131 
2639	126 
2640	53 
2641	31 
2642	53 
2643	27 50 58 82 116 132 149 
2644	97 
2645	97 
2646	51 
2647	57 
2648	90 
2649	38 
2650	106 
2651	60 62 83 88 93 138 143 
2652	88 
2653	69 
2654	130 
2655	24 58 61 62 139 141 162 
2656	70 
2657	140 
2658	92 
2659	116 
2660	61 
2661	14 
2662	54 
2663	30 64 66 73 114 142 160 
2664	105 
2665	150 
2666	121 
2667	72 
2668	149 
2669	17 
2670	30 
2671	48 
2672	97 
2673	6 59 78 117 123 139 149 
2674	130 
2675	11 49 72 73 130 135 146 
2676	114 
2677	18 
2678	39 
2679	154 
2680	66 
2681	89 
2682	83 
2683	155 
2684	163 
2685	98 
2686	71 
2687	76 
2688	164 
2689	37 
2690	43 50 80 84 121 155 161 
2691	43 
2692	145 
2693	57 
2694	32 
2695	128 
2696	112 
2697	155 
2698	112 
2699	59 
2700	102 
2701	147 
2702	129 
2703	130 
2704	22 
2705	58 
2706	58 
2707	158 
2708	130 
2709	5 
2710	104 
2711	72 
2712	33 
2713	112 
2714	1 
2715	158 
2716	161 
2717	60 
2718	20 
2719	149 
2720	51 
2721	21 31 47 79 108 152 161 
2722	28 74 77 108 129 150 155 
2723	15 
2724	161 
2725	8 
2726	137 
2727	95 
2728	34 
2729	30 53 56 125 126 128 144 
2730	52 
2731	2 
2732	136 
2733	27 
2734	134 
2735	141 
2736	5 18 23 74 90 122 158 
2737	137 
2738	78 
2739	19 32 44 65 140 141 164 
2740	125 
2741	69 
2742	89 
2743	136 
2744	82 
2745	137 
2746	49 
2747	162 
2748	136 
2749	46 
2750	5 38 77 83 107 130 144 
2751	9 15 26 66 69 112 163 
2752	163 
2753	114 
2754	21 
2755	11 55 102 109 117 136 162 
2756	101 
2757	147 
2758	14 
2759	19 
2760	59 
2761	3 
2762	2 
2763	43 
2764	158 
2765	21 55 56 97 114 122 140 
2766	155 
2767	19 61 101 112 120 130 139 
2768	30 
2769	64 
2770	22 
2771	130 
2772	122 
2773	80 
2774	121 
2775	105 
2776	15 
2777	11 16 32 82 142 146 154 
2778	13 
2779	42 
2780	103 
2781	73 91 105 121 133 159 163 
2782	129 
2783	26 
2784	84 
2785	4 34 44 60 80 83 137 
2786	63 
2787	41 
2788	85 
2789	121 
2790	122 
2791	156 
2792	37 
2793	34 
2794	26 
2795	24 
2796	21 
2797	34 
2798	131 
2799	68 
2800	100 
2801	126 
2802	102 
2803	12 
2804	56 
2805	88 
2806	71 
2807	41 
2808	90 
2809	141 
2810	11 53 55 61 80 96 159 
2811	56 
2812	18 
2813	146 
2814	133 
2815	56 
2816	110 
2817	137 
2818	64 
2819	66 
2820	66 
2821	69 
2822	111 
2823	158 
2824	93 
2825	31 55 73 112 138 157 158 
2826	112 
2827	101 
2828	118 
2829	141 
2830	138 
2831	14 44 75 86 101 116 138 
2832	56 
2833	32 71 76 87 103 107 131 
2834	28 
2835	60 
2836	55 
2837	146 
2838	45 
2839	25 28 31 39 48 138 139 
2840	9 
2841	133 
2842	52 
2843	115 
2844	82 
2845	50 
2846	121 
2847	46 
2848	7 69 76 82 101 138 150 
2849	58 
2850	70 
2851	15 
2852	138 
2853	62 
2854	156 
2855	158 
2856	127 
2857	102 
2858	108 
2859	141 
2860	139 
2861	137 
2862	96 
2863	129 
2864	9 
2865	112 
2866	95 
2867	136 
2868	71 
2869	115 
2870	155 
2871	40 
2872	53 
2873	139 
2874	105 
2875	157 
2876	37 39 58 71 74 141 162 
2877	4 
2878	122 
2879	30 
2880	136 
2881	49 
2882	18 21 35 39 50 83 122 
2883	121 
2884	93 
2885	41 
2886	125 
2887	141 
2888	129 
2889	91 
2890	9 
2891	21 
2892	13 
2893	38 
2894	6 
2895	110 
2896	110 
2897	123 
2898	61 
2899	61 
2900	58 
2901	60 
2902	103 
2903	75 
2904	90 
2905	149 
2906	3 
2907	17 53 79 82 97 114 131 
2908	47 
2909	28 39 60 77 81 89 107 
2910	26 60 64 71 110 115 143 
2911	69 
2912	9 
2913	45 
2914	67 
2915	66 
2916	74 
2917	104 
2918	21 
2919	38 
2920	150 
2921	50 
2922	14 
2923	112 
2924	38 
2925	50 
2926	139 
2927	16 
2928	116 
2929	83 
2930	73 
2931	84 
2932	156 
2933	64 
2934	154 
2935	82 
2936	38 85 88 99 105 126 150 
2937	15 
2938	9 
2939	9 
2940	13 21 32 57 64 75 92 
2941	117 
2942	19 
2943	81 
2944	77 
2945	37 
2946	87 
2947	142 
2948	52 
2949	80 
2950	56 
2951	151 
2952	109 
2953	71 
2954	21 29 30 46 87 92 150 
2955	83 
2956	131 
2957	43 
2958	81 
2959	158 
2960	19 
2961	34 
2962	57 
2963	89 
2964	34 52 79 102 109 118 125 
2965	98 
2966	45 
2967	37 
2968	141 
2969	39 
2970	43 
2971	16 
2972	162 
2973	71 
2974	80 
2975	6 
2976	61 
2977	2 
2978	49 
2979	72 
2980	90 
2981	107 
2982	38 53 64 89 115 121 136 
2983	105 
2984	61 
2985	34 
2986	98 
2987	49 
2988	30 76 97 118 144 152 162 
2989	68 
2990	1 
2991	121 
2992	112 
2993	66 
2994	122 
2995	155 
2996	55 
2997	33 
2998	144 
2999	30 
3000	121 
3001	61 
3002	99 
3003	18 26 43 54 96 145 161 
3004	159 
3005	163 
3006	80 
3007	19 
3008	89 
3009	15 38 73 136 146 149 154 
3010	76 
3011	126 
3012	2 
3013	72 
3014	41 
3015	69 
3016	79 
3017	30 
3018	31 
3019	118 
3020	58 
3021	162 
3022	112 
3023	81 
3024	56 
3025	9 
3026	141 
3027	139 
3028	15 
3029	11 
3030	95 
3031	61 
3032	159 
3033	85 
3034	59 
3035	18 21 31 72 104 118 137 
3036	9 31 45 47 84 93 142 
3037	41 56 64 67 121 142 152 
3038	19 
3039	118 
3040	83 
3041	11 61 68 129 142 154 164 
3042	126 
3043	154 
3044	39 
3045	50 
3046	25 
3047	97 
3048	136 
3049	52 
3050	23 
3051	154 
3052	104 
3053	34 
3054	140 
3055	15 35 43 53 138 139 159 
3056	86 
3057	139 
3058	28 
3059	31 43 48 53 84 112 158 
3060	30 
3061	28 30 58 65 69 118 137 
3062	110 
3063	110 
3064	61 
3065	46 
3066	120 
3067	14 44 69 93 136 159 163 
3068	53 
3069	45 
3070	150 
3071	12 
3072	84 
3073	8 49 64 80 84 116 129 
3074	104 
3075	154 
3076	117 
3077	60 
3078	6 
3079	67 
3080	66 
3081	81 
3082	18 
3083	11 
3084	68 
3085	7 14 16 21 41 51 136 
3086	85 
3087	81 
3088	17 
3089	159 
3090	57 
3091	11 
3092	28 
3093	48 
3094	71 
3095	44 
3096	117 
3097	17 
3098	56 
3099	69 
3100	85 
3101	41 
3102	46 
3103	142 
3104	53 57 77 78 96 139 159 
3105	117 
3106	47 
3107	30 
3108	83 
3109	13 
3110	121 
3111	90 
3112	145 
3113	77 
3114	52 
3115	17 
3116	141 
3117	80 
3118	3 
3119	22 
3120	11 
3121	31 
3122	113 
3123	51 
3124	105 
3125	133 
3126	81 
3127	94 
3128	91 
3129	146 
3130	125 
3131	47 
3132	26 
3133	160 
3134	60 
3135	110 
3136	122 
3137	76 
3138	112 
3139	156 
3140	139 
3141	17 
3142	33 
3143	27 45 55 123 131 137 141 
3144	98 
3145	123 
3146	146 
3147	80 
3148	142 
3149	115 
3150	139 
3151	30 43 76 104 115 118 146 
3152	103 
3153	58 
3154	68 
3155	47 
3156	67 
3157	125 
3158	150 
3159	107 
3160	21 
3161	160 
3162	120 
3163	111 
3164	70 
3165	60 
3166	34 
3167	55 
3168	57 
3169	16 
3170	165 
3171	137 
3172	133 
3173	61 
3174	16 31 53 77 110 138 159 
3175	38 
3176	6 21 30 41 61 118 136 
3177	88 
3178	89 
3179	24 
3180	57 
3181	28 36 72 83 118 123 125 
3182	19 
3183	15 
3184	129 
3185	149 
3186	120 
3187	58 
3188	129 
3189	69 
3190	17 
3191	49 
3192	37 51 58 76 124 152 153 
3193	30 
3194	5 
3195	138 
3196	5 
3197	19 31 35 56 114 121 129 
3198	42 
3199	107 
3200	60 
3201	124 
3202	6 
3203	69 
3204	164 
3205	14 
3206	16 
3207	103 
3208	11 
3209	151 
3210	102 
3211	34 
3212	129 
3213	53 
3214	85 
3215	138 
3216	111 
3217	83 
3218	104 
3219	46 
3220	132 
3221	41 
3222	57 63 70 103 114 136 150 
3223	21 
3224	87 
3225	52 
3226	84 
3227	78 
3228	15 
3229	118 
3230	116 
3231	35 
3232	33 
3233	97 
3234	137 
3235	154 
3236	107 
3237	36 
3238	15 
3239	53 
3240	110 
3241	75 
3242	50 
3243	38 
3244	16 
3245	121 
3246	155 
3247	28 
3248	142 
3249	13 15 55 58 63 93 158 
3250	132 
3251	5 
3252	41 42 44 45 80 84 122 
3253	90 
3254	61 
3255	31 68 77 118 123 142 150 
3256	115 
3257	129 
3258	38 
3259	38 84 129 131 141 156 158 
3260	46 
3261	122 
3262	8 
3263	103 
3264	131 
3265	58 
3266	29 43 112 116 137 142 158 
3267	150 
3268	2 
3269	45 
3270	121 
3271	145 
3272	7 9 10 14 46 85 105 
3273	51 
3274	19 60 64 95 108 142 151 
3275	121 
3276	142 
3277	34 58 88 91 99 139 142 
3278	136 
3279	41 
3280	30 
3281	58 
3282	118 
3283	80 
3284	15 30 65 103 109 136 164 
3285	69 
3286	50 
3287	129 
3288	3 
3289	83 
3290	21 25 66 71 112 118 146 
3291	16 
3292	31 
3293	44 
3294	7 
3295	108 
3296	139 
3297	158 
3298	142 
3299	3 17 21 52 94 104 164 
3300	60 
3301	136 
3302	21 30 90 104 130 131 149 
3303	30 
3304	149 
3305	52 
3306	19 
3307	134 
3308	69 
3309	150 
3310	122 
3311	19 59 85 109 127 142 158 
3312	35 
3313	11 
3314	113 
3315	28 
3316	71 
3317	164 
3318	25 
3319	141 
3320	108 
3321	45 
3322	116 
3323	102 
3324	156 
3325	116 
3326	44 61 87 88 102 107 115 
3327	20 
3328	154 
3329	21 
3330	140 
3331	12 
3332	77 
3333	27 
3334	74 
3335	123 
3336	2 66 84 96 110 118 149 
3337	14 
3338	121 
3339	2 
3340	117 
3341	50 
3342	135 
3343	157 
3344	4 
3345	45 
3346	103 
3347	48 
3348	110 
3349	28 
3350	12 
3351	100 
3352	138 
3353	84 
3354	71 
3355	136 
3356	63 
3357	150 
3358	46 
3359	81 
3360	110 
3361	34 
3362	56 
3363	49 
3364	10 
3365	32 
3366	124 
3367	119 
3368	74 
3369	136 
3370	140 
3371	18 
3372	72 
3373	155 
3374	26 44 59 74 98 146 158 
3375	62 
3376	83 
3377	63 
3378	162 
3379	49 
3380	39 
3381	48 
3382	145 
3383	73 
3384	71 
3385	34 
3386	143 
3387	137 
3388	17 
3389	116 
3390	75 
3391	43 
3392	124 
3393	78 
3394	72 
3395	6 15 41 125 129 152 153 
3396	109 
3397	115 
3398	55 
3399	21 52 56 58 90 159 164 
3400	165 
3401	14 53 71 81 85 95 112 
3402	159 
3403	37 
3404	158 
3405	58 
3406	120 
3407	115 
3408	152 
3409	126 
3410	10 
3411	84 
3412	46 
3413	117 
3414	74 
3415	39 
3416	71 
3417	16 
3418	27 
3419	140 
3420	92 
3421	38 
3422	114 
3423	89 
3424	44 
3425	112 
3426	95 
3427	15 45 57 121 125 157 160 
3428	55 
3429	136 
3430	79 
3431	75 
3432	38 
3433	115 
3434	37 
3435	14 
3436	115 
3437	92 
3438	137 
3439	111 
3440	71 
3441	53 
3442	164 
3443	142 
3444	64 
3445	83 
3446	165 
3447	81 
3448	118 
3449	158 
3450	92 
3451	15 
3452	23 
3453	76 
3454	89 
3455	59 
3456	102 
3457	74 
3458	107 
3459	136 
3460	126 
3461	55 
3462	77 
3463	137 
3464	126 
3465	16 
3466	17 
3467	3 10 49 63 90 98 105 
3468	92 
3469	51 
3470	7 11 16 117 140 156 160 
3471	23 
3472	139 
3473	139 
3474	48 
3475	94 
3476	34 
3477	80 
3478	64 
3479	49 
3480	24 
3481	149 
3482	24 
3483	52 
3484	127 
3485	110 
3486	45 
3487	75 
3488	107 
3489	69 
3490	16 
3491	64 
3492	63 
3493	134 
3494	138 
3495	131 
3496	19 
3497	97 
3498	104 
3499	136 
3500	125 
3501	2 33 40 44 81 107 114 
3502	57 
3503	35 
3504	9 
3505	19 
3506	124 
3507	85 
3508	6 
3509	11 
3510	137 
3511	78 
3512	95 
3513	154 
3514	164 
3515	131 
3516	161 
3517	159 
3518	133 
3519	19 
3520	70 
3521	146 
3522	19 
3523	81 
3524	45 
3525	50 
3526	78 
3527	160 
3528	154 
3529	17 
3530	112 
3531	140 
3532	131 
3533	4 
3534	2 29 69 71 123 136 141 
3535	8 
3536	75 
3537	142 
3538	128 
3539	72 
3540	126 
3541	38 
3542	40 
3543	67 
3544	117 
3545	92 
3546	28 
3547	17 
3548	32 
3549	154 
3550	123 
3551	107 
3552	18 
3553	165 
3554	57 
3555	62 
3556	136 
3557	4 
3558	98 
3559	18 
3560	15 79 102 113 132 142 160 
3561	18 29 59 61 71 148 165 
3562	159 
3563	30 
3564	9 
3565	38 
3566	117 
3567	142 
3568	60 
3569	60 
3570	50 
3571	104 
3572	55 
3573	43 
3574	110 
3575	114 
3576	124 
3577	3 9 14 36 63 98 106 
3578	125 
3579	155 
3580	16 
3581	52 
3582	152 
3583	107 
3584	20 
3585	97 
3586	121 
3587	4 
3588	81 
3589	121 
3590	5 
3591	101 
3592	28 
3593	147 
3594	98 
3595	71 106 112 113 135 143 158 
3596	84 
3597	15 61 85 123 136 137 156 
3598	125 
3599	46 
3600	74 
3601	67 
3602	71 
3603	49 
3604	19 53 55 109 142 146 162 
3605	132 
3606	52 
3607	147 
3608	72 
3609	121 
3610	60 
3611	131 
3612	88 
3613	41 
3614	13 
3615	47 
3616	77 
3617	84 
3618	121 
3619	159 
3620	141 
3621	104 
3622	59 
3623	115 
3624	103 
3625	102 
3626	155 
3627	73 
3628	142 
3629	32 
3630	115 
3631	137 
3632	136 
3633	13 21 45 57 58 112 135 
3634	49 56 60 107 115 119 126 
3635	19 
3636	119 
3637	163 
3638	53 
3639	53 
3640	15 45 48 50 88 116 154 
3641	79 
3642	95 
3643	41 57 59 105 106 154 155 
3644	70 
3645	111 
3646	157 
3647	85 
3648	66 
3649	109 
3650	150 
3651	13 45 50 81 112 127 164 
3652	121 
3653	67 
3654	45 
3655	50 59 112 113 138 144 164 
3656	155 
3657	33 
3658	154 
3659	31 57 93 98 104 109 160 
3660	147 
3661	164 
3662	16 
3663	94 
3664	110 
3665	139 
3666	21 
3667	53 83 84 90 126 147 155 
3668	21 
3669	35 
3670	80 
3671	49 
3672	7 
3673	47 
3674	147 
3675	21 
3676	137 
3677	164 
3678	137 
3679	11 14 17 18 44 115 160 
3680	55 
3681	84 
3682	45 
3683	64 
3684	2 
3685	8 15 37 52 71 93 139 
3686	49 
3687	46 
3688	35 
3689	21 
3690	105 
3691	147 
3692	33 
3693	49 
3694	53 
3695	45 
3696	97 
3697	123 
3698	66 
3699	57 
3700	41 
3701	64 
3702	83 
3703	30 
3704	130 
3705	88 
3706	152 
3707	13 
3708	25 
3709	121 
3710	130 
3711	12 15 67 97 129 131 164 
3712	15 
3713	65 
3714	121 
3715	142 
3716	69 
3717	55 
3718	129 
3719	146 
3720	71 
3721	120 
3722	137 
3723	134 
3724	29 
3725	38 61 70 95 129 139 146 
3726	144 
3727	20 
3728	31 
3729	64 
3730	60 
3731	10 
3732	38 
3733	87 
3734	82 
3735	18 55 67 69 87 139 159 
3736	164 
3737	139 
3738	6 43 116 137 139 140 141 
3739	83 
3740	164 
3741	129 
3742	30 
3743	31 
3744	21 
3745	41 
3746	138 
3747	115 
3748	105 
3749	17 
3750	161 
3751	128 
3752	104 
3753	141 
3754	29 
3755	8 15 35 74 80 82 121 
3756	55 
3757	34 
3758	120 
3759	154 
3760	15 46 115 121 125 140 158 
3761	106 
3762	150 
3763	160 
3764	88 
3765	72 
3766	31 46 110 140 150 159 162 
3767	55 
3768	134 
3769	8 
3770	83 
3771	164 
3772	123 
3773	143 
3774	91 
3775	139 
3776	47 
3777	150 
3778	21 
3779	21 
3780	35 46 49 61 82 88 125 
3781	140 
3782	50 
3783	27 61 99 110 115 139 146 
3784	154 
3785	160 
3786	82 
3787	35 
3788	9 
3789	77 
3790	62 
3791	102 
3792	121 
3793	46 
3794	50 
3795	3 
3796	19 
3797	19 
3798	92 
3799	132 
3800	101 
3801	21 
3802	55 
3803	55 
3804	51 
3805	40 
3806	138 
3807	56 
3808	34 
3809	64 
3810	94 
3811	107 
3812	58 
3813	2 
3814	127 
3815	116 
3816	13 
3817	50 
3818	67 
3819	44 
3820	139 
3821	12 
3822	44 
3823	142 
3824	65 
3825	45 
3826	55 
3827	163 
3828	12 
3829	31 
3830	89 
3831	159 
3832	137 
3833	116 
3834	16 
3835	162 
3836	44 
3837	139 
3838	101 
3839	137 
3840	80 
3841	53 
3842	142 
3843	84 
3844	24 25 35 72 84 137 164 
3845	136 
3846	31 37 38 71 72 131 151 
3847	148 
3848	44 
3849	64 
3850	96 
3851	57 
3852	74 
3853	53 
3854	2 18 20 46 107 108 143 
3855	66 
3856	110 
3857	125 
3858	31 46 57 64 83 84 97 
3859	10 61 91 94 101 122 140 
3860	102 
3861	20 
3862	146 
3863	56 
3864	120 
3865	100 
3866	7 
3867	38 
3868	146 
3869	105 
3870	88 
3871	103 
3872	38 
3873	13 
3874	76 
3875	164 
3876	31 
3877	40 50 76 85 89 119 132 
3878	32 49 58 101 107 129 136 
3879	147 
3880	11 
3881	103 
3882	8 
3883	116 
3884	102 
3885	84 
3886	74 
3887	2 
3888	165 
3889	71 
3890	70 
3891	54 
3892	137 
3893	1 11 18 21 66 118 162 
3894	9 
3895	4 8 11 45 78 83 121 
3896	4 
3897	74 
3898	18 
3899	3 
3900	72 
3901	60 
3902	65 
3903	106 
3904	104 
3905	89 
3906	101 
3907	42 
3908	23 42 44 63 107 136 141 
3909	115 
3910	60 
3911	20 31 33 102 123 140 159 
3912	94 
3913	69 
3914	83 
3915	18 
3916	128 
3917	15 38 56 71 86 126 137 
3918	135 
3919	149 
3920	89 
3921	82 
3922	32 
3923	145 
3924	68 
3925	139 
3926	158 
3927	19 
3928	28 
3929	41 
3930	152 
3931	72 
3932	16 
3933	7 12 14 38 50 116 159 
3934	63 
3935	53 
3936	74 
3937	14 
3938	150 
3939	126 
3940	106 
3941	79 
3942	76 
3943	6 
3944	112 
3945	120 
3946	45 59 63 79 82 85 98 
3947	139 
3948	133 
3949	121 
3950	83 
3951	118 
3952	50 
3953	141 
3954	33 
3955	5 
3956	74 
3957	154 
3958	115 
3959	34 40 88 98 137 148 151 
3960	162 
3961	8 
3962	132 
3963	28 
3964	43 
3965	147 
3966	118 
3967	13 
3968	162 
3969	86 
3970	61 
3971	160 
3972	158 
3973	15 
3974	111 
3975	71 
3976	107 
3977	75 
3978	6 
3979	1 
3980	75 
3981	18 
3982	37 
3983	21 
3984	83 
3985	53 92 98 101 103 104 122 
3986	160 
3987	34 
3988	146 
3989	88 107 115 116 139 148 165 
3990	7 45 47 49 64 112 163 
3991	56 
3992	56 
3993	7 8 38 44 45 82 134 
3994	137 
3995	32 
3996	160 
3997	46 
3998	152 
3999	7 31 61 75 107 127 139 
4000	50 
4001	56 57 62 110 147 150 163 
4002	17 
4003	135 
4004	13 30 39 53 95 117 146 
4005	41 
4006	150 
4007	109 
4008	131 
4009	102 
4010	71 
4011	46 
4012	7 
4013	123 
4014	41 
4015	41 
4016	73 
4017	117 
4018	11 
4019	93 
4020	148 
4021	65 
4022	146 
4023	52 
4024	162 
4025	14 
4026	66 
4027	31 
4028	124 
4029	28 
4030	155 
4031	141 
4032	140 
4033	69 
4034	82 
4035	154 
4036	50 
4037	63 
4038	2 
4039	6 45 57 66 121 141 159 
4040	61 
4041	48 
4042	63 
4043	79 
4044	129 
4045	126 
4046	44 
4047	88 
4048	57 
4049	45 
4050	17 
4051	82 
4052	129 
4053	163 
4054	6 
4055	98 
4056	132 
4057	137 
4058	53 
4059	1 
4060	10 
4061	106 
4062	52 
4063	31 
4064	150 
4065	48 
4066	91 
4067	31 
4068	115 
4069	37 
4070	156 
4071	82 
4072	122 
4073	131 
4074	98 
4075	57 
4076	115 
4077	21 33 38 61 66 131 139 
4078	50 
4079	35 
4080	107 
4081	58 
4082	104 
4083	66 
4084	34 43 49 58 71 80 123 
4085	10 
4086	46 
4087	85 
4088	64 
4089	50 
4090	89 
4091	57 
4092	56 
4093	80 
4094	159 
4095	77 
4096	13 
4097	80 
4098	125 
4099	56 
4100	18 72 79 85 123 124 150 
4101	7 
4102	85 
4103	154 
4104	103 
4105	15 
4106	163 
4107	88 
4108	126 
4109	64 
4110	61 
4111	34 
4112	154 
4113	40 
4114	88 
4115	164 
4116	6 
4117	80 
4118	59 
4119	4 21 46 85 90 127 141 
4120	139 
4121	52 
4122	12 
4123	104 
4124	51 63 69 72 85 146 164 
4125	150 
4126	122 
4127	152 
4128	39 
4129	121 
4130	114 
4131	69 
4132	154 
4133	76 
4134	157 
4135	89 
4136	80 
4137	136 
4138	6 
4139	125 
4140	34 
4141	126 
4142	21 41 52 75 110 133 158 
4143	164 
4144	15 
4145	159 
4146	7 
4147	112 
4148	16 
4149	154 
4150	58 
4151	17 
4152	115 
4153	155 
4154	57 
4155	110 
4156	2 
4157	129 
4158	122 
4159	113 
4160	143 
4161	155 
4162	13 
4163	37 
4164	151 
4165	156 
4166	35 
4167	49 84 121 125 136 142 149 
4168	51 
4169	120 
4170	103 
4171	53 
4172	74 
4173	8 22 121 141 144 149 151 
4174	64 
4175	134 
4176	84 
4177	85 
4178	156 
4179	164 
4180	2 
4181	150 
4182	25 
4183	31 53 55 58 84 111 139 
4184	68 
4185	103 
4186	136 
4187	118 
4188	15 
4189	161 
4190	106 
4191	93 
4192	37 
4193	115 
4194	126 
4195	5 
4196	159 
4197	31 56 60 89 90 107 136 
4198	157 
4199	31 
4200	13 17 32 44 99 140 142 
4201	56 
4202	129 
4203	158 
4204	107 
4205	121 
4206	25 32 90 107 121 137 160 
4207	120 
4208	157 
4209	57 
4210	57 80 85 126 131 140 157 
4211	27 44 60 87 90 115 159 
4212	19 
4213	129 
4214	48 
4215	10 11 77 102 119 144 163 
4216	131 
4217	110 
4218	100 
4219	148 
4220	91 
4221	86 
4222	154 
4223	114 
4224	18 
4225	21 
4226	10 
4227	66 
4228	13 
4229	121 
4230	148 
4231	159 
4232	125 
4233	61 
4234	89 
4235	91 
4236	126 
4237	158 
4238	32 
4239	58 
4240	21 28 54 99 103 129 136 
4241	14 34 64 79 80 123 151 
4242	95 
4243	8 
4244	125 
4245	103 
4246	157 
4247	120 
4248	16 
4249	14 46 48 53 58 88 120 
4250	158 
4251	164 
4252	79 
4253	64 
4254	155 
4255	82 
4256	130 
4257	139 
4258	45 
4259	19 
4260	10 
4261	53 
4262	73 
4263	111 
4264	72 
4265	45 
4266	9 
4267	19 49 90 122 123 149 164 
4268	47 
4269	93 
4270	135 
4271	109 
4272	129 
4273	103 
4274	154 
4275	77 
4276	89 
4277	47 
4278	50 
4279	53 
4280	110 
4281	91 
4282	45 
4283	57 
4284	46 
4285	165 
4286	59 
4287	110 
4288	98 
4289	112 
4290	6 13 16 66 76 80 163 
4291	154 
4292	116 
4293	162 
4294	107 
4295	30 42 49 57 101 143 155 
4296	80 105 120 137 138 144 151 
4297	14 63 68 103 129 130 164 
4298	53 
4299	19 
4300	159 
4301	158 
4302	76 
4303	136 
4304	83 
4305	55 
4306	159 
4307	37 
4308	113 
4309	50 
4310	58 
4311	39 
4312	27 43 45 103 107 114 144 
4313	36 
4314	57 
4315	132 
4316	154 
4317	102 
4318	128 
4319	158 
4320	71 
4321	13 
4322	84 
4323	121 
4324	154 
4325	91 
4326	55 
4327	102 
4328	157 
4329	10 
4330	41 
4331	123 
4332	141 
4333	102 
4334	89 
4335	17 
4336	6 15 23 34 100 154 155 
4337	31 
4338	11 88 112 118 124 142 158 
4339	43 
4340	34 56 76 85 86 91 164 
4341	7 72 76 79 85 104 120 
4342	83 
4343	53 
4344	50 
4345	44 
4346	48 
4347	34 
4348	159 
4349	30 
4350	72 
4351	106 
4352	150 
4353	160 
4354	14 
4355	116 
4356	20 
4357	163 
4358	118 
4359	138 
4360	150 
4361	121 
4362	163 
4363	23 
4364	15 18 32 80 107 129 154 
4365	139 
4366	158 
4367	154 
4368	13 
4369	134 
4370	55 
4371	80 
4372	156 
4373	34 
4374	17 48 52 118 131 137 158 
4375	140 
4376	102 
4377	60 
4378	64 
4379	56 
4380	22 
4381	16 
4382	164 
4383	24 57 60 68 106 124 139 
4384	136 
4385	91 
4386	126 
4387	47 50 55 62 141 146 164 
4388	2 
4389	117 
4390	74 
4391	57 
4392	19 
4393	50 
4394	53 
4395	139 
4396	142 
4397	150 
4398	165 
4399	71 
4400	48 
4401	24 
4402	69 
4403	140 
4404	92 
4405	53 
4406	73 
4407	96 
4408	102 
4409	142 
4410	92 
4411	159 
4412	21 
4413	137 
4414	44 
4415	150 
4416	50 
4417	30 32 73 78 82 88 105 
4418	158 
4419	34 51 72 85 90 122 130 
4420	82 
4421	106 
4422	48 
4423	17 
4424	11 
4425	9 38 57 63 85 90 165 
4426	13 
4427	139 
4428	70 
4429	137 
4430	19 
4431	124 
4432	140 
4433	31 
4434	41 
4435	75 
4436	115 
4437	35 
4438	136 
4439	84 
4440	132 
4441	139 
4442	128 
4443	56 
4444	133 
4445	145 
4446	115 117 140 142 150 153 162 
4447	61 
4448	123 
4449	123 
4450	17 38 45 49 55 75 160 
4451	43 
4452	103 
4453	72 
4454	49 
4455	156 
4456	29 55 56 67 78 112 151 
4457	84 
4458	43 
4459	10 
4460	154 
4461	31 
4462	136 
4463	134 
4464	69 
4465	58 
4466	163 
4467	76 
4468	63 
4469	157 
4470	41 
4471	4 
4472	103 
4473	163 
4474	104 
4475	22 
4476	32 
4477	86 
4478	78 
4479	46 
4480	118 
4481	105 
4482	35 
4483	74 
4484	163 
4485	142 
4486	45 
4487	82 
4488	150 
4489	69 
4490	79 
4491	45 
4492	67 
4493	164 
4494	47 
4495	162 
4496	137 
4497	16 
4498	155 
4499	125 
4500	83 
4501	85 
4502	12 
4503	95 
4504	144 
4505	162 
4506	30 37 41 49 60 107 153 
4507	2 
4508	48 
4509	38 
4510	86 
4511	106 
4512	45 
4513	137 
4514	98 
4515	28 
4516	6 
4517	126 
4518	9 53 56 62 85 126 151 
4519	21 36 43 46 94 142 151 
4520	85 
4521	9 
4522	46 
4523	3 14 56 63 89 90 159 
4524	14 
4525	59 
4526	14 
4527	146 
4528	88 
4529	12 38 46 56 57 104 133 
4530	128 
4531	105 
4532	79 
4533	41 
4534	46 
4535	39 79 85 93 116 131 135 
4536	13 
4537	139 
4538	161 
4539	110 
4540	162 
4541	15 
4542	34 
4543	85 
4544	122 
4545	72 
4546	9 
4547	139 
4548	115 
4549	14 62 67 89 98 112 146 
4550	34 
4551	38 
4552	14 
4553	19 38 46 55 105 137 140 
4554	8 21 46 59 139 146 159 
4555	113 
4556	31 44 55 103 118 127 162 
4557	22 
4558	54 
4559	126 
4560	123 
4561	66 
4562	13 14 30 74 106 146 154 
4563	81 
4564	16 35 40 118 134 142 158 
4565	145 
4566	84 97 109 124 140 142 154 
4567	42 
4568	143 
4569	7 13 38 71 82 117 132 
4570	155 
4571	135 
4572	92 
4573	149 
4574	155 
4575	80 
4576	66 
4577	99 
4578	118 
4579	72 
4580	41 56 60 82 86 129 138 
4581	154 
4582	114 
4583	93 
4584	145 
4585	139 
4586	62 
4587	67 
4588	57 69 75 109 128 136 155 
4589	92 
4590	30 
4591	118 
4592	129 
4593	146 
4594	14 45 72 75 100 110 163 
4595	75 
4596	157 
4597	30 
4598	112 
4599	83 
4600	86 
4601	22 
4602	120 
4603	45 
4604	43 
4605	59 
4606	42 
4607	22 30 90 121 150 156 163 
4608	16 
4609	41 43 80 92 101 141 160 
4610	139 
4611	14 
4612	30 
4613	54 
4614	140 
4615	159 
4616	134 
4617	121 
4618	87 
4619	107 
4620	75 
4621	13 
4622	129 
4623	14 
4624	50 
4625	34 
4626	81 
4627	106 
4628	149 
4629	142 
4630	2 56 58 71 118 155 156 
4631	91 
4632	134 
4633	29 
4634	50 
4635	156 
4636	76 
4637	139 
4638	110 
4639	32 
4640	46 
4641	34 
4642	31 
4643	60 
4644	71 
4645	52 
4646	26 
4647	80 
4648	21 
4649	137 
4650	140 
4651	154 
4652	72 
4653	60 
4654	131 
4655	147 
4656	81 
4657	61 69 85 104 134 143 159 
4658	14 
4659	95 
4660	59 
4661	4 
4662	119 
4663	21 
4664	34 
4665	55 
4666	142 
4667	12 
4668	31 
4669	41 
4670	14 
4671	61 
4672	7 10 16 53 54 90 159 
4673	39 
4674	153 
4675	13 44 71 97 107 110 162 
4676	157 
4677	118 
4678	31 
4679	54 
4680	33 
4681	127 
4682	46 
4683	91 
4684	72 
4685	43 
4686	49 
4687	33 
4688	34 
4689	47 
4690	62 
4691	34 
4692	151 
4693	21 
4694	80 
4695	7 
4696	129 
4697	148 
4698	160 
4699	19 
4700	160 
4701	5 25 55 78 99 110 116 
4702	13 
4703	63 
4704	147 
4705	8 46 107 115 145 154 158 
4706	115 
4707	129 
4708	60 
4709	53 
4710	17 
4711	38 
4712	92 
4713	30 
4714	46 
4715	13 
4716	138 
4717	41 49 69 103 110 139 141 
4718	31 32 55 69 75 108 131 
4719	26 30 45 105 107 131 139 
4720	30 38 41 44 85 92 160 
4721	2 
4722	141 
4723	138 
4724	164 
4725	135 
4726	142 
4727	50 
4728	113 
4729	45 
4730	15 45 56 66 70 100 123 
4731	92 
4732	50 53 56 79 87 139 158 
4733	95 
4734	63 
4735	2 
4736	162 
4737	144 
4738	151 
4739	1 
4740	21 
4741	19 
4742	125 
4743	63 
4744	22 
4745	142 
4746	160 
4747	1 
4748	21 
4749	53 
4750	160 
4751	151 
4752	102 
4753	125 
4754	56 
4755	121 
4756	44 
4757	90 
4758	84 
4759	26 41 50 66 80 85 117 
4760	120 
4761	15 28 51 61 131 136 162 
4762	163 
4763	108 
4764	32 
4765	3 
4766	69 
4767	68 
4768	54 
4769	66 
4770	162 
4771	46 56 57 84 90 116 131 
4772	21 
4773	110 
4774	152 
4775	156 
4776	28 
4777	121 
4778	82 
4779	4 
4780	112 
4781	136 
4782	142 
4783	93 
4784	164 
4785	71 
4786	118 
4787	1 
4788	127 
4789	46 
4790	137 
4791	84 
4792	106 
4793	144 
4794	15 71 85 124 154 155 160 
4795	121 
4796	42 43 66 95 126 127 142 
4797	125 
4798	152 
4799	109 
4800	103 
4801	83 
4802	136 
4803	28 66 141 146 147 153 158 
4804	21 
4805	13 42 85 90 123 129 153 
4806	121 
4807	31 
4808	74 
4809	102 
4810	44 
4811	139 
4812	105 
4813	118 
4814	69 
4815	45 
4816	129 
4817	13 21 45 77 117 123 151 
4818	118 
4819	3 11 53 58 59 99 121 
4820	57 
4821	93 
4822	78 
4823	157 
4824	55 
4825	101 
4826	139 
4827	129 
4828	85 
4829	86 
4830	75 
4831	16 75 86 138 157 161 163 
4832	108 
4833	72 
4834	6 
4835	33 
4836	115 
4837	17 
4838	69 
4839	6 44 53 55 72 79 80 
4840	91 
4841	34 
4842	75 
4843	142 
4844	118 
4845	64 
4846	142 
4847	47 
4848	89 
4849	14 
4850	56 
4851	53 
4852	136 
4853	71 
4854	15 28 80 81 106 122 144 
4855	102 
4856	118 
4857	38 
4858	50 
4859	84 
4860	80 
4861	83 
4862	129 
4863	108 
4864	83 
4865	105 
4866	1 
4867	66 
4868	116 
4869	50 
4870	41 84 110 115 122 123 146 
4871	132 
4872	89 
4873	30 
4874	107 
4875	160 
4876	3 
4877	61 
4878	107 
4879	55 
4880	118 
4881	103 
4882	15 
4883	110 
4884	138 
4885	43 64 68 74 80 130 164 
4886	121 
4887	88 
4888	131 
4889	67 
4890	3 8 59 61 78 151 164 
4891	85 
4892	3 
4893	53 
4894	150 
4895	41 
4896	53 
4897	8 
4898	163 
4899	41 
4900	30 
4901	90 
4902	139 
4903	35 
4904	83 
4905	82 
4906	162 
4907	41 
4908	110 
4909	158 
4910	56 
4911	7 
4912	11 89 90 102 107 139 140 
4913	45 
4914	112 
4915	28 30 39 43 44 55 112 
4916	53 
4917	74 
4918	98 
4919	7 
4920	163 
4921	90 
4922	38 
4923	59 
4924	158 
4925	21 
4926	151 
4927	30 
4928	69 
4929	76 
4930	80 
4931	38 
4932	156 
4933	116 
4934	83 
4935	129 
4936	158 
4937	150 
4938	21 
4939	31 
4940	31 
4941	116 
4942	46 
4943	47 
4944	131 
4945	158 
4946	141 
4947	16 18 69 85 93 142 162 
4948	138 
4949	149 
4950	129 
4951	38 
4952	64 
4953	14 
4954	50 
4955	158 
4956	142 
4957	47 
4958	12 16 72 73 114 141 159 
4959	142 
4960	64 
4961	67 
4962	64 
4963	112 
4964	137 
4965	35 53 56 83 84 98 139 
4966	158 
4967	122 
4968	115 
4969	136 
4970	69 
4971	41 
4972	44 
4973	98 
4974	90 
4975	15 
4976	72 
4977	5 10 41 60 92 114 154 
4978	30 
4979	85 
4980	123 
4981	116 
4982	140 
4983	58 
4984	32 
4985	17 24 26 55 80 85 122 
4986	126 
4987	107 
4988	85 
4989	90 
4990	80 
4991	21 
4992	38 71 84 97 136 147 149 
4993	55 
4994	64 
4995	31 
4996	84 
4997	58 
4998	79 
4999	7 
5000	17 33 45 56 83 101 159 
