1000
5022
1	613
1	849
1	893
1	984
2	242
2	393
2	722
2	984
3	574
3	822
3	909
3	996
4	362
4	458
4	886
4	977
5	562
5	639
5	646
5	990
6	631
6	766
6	900
6	901
7	444
7	733
7	866
7	990
8	587
8	636
8	836
8	986
9	609
9	839
9	854
9	914
10	579
10	984
10	985
10	987
11	116
11	399
11	826
11	850
12	311
12	562
12	646
12	990
13	698
13	703
13	716
13	717
14	885
14	926
14	939
14	949
15	880
15	944
15	978
15	987
16	78
16	807
16	942
16	972
17	519
17	685
17	692
17	827
18	229
18	408
18	756
18	890
19	715
19	889
19	925
19	995
20	954
20	983
20	991
20	997
21	954
21	983
21	988
21	991
22	940
22	948
22	951
22	957
23	672
23	958
23	970
23	986
24	422
24	787
24	907
24	930
25	834
25	922
25	992
25	996
26	85
26	906
26	914
26	960
27	837
27	970
27	982
27	986
28	612
28	888
28	906
28	960
29	244
29	697
29	835
29	852
30	418
30	524
30	606
30	984
31	242
31	414
31	460
31	843
32	915
32	954
32	983
32	988
33	685
33	692
33	927
33	957
34	547
34	708
34	830
34	839
35	604
35	666
35	716
35	717
36	887
36	898
36	952
36	958
37	609
37	778
37	801
37	839
38	798
38	889
38	893
38	995
39	676
39	934
39	938
39	994
40	409
40	474
40	896
40	931
41	220
41	293
41	699
41	849
42	156
42	862
42	943
42	949
43	602
43	971
43	975
43	987
44	607
44	975
44	985
44	987
45	414
45	697
45	847
45	921
46	940
46	948
46	951
46	957
47	311
47	562
47	646
47	990
48	201
48	831
48	845
48	994
49	502
49	589
49	952
49	958
50	962
50	970
50	979
50	992
51	963
51	965
51	981
51	999
52	765
52	812
52	967
52	973
53	833
53	971
53	976
53	1000
54	975
54	984
54	985
54	987
55	310
55	543
55	710
55	849
56	66
56	801
56	914
56	935
57	871
57	929
57	968
57	980
58	814
58	871
58	968
58	980
59	622
59	700
59	874
59	917
60	810
60	983
60	988
60	991
61	940
61	948
61	951
61	957
62	578
62	898
62	958
62	962
63	670
63	835
63	876
63	882
64	636
64	859
64	942
64	972
65	207
65	817
65	922
65	992
66	56
66	247
66	830
66	914
67	201
67	748
67	938
67	994
68	917
68	925
68	926
68	983
69	884
69	895
69	972
69	973
70	550
70	934
70	938
70	994
71	135
71	823
71	854
71	935
72	131
72	402
72	442
72	849
73	941
73	945
73	965
73	999
74	975
74	984
74	985
74	987
75	885
75	943
75	949
75	953
76	947
76	970
76	979
76	982
77	265
77	569
77	853
77	974
78	16
78	965
78	981
78	999
79	713
79	820
79	959
79	978
80	640
80	943
80	949
80	953
81	663
81	865
81	922
81	985
82	851
82	872
82	883
83	253
83	904
83	977
83	992
84	895
84	947
84	970
84	986
85	26
85	782
85	844
85	960
86	870
86	888
86	921
86	990
87	938
87	992
87	994
87	997
88	167
88	724
88	856
88	917
89	313
89	392
89	405
89	588
90	917
90	966
90	978
90	994
91	458
91	923
91	990
91	1000
92	667
92	721
92	746
92	993
93	427
93	835
93	853
93	974
94	400
94	460
94	722
94	843
95	862
95	885
95	943
95	953
96	823
96	854
96	860
96	914
97	908
97	979
97	982
97	986
98	710
98	956
98	994
98	997
99	829
99	850
99	857
99	997
100	148
100	448
100	517
100	743
101	593
101	934
101	992
101	994
102	845
102	864
102	885
102	994
103	947
103	979
103	981
103	982
104	532
104	766
104	900
104	901
105	631
105	766
105	900
105	901
106	384
106	841
106	865
106	922
107	397
107	727
107	976
107	1000
108	263
108	823
108	854
108	935
109	782
109	813
109	906
109	960
110	466
110	819
110	992
111	208
111	719
111	803
111	863
112	402
112	490
112	718
112	962
113	468
113	835
113	910
113	911
114	355
114	586
114	926
114	953
115	499
115	575
115	665
115	725
116	11
116	431
116	826
116	829
117	704
117	803
117	863
117	937
118	635
118	939
118	959
118	978
119	293
119	710
119	849
119	877
120	652
120	911
120	930
120	984
121	496
121	900
121	901
122	928
122	939
122	959
122	978
123	619
123	984
123	985
123	987
124	574
124	948
124	949
124	972
125	775
125	778
125	914
125	935
126	965
126	969
126	981
126	999
127	523
127	642
127	722
127	843
128	858
128	964
128	968
128	980
129	675
129	798
129	889
129	893
130	366
130	936
130	959
130	978
131	72
131	737
131	812
131	832
132	577
132	938
132	994
132	997
133	706
133	964
133	968
133	980
134	842
134	856
134	917
134	935
135	71
135	589
135	800
135	952
136	947
136	979
136	982
136	986
137	970
137	979
137	982
137	986
138	478
138	908
138	979
138	982
139	695
139	700
139	874
139	932
140	823
140	901
140	973
140	999
141	385
141	759
141	900
141	901
142	242
142	519
142	752
142	843
143	732
143	880
143	921
143	923
144	323
144	476
144	856
144	917
145	858
145	870
145	968
145	980
146	563
146	864
146	890
146	960
147	403
147	846
147	876
147	882
148	100
148	587
148	736
148	743
149	707
149	800
149	808
149	916
150	654
150	685
150	973
150	977
151	979
151	982
151	984
151	993
152	910
152	988
152	991
152	1000
153	808
153	984
153	985
153	989
154	595
154	629
154	840
154	922
155	526
155	706
155	736
155	743
156	42
156	518
156	640
156	953
157	304
157	904
157	919
157	977
158	940
158	948
158	957
158	996
159	237
159	924
159	926
159	949
160	842
160	856
160	917
160	966
161	813
161	890
161	953
161	960
162	599
162	854
162	863
162	937
163	614
163	809
163	819
163	992
164	817
164	834
164	865
164	922
165	688
165	809
165	819
165	992
166	963
166	969
166	981
166	999
167	88
167	754
167	842
167	917
168	875
168	877
168	938
168	994
169	423
169	832
169	875
169	883
170	742
170	918
170	959
170	978
171	577
171	735
171	842
171	917
172	552
172	838
172	866
172	990
173	931
173	983
173	988
173	991
174	286
174	450
174	823
174	854
175	651
175	772
175	794
175	998
176	408
176	887
176	952
176	958
177	965
177	969
177	981
177	999
178	725
178	809
178	819
178	992
179	518
179	862
179	953
179	989
180	550
180	748
180	875
180	994
181	862
181	943
181	949
181	953
182	940
182	948
182	951
182	957
183	818
183	918
183	959
183	978
184	392
184	551
184	762
184	894
185	532
185	759
185	900
185	901
186	634
186	800
186	808
186	811
187	629
187	797
187	949
187	981
188	971
188	976
188	987
188	1000
189	834
189	926
189	949
189	953
190	878
190	941
190	981
190	999
191	555
191	640
191	943
191	949
192	844
192	864
192	888
192	960
193	963
193	969
193	981
193	999
194	274
194	824
194	876
194	882
195	965
195	969
195	981
195	999
196	432
196	736
196	743
196	922
197	546
197	741
197	832
197	989
198	487
198	889
198	893
198	995
199	805
199	970
199	979
199	986
200	210
200	517
200	736
200	874
201	48
201	67
201	410
201	877
202	814
202	904
202	919
202	977
203	323
203	763
203	988
203	991
204	961
204	973
204	976
204	1000
205	963
205	971
205	981
205	999
206	684
206	874
206	907
206	972
207	65
207	542
207	634
207	896
208	111
208	863
208	943
208	999
209	644
209	672
209	822
209	848
210	200
210	899
210	944
210	972
211	940
211	948
211	951
211	957
212	327
212	392
212	653
212	762
213	601
213	922
213	964
213	980
214	725
214	809
214	819
214	992
215	672
215	909
215	929
215	996
216	305
216	492
216	968
216	980
217	562
217	646
217	933
217	990
218	714
218	945
218	964
218	980
219	247
219	800
219	808
219	916
220	41
220	442
220	699
220	849
221	849
221	984
221	985
221	987
222	701
222	772
222	794
222	998
223	521
223	907
223	911
223	930
224	654
224	692
224	784
224	927
225	401
225	913
225	942
225	978
226	498
226	656
226	700
226	874
227	329
227	884
227	921
227	923
228	877
228	924
228	992
228	994
229	18
229	289
229	602
229	952
230	416
230	524
230	534
230	682
230	930
231	858
231	904
231	919
231	977
231	993
232	541
232	765
232	774
232	967
232	973
233	604
233	698
233	703
233	716
233	884
234	571
234	679
234	764
234	781
234	993
235	447
235	621
235	776
235	967
235	973
236	758
236	825
236	870
236	921
236	981
237	159
237	386
237	831
237	934
237	994
238	729
238	885
238	926
238	943
238	953
239	519
239	591
239	639
239	853
239	960
240	303
240	460
240	601
240	637
240	642
241	899
241	913
241	942
241	944
241	972
242	2
242	31
242	142
242	523
242	722
243	758
243	880
243	884
243	921
243	923
244	29
244	604
244	697
244	882
244	993
245	869
245	905
245	951
245	976
245	1000
246	499
246	545
246	575
246	585
246	868
247	66
247	219
247	457
247	839
247	935
248	257
248	759
248	805
248	900
248	901
249	750
249	838
249	866
249	879
249	990
250	495
250	675
250	798
250	889
250	893
251	593
251	627
251	934
251	938
251	994
252	404
252	440
252	723
252	935
252	967
253	83
253	443
253	835
253	863
253	912
254	358
254	724
254	988
254	991
254	999
255	658
255	975
255	984
255	985
255	987
256	834
256	841
256	865
256	922
256	996
257	248
257	759
257	766
257	900
257	901
258	664
258	901
258	976
258	996
258	1000
259	384
259	423
259	724
259	826
259	997
260	648
260	757
260	769
260	911
260	930
261	778
261	801
261	830
261	914
261	935
262	835
262	970
262	982
262	986
262	995
263	108
263	823
263	830
263	897
263	935
264	447
264	799
264	901
264	924
264	967
265	77
265	294
265	477
265	664
265	853
266	813
266	844
266	890
266	906
266	960
267	634
267	707
267	745
267	808
267	916
268	818
268	936
268	939
268	959
268	978
269	750
269	838
269	866
269	972
269	990
270	793
270	808
270	885
270	943
270	953
271	654
271	759
271	766
271	900
271	901
272	609
272	844
272	867
272	890
272	907
273	538
273	806
273	936
273	970
273	978
274	194
274	735
274	835
274	876
274	993
275	633
275	814
275	886
275	966
275	977
276	941
276	963
276	969
276	981
276	999
277	920
277	940
277	948
277	951
277	957
278	498
278	632
278	656
278	874
278	890
279	676
279	753
279	862
279	903
279	1000
280	281
280	644
280	822
280	848
280	996
281	280
281	703
281	848
281	909
281	929
282	300
282	674
282	812
282	832
282	989
283	420
283	754
283	856
283	917
283	966
284	869
284	963
284	971
284	976
284	1000
285	616
285	660
285	983
285	988
285	991
286	174
286	507
286	794
286	998
286	999
287	407
287	560
287	565
287	967
287	973
288	342
288	560
288	856
288	917
288	966
289	229
289	404
289	549
289	891
289	952
290	599
290	704
290	719
290	838
290	863
291	380
291	728
291	887
291	952
291	958
292	376
292	768
292	824
292	876
292	982
293	41
293	119
293	699
293	710
293	849
294	265
294	569
294	738
294	853
294	974
295	419
295	791
295	865
295	922
295	992
296	493
296	862
296	926
296	943
296	989
297	567
297	680
297	936
297	959
297	978
298	330
298	486
298	524
298	534
298	682
299	428
299	549
299	704
299	803
299	863
300	282
300	812
300	832
300	974
300	989
301	618
301	772
301	794
301	941
301	998
302	523
302	762
302	843
302	944
302	1000
303	240
303	637
303	642
303	722
303	843
304	157
304	814
304	886
304	919
304	977
305	216
305	894
305	905
305	964
305	980
306	426
306	539
306	799
306	967
306	973
307	885
307	924
307	926
307	953
307	989
308	319
308	461
308	704
308	803
308	863
309	616
309	737
309	741
309	812
309	989
310	55
310	543
310	699
310	849
310	920
311	12
311	47
311	562
311	646
311	990
312	464
312	502
312	612
312	891
312	898
313	89
313	551
313	588
313	762
313	938
314	696
314	737
314	812
314	832
314	989
315	558
315	975
315	984
315	985
315	987
316	651
316	772
316	794
316	831
316	998
317	543
317	665
317	699
317	718
317	849
318	753
318	777
318	833
318	961
318	1000
319	308
319	913
319	942
319	944
319	972
320	666
320	698
320	703
320	716
320	717
321	693
321	859
321	899
321	942
321	944
322	616
322	674
322	741
322	812
322	832
323	144
323	203
323	577
323	754
323	917
324	778
324	784
324	801
324	914
324	935
325	895
325	918
325	939
325	972
325	977
326	367
326	975
326	984
326	985
326	987
327	212
327	653
327	762
327	893
327	894
328	503
328	661
328	738
328	821
328	853
329	227
329	838
329	866
329	977
329	992
330	298
330	399
330	534
330	682
330	797
331	683
331	855
331	979
331	982
331	986
332	644
332	822
332	848
332	909
332	996
333	475
333	818
333	828
333	978
333	980
333	990
334	807
334	848
334	913
334	944
334	972
335	955
335	975
335	984
335	985
335	987
336	539
336	776
336	924
336	967
336	973
337	674
337	737
337	741
337	832
337	989
338	508
338	963
338	965
338	981
338	999
339	732
339	870
339	880
339	884
339	923
340	611
340	865
340	890
340	906
340	960
341	954
341	983
341	988
341	991
341	997
342	288
342	842
342	856
342	917
342	925
343	765
343	830
343	929
343	967
343	973
344	672
344	767
344	822
344	848
344	996
345	494
345	676
345	971
345	976
345	1000
346	929
346	954
346	983
346	988
346	991
347	427
347	636
347	661
347	738
347	961
348	731
348	905
348	961
348	986
348	1000
349	794
349	967
349	988
349	991
349	998
350	500
350	815
350	838
350	866
350	990
351	371
351	522
351	545
351	585
351	665
352	881
352	931
352	983
352	988
352	991
353	777
353	961
353	971
353	976
353	1000
354	497
354	844
354	864
354	906
354	907
355	114
355	943
355	949
355	953
355	989
356	715
356	889
356	893
356	959
356	995
357	607
357	709
357	760
357	909
357	996
358	254
358	512
358	773
358	829
358	997
359	963
359	965
359	969
359	981
359	999
360	669
360	805
360	908
360	935
360	986
361	422
361	867
361	907
361	911
361	930
362	4
362	690
362	896
362	919
362	977
363	705
363	858
363	871
363	968
363	980
364	618
364	866
364	942
364	972
364	997
365	931
365	954
365	983
365	988
365	991
366	130
366	806
366	939
366	959
366	978
367	326
367	607
367	760
367	822
367	909
368	786
368	842
368	904
368	919
368	977
369	920
369	940
369	948
369	951
369	957
370	569
370	780
370	787
370	867
370	930
371	351
371	522
371	575
371	585
371	665
372	955
372	975
372	984
372	985
372	987
373	852
373	915
373	983
373	988
373	991
374	516
374	673
374	934
374	974
374	994
375	791
375	975
375	984
375	985
375	987
376	292
376	421
376	746
376	876
376	993
377	752
377	975
377	984
377	985
377	987
378	788
378	862
378	885
378	943
378	949
379	650
379	775
379	964
379	968
379	980
380	291
380	762
380	857
380	894
380	952
381	655
381	679
381	764
381	781
381	993
382	487
382	854
382	889
382	893
382	995
383	537
383	595
383	691
383	791
383	865
383	922
384	106
384	259
384	811
384	817
384	992
384	996
385	141
385	631
385	766
385	871
385	900
385	901
386	237
386	793
386	831
386	934
386	974
386	994
387	638
387	947
387	979
387	982
387	986
387	995
388	859
388	899
388	913
388	942
388	944
388	972
389	852
389	954
389	983
389	988
389	991
389	997
390	728
390	770
390	962
390	979
390	982
390	986
391	724
391	773
391	850
391	857
391	914
391	997
392	89
392	184
392	212
392	459
392	588
392	762
393	2
393	414
393	637
393	722
393	752
393	843
394	480
394	675
394	798
394	889
394	893
394	995
395	891
395	927
395	952
395	958
395	962
395	966
396	461
396	863
396	872
396	883
396	976
396	1000
397	107
397	807
397	895
397	942
397	944
397	972
398	618
398	646
398	651
398	772
398	794
398	998
399	11
399	330
399	551
399	588
399	682
399	960
400	94
400	474
400	637
400	752
400	774
400	843
401	225
401	542
401	707
401	808
401	916
401	989
402	72
402	112
402	442
402	543
402	710
402	849
403	147
403	443
403	753
403	882
403	912
403	993
404	252
404	289
404	887
404	898
404	958
404	962
405	89
405	628
405	688
405	809
405	819
405	992
406	727
406	749
406	833
406	939
406	971
406	1000
407	287
407	799
407	912
407	925
407	967
407	973
408	18
408	176
408	451
408	744
408	898
408	952
409	40
409	790
409	795
409	851
409	872
409	883
410	201
410	831
410	875
410	925
410	956
410	994
411	715
411	755
411	798
411	889
411	893
411	995
412	941
412	963
412	965
412	969
412	981
412	999
413	510
413	655
413	679
413	764
413	781
413	993
414	31
414	45
414	393
414	637
414	752
414	843
415	828
415	859
415	895
415	942
415	944
415	972
416	230
416	486
416	524
416	682
416	745
416	797
417	941
417	963
417	965
417	969
417	998
417	999
418	30
418	623
418	749
418	903
418	976
418	1000
419	295
419	595
419	834
419	841
419	901
419	922
420	283
420	754
420	842
420	874
420	917
420	925
421	376
421	746
421	876
421	882
421	956
421	993
422	24
422	361
422	561
422	757
422	867
422	930
423	169
423	259
423	773
423	826
423	850
423	857
424	571
424	655
424	679
424	764
424	781
424	993
425	583
425	624
425	714
425	858
425	861
425	964
426	306
426	900
426	985
426	987
426	988
426	991
427	93
427	347
427	477
427	650
427	738
427	853
428	299
428	719
428	784
428	858
428	935
428	980
429	576
429	757
429	867
429	907
429	930
429	965
430	807
430	895
430	899
430	913
430	944
430	972
431	116
431	535
431	773
431	826
431	857
431	997
432	196
432	526
432	528
432	587
432	736
432	743
433	918
433	928
433	936
433	940
433	959
433	978
434	721
434	963
434	965
434	969
434	981
434	999
435	846
435	878
435	947
435	979
435	982
435	986
436	619
436	826
436	850
436	857
436	970
436	997
437	481
437	612
437	782
437	864
437	906
437	960
438	463
438	757
438	797
438	907
438	911
438	930
439	811
439	892
439	920
439	948
439	951
439	957
440	252
440	484
440	886
440	904
440	919
440	977
441	686
441	821
441	877
441	934
441	938
441	994
442	72
442	220
442	402
442	699
442	710
442	849
443	253
443	403
443	768
443	835
443	882
443	916
444	7
444	500
444	514
444	750
444	838
444	990
445	888
445	906
445	954
445	958
445	977
445	991
446	567
446	786
446	814
446	886
446	977
446	993
447	235
447	264
447	799
447	912
447	967
447	973
448	100
448	517
448	526
448	587
448	736
448	743
449	502
449	527
449	723
449	898
449	927
449	952
450	174
450	784
450	839
450	914
450	935
450	988
451	408
451	600
451	744
451	756
451	952
451	958
452	923
452	944
452	968
452	972
452	976
452	1000
453	892
453	920
453	940
453	948
453	951
453	957
454	500
454	750
454	838
454	866
454	879
454	990
455	622
455	785
455	874
455	883
455	946
455	977
456	758
456	825
456	845
456	884
456	921
456	923
457	247
457	547
457	548
457	860
457	864
457	935
458	4
458	91
458	785
458	886
458	904
458	977
459	392
459	565
459	576
459	740
459	762
459	891
460	31
460	94
460	240
460	752
460	843
460	876
461	308
461	396
461	719
461	803
461	863
461	936
462	513
462	874
462	909
462	942
462	972
462	979
463	438
463	515
463	769
463	907
463	911
463	930
464	312
464	836
464	891
464	952
464	956
464	958
465	608
465	774
465	799
465	967
465	970
465	973
466	110
466	892
466	920
466	948
466	951
466	957
467	530
467	751
467	795
467	851
467	872
467	883
468	113
468	642
468	823
468	830
468	951
468	957
469	777
469	887
469	903
469	971
469	976
469	1000
470	613
470	633
470	904
470	919
470	977
470	993
471	808
471	888
471	896
471	904
471	967
471	973
472	696
472	744
472	887
472	891
472	956
472	958
473	844
473	853
473	934
473	960
473	974
473	994
474	40
474	400
474	523
474	722
474	752
474	999
475	333
475	532
475	631
475	759
475	900
475	901
476	144
476	577
476	735
476	842
476	856
476	925
477	265
477	427
477	650
477	718
477	853
477	954
478	138
478	599
478	719
478	803
478	863
478	937
479	513
479	644
479	760
479	897
479	909
479	996
480	394
480	769
480	798
480	889
480	893
480	995
481	437
481	813
481	888
481	906
481	916
481	960
482	783
482	821
482	938
482	972
482	974
482	997
483	639
483	654
483	685
483	692
483	846
483	927
484	440
484	785
484	886
484	919
484	977
484	993
485	690
485	783
485	786
485	886
485	977
485	996
486	298
486	416
486	524
486	682
486	745
486	824
487	198
487	382
487	715
487	889
487	893
487	925
487	952
488	686
488	787
488	899
488	913
488	942
488	944
488	972
489	623
489	628
489	688
489	725
489	809
489	819
489	992
490	112
490	833
490	905
490	961
490	971
490	976
490	1000
491	540
491	670
491	746
491	824
491	866
491	882
491	993
492	216
492	910
492	931
492	954
492	983
492	988
492	991
493	296
493	518
493	891
493	926
493	943
493	949
493	953
494	345
494	553
494	924
494	961
494	971
494	976
494	1000
495	250
495	675
495	715
495	798
495	889
495	893
495	995
496	121
496	547
496	548
496	830
496	860
496	914
496	935
497	354
497	864
497	888
497	906
497	960
497	972
497	974
498	226
498	278
498	505
498	622
498	656
498	695
498	874
499	115
499	246
499	522
499	545
499	575
499	665
499	995
500	350
500	444
500	454
500	556
500	838
500	866
500	984
501	910
501	915
501	925
501	954
501	966
501	988
501	991
502	49
502	312
502	449
502	756
502	887
502	952
502	958
503	328
503	650
503	661
503	718
503	853
503	920
503	974
504	695
504	856
504	874
504	925
504	966
504	969
504	999
505	498
505	578
505	783
505	874
505	898
505	981
505	999
506	660
506	915
506	931
506	954
506	983
506	988
506	991
507	286
507	529
507	820
507	840
507	928
507	939
507	978
508	338
508	709
508	899
508	913
508	942
508	944
508	972
509	726
509	751
509	790
509	795
509	851
509	872
509	883
510	413
510	616
510	741
510	772
510	812
510	832
510	989
511	547
511	627
511	839
511	854
511	860
511	914
511	935
512	358
512	652
512	787
512	850
512	869
512	961
512	1000
513	462
513	479
513	677
513	760
513	791
513	822
513	959
514	444
514	552
514	556
514	826
514	838
514	866
514	990
515	463
515	757
515	787
515	873
515	907
515	911
515	930
516	374
516	627
516	747
516	748
516	845
516	934
516	994
517	100
517	200
517	448
517	526
517	587
517	736
517	743
518	156
518	179
518	493
518	582
518	947
518	949
518	953
519	17
519	142
519	239
519	639
519	654
519	692
519	927
520	784
520	837
520	878
520	908
520	970
520	982
520	986
521	223
521	624
521	649
521	828
521	871
521	968
521	980
522	351
522	371
522	499
522	545
522	575
522	585
522	665
523	127
523	242
523	302
523	474
523	637
523	752
523	843
524	30
524	230
524	298
524	416
524	486
524	534
524	754
525	672
525	820
525	822
525	848
525	928
525	967
525	973
526	155
526	432
526	448
526	517
526	587
526	736
526	743
527	449
527	771
527	881
527	954
527	983
527	988
527	991
528	432
528	604
528	666
528	698
528	703
528	716
528	717
529	507
529	918
529	928
529	936
529	939
529	959
529	978
530	467
530	881
530	915
530	931
530	983
530	988
530	991
531	950
531	952
531	955
531	975
531	984
531	985
531	987
532	104
532	185
532	475
532	759
532	766
532	900
532	901
533	617
533	780
533	851
533	873
533	879
533	911
533	930
534	230
534	298
534	330
534	524
534	682
534	745
534	797
535	431
535	724
535	728
535	829
535	850
535	857
535	997
536	836
536	885
536	908
536	970
536	979
536	982
536	986
537	383
537	613
537	814
537	886
537	904
537	919
537	977
538	273
538	816
538	820
538	928
538	936
538	959
538	978
539	306
539	336
539	608
539	706
539	774
539	967
539	973
540	491
540	739
540	768
540	846
540	876
540	912
540	993
541	232
541	560
541	799
541	906
541	927
541	967
541	973
542	207
542	401
542	634
542	707
542	792
542	800
542	808
543	55
543	310
543	317
543	402
543	699
543	710
543	849
544	584
544	768
544	773
544	826
544	829
544	850
544	857
545	246
545	351
545	499
545	522
545	575
545	585
545	665
546	197
546	714
546	775
546	847
546	964
546	968
546	980
547	34
547	457
547	496
547	511
547	784
547	860
547	935
548	457
548	496
548	829
548	830
548	854
548	860
548	914
549	289
549	299
549	670
549	844
549	863
549	916
549	960
550	70
550	180
550	831
550	883
550	938
550	956
550	994
551	184
551	313
551	399
551	588
551	653
551	762
551	894
552	172
552	514
552	750
552	763
552	838
552	866
552	990
553	494
553	941
553	963
553	965
553	969
553	981
553	999
554	600
554	696
554	723
554	756
554	887
554	958
554	995
555	191
555	787
555	862
555	943
555	949
555	953
555	989
556	500
556	514
556	750
556	838
556	866
556	948
556	990
557	684
557	712
557	713
557	825
557	870
557	880
557	921
558	315
558	941
558	963
558	965
558	969
558	981
558	999
559	713
559	825
559	870
559	880
559	884
559	921
559	923
560	287
560	288
560	541
560	621
560	774
560	927
560	967
560	973
561	422
561	648
561	652
561	769
561	780
561	867
561	911
561	930
562	5
562	12
562	47
562	217
562	311
562	646
562	984
562	990
563	146
563	662
563	718
563	844
563	888
563	890
563	906
563	960
564	596
564	756
564	887
564	891
564	898
564	952
564	956
564	962
565	287
565	459
565	621
565	776
565	924
565	929
565	967
565	973
566	580
566	813
566	844
566	864
566	888
566	890
566	906
566	960
567	297
567	446
567	837
567	936
567	959
567	977
567	992
567	996
568	714
568	775
568	828
568	847
568	964
568	968
568	980
568	999
569	77
569	294
569	370
569	636
569	661
569	718
569	853
569	974
570	722
570	852
570	910
570	931
570	954
570	983
570	988
570	991
571	234
571	424
571	655
571	679
571	764
571	781
571	993
572	649
572	711
572	775
572	828
572	871
572	964
572	968
572	980
573	844
573	946
573	950
573	955
573	975
573	984
573	985
573	987
574	3
574	124
574	607
574	672
574	909
574	929
574	931
574	996
575	115
575	246
575	371
575	499
575	522
575	545
575	665
575	955
576	429
576	459
576	780
576	787
576	867
576	907
576	911
576	930
577	132
577	171
577	323
577	476
577	600
577	754
577	842
577	856
578	62
578	505
578	602
578	740
578	744
578	887
578	952
578	958
579	10
579	618
579	651
579	772
579	794
579	998
580	566
580	668
580	751
580	790
580	795
580	851
580	872
580	883
581	583
581	705
581	847
581	858
581	916
581	964
581	968
581	980
582	518
582	729
582	730
582	781
582	926
582	943
582	949
582	953
583	425
583	581
583	828
583	830
583	929
583	964
583	968
583	980
584	544
584	619
584	734
584	769
584	773
584	826
584	829
584	850
585	246
585	351
585	371
585	522
585	545
585	665
585	668
585	917
586	114
586	729
586	793
586	862
586	926
586	943
586	949
586	953
587	8
587	148
587	432
587	448
587	517
587	526
587	736
587	743
588	89
588	313
588	392
588	399
588	551
588	762
588	883
588	894
589	49
589	135
589	723
589	761
589	809
589	887
589	898
589	997
590	765
590	781
590	940
590	951
590	957
590	967
590	973
590	993
591	239
591	639
591	685
591	926
591	989
591	994
591	996
591	997
592	758
592	878
592	908
592	947
592	970
592	979
592	982
592	986
593	101
593	251
593	783
593	875
593	877
593	938
593	956
593	994
594	693
594	859
594	895
594	899
594	913
594	942
594	944
594	972
595	154
595	383
595	419
595	663
595	841
595	853
595	865
595	922
596	564
596	696
596	740
596	761
596	849
596	887
596	952
596	958
597	731
597	777
597	905
597	950
597	961
597	971
597	976
597	1000
598	668
598	726
598	790
598	795
598	851
598	872
598	883
598	911
599	162
599	290
599	478
599	664
599	719
599	803
599	863
599	937
600	451
600	554
600	577
600	842
600	934
600	938
600	966
600	994
601	213
601	240
601	714
601	828
601	871
601	964
601	968
601	980
602	43
602	229
602	578
602	761
602	891
602	952
602	956
602	962
603	635
603	732
603	903
603	905
603	961
603	971
603	976
603	1000
604	35
604	233
604	244
604	528
604	698
604	703
604	716
604	717
605	679
605	946
605	950
605	955
605	975
605	984
605	985
605	987
606	30
606	636
606	650
606	661
606	738
606	853
606	926
606	974
607	44
607	357
607	367
607	574
607	760
607	822
607	848
607	909
608	465
608	539
608	621
608	776
608	799
608	927
608	967
608	973
609	9
609	37
609	272
609	823
609	854
609	860
609	935
609	965
610	613
610	630
610	786
610	814
610	919
610	977
610	993
610	996
611	340
611	662
611	715
611	782
611	890
611	906
611	960
611	974
612	28
612	312
612	437
612	662
612	813
612	888
612	890
612	960
613	1
613	470
613	537
613	610
613	886
613	904
613	977
613	996
614	163
614	881
614	910
614	931
614	954
614	983
614	988
614	991
615	711
615	828
615	847
615	858
615	903
615	964
615	968
615	980
616	285
616	309
616	322
616	510
616	674
616	737
616	812
616	832
617	533
617	892
617	920
617	940
617	948
617	951
617	957
617	998
618	301
618	364
618	398
618	579
618	651
618	772
618	794
618	998
619	123
619	436
619	584
619	773
619	829
619	850
619	857
619	997
620	691
620	811
620	834
620	841
620	865
620	922
620	992
620	996
621	235
621	560
621	565
621	608
621	774
621	776
621	967
621	973
622	59
622	455
622	498
622	632
622	656
622	695
622	700
622	804
622	874
623	418
623	489
623	676
623	749
623	753
623	961
623	971
623	976
623	1000
624	425
624	521
624	714
624	775
624	858
624	871
624	964
624	968
624	980
625	825
625	878
625	879
625	908
625	947
625	962
625	982
625	986
625	995
626	668
626	726
626	738
626	751
626	790
626	795
626	851
626	872
626	883
627	251
627	511
627	516
627	821
627	845
627	934
627	938
627	992
627	994
628	405
628	489
628	688
628	725
628	809
628	819
628	896
628	992
628	995
629	154
629	187
629	811
629	817
629	834
629	841
629	865
629	922
629	996
630	610
630	633
630	860
630	886
630	904
630	919
630	977
630	993
630	996
631	6
631	105
631	385
631	475
631	759
631	766
631	892
631	900
631	901
632	278
632	622
632	656
632	695
632	700
632	804
632	874
632	921
632	940
633	275
633	470
633	630
633	674
633	786
633	886
633	904
633	977
633	996
634	186
634	207
634	267
634	542
634	707
634	745
634	800
634	848
634	916
635	118
635	603
635	869
635	903
635	905
635	961
635	971
635	976
635	1000
636	8
636	64
636	347
636	569
636	606
636	661
636	664
636	738
636	853
637	240
637	303
637	393
637	400
637	414
637	523
637	642
637	796
637	843
638	387
638	734
638	878
638	908
638	970
638	979
638	982
638	986
638	998
639	5
639	239
639	483
639	519
639	591
639	654
639	685
639	692
639	927
640	80
640	156
640	191
640	793
640	926
640	943
640	953
640	989
640	997
641	897
641	941
641	945
641	953
641	963
641	965
641	969
641	981
641	999
642	127
642	240
642	303
642	468
642	637
642	722
642	752
642	843
642	899
643	699
643	932
643	946
643	950
643	955
643	975
643	984
643	985
643	987
644	209
644	280
644	332
644	479
644	677
644	760
644	767
644	909
644	996
645	897
645	941
645	945
645	963
645	965
645	969
645	978
645	981
645	999
646	5
646	12
646	47
646	217
646	311
646	398
646	562
646	990
647	693
647	807
647	859
647	895
647	899
647	913
647	942
647	947
647	972
648	260
648	561
648	769
648	780
648	787
648	867
648	906
648	907
648	911
649	521
649	572
649	761
649	858
649	871
649	894
649	964
649	968
649	980
650	379
650	427
650	477
650	503
650	606
650	661
650	738
650	853
650	974
651	175
651	316
651	398
651	579
651	618
651	772
651	794
651	928
651	998
652	120
652	512
652	561
652	757
652	780
652	867
652	907
652	930
652	944
653	212
653	327
653	551
653	735
653	754
653	917
653	928
653	936
653	939
654	150
654	224
654	271
654	483
654	519
654	639
654	685
654	692
654	927
655	381
655	413
655	424
655	571
655	679
655	764
655	781
655	935
655	993
656	226
656	278
656	498
656	622
656	632
656	695
656	700
656	869
656	874
657	836
657	862
657	908
657	947
657	970
657	979
657	982
657	986
657	998
658	255
658	897
658	941
658	945
658	963
658	965
658	969
658	981
658	999
659	821
659	864
659	908
659	942
659	944
659	972
659	992
659	993
659	994
660	285
660	506
660	763
660	931
660	954
660	983
660	988
660	991
660	996
661	328
661	347
661	503
661	569
661	606
661	636
661	650
661	738
661	980
662	563
662	611
662	612
662	782
662	833
662	864
662	906
662	960
662	974
663	81
663	595
663	691
663	714
663	811
663	817
663	834
663	841
663	996
664	258
664	265
664	599
664	636
664	700
664	704
664	803
664	874
664	974
665	115
665	317
665	351
665	371
665	499
665	522
665	545
665	575
665	585
666	35
666	320
666	528
666	698
666	703
666	716
666	717
666	739
666	869
667	92
667	839
667	882
667	914
667	961
667	971
667	979
667	993
667	1000
668	580
668	585
668	598
668	626
668	726
668	751
668	790
668	851
668	872
668	883
669	360
669	720
669	805
669	908
669	947
669	979
669	982
669	986
669	997
669	998
670	63
670	491
670	549
670	697
670	746
670	768
670	835
670	876
670	912
670	976
671	788
671	892
671	920
671	940
671	948
671	951
671	957
671	978
671	995
671	998
672	23
672	209
672	215
672	344
672	525
672	574
672	677
672	909
672	990
672	996
673	374
673	821
673	831
673	845
673	877
673	881
673	934
673	938
673	992
673	994
674	282
674	322
674	337
674	616
674	633
674	737
674	741
674	812
674	832
674	989
675	129
675	250
675	394
675	495
675	715
675	760
675	798
675	889
675	893
675	925
676	39
676	279
676	345
676	623
676	833
676	869
676	961
676	971
676	976
676	1000
677	513
677	644
677	672
677	797
677	822
677	848
677	909
677	929
677	948
677	996
678	837
678	947
678	962
678	970
678	979
678	982
678	986
678	989
678	995
678	998
679	234
679	381
679	413
679	424
679	571
679	605
679	655
679	764
679	781
679	993
680	297
680	816
680	820
680	918
680	920
680	928
680	936
680	939
680	959
680	978
681	712
681	713
681	825
681	870
681	880
681	912
681	921
681	923
681	942
681	990
682	230
682	298
682	330
682	399
682	416
682	486
682	534
682	745
682	797
682	900
683	331
683	805
683	836
683	837
683	908
683	947
683	970
683	973
683	979
683	982
684	206
684	557
684	825
684	870
684	880
684	884
684	912
684	921
684	923
684	990
685	17
685	33
685	150
685	483
685	591
685	639
685	654
685	692
685	927
685	988
686	441
686	488
686	807
686	859
686	895
686	899
686	913
686	942
686	944
686	972
687	742
687	789
687	840
687	918
687	928
687	936
687	939
687	959
687	976
687	978
688	165
688	405
688	489
688	628
688	725
688	809
688	819
688	896
688	992
688	1000
689	911
689	932
689	933
689	946
689	950
689	955
689	975
689	984
689	985
689	987
690	362
690	485
690	785
690	786
690	886
690	919
690	977
690	988
690	993
690	996
691	383
691	620
691	663
691	811
691	817
691	834
691	841
691	855
691	865
691	996
692	17
692	33
692	224
692	483
692	519
692	639
692	654
692	685
692	861
692	927
693	321
693	594
693	647
693	859
693	895
693	899
693	913
693	944
693	956
693	972
694	751
694	788
694	892
694	920
694	940
694	948
694	951
694	957
694	995
694	998
695	139
695	498
695	504
695	622
695	632
695	656
695	700
695	758
695	804
695	874
696	314
696	472
696	554
696	596
696	891
696	898
696	927
696	952
696	956
696	958
697	29
697	45
697	244
697	670
697	746
697	768
697	876
697	882
697	929
697	993
698	13
698	233
698	320
698	528
698	604
698	666
698	703
698	716
698	717
698	725
699	41
699	220
699	293
699	310
699	317
699	442
699	543
699	643
699	710
699	849
700	59
700	139
700	226
700	622
700	632
700	656
700	664
700	695
700	778
700	874
701	222
701	806
701	816
701	818
701	820
701	918
701	936
701	939
701	959
701	978
702	805
702	836
702	837
702	861
702	947
702	970
702	979
702	982
702	986
702	995
703	13
703	233
703	281
703	320
703	528
703	604
703	666
703	698
703	716
703	717
704	117
704	290
704	299
704	308
704	664
704	719
704	803
704	863
704	937
704	980
705	363
705	581
705	714
705	733
705	847
705	871
705	964
705	968
705	980
705	990
706	133
706	155
706	539
706	765
706	774
706	776
706	799
706	929
706	967
706	973
707	149
707	267
707	401
707	542
707	634
707	800
707	808
707	896
707	916
707	959
708	34
708	788
708	892
708	920
708	940
708	948
708	951
708	957
708	995
708	998
709	357
709	508
709	859
709	894
709	895
709	899
709	913
709	942
709	944
709	972
710	55
710	98
710	119
710	293
710	402
710	442
710	543
710	699
710	718
710	849
711	572
711	615
711	733
711	847
711	858
711	861
711	871
711	942
711	964
711	968
711	980
712	557
712	681
712	713
712	799
712	825
712	870
712	880
712	884
712	921
712	923
712	990
713	79
713	557
713	559
713	681
713	712
713	732
713	870
713	884
713	921
713	923
713	990
714	218
714	425
714	546
714	568
714	601
714	624
714	663
714	705
714	733
714	964
714	980
715	19
715	356
715	411
715	487
715	495
715	611
715	675
715	889
715	893
715	925
715	995
716	13
716	35
716	233
716	320
716	528
716	604
716	666
716	698
716	703
716	717
716	739
717	13
717	35
717	320
717	528
717	604
717	666
717	698
717	703
717	716
717	739
717	894
718	112
718	317
718	477
718	503
718	563
718	569
718	710
718	813
718	849
718	890
718	902
719	111
719	290
719	428
719	461
719	478
719	599
719	704
719	803
719	863
719	882
719	937
720	669
720	836
720	878
720	947
720	970
720	976
720	979
720	982
720	986
720	995
720	998
721	92
721	434
721	766
721	821
721	875
721	876
721	900
721	901
721	916
721	934
721	994
722	2
722	94
722	127
722	242
722	303
722	393
722	474
722	570
722	642
722	752
722	843
723	252
723	449
723	554
723	589
723	739
723	887
723	891
723	898
723	952
723	958
723	1000
724	88
724	254
724	259
724	391
724	535
724	773
724	826
724	829
724	850
724	857
724	997
725	115
725	178
725	214
725	489
725	628
725	688
725	698
725	809
725	819
725	896
725	992
726	509
726	598
726	626
726	668
726	751
726	790
726	795
726	851
726	872
726	883
726	985
727	107
727	406
727	764
727	833
727	869
727	903
727	905
727	961
727	971
727	976
727	1000
728	291
728	390
728	535
728	761
728	898
728	970
728	975
728	979
728	982
728	985
728	987
729	238
729	582
729	586
729	730
729	793
729	843
729	862
729	926
729	943
729	949
729	953
730	582
730	729
730	862
730	885
730	924
730	926
730	943
730	949
730	953
730	983
730	989
731	348
731	597
731	753
731	777
731	809
731	869
731	905
731	961
731	971
731	976
731	1000
732	143
732	339
732	603
732	713
732	758
732	870
732	880
732	884
732	921
732	923
732	990
733	7
733	705
733	711
733	714
733	775
733	828
733	847
733	871
733	964
733	968
733	980
734	584
734	638
734	793
734	829
734	850
734	857
734	949
734	953
734	963
734	969
734	999
735	171
735	274
735	476
735	653
735	754
735	759
735	842
735	856
735	917
735	925
735	966
736	148
736	155
736	196
736	200
736	432
736	448
736	517
736	526
736	587
736	743
736	822
737	131
737	309
737	314
737	337
737	616
737	674
737	741
737	812
737	817
737	832
737	989
738	294
738	328
738	347
738	427
738	606
738	626
738	636
738	650
738	661
738	853
738	974
739	540
739	666
739	716
739	717
739	723
739	891
739	951
739	958
739	961
739	971
739	1000
740	459
740	578
740	596
740	744
740	756
740	891
740	898
740	951
740	952
740	956
740	958
741	197
741	309
741	322
741	337
741	510
741	674
741	737
741	812
741	832
741	987
741	989
742	170
742	687
742	789
742	820
742	824
742	918
742	928
742	936
742	939
742	950
742	978
743	100
743	148
743	155
743	196
743	432
743	448
743	517
743	526
743	587
743	736
743	891
744	408
744	451
744	472
744	578
744	740
744	756
744	761
744	898
744	913
744	952
744	956
745	267
745	416
745	486
745	534
745	634
745	682
745	800
745	846
745	908
745	923
745	970
745	998
746	92
746	376
746	421
746	491
746	670
746	697
746	768
746	820
746	876
746	882
746	916
746	993
747	516
747	782
747	881
747	888
747	918
747	928
747	939
747	941
747	959
747	960
747	981
747	999
748	67
748	180
748	516
748	821
748	845
748	875
748	915
748	934
748	938
748	974
748	994
748	997
749	406
749	418
749	623
749	753
749	869
749	903
749	905
749	960
749	961
749	971
749	976
749	1000
750	249
750	269
750	444
750	454
750	552
750	556
750	792
750	816
750	838
750	866
750	879
750	990
751	467
751	509
751	580
751	626
751	668
751	694
751	726
751	790
751	795
751	851
751	872
751	883
752	142
752	377
752	393
752	400
752	414
752	460
752	474
752	523
752	642
752	722
752	843
752	991
753	279
753	318
753	403
753	623
753	731
753	749
753	903
753	905
753	961
753	971
753	976
753	1000
754	167
754	283
754	323
754	420
754	524
754	577
754	653
754	735
754	842
754	856
754	917
754	966
755	411
755	827
755	897
755	902
755	941
755	945
755	963
755	965
755	969
755	981
755	999
756	18
756	451
756	502
756	554
756	564
756	740
756	744
756	888
756	891
756	927
756	952
756	958
757	260
757	422
757	429
757	438
757	515
757	652
757	769
757	787
757	907
757	911
757	930
757	953
758	236
758	243
758	456
758	592
758	695
758	732
758	825
758	880
758	884
758	921
758	923
758	990
759	141
759	185
759	248
759	257
759	271
759	475
759	532
759	631
759	735
759	766
759	900
759	901
760	357
760	367
760	479
760	513
760	607
760	644
760	675
760	767
760	822
760	848
760	909
760	974
761	589
761	596
761	602
761	649
761	728
761	744
761	767
761	887
761	898
761	904
761	956
761	958
762	184
762	212
762	302
762	313
762	327
762	380
762	392
762	459
762	551
762	588
762	789
762	894
763	203
763	552
763	660
763	810
763	910
763	954
763	962
763	966
763	983
763	988
763	991
763	997
764	234
764	381
764	413
764	424
764	571
764	655
764	679
764	727
764	781
764	993
765	52
765	232
765	343
765	590
765	706
765	799
765	912
765	924
765	927
765	943
765	967
765	973
766	6
766	104
766	105
766	257
766	271
766	385
766	532
766	631
766	721
766	759
766	900
766	901
767	344
767	644
767	760
767	761
767	844
767	848
767	864
767	890
767	891
767	938
767	952
767	958
768	292
768	443
768	540
768	544
768	670
768	697
768	746
768	835
768	876
768	882
768	912
768	993
769	260
769	463
769	480
769	561
769	584
769	648
769	757
769	780
769	797
769	867
769	907
769	911
770	390
770	779
770	827
770	897
770	902
770	941
770	945
770	963
770	965
770	969
770	981
770	999
771	527
771	810
771	852
771	881
771	910
771	915
771	931
771	934
771	954
771	983
771	991
771	997
772	175
772	222
772	301
772	316
772	398
772	510
772	579
772	618
772	651
772	794
772	998
773	358
773	391
773	423
773	431
773	544
773	584
773	619
773	724
773	826
773	850
773	857
773	879
773	997
774	232
774	400
774	465
774	539
774	560
774	621
774	706
774	776
774	790
774	924
774	927
774	967
774	973
775	125
775	379
775	546
775	568
775	572
775	624
775	733
775	828
775	847
775	871
775	964
775	968
775	980
776	235
776	336
776	565
776	608
776	621
776	706
776	774
776	799
776	822
776	924
776	929
776	967
776	973
777	318
777	353
777	469
777	597
777	731
777	833
777	850
777	903
777	905
777	961
777	971
777	976
777	1000
778	37
778	125
778	261
778	324
778	700
778	784
778	801
778	823
778	830
778	854
778	860
778	914
778	935
779	770
779	802
779	827
779	897
779	902
779	941
779	945
779	962
779	963
779	965
779	969
779	981
779	999
780	370
780	533
780	561
780	576
780	648
780	652
780	769
780	787
780	802
780	867
780	879
780	907
780	930
781	234
781	381
781	413
781	424
781	571
781	582
781	590
781	655
781	679
781	764
781	993
782	85
782	109
782	437
782	611
782	662
782	747
782	813
782	844
782	864
782	890
782	941
782	960
782	974
783	482
783	485
783	505
783	593
783	821
783	831
783	877
783	934
783	938
783	956
783	974
783	994
783	997
784	224
784	324
784	428
784	450
784	520
784	547
784	778
784	823
784	839
784	854
784	860
784	914
784	935
785	455
785	458
785	484
785	690
785	786
785	814
785	886
785	904
785	919
785	977
785	989
785	993
785	996
786	368
786	446
786	485
786	610
786	633
786	690
786	785
786	795
786	904
786	919
786	977
786	993
786	996
787	24
787	370
787	488
787	512
787	515
787	555
787	576
787	648
787	757
787	780
787	867
787	911
787	930
788	378
788	671
788	694
788	708
788	892
788	920
788	940
788	948
788	951
788	957
788	966
788	995
788	998
789	687
789	742
789	762
789	806
789	816
789	840
789	918
789	928
789	934
789	936
789	939
789	959
789	978
790	409
790	509
790	580
790	598
790	626
790	668
790	726
790	751
790	774
790	795
790	851
790	872
790	883
791	295
791	375
791	383
791	513
791	811
791	848
791	909
791	920
791	922
791	929
791	948
791	951
791	957
792	542
792	750
792	802
792	827
792	897
792	902
792	941
792	945
792	963
792	965
792	969
792	981
792	999
793	270
793	386
793	586
793	640
793	729
793	734
793	862
793	885
793	926
793	936
793	943
793	949
793	953
794	175
794	222
794	286
794	301
794	316
794	349
794	398
794	579
794	618
794	651
794	772
794	875
794	998
795	409
795	467
795	509
795	580
795	598
795	626
795	726
795	751
795	786
795	790
795	851
795	872
795	883
796	637
796	855
796	932
796	933
796	946
796	950
796	954
796	955
796	975
796	984
796	985
796	987
796	989
797	187
797	330
797	416
797	438
797	534
797	677
797	682
797	769
797	848
797	907
797	909
797	927
797	930
798	38
798	129
798	250
798	394
798	411
798	480
798	495
798	675
798	889
798	893
798	968
798	990
798	995
799	264
799	306
799	407
799	447
799	465
799	541
799	608
799	706
799	712
799	765
799	776
799	929
799	973
800	135
800	149
800	186
800	219
800	542
800	634
800	707
800	745
800	808
800	896
800	916
800	928
800	933
801	37
801	56
801	261
801	324
801	778
801	823
801	830
801	839
801	854
801	914
801	919
801	935
801	950
802	779
802	780
802	792
802	827
802	897
802	902
802	941
802	945
802	963
802	965
802	969
802	981
802	999
803	111
803	117
803	299
803	308
803	461
803	478
803	599
803	664
803	704
803	719
803	863
803	937
803	994
804	622
804	632
804	695
804	874
804	898
804	952
804	958
804	962
804	967
804	975
804	984
804	985
804	987
804	999
805	199
805	248
805	360
805	669
805	683
805	702
805	837
805	878
805	908
805	947
805	979
805	982
805	986
805	995
806	273
806	366
806	701
806	789
806	816
806	818
806	840
806	879
806	918
806	928
806	937
806	939
806	959
806	978
807	16
807	334
807	397
807	430
807	647
807	686
807	859
807	895
807	899
807	913
807	942
807	944
807	972
807	995
808	149
808	153
808	186
808	219
808	267
808	270
808	401
808	471
808	542
808	707
808	800
808	896
808	916
808	989
809	163
809	165
809	178
809	214
809	405
809	489
809	589
809	628
809	688
809	725
809	731
809	819
809	896
809	992
810	60
810	763
810	771
810	845
810	881
810	910
810	915
810	931
810	954
810	966
810	983
810	988
810	991
810	997
811	186
811	384
811	439
811	620
811	629
811	663
811	691
811	791
811	817
811	834
811	841
811	922
811	992
811	996
812	52
812	131
812	282
812	300
812	309
812	314
812	322
812	510
812	616
812	674
812	737
812	741
812	832
812	989
813	109
813	161
813	266
813	481
813	566
813	612
813	718
813	782
813	840
813	864
813	888
813	906
813	916
813	960
814	58
814	202
814	275
814	304
814	446
814	537
814	610
814	785
814	886
814	904
814	919
814	977
814	993
814	996
815	350
815	855
815	932
815	933
815	946
815	950
815	955
815	975
815	984
815	985
815	987
815	989
816	538
816	680
816	701
816	750
816	789
816	806
816	818
816	840
816	918
816	928
816	936
816	939
816	959
816	978
817	65
817	164
817	384
817	629
817	663
817	691
817	737
817	811
817	834
817	841
817	865
817	922
817	992
817	996
818	183
818	268
818	333
818	701
818	806
818	816
818	840
818	918
818	927
818	928
818	936
818	937
818	939
818	959
818	978
819	110
819	163
819	165
819	178
819	214
819	405
819	489
819	628
819	688
819	725
819	809
819	896
819	982
819	992
820	79
820	507
820	525
820	538
820	680
820	701
820	742
820	746
820	840
820	918
820	928
820	936
820	939
820	959
820	978
821	328
821	441
821	482
821	627
821	659
821	673
821	721
821	748
821	783
821	875
821	877
821	894
821	938
821	992
821	994
822	3
822	209
822	280
822	332
822	344
822	367
822	513
822	525
822	607
822	677
822	736
822	760
822	776
822	909
822	996
823	71
823	96
823	108
823	140
823	174
823	263
823	468
823	609
823	778
823	784
823	801
823	839
823	860
823	914
823	935
824	194
824	292
824	486
824	491
824	742
824	869
824	882
824	903
824	930
824	936
824	959
824	961
824	971
824	978
824	1000
825	236
825	456
825	557
825	559
825	625
825	681
825	684
825	712
825	758
825	870
825	880
825	912
825	921
825	923
825	990
826	11
826	116
826	259
826	423
826	431
826	436
826	514
826	544
826	584
826	724
826	773
826	829
826	850
826	857
826	997
827	17
827	755
827	770
827	779
827	792
827	802
827	897
827	902
827	941
827	945
827	963
827	965
827	969
827	981
827	999
828	333
828	415
828	521
828	568
828	572
828	583
828	601
828	615
828	733
828	775
828	858
828	871
828	929
828	964
828	968
829	99
829	116
829	358
829	535
829	544
829	548
829	584
829	619
829	724
829	734
829	826
829	850
829	852
829	857
829	997
830	34
830	66
830	261
830	263
830	343
830	468
830	496
830	548
830	583
830	778
830	801
830	839
830	860
830	914
830	935
831	48
831	237
831	316
831	386
831	410
831	550
831	673
831	783
831	845
831	867
831	877
831	938
831	992
831	994
831	997
832	131
832	169
832	197
832	282
832	300
832	314
832	322
832	337
832	510
832	616
832	674
832	737
832	741
832	812
832	989
833	53
833	318
833	406
833	490
833	662
833	676
833	727
833	777
833	903
833	905
833	924
833	961
833	971
833	976
833	1000
834	25
834	164
834	189
834	256
834	419
834	620
834	629
834	663
834	691
834	811
834	817
834	841
834	865
834	922
834	992
834	996
835	29
835	63
835	93
835	113
835	253
835	262
835	274
835	443
835	670
835	768
835	846
835	876
835	882
835	912
835	916
835	993
836	8
836	464
836	536
836	657
836	683
836	702
836	720
836	837
836	878
836	908
836	947
836	970
836	979
836	982
836	986
836	998
837	27
837	520
837	567
837	678
837	683
837	702
837	805
837	836
837	846
837	878
837	908
837	947
837	970
837	979
837	982
837	986
838	172
838	249
838	269
838	290
838	329
838	350
838	444
838	454
838	500
838	514
838	552
838	556
838	750
838	866
838	879
838	990
839	9
839	34
839	37
839	247
839	450
839	511
839	667
839	784
839	801
839	823
839	830
839	854
839	860
839	914
839	935
839	989
840	154
840	507
840	687
840	789
840	806
840	813
840	816
840	818
840	820
840	918
840	928
840	936
840	937
840	939
840	959
840	978
841	106
841	256
841	419
841	595
841	620
841	629
841	663
841	691
841	811
841	817
841	834
841	865
841	922
841	986
841	992
841	996
842	134
842	160
842	167
842	171
842	342
842	368
842	420
842	476
842	577
842	600
842	735
842	754
842	856
842	917
842	966
842	973
843	31
843	94
843	127
843	142
843	302
843	303
843	393
843	400
843	414
843	460
843	523
843	637
843	642
843	722
843	729
843	752
844	85
844	192
844	266
844	272
844	354
844	473
844	549
844	563
844	566
844	573
844	767
844	782
844	888
844	890
844	916
844	960
844	974
845	48
845	102
845	456
845	516
845	627
845	673
845	748
845	810
845	831
845	875
845	877
845	934
845	938
845	956
845	974
845	994
845	997
846	147
846	435
846	483
846	540
846	745
846	835
846	837
846	876
846	882
846	955
846	970
846	975
846	982
846	984
846	985
846	986
846	987
847	45
847	546
847	568
847	581
847	615
847	705
847	711
847	733
847	775
847	858
847	871
847	894
847	929
847	964
847	968
847	980
847	993
848	209
848	280
848	281
848	332
848	334
848	344
848	525
848	607
848	634
848	677
848	760
848	767
848	791
848	797
848	909
848	929
848	996
849	1
849	41
849	55
849	72
849	119
849	220
849	221
849	293
849	310
849	317
849	402
849	442
849	543
849	596
849	699
849	710
849	718
850	11
850	99
850	391
850	423
850	436
850	512
850	535
850	544
850	584
850	619
850	724
850	734
850	773
850	777
850	826
850	829
850	857
851	82
851	409
851	467
851	509
851	533
851	580
851	598
851	626
851	668
851	726
851	751
851	790
851	795
851	872
851	883
851	942
852	29
852	373
852	389
852	570
852	771
852	829
852	881
852	910
852	915
852	931
852	954
852	962
852	966
852	983
852	988
852	991
852	997
853	77
853	93
853	239
853	265
853	294
853	328
853	427
853	473
853	477
853	503
853	569
853	595
853	606
853	636
853	650
853	738
853	974
854	9
854	71
854	96
854	108
854	162
854	174
854	382
854	511
854	548
854	609
854	778
854	784
854	801
854	839
854	860
854	914
854	935
855	331
855	691
855	796
855	815
855	932
855	933
855	946
855	950
855	955
855	956
855	975
855	984
855	985
855	987
855	989
856	88
856	134
856	144
856	160
856	283
856	288
856	342
856	476
856	504
856	577
856	735
856	754
856	842
856	917
856	925
856	966
856	979
857	99
857	380
857	391
857	423
857	431
857	436
857	535
857	544
857	619
857	724
857	734
857	773
857	826
857	829
857	850
857	922
857	997
858	128
858	145
858	231
858	363
858	425
858	428
858	581
858	615
858	624
858	649
858	711
858	828
858	847
858	929
858	964
858	968
858	980
859	64
859	321
859	388
859	415
859	594
859	647
859	686
859	693
859	709
859	807
859	870
859	895
859	899
859	913
859	942
859	944
859	972
860	96
860	457
860	496
860	511
860	547
860	548
860	609
860	630
860	778
860	784
860	823
860	830
860	839
860	854
860	914
860	935
860	979
861	425
861	692
861	702
861	711
861	873
861	905
861	910
861	915
861	954
861	961
861	964
861	968
861	971
861	976
861	980
861	983
861	988
861	1000
862	42
862	95
862	179
862	181
862	279
862	296
862	378
862	555
862	586
862	657
862	729
862	730
862	793
862	885
862	926
862	943
862	949
862	953
863	111
863	117
863	162
863	208
863	253
863	290
863	299
863	308
863	396
863	461
863	478
863	549
863	599
863	704
863	719
863	803
863	930
863	937
864	102
864	146
864	192
864	354
864	437
864	457
864	497
864	566
864	659
864	662
864	767
864	782
864	813
864	888
864	890
864	916
864	960
864	974
865	81
865	106
865	164
865	256
865	295
865	340
865	383
865	595
865	620
865	629
865	691
865	817
865	834
865	841
865	886
865	922
865	992
865	996
866	7
866	172
866	249
866	269
866	329
866	350
866	364
866	454
866	491
866	500
866	514
866	552
866	556
866	750
866	838
866	879
866	915
866	990
867	272
867	361
867	370
867	422
867	429
867	561
867	576
867	648
867	652
867	769
867	780
867	787
867	831
867	873
867	907
867	911
867	930
867	963
868	246
868	910
868	915
868	926
868	931
868	941
868	955
868	962
868	965
868	969
868	975
868	981
868	983
868	984
868	985
868	987
868	991
868	999
869	245
869	284
869	512
869	635
869	656
869	666
869	676
869	727
869	731
869	749
869	824
869	903
869	905
869	924
869	961
869	971
869	976
869	1000
870	86
870	145
870	236
870	339
870	557
870	559
870	681
870	684
870	712
870	713
870	732
870	825
870	859
870	880
870	884
870	912
870	921
870	923
870	990
871	57
871	58
871	363
871	385
871	521
871	572
871	601
871	624
871	649
871	705
871	711
871	733
871	775
871	828
871	847
871	892
871	964
871	968
871	980
872	82
872	396
872	409
872	467
872	509
872	580
872	598
872	626
872	668
872	726
872	751
872	790
872	795
872	851
872	883
872	896
872	982
873	515
873	533
873	861
873	867
873	892
873	903
873	911
873	920
873	930
873	940
873	948
873	951
873	957
873	961
873	971
873	974
873	976
873	997
873	1000
874	59
874	139
874	200
874	206
874	226
874	278
874	420
874	455
874	462
874	498
874	504
874	505
874	622
874	632
874	656
874	664
874	695
874	700
874	804
875	168
875	169
875	180
875	410
875	593
875	721
875	748
875	794
875	821
875	845
875	877
875	934
875	937
875	938
875	956
875	974
875	992
875	994
875	997
876	63
876	147
876	194
876	274
876	292
876	376
876	421
876	460
876	540
876	670
876	697
876	721
876	746
876	768
876	835
876	846
876	912
876	916
876	996
877	119
877	168
877	201
877	228
877	441
877	593
877	673
877	783
877	821
877	831
877	845
877	875
877	909
877	934
877	938
877	974
877	992
877	994
877	997
878	190
878	435
878	520
878	592
878	625
878	638
878	720
878	805
878	836
878	837
878	947
878	962
878	970
878	975
878	979
878	982
878	986
878	995
878	998
879	249
879	454
879	533
879	625
879	750
879	773
879	780
879	806
879	838
879	866
879	907
879	911
879	930
879	947
879	970
879	979
879	986
879	990
879	998
880	15
880	143
880	243
880	339
880	557
880	559
880	681
880	684
880	712
880	732
880	758
880	825
880	870
880	884
880	912
880	921
880	923
880	990
880	992
881	352
881	527
881	530
881	614
881	673
881	747
881	771
881	810
881	852
881	898
881	910
881	915
881	931
881	954
881	962
881	983
881	988
881	991
881	997
882	63
882	147
882	194
882	244
882	403
882	421
882	443
882	491
882	667
882	697
882	719
882	746
882	768
882	824
882	835
882	846
882	916
882	957
882	993
883	82
883	169
883	396
883	409
883	455
883	467
883	509
883	550
883	580
883	588
883	598
883	626
883	668
883	726
883	751
883	790
883	795
883	851
883	872
884	69
884	227
884	233
884	243
884	339
884	456
884	559
884	684
884	712
884	713
884	732
884	758
884	870
884	880
884	912
884	921
884	923
884	945
884	990
885	14
885	75
885	95
885	102
885	238
885	270
885	307
885	378
885	536
885	730
885	793
885	862
885	917
885	924
885	926
885	943
885	949
885	953
885	989
886	4
886	275
886	304
886	440
886	446
886	458
886	484
886	485
886	537
886	613
886	630
886	633
886	690
886	785
886	814
886	865
886	904
886	919
886	977
886	980
887	36
887	176
887	291
887	404
887	469
887	472
887	502
887	554
887	564
887	578
887	589
887	596
887	723
887	761
887	891
887	927
887	952
887	958
887	962
887	969
888	28
888	86
888	192
888	445
888	471
888	481
888	497
888	563
888	566
888	612
888	747
888	756
888	813
888	844
888	864
888	890
888	906
888	916
888	960
888	974
889	19
889	38
889	129
889	198
889	250
889	356
889	382
889	394
889	411
889	480
889	487
889	495
889	675
889	715
889	798
889	893
889	925
889	964
889	993
889	995
890	18
890	146
890	161
890	266
890	272
890	278
890	340
890	563
890	566
890	611
890	612
890	718
890	767
890	782
890	844
890	864
890	888
890	906
890	960
890	974
891	289
891	312
891	395
891	459
891	464
891	472
891	493
891	564
891	602
891	696
891	723
891	739
891	740
891	743
891	756
891	767
891	887
891	927
891	952
891	958
892	439
892	453
892	466
892	617
892	631
892	671
892	694
892	708
892	788
892	871
892	873
892	896
892	920
892	940
892	948
892	951
892	957
892	966
892	995
892	998
893	1
893	38
893	129
893	198
893	250
893	327
893	356
893	382
893	394
893	411
893	480
893	487
893	495
893	675
893	715
893	798
893	889
893	925
893	991
893	995
894	184
894	305
894	327
894	380
894	551
894	588
894	649
894	709
894	717
894	762
894	821
894	847
894	895
894	913
894	942
894	944
894	964
894	968
894	972
894	980
895	69
895	84
895	325
895	397
895	415
895	430
895	594
895	647
895	686
895	693
895	709
895	807
895	859
895	894
895	899
895	906
895	913
895	942
895	944
895	972
896	40
896	207
896	362
896	471
896	628
896	688
896	707
896	725
896	800
896	808
896	809
896	819
896	872
896	892
896	920
896	940
896	948
896	951
896	957
896	992
897	263
897	479
897	641
897	645
897	658
897	755
897	770
897	779
897	792
897	802
897	827
897	902
897	941
897	945
897	963
897	965
897	969
897	981
897	999
898	36
898	62
898	312
898	404
898	408
898	449
898	505
898	564
898	589
898	696
898	723
898	728
898	740
898	744
898	761
898	804
898	881
898	927
898	948
898	958
898	962
899	210
899	241
899	321
899	388
899	430
899	488
899	508
899	594
899	642
899	647
899	686
899	693
899	709
899	807
899	859
899	895
899	913
899	942
899	944
899	972
899	991
900	6
900	104
900	105
900	121
900	141
900	185
900	248
900	257
900	271
900	385
900	426
900	475
900	532
900	631
900	682
900	721
900	759
900	766
900	901
900	929
901	6
901	104
901	105
901	121
901	140
901	141
901	185
901	248
901	257
901	258
901	264
901	271
901	385
901	419
901	475
901	532
901	631
901	721
901	759
901	766
901	900
902	718
902	755
902	770
902	779
902	792
902	802
902	827
902	897
902	941
902	943
902	945
902	963
902	965
902	969
902	981
902	999
903	279
903	418
903	469
903	603
903	615
903	635
903	727
903	749
903	753
903	777
903	824
903	833
903	869
903	873
903	905
903	924
903	949
903	961
903	971
903	976
903	1000
904	83
904	157
904	202
904	231
904	368
904	440
904	458
904	470
904	471
904	537
904	613
904	630
904	633
904	761
904	785
904	786
904	814
904	886
904	919
904	977
904	993
904	996
905	245
905	305
905	348
905	490
905	597
905	603
905	635
905	727
905	731
905	749
905	753
905	777
905	833
905	861
905	869
905	903
905	910
905	924
905	961
905	971
905	976
905	1000
906	26
906	28
906	109
906	266
906	340
906	354
906	437
906	445
906	481
906	497
906	541
906	563
906	566
906	611
906	648
906	662
906	813
906	888
906	890
906	895
906	960
906	974
907	24
907	206
907	223
907	272
907	354
907	361
907	429
907	438
907	463
907	515
907	576
907	648
907	652
907	757
907	769
907	780
907	797
907	867
907	879
907	911
907	930
907	999
908	97
908	138
908	360
908	520
908	536
908	592
908	625
908	638
908	657
908	659
908	669
908	683
908	745
908	805
908	836
908	837
908	947
908	969
908	979
908	982
908	986
908	995
909	3
909	215
909	281
909	332
909	357
909	367
909	462
909	479
909	574
909	607
909	644
909	672
909	677
909	760
909	791
909	797
909	822
909	848
909	877
909	929
909	978
909	987
909	996
910	113
910	152
910	492
910	501
910	570
910	614
910	763
910	771
910	810
910	852
910	861
910	868
910	881
910	905
910	915
910	925
910	931
910	954
910	966
910	983
910	988
910	991
910	997
911	113
911	120
911	223
911	260
911	361
911	438
911	463
911	515
911	533
911	561
911	576
911	598
911	648
911	689
911	757
911	769
911	787
911	867
911	873
911	879
911	907
911	930
911	981
912	253
912	403
912	407
912	447
912	540
912	670
912	681
912	684
912	765
912	768
912	825
912	835
912	870
912	876
912	880
912	884
912	923
912	927
912	929
912	967
912	968
912	973
912	977
913	225
913	241
913	319
913	334
913	388
913	430
913	488
913	508
913	594
913	647
913	686
913	693
913	709
913	744
913	807
913	859
913	894
913	895
913	899
913	942
913	944
913	946
913	972
914	9
914	26
914	56
914	66
914	96
914	125
914	261
914	324
914	391
914	450
914	496
914	511
914	548
914	667
914	778
914	784
914	801
914	823
914	830
914	839
914	854
914	860
914	935
915	32
915	373
915	501
915	506
915	530
915	748
915	771
915	810
915	852
915	861
915	866
915	868
915	881
915	910
915	925
915	931
915	954
915	962
915	966
915	983
915	988
915	991
915	997
916	149
916	219
916	267
916	401
916	443
916	481
916	549
916	581
916	634
916	707
916	721
916	746
916	800
916	808
916	813
916	835
916	844
916	864
916	876
916	882
916	888
916	960
916	974
917	59
917	68
917	88
917	90
917	134
917	144
917	160
917	167
917	171
917	283
917	288
917	323
917	342
917	420
917	585
917	653
917	735
917	754
917	842
917	856
917	885
917	925
917	966
918	170
918	183
918	325
918	433
918	529
918	680
918	687
918	701
918	742
918	747
918	789
918	806
918	816
918	818
918	820
918	840
918	928
918	936
918	937
918	939
918	959
918	962
918	978
919	157
919	202
919	231
919	304
919	362
919	368
919	440
919	470
919	484
919	537
919	610
919	630
919	690
919	785
919	786
919	801
919	814
919	886
919	904
919	977
919	983
919	993
919	996
920	277
920	310
920	369
920	439
920	453
920	466
920	503
920	617
920	671
920	680
920	694
920	708
920	788
920	791
920	873
920	892
920	896
920	940
920	948
920	951
920	957
920	966
920	995
920	998
921	45
921	86
921	143
921	227
921	236
921	243
921	456
921	557
921	559
921	632
921	681
921	684
921	712
921	713
921	732
921	758
921	825
921	870
921	880
921	884
921	923
921	952
921	957
921	990
922	25
922	65
922	81
922	106
922	154
922	164
922	196
922	213
922	256
922	295
922	383
922	419
922	595
922	620
922	629
922	791
922	811
922	817
922	834
922	841
922	857
922	865
922	992
922	996
923	91
923	143
923	227
923	243
923	339
923	452
923	456
923	559
923	681
923	684
923	712
923	713
923	732
923	745
923	758
923	825
923	870
923	880
923	884
923	912
923	921
923	977
923	990
923	1000
924	159
924	228
924	264
924	307
924	336
924	494
924	565
924	730
924	765
924	774
924	776
924	833
924	869
924	885
924	903
924	905
924	926
924	949
924	953
924	961
924	967
924	973
924	974
924	976
924	1000
925	19
925	68
925	342
925	407
925	410
925	420
925	476
925	487
925	501
925	504
925	675
925	715
925	735
925	856
925	889
925	893
925	910
925	915
925	917
925	931
925	955
925	983
925	988
925	991
925	995
926	14
926	68
926	114
926	159
926	189
926	238
926	296
926	307
926	493
926	582
926	586
926	591
926	606
926	640
926	729
926	730
926	793
926	862
926	868
926	885
926	924
926	943
926	949
926	953
926	955
926	989
927	33
927	224
927	395
927	449
927	483
927	519
927	541
927	560
927	608
927	639
927	654
927	685
927	692
927	696
927	756
927	765
927	774
927	797
927	818
927	887
927	891
927	898
927	912
927	958
927	967
927	973
928	122
928	433
928	507
928	525
928	529
928	538
928	651
928	653
928	680
928	687
928	742
928	747
928	789
928	800
928	806
928	816
928	818
928	820
928	840
928	918
928	936
928	937
928	939
928	959
928	978
928	998
929	57
929	215
929	281
929	343
929	346
929	565
929	574
929	583
929	677
929	697
929	706
929	776
929	791
929	799
929	828
929	847
929	848
929	858
929	900
929	909
929	912
929	964
929	967
929	968
929	973
929	980
929	996
930	24
930	120
930	223
930	230
930	260
930	361
930	370
930	422
930	429
930	438
930	463
930	515
930	533
930	561
930	576
930	652
930	757
930	780
930	787
930	797
930	824
930	863
930	867
930	873
930	879
930	907
930	911
931	40
931	173
931	352
931	365
931	492
931	506
931	530
931	570
931	574
931	614
931	660
931	771
931	810
931	852
931	868
931	881
931	910
931	915
931	925
931	954
931	955
931	962
931	966
931	983
931	988
931	991
931	997
932	139
932	643
932	689
932	796
932	815
932	855
932	933
932	937
932	946
932	950
932	955
932	956
932	964
932	975
932	984
932	985
932	987
932	989
933	217
933	689
933	796
933	800
933	815
933	855
933	932
933	937
933	946
933	950
933	955
933	956
933	963
933	975
933	984
933	985
933	987
933	989
934	39
934	70
934	101
934	237
934	251
934	374
934	386
934	441
934	473
934	516
934	600
934	627
934	673
934	721
934	748
934	771
934	783
934	789
934	845
934	875
934	877
934	938
934	956
934	974
934	983
934	992
934	994
934	997
935	56
935	71
935	108
935	125
935	134
935	247
935	252
935	261
935	263
935	324
935	360
935	428
935	450
935	457
935	496
935	511
935	547
935	609
935	655
935	778
935	784
935	801
935	823
935	830
935	839
935	854
935	860
935	914
936	130
936	268
936	273
936	297
936	433
936	461
936	529
936	538
936	567
936	653
936	680
936	687
936	701
936	742
936	789
936	793
936	816
936	818
936	820
936	824
936	840
936	918
936	928
936	937
936	939
936	959
936	978
936	992
937	117
937	162
937	478
937	599
937	704
937	719
937	803
937	806
937	818
937	840
937	863
937	875
937	918
937	928
937	932
937	933
937	936
937	939
937	946
937	950
937	955
937	959
937	964
937	975
937	978
937	984
937	985
937	987
938	39
938	67
938	70
938	87
938	132
938	168
938	251
938	313
938	441
938	482
938	550
938	593
938	600
938	627
938	673
938	748
938	767
938	783
938	821
938	831
938	845
938	875
938	877
938	934
938	956
938	971
938	992
938	994
939	14
939	118
939	122
939	268
939	325
939	366
939	406
939	507
939	529
939	653
939	680
939	687
939	701
939	742
939	747
939	789
939	806
939	816
939	818
939	820
939	840
939	918
939	928
939	936
939	937
939	954
939	959
939	978
940	22
940	46
940	61
940	158
940	182
940	211
940	277
940	369
940	433
940	453
940	590
940	617
940	632
940	671
940	694
940	708
940	788
940	873
940	892
940	896
940	920
940	948
940	951
940	957
940	966
940	995
940	997
940	998
941	73
941	190
941	276
941	301
941	412
941	417
941	553
941	558
941	641
941	645
941	658
941	747
941	755
941	770
941	779
941	782
941	792
941	802
941	827
941	868
941	897
941	902
941	945
941	963
941	965
941	969
941	981
941	999
942	16
942	64
942	225
942	241
942	319
942	321
942	364
942	388
942	397
942	415
942	462
942	488
942	508
942	594
942	647
942	659
942	681
942	686
942	709
942	711
942	807
942	851
942	859
942	894
942	895
942	899
942	913
942	944
942	972
943	42
943	75
943	80
943	95
943	181
943	191
943	208
943	238
943	270
943	296
943	355
943	378
943	493
943	555
943	582
943	586
943	640
943	729
943	730
943	765
943	793
943	862
943	885
943	902
943	926
943	949
943	953
943	978
943	989
944	15
944	210
944	241
944	302
944	319
944	321
944	334
944	388
944	397
944	415
944	430
944	452
944	488
944	508
944	594
944	652
944	659
944	686
944	693
944	709
944	807
944	859
944	894
944	895
944	899
944	913
944	942
944	965
944	972
945	73
945	218
945	641
945	645
945	658
945	755
945	770
945	779
945	792
945	802
945	827
945	884
945	897
945	902
945	941
945	963
945	965
945	969
945	981
945	986
945	999
946	455
946	573
946	605
946	643
946	689
946	796
946	815
946	855
946	913
946	932
946	933
946	937
946	950
946	955
946	956
946	969
946	975
946	984
946	985
946	987
946	989
947	76
947	84
947	103
947	136
947	387
947	435
947	518
947	592
947	625
947	647
947	657
947	669
947	678
947	683
947	702
947	720
947	805
947	836
947	837
947	878
947	879
947	908
947	962
947	970
947	975
947	979
947	982
947	986
947	995
947	998
948	22
948	46
948	61
948	124
948	158
948	182
948	211
948	277
948	369
948	439
948	453
948	466
948	556
948	617
948	671
948	677
948	694
948	708
948	788
948	791
948	873
948	892
948	896
948	898
948	920
948	940
948	951
948	957
948	966
948	995
948	998
949	14
949	42
949	75
949	80
949	124
949	159
949	181
949	187
949	189
949	191
949	355
949	378
949	493
949	518
949	555
949	582
949	586
949	729
949	730
949	734
949	793
949	862
949	885
949	903
949	924
949	926
949	943
949	953
949	975
949	986
949	989
950	531
950	573
950	597
950	605
950	643
950	689
950	742
950	796
950	801
950	815
950	855
950	932
950	933
950	937
950	946
950	955
950	956
950	975
950	984
950	985
950	987
950	989
951	22
951	46
951	61
951	182
951	211
951	245
951	277
951	369
951	439
951	453
951	466
951	468
951	590
951	617
951	671
951	694
951	708
951	739
951	740
951	788
951	791
951	873
951	892
951	896
951	920
951	940
951	948
951	957
951	966
951	995
951	998
952	36
952	49
952	135
952	176
952	229
952	289
952	291
952	380
952	395
952	408
952	449
952	451
952	464
952	487
952	502
952	531
952	564
952	578
952	596
952	602
952	696
952	723
952	740
952	744
952	756
952	767
952	804
952	887
952	891
952	921
952	958
953	75
953	80
953	95
953	114
953	156
953	161
953	179
953	181
953	189
953	238
953	270
953	307
953	355
953	493
953	518
953	555
953	582
953	586
953	640
953	641
953	729
953	730
953	734
953	757
953	793
953	862
953	885
953	924
953	926
953	943
953	949
953	989
954	20
954	21
954	32
954	341
954	346
954	365
954	389
954	445
954	477
954	492
954	501
954	506
954	527
954	570
954	614
954	660
954	763
954	771
954	796
954	810
954	852
954	861
954	881
954	910
954	915
954	931
954	939
954	962
954	983
954	988
954	991
954	997
955	335
955	372
955	531
955	573
955	575
955	605
955	643
955	689
955	796
955	815
955	846
955	855
955	868
955	925
955	926
955	931
955	932
955	933
955	937
955	946
955	950
955	956
955	975
955	984
955	985
955	987
955	989
956	98
956	410
956	421
956	464
956	472
956	550
956	564
956	593
956	602
956	693
956	696
956	740
956	744
956	761
956	783
956	845
956	855
956	875
956	932
956	933
956	934
956	938
956	946
956	950
956	955
956	962
956	964
956	975
956	984
956	985
956	987
956	994
957	22
957	33
957	46
957	61
957	158
957	182
957	211
957	277
957	369
957	439
957	453
957	466
957	468
957	590
957	617
957	671
957	694
957	708
957	788
957	791
957	873
957	882
957	892
957	896
957	920
957	921
957	940
957	948
957	951
957	966
957	995
957	998
958	23
958	36
958	49
958	62
958	176
958	291
958	395
958	404
958	445
958	451
958	464
958	472
958	502
958	554
958	578
958	596
958	696
958	723
958	739
958	740
958	756
958	761
958	767
958	804
958	887
958	891
958	898
958	927
958	952
958	962
958	967
958	977
959	79
959	118
959	122
959	130
959	170
959	183
959	268
959	297
959	356
959	366
959	433
959	513
959	529
959	538
959	567
959	680
959	687
959	701
959	707
959	747
959	789
959	806
959	816
959	818
959	820
959	824
959	840
959	918
959	928
959	936
959	937
959	939
959	978
960	26
960	28
960	85
960	109
960	146
960	161
960	192
960	239
960	266
960	340
960	399
960	437
960	473
960	481
960	497
960	549
960	563
960	566
960	611
960	612
960	662
960	747
960	749
960	782
960	813
960	844
960	864
960	888
960	890
960	906
960	916
960	974
960	983
961	204
961	318
961	347
961	348
961	353
961	490
961	494
961	512
961	597
961	603
961	623
961	635
961	667
961	676
961	727
961	731
961	739
961	749
961	753
961	777
961	824
961	833
961	861
961	869
961	873
961	903
961	905
961	924
961	971
961	973
961	976
961	993
961	1000
962	50
962	62
962	112
962	390
962	395
962	404
962	564
962	602
962	625
962	678
962	763
962	779
962	804
962	852
962	868
962	878
962	881
962	887
962	898
962	915
962	918
962	931
962	947
962	954
962	956
962	958
962	970
962	979
962	983
962	986
962	988
962	991
962	998
963	51
963	166
963	193
963	205
963	276
963	284
963	338
963	359
963	412
963	417
963	434
963	553
963	558
963	641
963	645
963	658
963	734
963	755
963	770
963	779
963	792
963	802
963	827
963	867
963	897
963	902
963	933
963	941
963	945
963	965
963	969
963	981
963	999
964	128
964	133
964	213
964	218
964	305
964	379
964	425
964	546
964	568
964	572
964	581
964	583
964	601
964	615
964	624
964	649
964	705
964	711
964	714
964	733
964	775
964	828
964	847
964	858
964	861
964	871
964	889
964	894
964	929
964	932
964	937
964	956
964	968
964	980
965	51
965	73
965	78
965	126
965	177
965	195
965	338
965	359
965	412
965	417
965	429
965	434
965	553
965	558
965	609
965	641
965	645
965	658
965	755
965	770
965	779
965	792
965	802
965	827
965	868
965	897
965	902
965	941
965	944
965	945
965	963
965	969
965	981
965	999
966	90
966	160
966	275
966	283
966	288
966	395
966	501
966	504
966	600
966	735
966	754
966	763
966	788
966	810
966	842
966	852
966	856
966	892
966	910
966	915
966	917
966	920
966	931
966	940
966	948
966	951
966	957
966	980
966	983
966	988
966	991
966	995
966	998
967	52
967	232
967	235
967	252
967	264
967	287
967	306
967	336
967	343
967	349
967	407
967	447
967	465
967	471
967	525
967	539
967	541
967	560
967	565
967	590
967	608
967	621
967	706
967	765
967	774
967	776
967	804
967	912
967	924
967	927
967	929
967	958
967	973
967	998
968	57
968	58
968	128
968	133
968	145
968	216
968	363
968	379
968	452
968	521
968	546
968	568
968	572
968	581
968	583
968	601
968	615
968	624
968	649
968	705
968	711
968	733
968	775
968	798
968	828
968	847
968	858
968	861
968	871
968	894
968	912
968	929
968	964
968	980
969	126
969	166
969	177
969	193
969	195
969	276
969	359
969	412
969	417
969	434
969	504
969	553
969	558
969	641
969	645
969	658
969	734
969	755
969	770
969	779
969	792
969	802
969	827
969	868
969	887
969	897
969	902
969	908
969	941
969	945
969	946
969	963
969	965
969	981
969	999
970	23
970	27
970	50
970	76
970	84
970	137
970	199
970	262
970	273
970	436
970	465
970	520
970	536
970	592
970	638
970	657
970	678
970	683
970	702
970	720
970	728
970	745
970	836
970	837
970	846
970	878
970	879
970	947
970	962
970	976
970	979
970	982
970	986
970	995
970	998
971	43
971	53
971	188
971	205
971	284
971	345
971	353
971	406
971	469
971	490
971	494
971	597
971	603
971	623
971	635
971	667
971	676
971	727
971	731
971	739
971	749
971	753
971	777
971	824
971	833
971	861
971	869
971	873
971	903
971	905
971	938
971	961
971	976
971	990
971	1000
972	16
972	64
972	69
972	124
972	206
972	210
972	241
972	269
972	319
972	325
972	334
972	364
972	388
972	397
972	415
972	430
972	452
972	462
972	482
972	488
972	497
972	508
972	594
972	647
972	659
972	686
972	693
972	709
972	807
972	859
972	894
972	895
972	899
972	913
972	942
972	944
973	52
973	69
973	140
973	150
973	204
973	232
973	235
973	287
973	306
973	336
973	343
973	407
973	447
973	465
973	471
973	525
973	539
973	541
973	560
973	565
973	590
973	608
973	621
973	683
973	706
973	765
973	774
973	776
973	799
973	842
973	912
973	924
973	927
973	929
973	961
973	967
974	77
974	93
974	294
974	300
974	374
974	386
974	473
974	482
974	497
974	503
974	569
974	606
974	611
974	650
974	662
974	664
974	738
974	748
974	760
974	782
974	783
974	844
974	845
974	853
974	864
974	873
974	875
974	877
974	888
974	890
974	906
974	916
974	924
974	934
974	960
974	994
974	997
975	43
975	44
975	54
975	74
975	255
975	315
975	326
975	335
975	372
975	375
975	377
975	531
975	573
975	605
975	643
975	689
975	728
975	796
975	804
975	815
975	846
975	855
975	868
975	878
975	932
975	933
975	937
975	946
975	947
975	949
975	950
975	955
975	956
975	984
975	985
975	987
975	989
975	998
976	53
976	107
976	188
976	204
976	245
976	258
976	284
976	345
976	353
976	396
976	418
976	452
976	469
976	490
976	494
976	597
976	603
976	623
976	635
976	670
976	676
976	687
976	720
976	727
976	731
976	749
976	753
976	777
976	833
976	861
976	869
976	873
976	903
976	905
976	924
976	961
976	970
976	971
976	1000
977	4
977	83
977	150
977	157
977	202
977	231
977	275
977	304
977	325
977	329
977	362
977	368
977	440
977	445
977	446
977	455
977	458
977	470
977	484
977	485
977	537
977	567
977	610
977	613
977	630
977	633
977	690
977	785
977	786
977	814
977	886
977	904
977	912
977	919
977	923
977	958
977	993
977	994
977	996
978	15
978	79
978	90
978	118
978	122
978	130
978	170
978	183
978	225
978	268
978	273
978	297
978	333
978	366
978	433
978	507
978	529
978	538
978	645
978	671
978	680
978	687
978	701
978	742
978	789
978	806
978	816
978	818
978	820
978	824
978	840
978	909
978	918
978	928
978	936
978	937
978	939
978	943
978	959
979	50
979	76
979	97
979	103
979	136
979	137
979	138
979	151
979	199
979	331
979	387
979	390
979	435
979	462
979	536
979	592
979	638
979	657
979	667
979	669
979	678
979	683
979	702
979	720
979	728
979	805
979	836
979	837
979	856
979	860
979	878
979	879
979	908
979	947
979	962
979	970
979	982
979	986
979	995
980	57
980	58
980	128
980	133
980	145
980	213
980	216
980	218
980	305
980	333
980	363
980	379
980	428
980	521
980	546
980	568
980	572
980	581
980	583
980	601
980	615
980	624
980	649
980	661
980	704
980	705
980	711
980	714
980	733
980	775
980	847
980	858
980	861
980	871
980	886
980	894
980	929
980	964
980	966
980	968
981	51
981	78
981	103
981	126
981	166
981	177
981	187
981	190
981	193
981	195
981	205
981	236
981	276
981	338
981	359
981	412
981	434
981	505
981	553
981	558
981	641
981	645
981	658
981	747
981	755
981	770
981	779
981	792
981	802
981	827
981	868
981	897
981	902
981	911
981	941
981	945
981	963
981	965
981	969
981	987
981	999
982	27
982	76
982	97
982	103
982	136
982	137
982	138
982	151
982	262
982	292
982	331
982	387
982	390
982	435
982	520
982	536
982	592
982	625
982	638
982	657
982	669
982	678
982	683
982	702
982	720
982	728
982	805
982	819
982	836
982	837
982	846
982	872
982	878
982	908
982	947
982	970
982	979
982	986
982	991
982	995
982	998
983	20
983	21
983	32
983	60
983	68
983	173
983	285
983	341
983	346
983	352
983	365
983	373
983	389
983	492
983	506
983	527
983	530
983	570
983	614
983	660
983	730
983	763
983	771
983	810
983	852
983	861
983	868
983	881
983	910
983	915
983	919
983	925
983	931
983	934
983	954
983	960
983	962
983	966
983	988
983	991
983	997
984	1
984	2
984	10
984	30
984	54
984	74
984	120
984	123
984	151
984	153
984	221
984	255
984	315
984	326
984	335
984	372
984	375
984	377
984	500
984	531
984	562
984	573
984	605
984	643
984	689
984	796
984	804
984	815
984	846
984	855
984	868
984	932
984	933
984	937
984	946
984	950
984	955
984	956
984	975
984	985
984	987
984	989
985	10
985	44
985	54
985	74
985	81
985	123
985	153
985	221
985	255
985	315
985	326
985	335
985	372
985	375
985	377
985	426
985	531
985	573
985	605
985	643
985	689
985	726
985	728
985	796
985	804
985	815
985	846
985	855
985	868
985	932
985	933
985	937
985	946
985	950
985	955
985	956
985	975
985	984
985	987
985	989
985	993
985	996
986	8
986	23
986	27
986	84
986	97
986	136
986	137
986	199
986	262
986	331
986	348
986	360
986	387
986	390
986	435
986	520
986	536
986	592
986	625
986	638
986	657
986	669
986	678
986	702
986	720
986	805
986	836
986	837
986	841
986	846
986	878
986	879
986	908
986	945
986	947
986	949
986	962
986	970
986	979
986	982
986	995
986	998
987	10
987	15
987	43
987	44
987	54
987	74
987	123
987	188
987	221
987	255
987	315
987	326
987	335
987	372
987	375
987	377
987	426
987	531
987	573
987	605
987	643
987	689
987	728
987	741
987	796
987	804
987	815
987	846
987	855
987	868
987	909
987	932
987	933
987	937
987	946
987	950
987	955
987	956
987	975
987	981
987	984
987	985
987	989
988	21
988	32
988	60
988	152
988	173
988	203
988	254
988	285
988	341
988	346
988	349
988	352
988	365
988	373
988	389
988	426
988	450
988	492
988	501
988	506
988	527
988	530
988	570
988	614
988	660
988	685
988	690
988	763
988	810
988	852
988	861
988	881
988	910
988	915
988	925
988	931
988	954
988	962
988	966
988	983
988	990
988	991
988	997
989	153
989	179
989	197
989	282
989	296
989	300
989	307
989	309
989	314
989	337
989	355
989	401
989	510
989	555
989	591
989	640
989	674
989	678
989	730
989	737
989	741
989	785
989	796
989	808
989	812
989	815
989	832
989	839
989	855
989	885
989	926
989	932
989	933
989	943
989	946
989	949
989	950
989	953
989	955
989	975
989	984
989	985
989	987
990	5
990	7
990	12
990	47
990	86
990	91
990	172
990	217
990	249
990	269
990	311
990	333
990	350
990	444
990	454
990	514
990	552
990	556
990	562
990	646
990	672
990	681
990	684
990	705
990	712
990	713
990	732
990	750
990	758
990	798
990	825
990	838
990	866
990	870
990	879
990	880
990	884
990	921
990	923
990	971
990	988
991	20
991	21
991	60
991	152
991	173
991	203
991	254
991	285
991	341
991	346
991	349
991	352
991	365
991	373
991	389
991	426
991	445
991	492
991	501
991	506
991	527
991	530
991	570
991	614
991	660
991	752
991	763
991	771
991	810
991	852
991	868
991	881
991	893
991	899
991	910
991	915
991	925
991	931
991	954
991	962
991	966
991	982
991	983
991	988
991	997
992	25
992	50
992	65
992	83
992	87
992	101
992	110
992	163
992	165
992	178
992	214
992	228
992	295
992	329
992	384
992	405
992	489
992	567
992	620
992	627
992	628
992	659
992	673
992	688
992	725
992	809
992	811
992	817
992	819
992	821
992	831
992	834
992	841
992	865
992	875
992	877
992	880
992	896
992	922
992	934
992	936
992	938
992	994
992	997
992	998
993	92
993	151
993	231
993	234
993	244
993	274
993	376
993	381
993	403
993	413
993	421
993	424
993	446
993	470
993	484
993	491
993	540
993	571
993	590
993	610
993	630
993	655
993	659
993	667
993	679
993	690
993	697
993	746
993	764
993	768
993	781
993	785
993	786
993	814
993	835
993	847
993	882
993	889
993	904
993	919
993	961
993	977
993	985
993	996
994	39
994	48
994	67
994	70
994	87
994	90
994	98
994	101
994	102
994	132
994	168
994	180
994	228
994	237
994	251
994	374
994	386
994	410
994	441
994	473
994	516
994	550
994	591
994	593
994	600
994	627
994	659
994	673
994	721
994	748
994	783
994	803
994	821
994	831
994	845
994	875
994	877
994	934
994	938
994	956
994	974
994	977
994	992
994	997
994	999
994	1000
995	19
995	38
995	198
995	262
995	356
995	382
995	387
995	394
995	411
995	480
995	495
995	499
995	554
995	625
995	628
995	671
995	678
995	694
995	702
995	708
995	715
995	720
995	788
995	798
995	805
995	807
995	878
995	889
995	892
995	893
995	908
995	920
995	925
995	940
995	947
995	948
995	951
995	957
995	966
995	970
995	979
995	982
995	986
995	998
996	3
996	25
996	158
996	215
996	256
996	258
996	280
996	332
996	344
996	357
996	384
996	479
996	485
996	567
996	574
996	591
996	610
996	613
996	620
996	629
996	630
996	633
996	644
996	660
996	663
996	672
996	677
996	690
996	691
996	785
996	786
996	811
996	814
996	817
996	822
996	834
996	841
996	848
996	865
996	876
996	904
996	909
996	919
996	922
996	929
996	977
996	985
996	993
997	20
997	87
997	98
997	99
997	132
997	259
997	341
997	358
997	364
997	389
997	391
997	431
997	436
997	482
997	535
997	589
997	591
997	619
997	640
997	669
997	724
997	748
997	763
997	771
997	773
997	783
997	810
997	826
997	829
997	831
997	845
997	852
997	857
997	873
997	875
997	877
997	881
997	910
997	915
997	931
997	934
997	940
997	954
997	974
997	983
997	988
997	991
997	992
997	994
998	175
998	222
998	286
998	301
998	316
998	349
998	398
998	417
998	579
998	617
998	618
998	638
998	651
998	657
998	669
998	671
998	678
998	694
998	708
998	720
998	745
998	772
998	788
998	794
998	836
998	878
998	879
998	892
998	920
998	928
998	940
998	947
998	948
998	951
998	957
998	962
998	966
998	967
998	970
998	975
998	982
998	986
998	992
998	995
999	51
999	73
999	78
999	126
999	140
999	166
999	177
999	190
999	193
999	195
999	205
999	208
999	254
999	276
999	286
999	338
999	359
999	412
999	417
999	434
999	474
999	504
999	505
999	553
999	558
999	568
999	641
999	645
999	658
999	734
999	747
999	755
999	770
999	779
999	792
999	802
999	804
999	827
999	868
999	897
999	902
999	907
999	941
999	945
999	963
999	965
999	969
999	981
999	994
1000	53
1000	91
1000	107
1000	152
1000	188
1000	204
1000	245
1000	258
1000	279
1000	284
1000	302
1000	318
1000	345
1000	348
1000	353
1000	396
1000	406
1000	418
1000	452
1000	469
1000	490
1000	494
1000	512
1000	597
1000	603
1000	623
1000	635
1000	667
1000	676
1000	688
1000	723
1000	727
1000	731
1000	739
1000	749
1000	753
1000	777
1000	824
1000	833
1000	861
1000	869
1000	873
1000	903
1000	905
1000	923
1000	924
1000	961
1000	971
1000	976
1000	994
