1 699 977
2 752
3 909
4 977
5 646
6 901
7 838
8 986
9 935
10 987
11 857
12 646
13 716
14 943
15 978 987
16 972
17 692
18 952
19 889
20 991
21 991
22 957
23 986
24 930
25 922
26 960
27 986
28 960
29 882
30 682 853
31 752
32 991
33 692
34 935
35 716
36 952
37 935
38 889
39 994
40 752 883
41 699
42 943
43 987
44 987
45 752 882
46 957
47 646
48 994
49 952
50 986
51 999
52 973
53 1000
54 987
55 699
56 935
57 964
58 964
59 874
60 991
61 957
62 952
63 882
64 972
65 922
66 935
67 994
68 917 991
69 972
70 994
71 935
72 699
73 999
74 987
75 943
76 986
77 853
78 999
79 978
80 943
81 922
82 883
83 977
84 986
85 960
86 923
87 994
88 917
89 762
90 917
91 923
92 882
93 853
94 752
95 943
96 935
97 986
98 994
99 857
100 736
101 994
102 994
103 986
104 901
105 901
106 922
107 1000
108 935
109 960
110 819
111 863
112 699
113 882 957
114 943
115 522
116 857
117 863
118 978
119 699
120 930
121 901
122 978
123 987
124 909
125 935
126 999
127 752
128 964
129 889
130 978
131 832
132 994
133 964
134 917
135 952
136 986
137 986
138 986
139 874
140 901 935
141 901
142 752
143 923
144 917
145 964
146 960
147 882
148 736
149 707
150 692
151 986
152 991
153 987
154 922
155 736
156 943
157 977
158 957
159 943
160 917
161 960
162 863
163 819
164 922
165 819
166 999
167 917
168 994
169 857
170 978
171 917
172 838
173 991
174 935
175 794
176 952
177 999
178 819
179 943
180 994
181 943
182 957
183 978
184 762
185 901
186 707
187 922 943
188 1000
189 943
190 999
191 943
192 960
193 999
194 882
195 999
196 736
197 832
198 889
199 986
200 736
201 994
202 977
203 991
204 1000
205 999
206 874
207 707
208 863
209 909
210 972
211 957
212 762
213 964
214 819
215 909
216 964
217 646
218 964
219 707
220 699
221 987
222 794
223 930
224 692
225 972
226 874
227 923
228 994
229 952
230 682
231 977
232 973
233 716
234 781
235 973
236 923
237 994
238 943
239 692
240 752
241 972
242 752
243 923
244 882
245 1000
246 522
247 935
248 901
249 838
250 889
251 994
252 952
253 882
254 857 991
255 987
256 922
257 901
258 1000
259 857
260 930
261 935
262 986
263 935
264 973
265 853
266 960
267 707
268 978
269 838
270 943
271 901
272 930 960
273 978
274 882
275 977
276 999
277 957
278 874
279 1000
280 909
281 909
282 832
283 917
284 1000
285 991
286 794 935
287 973
288 917
289 952
290 863
291 952
292 882
293 699
294 853
295 922
296 943
297 978
298 682
299 863
300 832
301 794
302 752
303 752
304 977
305 964
306 973
307 943
308 863
309 832
310 699
311 646
312 952
313 762
314 832
315 987
316 794
317 699
318 1000
319 972
320 716
321 972
322 832
323 917
324 935
325 972 978
326 987
327 762
328 853
329 838
330 682
331 986
332 909
333 964 978
334 972
335 987
336 973
337 832
338 999
339 923
340 960
341 991
342 917
343 973
344 909
345 1000
346 991
347 853
348 1000
349 794 991
350 838
351 522
352 991
353 1000
354 960
355 943
356 889
357 909
358 857
359 999
360 986
361 930
362 977
363 964
364 972
365 991
366 978
367 909
368 977
369 957
370 930
371 522
372 987
373 991
374 994
375 987
376 882
377 987
378 943
379 964
380 762 952
381 781
382 889
383 922
384 922
385 901
386 994
387 986
388 972
389 991
390 986
391 857
392 762
393 752
394 889
395 952
396 1000
397 972
398 794
399 682 762
400 752
401 707
402 699
403 882
404 952
405 819
406 1000
407 973
408 952
409 883
410 994
411 889
412 999
413 781
414 752
415 972
416 682
417 999
418 1000
419 922
420 917
421 882
422 930
423 857
424 781
425 964
426 987 991
427 853
428 863
429 930
430 972
431 857
432 736
433 978
434 999
435 986
436 857
437 960
438 930
439 957
440 977
441 994
442 699
443 882
444 838
445 960 991
446 977
447 973
448 736
449 952
450 935
451 952
452 972 1000
453 957
454 838
455 874 977
456 923
457 935
458 977
459 762 952
460 752
461 863
462 909 972
463 930
464 952
465 973
466 957
467 883
468 957
469 1000
470 977
471 973
472 952
473 960 994
474 752
475 901
476 917
477 853
478 863
479 909
480 889
481 960
482 994
483 692
484 977
485 977
486 682
487 889
488 972
489 819
490 1000
491 882
492 991
493 943
494 1000
495 889
496 935
497 960
498 874
499 522
500 838
501 991
502 952
503 853
504 874 999
505 874 999
506 991
507 978
508 972
509 883
510 832
511 935
512 1000
513 909
514 838
515 930
516 994
517 736
518 943
519 692
520 986
521 964
522 522
523 752
524 682
525 909
526 736
527 991
528 716
529 978
530 991
531 987
532 901
533 930
534 682
535 857
536 986
537 977
538 978
539 973
540 882
541 973
542 707
543 699
544 857
545 522
546 964
547 935
548 935
549 863 960
550 994
551 762
552 838
553 999
554 952
555 943
556 838
557 923
558 999
559 923
560 973
561 930
562 646
563 960
564 952
565 973
566 960
567 977 978
568 964
569 853
570 991
571 781
572 964
573 987
574 909
575 522
576 930
577 917
578 952
579 794
580 883
581 964
582 943
583 964
584 857
585 522
586 943
587 736
588 762
589 952
590 957 973
591 692
592 986
593 994
594 972
595 922
596 952
597 1000
598 883
599 863
600 917 994
601 964
602 952
603 1000
604 716
605 987
606 853
607 909
608 973
609 935
610 977
611 960
612 960
613 977
614 991
615 964
616 832
617 957
618 794
619 857
620 922
621 973
622 874
623 1000
624 964
625 986
626 883
627 994
628 819
629 922
630 977
631 901
632 874
633 977
634 707
635 1000
636 853
637 752
638 986
639 692
640 943
641 999
642 752
643 987
644 909
645 999
646 646
647 972
648 930
649 964
650 853
651 794
652 930
653 978
654 692
655 781
656 874
657 986
658 999
659 972 994
660 991
661 853
662 960
663 922
664 853 863 874
665 522
666 716
667 882 1000
668 883
669 986
670 882
671 957
672 909
673 994
674 832
675 889
676 1000
677 909
678 986
679 781
680 978
681 923
682 682
683 986
684 923
685 692
686 972
687 978
688 819
689 987
690 977
691 922
692 692
693 972
694 957
695 874
696 952
697 882
698 716
699 699
700 874
701 978
702 986
703 716
704 863
705 964
706 973
707 707
708 957
709 972
710 699
711 964
712 923
713 923
714 964
715 889
716 716
717 716
718 699 853 960
719 863
720 986
721 901 994
722 752
723 952
724 857
725 819
726 883
727 1000
728 986 987
729 943
730 943
731 1000
732 923
733 964
734 857 943 999
735 917
736 736
737 832
738 853
739 716 952 1000
740 952
741 832
742 978
743 736
744 952
745 682 707 986
746 882
747 960 978 999
748 994
749 1000
750 838
751 883
752 752
753 1000
754 917
755 999
756 952
757 930
758 923
759 901
760 909
761 952
762 762
763 991
764 781
765 973
766 901
767 909 952
768 882
769 930
770 999
771 991
772 794
773 857
774 973
775 964
776 973
777 1000
778 935
779 999
780 930
781 781
782 960
783 994
784 935
785 977
786 977
787 930
788 957
789 978
790 883
791 909 922 957
792 999
793 943
794 794
795 883
796 987
797 682 909 930
798 889
799 973
800 707
801 935
802 999
803 863
804 874 952 987
805 986
806 978
807 972
808 707
809 819
810 991
811 922
812 832
813 960
814 977
815 987
816 978
817 922
818 978
819 819
820 978
821 994
822 909
823 935
824 882 978 1000
825 923
826 857
827 999
828 964
829 857
830 935
831 994
832 832
833 1000
834 922
835 882
836 986
837 986
838 838
839 935
840 978
841 922
842 917
843 752
844 960
845 994
846 882 986 987
847 964
848 909
849 699
850 857
851 883
852 991
853 853
854 935
855 987
856 917
857 857
858 964
859 972
860 935
861 964 991 1000
862 943
863 863
864 960
865 922
866 838
867 930
868 987 991 999
869 1000
870 923
871 964
872 883
873 930 957 1000
874 874
875 994
876 882
877 994
878 986
879 838 930 986
880 923
881 991
882 882
883 883
884 923
885 943
886 977
887 952
888 960
889 889
890 960
891 952
892 957
893 889
894 762 964 972
895 972
896 707 819 957
897 999
898 952
899 972
900 901
901 901
902 999
903 1000
904 977
905 1000
906 960
907 930
908 986
909 909
910 991
911 930
912 882 923 973
913 972
914 935
915 991
916 707 882 960
917 917
918 978
919 977
920 957
921 923
922 922
923 923
924 943 973 1000
925 889 917 991
926 943
927 692 952 973
928 978
929 909 964 973
930 930
931 991
932 987
933 987
934 994
935 935
936 978
937 863 978 987
938 994
939 978
940 957
941 999
942 972
943 943
944 972
945 999
946 987
947 986
948 957
949 943
950 987
951 957
952 952
953 943
954 991
955 987
956 952 987 994
957 957
958 952
959 978
960 960
961 1000
962 952 986 991
963 999
964 964
965 999
966 917 957 991
967 973
968 964
969 999
970 986
971 1000
972 972
973 973
974 853 960 994
975 987
976 1000
977 977
978 978
979 986
980 964
981 999
982 986
983 991
984 987
985 987
986 986
987 987
988 991
989 832 943 987
990 646 838 923
991 991
992 819 922 994
993 781 882 977
994 994
995 889 957 986
996 909 922 977
997 857 991 994
998 794 957 986
999 999
1000 1000
