1	38 
2	48 
3	43 
4	21 
5	34 
6	35 
7	35 
8	49 
9	33 
10	1 
11	48 
12	6 
13	5 
14	30 
15	23 
16	45 
17	10 
18	17 
19	27 
20	23 
21	4 
22	21 
23	1 32 36 49 
24	18 
25	49 
26	6 
27	28 
28	43 
29	18 
30	17 
31	14 
32	7 15 38 48 
33	34 
34	21 
35	25 
36	33 
37	22 
38	33 
39	2 11 14 34 
40	45 
41	26 
42	35 
43	4 7 25 43 
44	6 
45	44 
46	30 
47	45 
48	35 
49	1 
50	8 
51	8 
52	21 31 37 48 
53	43 
54	38 
55	45 
56	33 
57	36 
58	3 41 43 47 
59	9 
60	26 
61	26 
62	26 
63	21 
64	47 
65	19 
66	20 
67	33 
68	7 13 15 35 
69	12 
70	6 
71	21 
72	42 
73	27 
74	32 
75	18 
76	12 
77	28 
78	46 
79	28 
80	45 
81	31 
82	26 
83	31 
84	15 
85	32 
86	15 
87	32 
88	45 
89	30 
90	46 
91	7 
92	15 
93	49 
94	38 
95	21 
96	20 
97	39 
98	25 
99	7 
100	14 
101	49 
102	18 
103	20 
104	19 
105	33 
106	42 
107	33 
108	48 
109	12 
110	14 
111	2 
112	18 
113	2 
114	4 
115	28 
116	46 
117	34 
118	17 
119	37 
120	18 
121	25 
122	33 
123	41 
124	10 
125	12 25 29 41 
126	33 
127	19 
128	2 
129	37 
130	3 
131	43 
132	15 
133	29 
134	3 
135	7 
136	19 
137	32 
138	7 8 28 44 
139	25 
140	34 
141	20 
142	38 
143	14 
144	14 
145	28 
146	12 
147	2 23 33 35 
148	17 
149	49 
150	29 
151	15 
152	45 
153	2 
154	11 12 15 19 
155	14 
156	25 
157	21 
158	33 
159	15 
160	14 
161	1 
162	12 15 19 44 
163	32 
164	43 
165	44 
166	12 
167	49 
168	47 
169	31 
170	19 
171	48 
172	41 
173	28 
174	22 
175	23 27 33 41 
176	17 
177	44 
178	7 
179	31 
180	21 
181	41 
182	18 
183	8 
184	21 
185	21 
186	6 13 26 47 
187	23 
188	37 
189	7 
190	15 
191	39 
192	9 18 28 33 
193	15 
194	15 
195	49 
196	7 14 26 48 
197	7 
198	37 
199	14 
200	26 
201	15 
202	38 
203	7 
204	10 23 36 49 
205	9 12 32 45 
206	47 
207	3 
208	39 
209	16 
210	18 
211	31 
212	4 
213	24 
214	28 
215	18 
216	12 
217	31 
218	6 
219	18 
220	28 
221	26 
222	41 
223	26 
224	40 
225	6 
226	35 
227	3 
228	41 
229	9 21 27 40 
230	14 
231	46 
232	28 
233	17 
234	3 
235	42 
236	25 
237	11 
238	33 
239	4 
240	44 
241	7 
242	42 
243	15 
244	35 
245	7 
246	47 
247	3 
248	32 
249	1 
250	20 
251	21 
252	34 
253	19 
254	31 
255	19 
256	47 
257	6 
258	28 
259	39 
260	49 
261	9 
262	2 
263	19 
264	2 
265	19 
266	6 
267	18 
268	10 
269	43 
270	25 
271	43 
272	1 6 14 19 
273	16 
274	1 
275	18 
276	3 
277	11 21 39 46 
278	31 
279	29 
280	15 
281	12 19 21 31 
282	48 
283	41 
284	6 
285	33 
286	46 
287	33 
288	22 
289	12 
290	45 
291	25 
292	12 
293	41 
294	22 
295	41 
296	40 
297	18 
298	37 
299	40 
300	21 
301	33 
302	12 
303	9 
304	18 
305	37 
306	38 
307	6 
308	1 8 21 22 
309	18 
310	31 
311	37 
312	48 
313	4 32 34 44 
314	44 
315	31 
316	31 
317	38 
318	45 
319	34 
320	28 
321	3 29 37 38 
322	43 
323	8 
324	16 
325	49 
326	1 14 42 48 
327	49 
328	49 
329	23 
330	34 
331	1 
332	15 
333	15 
334	7 
335	18 
336	43 
337	37 
338	19 
339	37 
340	7 
341	35 
342	47 
343	43 
344	7 18 37 38 
345	12 
346	1 
347	26 
348	4 
349	48 
350	7 
351	22 
352	6 
353	32 
354	44 
355	28 
356	15 
357	21 
358	19 
359	5 15 28 46 
360	37 
361	11 
362	5 20 40 45 
363	30 
364	7 
365	31 
366	40 
367	9 19 28 49 
368	5 
369	12 
370	33 
371	46 
372	16 
373	25 
374	37 
375	41 
376	10 
377	22 31 35 48 
378	18 
379	19 
380	6 
381	44 
382	8 
383	30 
384	21 
385	2 12 14 23 
386	28 
387	4 
388	49 
389	45 
390	1 
391	12 
392	7 
393	10 
394	17 
395	26 
396	12 
397	8 
398	6 
399	20 
400	28 
401	48 
402	38 
403	3 
404	6 
405	46 
406	14 
407	25 
408	3 
409	40 
410	30 
411	29 
412	1 
413	44 
414	37 
415	11 
416	27 
417	40 
418	27 
419	33 
420	2 
421	12 
422	12 
423	34 
424	6 
425	26 
426	45 
427	12 26 28 32 
428	15 
429	17 
430	9 12 13 26 
431	17 
432	11 
433	28 
434	22 
435	14 15 19 27 
436	3 
437	20 
438	21 
439	6 
440	31 
441	25 
442	12 
443	15 
444	38 
445	17 
446	28 
447	43 
448	37 
449	7 
450	25 
451	15 
452	6 
453	16 
454	29 
455	17 
456	38 
457	6 
458	9 
459	18 
460	6 22 37 49 
461	7 
462	29 
463	18 
464	48 
465	2 38 42 45 
466	33 
467	28 
468	6 22 28 35 
469	14 
470	30 
471	43 
472	30 
473	34 
474	39 
475	34 
476	12 
477	25 
478	3 16 37 48 
479	37 
480	29 
481	44 
482	24 
483	10 
484	33 
485	11 18 25 38 
486	25 
487	1 
488	21 27 34 44 
489	15 
490	26 
491	29 
492	27 
493	42 
494	43 
495	29 36 40 44 
496	14 
497	17 
498	7 23 25 44 
499	11 
500	11 
501	16 
502	44 
503	33 
504	9 
505	9 15 29 31 
506	35 
507	14 15 25 29 
508	45 
509	42 
510	49 
511	3 11 22 32 
512	22 
513	40 
514	32 
515	18 
516	1 6 8 24 
517	3 
518	47 
519	10 
520	20 
521	29 
522	4 9 15 34 
523	14 
524	22 35 37 48 
525	16 
526	24 
527	25 
528	26 
529	9 
530	39 
531	20 
532	37 
533	29 
534	44 
535	12 
536	1 
537	37 
538	47 
539	10 
540	6 
541	1 
542	5 
543	36 
544	11 20 28 35 
545	30 
546	39 
547	7 
548	34 
549	13 
550	36 
551	5 
552	14 
553	32 
554	18 
555	24 
556	49 
557	28 
558	22 
559	34 
560	26 
561	5 
562	18 
563	37 
564	17 
565	11 
566	15 
567	23 
568	37 
569	8 34 35 38 
570	19 
571	9 
572	44 
573	40 
574	29 
575	6 9 27 34 
576	23 
577	7 
578	25 
579	31 
580	17 
581	20 
582	11 19 22 34 
583	19 
584	24 
585	13 
586	19 
587	29 
588	32 
589	11 21 37 43 
590	44 
591	20 
592	12 
593	21 
594	23 
595	49 
596	25 
597	45 
598	45 
599	2 
600	44 
601	44 
602	34 
603	14 
604	44 
605	42 
606	43 
607	37 
608	45 
609	1 14 31 47 
610	36 
611	29 
612	32 
613	37 
614	4 
615	43 
616	17 
617	15 
618	18 
619	16 
620	11 
621	12 
622	7 
623	26 
624	15 
625	7 
626	12 
627	29 
628	21 
629	7 
630	8 
631	4 7 14 15 
632	11 
633	11 
634	13 
635	12 
636	16 
637	6 
638	45 
639	21 
640	30 
641	14 
642	17 
643	3 
644	10 
645	37 
646	11 
647	18 19 45 47 
648	15 
649	2 
650	43 
651	26 
652	6 
653	22 
654	10 21 42 46 
655	2 
656	14 18 37 43 
657	15 
658	28 
659	34 
660	21 
661	5 15 33 37 
662	45 
663	43 
664	24 
665	14 
666	34 
667	18 
668	3 
669	25 
670	37 
671	2 
672	45 
673	3 
674	23 
675	12 
676	26 
677	36 
678	6 
679	1 2 33 44 
680	27 
681	37 
682	34 
683	45 
684	35 
685	25 
686	33 
687	20 26 28 36 
688	20 
689	2 12 19 21 
690	33 
691	13 29 33 45 
692	6 18 34 42 
693	35 
694	15 
695	37 
696	12 
697	43 
698	10 
699	48 
700	9 
701	1 26 29 39 
702	1 
703	9 
704	24 
705	7 
706	6 
707	34 
708	7 
709	29 
710	42 
711	5 
712	7 
713	6 
714	18 31 42 43 
715	21 
716	18 
717	31 
718	25 
719	34 
720	11 18 33 44 
721	23 
722	14 
723	23 
724	13 
725	34 
726	15 
727	26 
728	40 
729	13 
730	6 
731	19 24 37 48 
732	35 38 39 45 
733	4 
734	22 
735	12 
736	3 6 7 20 
737	29 
738	3 6 15 21 
739	11 
740	22 
741	11 
742	34 
743	26 
744	48 
745	24 
746	7 
747	43 
748	48 
749	33 
750	39 
751	18 21 23 34 
752	33 
753	38 
754	4 
755	11 
756	34 
757	38 
758	34 
759	49 
760	7 
761	12 
762	20 
763	1 
764	42 
765	49 
766	8 
767	37 
768	38 
769	1 
770	6 
771	43 
772	43 
773	20 
774	40 
775	2 
776	3 15 22 48 
777	27 
778	39 
779	17 
780	39 
781	43 
782	18 
783	43 
784	7 
785	35 
786	10 
787	49 
788	1 
789	11 
790	2 16 26 27 
791	31 
792	43 
793	9 
794	45 
795	7 
796	1 
797	14 
798	25 
799	27 
800	32 
801	13 36 46 48 
802	12 
803	47 
804	14 
805	39 
806	3 
807	31 
808	34 
809	19 
810	1 4 16 37 
811	49 
812	40 
813	1 12 26 44 
814	35 
815	45 
816	6 
817	7 
818	33 
819	2 
820	26 
821	43 
822	42 
823	26 
824	12 
825	16 
826	1 
827	12 
828	28 
829	37 
830	4 
831	34 
832	15 
833	4 
834	2 
835	6 
836	25 
837	26 
838	33 
839	11 14 21 45 
840	43 
841	1 
842	49 
843	13 29 33 40 
844	32 
845	22 
846	38 
847	29 
848	27 35 37 48 
849	39 
850	25 
851	25 
852	3 7 26 41 
853	23 
854	44 
855	19 
856	49 
857	21 
858	43 
859	2 
860	37 
861	40 
862	16 27 33 47 
863	7 
864	29 
865	43 
866	5 18 33 40 
867	6 
868	27 
869	14 
870	28 
871	6 
872	21 
873	32 
874	25 29 39 40 
875	9 
876	26 
877	11 
878	1 
879	34 
880	31 
881	37 
882	12 
883	22 
884	39 
885	37 
886	43 
887	45 
888	14 
889	6 11 24 37 
890	26 
891	49 
892	14 18 21 45 
893	43 
894	29 
895	37 
896	33 
897	14 
898	34 
899	1 3 22 23 
900	11 
901	49 
902	29 
903	7 
904	33 
905	25 
906	19 
907	29 
908	35 
909	18 
910	34 
911	14 
912	25 
913	6 
914	28 
915	6 
916	12 18 21 49 
917	22 
918	43 
919	21 
920	21 
921	22 
922	43 
923	31 
924	25 
925	25 
926	4 6 11 16 
927	1 
928	31 
929	25 
930	45 
931	3 6 13 26 
932	7 
933	45 
934	21 
935	7 
936	25 
937	18 
938	28 
939	19 
940	22 
941	44 
942	15 
943	2 14 27 33 
944	43 
945	7 
946	11 
947	34 
948	6 
949	33 
950	33 
951	14 24 29 48 
952	7 
953	28 
954	19 
955	15 
956	26 
957	9 19 28 29 
958	18 
959	18 
960	14 
961	49 
962	49 
963	18 
964	1 13 31 33 
965	34 
966	14 
967	15 
968	26 
969	49 
970	28 
971	18 
972	28 
973	15 
974	18 
975	28 
976	14 
977	1 
978	14 
979	12 
980	21 
981	18 
982	34 
983	26 
984	1 5 12 15 
985	14 
986	6 22 23 29 
987	15 
988	7 
989	6 
990	18 
991	12 
992	5 8 21 26 
993	14 
994	12 
995	37 
996	37 
997	37 
998	18 
999	1 33 39 49 
1000	2 12 28 49 
