1 846
2 748
3 944
4 980
5 982
6 908
7 908
8 969
9 949
10 977
11 748
12 989
13 711
14 545
15 853
16 930
17 644
18 779
19 799
20 853
21 833
22 980
23 543
24 998
25 969
26 989
27 975
28 944
29 998
30 779
31 993
32 748 846
33 982
34 980
35 929
36 949
37 940
38 949
39 859 900
40 930
41 983
42 908
43 833 998
44 989
45 941
46 545
47 930
48 908
49 977
50 630
51 630
52 923
53 944
54 846
55 930
56 949
57 543
58 293 668
59 875
60 983
61 983
62 983
63 980
64 538
65 954
66 762
67 949
68 729 908
69 994
70 989
71 980
72 764
73 799
74 873
75 998
76 994
77 975
78 286
79 975
80 930
81 923
82 983
83 923
84 987
85 873
86 987
87 873
88 930
89 545
90 286
91 988
92 987
93 969
94 846
95 980
96 762
97 884
98 929
99 988
100 993
101 969
102 998
103 762
104 954
105 949
106 764
107 949
108 748
109 994
110 993
111 859
112 998
113 859
114 833
115 975
116 286
117 982
118 779
119 997
120 998
121 929
122 949
123 293
124 644
125 907 940
126 949
127 954
128 859
129 997
130 668
131 944
132 987
133 907
134 668
135 988
136 954
137 873
138 941 975 988 997
139 929
140 982
141 762
142 846
143 993
144 993
145 975
146 994
147 859 949
148 779
149 969
150 907
151 987
152 930
153 859
154 944 954
155 993
156 929
157 980
158 949
159 987
160 993
161 977
162 954
163 873
164 944
165 941
166 994
167 969
168 538
169 923
170 954
171 748
172 293
173 975
174 940
175 293
176 779
177 941
178 988
179 923
180 980
181 293
182 998
183 630
184 980
185 980
186 729
187 853
188 997
189 988
190 987
191 884
192 875
193 987
194 987
195 969
196 983 989
197 988
198 997
199 993
200 983
201 987
202 846
203 988
204 543 644
205 873 875
206 538
207 668
208 884
209 825
210 998
211 923
212 833
213 745
214 975
215 998
216 994
217 923
218 989
219 998
220 975
221 983
222 293
223 983
224 861
225 989
226 908
227 668
228 293
229 799 875
230 993
231 286
232 975
233 779
234 668
235 764
236 929
237 900
238 949
239 833
240 941
241 988
242 764
243 987
244 908
245 988
246 538
247 668
248 873
249 977
250 762
251 980
252 982
253 954
254 923
255 954
256 538
257 989
258 975
259 884
260 969
261 875
262 859
263 954
264 859
265 954
266 989
267 998
268 644
269 944
270 929
271 944
272 977
273 825
274 977
275 998
276 668
277 900
278 923
279 907
280 987
281 954 980 994
282 748
283 293
284 989
285 949
286 286
287 949
288 940
289 994
290 930
291 929
292 994
293 293
294 940
295 293
296 861
297 998
298 997
299 861
300 980
301 949
302 994
303 875
304 998
305 997
306 846
307 989
308 630 977
309 998
310 923
311 997
312 748
313 833 941
314 941
315 923
316 923
317 846
318 930
319 982
320 975
321 668
322 944
323 630
324 825
325 969
326 764 977 988 993
327 969
328 969
329 853
330 982
331 977
332 987
333 987
334 988
335 998
336 944
337 997
338 954
339 997
340 988
341 908
342 538
343 944
344 988
345 994
346 977
347 983
348 833
349 748
350 988
351 940
352 989
353 873
354 941
355 975
356 987
357 980
358 954
359 286 711
360 997
361 900
362 762 861 930
363 545
364 988
365 923
366 861
367 975
368 711
369 994
370 949
371 286
372 825
373 929
374 997
375 293
376 644
377 668 908
378 998
379 954
380 989
381 941
382 630
383 545
384 980
385 859
386 975
387 833
388 969
389 930
390 977
391 994
392 988
393 644
394 779
395 983
396 994
397 630
398 989
399 762
400 975
401 748
402 846
403 668
404 989
405 286
406 993
407 929
408 668
409 861
410 545
411 907
412 977
413 941
414 997
415 900
416 799
417 861
418 799
419 949
420 859
421 994
422 994
423 982
424 989
425 983
426 930
427 983 994
428 987
429 779
430 994
431 779
432 900
433 975
434 940
435 993
436 668
437 762
438 980
439 989
440 923
441 929
442 994
443 987
444 846
445 779
446 975
447 944
448 997
449 988
450 929
451 987
452 989
453 825
454 907
455 779
456 846
457 989
458 875
459 998
460 989
461 988
462 907
463 998
464 748
465 859
466 949
467 975
468 940 989
469 993
470 545
471 944
472 545
473 982
474 884
475 982
476 994
477 929
478 668 748 825
479 997
480 907
481 941
482 745
483 644
484 949
485 900
486 929
487 977
488 799 980
489 987
490 983
491 907
492 799
493 764
494 944
495 543 861
496 993
497 779
498 853 929 988
499 900
500 900
501 825
502 941
503 949
504 875
505 875 987
506 908
507 987 993
508 930
509 764
510 969
511 668 900
512 940
513 861
514 873
515 998
516 977
517 668
518 538
519 644
520 762
521 907
522 833 875 987
523 993
524 908 940
525 825
526 745
527 929
528 983
529 875
530 884
531 762
532 997
533 907
534 941
535 994
536 977
537 997
538 538
539 644
540 989
541 977
542 711
543 543
544 762 900
545 545
546 884
547 988
548 982
549 729
550 543
551 711
552 993
553 873
554 998
555 745
556 969
557 975
558 940
559 982
560 983
561 711
562 998
563 997
564 779
565 900
566 987
567 853
568 997
569 908 982
570 954
571 875
572 941
573 861
574 907
575 799 875 989
576 853
577 988
578 929
579 923
580 779
581 762
582 900 940 954
583 954
584 745
585 729
586 954
587 907
588 873
589 900 980 997
590 941
591 762
592 994
593 980
594 853
595 969
596 929
597 930
598 930
599 859
600 941
601 941
602 982
603 993
604 941
605 764
606 944
607 997
608 930
609 923 977 993
610 543
611 907
612 873
613 997
614 833
615 944
616 779
617 987
618 998
619 825
620 900
621 994
622 988
623 983
624 987
625 988
626 994
627 907
628 980
629 988
630 630
631 833 987 988 993
632 900
633 900
634 729
635 994
636 825
637 989
638 930
639 980
640 545
641 993
642 779
643 668
644 644
645 997
646 900
647 538 930 954 998
648 987
649 859
650 944
651 983
652 989
653 940
654 286 644 764 980
655 859
656 993 997 998
657 987
658 975
659 982
660 980
661 949 987 997
662 930
663 944
664 745
665 993
666 982
667 998
668 668
669 929
670 997
671 859
672 930
673 668
674 853
675 994
676 983
677 543
678 989
679 941 949 977
680 799
681 997
682 982
683 930
684 908
685 929
686 949
687 543 762 975 983
688 762
689 859 954 980 994
690 949
691 729 907 930 949
692 982 989 998
693 908
694 987
695 997
696 994
697 944
698 644
699 748
700 875
701 977 983
702 977
703 875
704 745
705 988
706 989
707 982
708 988
709 907
710 764
711 711
712 988
713 989
714 923 998
715 980
716 998
717 923
718 929
719 982
720 900 998
721 853
722 993
723 853
724 729
725 982
726 987
727 983
728 861
729 729
730 989
731 745 954 997
732 846 908
733 833
734 940
735 994
736 668 989
737 907
738 668 989
739 900
740 940
741 900
742 982
743 983
744 748
745 745
746 988
747 944
748 748
749 949
750 884
751 853 980 998
752 949
753 846
754 833
755 900
756 982
757 846
758 982
759 969
760 988
761 994
762 762
763 977
764 764
765 969
766 630
767 997
768 846
769 977
770 989
771 944
772 944
773 762
774 861
775 859
776 668 748 987
777 799
778 884
779 779
780 884
781 944
782 998
783 944
784 988
785 908
786 644
787 969
788 977
789 900
790 799 859 983
791 923
792 944
793 875
794 930
795 988
796 977
797 993
798 929
799 799
800 873
801 286 543 729
802 994
803 538
804 993
805 884
806 668
807 923
808 982
809 954
810 825 833 977 997
811 969
812 861
813 977 983 994
814 908
815 930
816 989
817 988
818 949
819 859
820 983
821 944
822 764
823 983
824 994
825 825
826 977
827 994
828 975
829 997
830 833
831 982
832 987
833 833
834 859
835 989
836 929
837 983
838 949
839 900 930 980 993
840 944
841 977
842 969
843 729 861 907 949
844 873
845 940
846 846
847 907
848 799 908 997
849 884
850 929
851 929
852 293 668 983 988
853 853
854 941
855 954
856 969
857 980
858 944
859 859
860 997
861 861
862 538 799 825 949
863 988
864 907
865 944
866 861 949 998
867 989
868 799
869 993
870 975
871 989
872 980
873 873
874 861 884 907 929
875 875
876 983
877 900
878 977
879 982
880 923
881 997
882 994
883 940
884 884
885 997
886 944
887 930
888 993
889 745 900 989 997
890 983
891 969
892 930 980 993 998
893 944
894 907
895 997
896 949
897 993
898 982
899 853 940 977
900 900
901 969
902 907
903 988
904 949
905 929
906 954
907 907
908 908
909 998
910 982
911 993
912 929
913 989
914 975
915 989
916 969 980 994 998
917 940
918 944
919 980
920 980
921 940
922 944
923 923
924 929
925 929
926 825 833 900 989
927 977
928 923
929 929
930 930
931 668 729 983 989
932 988
933 930
934 980
935 988
936 929
937 998
938 975
939 954
940 940
941 941
942 987
943 799 859 949 993
944 944
945 988
946 900
947 982
948 989
949 949
950 949
951 745 748 907 993
952 988
953 975
954 954
955 987
956 983
957 875 907 954 975
958 998
959 998
960 993
961 969
962 969
963 998
964 729 923 949 977
965 982
966 993
967 987
968 983
969 969
970 975
971 998
972 975
973 987
974 998
975 975
976 993
977 977
978 993
979 994
980 980
981 998
982 982
983 983
984 711 977 987 994
985 993
986 853 907 940 989
987 987
988 988
989 989
990 998
991 994
992 630 711 980 983
993 993
994 994
995 997
996 997
997 997
998 998
999 884 949 969 977
1000 859 969 975 994
