1 998
2 1000
3 973
4 985
5 1000
6 973
7 568 948
8 926
9 915
10 983
11 1000
12 948
13 894
14 981
15 1000
16 997
17 952 973
18 956
19 997
20 973
21 860
22 530
23 797
24 958
25 778
26 930
27 530
28 926
29 973
30 735
31 453
32 882
33 435 775
34 841
35 670
36 997
37 960
38 983
39 997
40 778
41 539
42 985
43 530
44 539
45 952
46 983
47 539
48 708
49 894
50 775
51 926
52 670
53 956
54 985
55 877
56 797
57 988
58 983
59 1000
60 956
61 926
62 1000
63 952
64 895
65 997
66 834
67 1000
68 957
69 775
70 957
71 997
72 972
73 841
74 997
75 973
76 860
77 539
78 539 960
79 960
80 930
81 877
82 976
83 1000
84 976
85 928
86 708
87 948
88 997
89 862
90 952 998
91 997
92 894
93 968
94 872
95 577
96 958
97 998
98 435 860
99 778 928
100 577
101 1000
102 775
103 981
104 957 973 993
105 841
106 770
107 435
108 872
109 775
110 952
111 972
112 860
113 577
114 894
115 860
116 972
117 998
118 775
119 457
120 997
121 968
122 847
123 928
124 981
125 983 985
126 872
127 862
128 860 908
129 457
130 775
131 973
132 968
133 972
134 956
135 894
136 948
137 948
138 993
139 857
140 778
141 976
142 981
143 453
144 973
145 973
146 1000
147 735
148 670
149 928
150 735 770 985
151 983
152 972
153 960 983
154 968
155 872
156 453
157 985
158 930
159 530 985 997
160 770
161 872
162 847
163 775
164 568 577 928
165 958
166 970
167 915
168 435
169 976
170 670
171 847
172 871
173 976
174 981
175 562
176 530
177 972
178 539
179 708
180 883
181 847
182 530
183 957
184 562
185 930
186 930
187 981 985 993
188 930
189 983 985 998
190 882
191 960
192 908
193 568
194 970
195 899
196 708
197 834
198 872
199 775
200 972
201 908
202 968
203 973
204 981
205 530 895 928 985 988
206 952
207 577
208 1000
209 770
210 993
211 876
212 860
213 973 988
214 956
215 435
216 988
217 877
218 915
219 952
220 860
221 960
222 857
223 511 997
224 539 862 926
225 958
226 871
227 998
228 894
229 997
230 997
231 957
232 908
233 997
234 958
235 976
236 997
237 453
238 976
239 899
240 985
241 882
242 998
243 708 968 985
244 948
245 841
246 983
247 894
248 562
249 568
250 894
251 908
252 976
253 928
254 775
255 847
256 882
257 958
258 928
259 691
260 973
261 735
262 957
263 973
264 985
265 530
266 956
267 981
268 770
269 862 957 973
270 877
271 981
272 930
273 877
274 775 834
275 998
276 998
277 952
278 435
279 862
280 928
281 908
282 877
283 958
284 530
285 457
286 998
287 981
288 568
289 882
290 899
291 976
292 894
293 775
294 988
295 997
296 872
297 883
298 857
299 457
300 862
301 797
302 983
303 770
304 511
305 530
306 530
307 957
308 981
309 530
310 952
311 775
312 973
313 915
314 988
315 908 999
316 453
317 530 993 997 1000
318 511
319 998
320 1000
321 775
322 539
323 882
324 993
325 993
326 841 877 948
327 915 948 968 985
328 960
329 882
330 981
331 960
332 539
333 778 988
334 435 775
335 926
336 993
337 957
338 997
339 435
340 958
341 993
342 926
343 928
344 972
345 985
346 948 999
347 957 960 968
348 948
349 708
350 457
351 778
352 895
353 968
354 871
355 862
356 968
357 453
358 562
359 568
360 899
361 877
362 453 876 915 998 1000
363 775
364 952
365 983
366 568 797
367 568 871
368 872
369 928
370 976
371 988
372 539
373 957
374 770
375 999
376 670
377 435
378 998
379 958
380 872
381 993
382 958
383 970
384 568
385 1000
386 948
387 981
388 983
389 871
390 841
391 894
392 530
393 985
394 883
395 926
396 948
397 957
398 775 876 956
399 860 871 999 1000
400 993
401 860
402 948
403 735 930 952 983
404 993
405 778
406 926
407 457 568
408 928
409 970
410 973
411 952
412 562 568 797
413 882
414 960
415 983
416 691
417 834
418 708
419 926
420 775
421 860
422 895
423 857
424 530
425 997
426 926
427 670
428 775
429 457
430 928
431 948
432 530
433 983
434 948
435 435
436 871
437 968
438 834
439 930
440 988
441 983
442 993
443 973
444 985
445 970
446 834
447 983
448 778
449 872
450 976
451 973
452 998
453 453
454 568
455 968
456 883
457 457
458 876
459 957
460 530 860 957
461 899
462 568
463 539
464 862
465 908
466 860
467 1000
468 691
469 973
470 670
471 453 860 983
472 993
473 670
474 985
475 894
476 1000
477 981
478 972
479 952
480 983
481 670
482 998
483 882
484 997
485 915
486 956
487 883
488 983
489 952
490 841
491 871
492 958
493 968
494 958
495 530
496 708
497 948
498 876
499 928
500 970
501 915
502 972
503 968
504 998
505 511
506 568 775
507 530 988 998
508 453
509 956
510 899
511 511
512 915
513 883
514 577 735 775
515 998
516 1000
517 778 871
518 691
519 899
520 1000
521 981
522 530 778 960 988 1000
523 841
524 899
525 775
526 981
527 926
528 928
529 957
530 530
531 952
532 453
533 972
534 883
535 860
536 841
537 926
538 894
539 539
540 882
541 948
542 983
543 860
544 539
545 530
546 775
547 985
548 877
549 985
550 915
551 847
552 993
553 960 998 1000
554 981
555 997
556 882
557 908
558 775
559 970
560 926
561 926
562 562
563 958
564 988
565 568 1000
566 539
567 882
568 568
569 735
570 435 670 968
571 985
572 983
573 993
574 998
575 958
576 708 841 908
577 577
578 981
579 847
580 970
581 926
582 860
583 568 871
584 958
585 988
586 708 775 948
587 708
588 972
589 670 857 960 968
590 778
591 908
592 973
593 998
594 872
595 958
596 857
597 860
598 952
599 981
600 997
601 530
602 882
603 899
604 997
605 778 877 983
606 968
607 981
608 981
609 997
610 970
611 988
612 976
613 997
614 960
615 860
616 960
617 871 895 928 952 958
618 973
619 847
620 970
621 670
622 797
623 972
624 735
625 670
626 778
627 972
628 952
629 988
630 973
631 956
632 960
633 948
634 948
635 882
636 882
637 997
638 862
639 973
640 998
641 983
642 691
643 775
644 998
645 899
646 871
647 834
648 883
649 968
650 926
651 972
652 983
653 981
654 993
655 976
656 847
657 972
658 530
659 562
660 948
661 871
662 775
663 539 775 983
664 952
665 1000
666 877
667 981
668 539 847
669 770
670 670
671 797
672 539
673 894 957 960 988 997
674 883
675 985
676 976
677 985
678 539
679 862
680 926
681 860
682 956
683 952
684 968
685 882
686 778
687 775
688 957
689 775
690 857
691 691
692 1000
693 568
694 895
695 997
696 453 958 999
697 908
698 983
699 860
700 860 957
701 993
702 960
703 670
704 871
705 928
706 930
707 988
708 708
709 976
710 577
711 894
712 860
713 691
714 985
715 511 997
716 882
717 895
718 876
719 968
720 928
721 981
722 894
723 834
724 841
725 973
726 857
727 985
728 956
729 530
730 539
731 930
732 1000
733 568
734 957 958 993
735 735
736 894
737 928
738 926
739 930
740 895
741 876
742 882
743 928
744 973
745 956
746 770
747 876
748 956
749 435
750 797 960
751 981
752 670
753 872
754 972
755 899
756 973
757 976
758 691
759 860
760 972
761 577 797
762 775
763 876
764 895
765 968
766 860
767 857
768 968
769 871 983
770 770
771 997
772 1000
773 926
774 948 958
775 775
776 952
777 894
778 778
779 972 976 988 993
780 985
781 860
782 970
783 993
784 968
785 770 993
786 862
787 457
788 530
789 857
790 928
791 926
792 862
793 983
794 956
795 972
796 952
797 797 993
798 847
799 976 998
800 568 871
801 968
802 968
803 997
804 988
805 915
806 948 968
807 860 883 973 998
808 908
809 857
810 981
811 847
812 952
813 997
814 930
815 883
816 770
817 908
818 970
819 948 988 993 998
820 928
821 981
822 988
823 993
824 957
825 981
826 876
827 960
828 958 973 985 988 998
829 894
830 926
831 993
832 872
833 960
834 834
835 670 847 872 1000
836 928
837 981
838 988
839 926
840 915
841 841
842 970
843 928
844 894
845 970
846 983
847 847
848 877
849 834
850 775
851 894
852 862
853 797 862 876 928 948 997
854 976
855 983
856 862
857 857
858 997
859 1000
860 860
861 899
862 862
863 915
864 899
865 993
866 952
867 972
868 876 908 957 985 988 1000
869 998
870 957
871 568 871
872 872
873 860
874 1000
875 983
876 876
877 877
878 956
879 960
880 894
881 988
882 882
883 883
884 998
885 872
886 972
887 956
888 894
889 1000
890 895 952 957 970 997
891 457 973 985 993 997
892 998
893 691 778 872 948 956 983
894 894
895 895
896 952
897 972
898 877
899 899
900 993
901 960
902 948
903 876 956
904 894
905 895
906 956
907 973
908 908
909 997
910 970
911 985
912 958
913 983
914 997
915 915
916 930
917 775 948 976 981 1000
918 973
919 976
920 983
921 511 970 988 993
922 899
923 926
924 926
925 670 735 872 956 972 993
926 926
927 983
928 928
929 928
930 930
931 1000
932 926
933 981
934 970
935 930
936 988
937 894 895
938 976
939 993
940 957
941 952
942 926 948 957 958 981 983
943 970
944 983
945 985
946 988
947 997
948 948
949 976
950 981
951 997
952 952
953 997
954 998
955 1000
956 956
957 957
958 958
959 998
960 960
961 988
962 530 539 972 993 998 1000
963 988
964 882
965 670
966 670 691 895 899 928 952
967 453 841 895 976 983 997
968 968
969 985
970 970
971 997
972 972
973 973
974 775 926 960 988 998
975 981
976 976
977 981
978 993
979 562 930 970 973 988 998
980 981
981 981
982 928 930 956 970 993 1000
983 983
984 976
985 985
986 985
987 988
988 988
989 993
990 1000
991 993
992 568 877 882 915 983 998
993 993
994 1000
995 998
996 670 872 883 894 960 1000
997 997
998 998
999 530 1000
1000 1000
