1	66 
2	21 
3	11 
4	138 
5	16 
6	56 
7	15 
8	60 
9	34 
10	84 
11	9 
12	10 
13	107 
14	80 
15	137 
16	112 
17	63 
18	68 
19	118 
20	93 
21	19 
22	30 
23	6 
24	108 
25	47 
26	45 
27	89 
28	137 
29	124 
30	6 
31	43 
32	139 
33	7 
34	108 
35	110 
36	71 
37	114 
38	19 
39	92 
40	17 
41	76 
42	36 
43	138 
44	52 
45	121 
46	15 
47	53 55 60 125 139 
48	56 
49	140 
50	43 
51	56 
52	17 
53	35 
54	133 
55	110 
56	67 
57	57 
58	51 
59	58 
60	91 
61	30 57 107 116 140 
62	19 
63	50 64 89 110 121 
64	53 
65	33 
66	46 
67	23 34 76 121 128 
68	30 
69	85 
70	37 
71	31 
72	68 
73	17 55 105 136 141 
74	103 
75	136 
76	81 
77	30 
78	85 
79	61 
80	141 
81	67 
82	107 111 112 130 131 
83	15 55 102 105 129 
84	60 
85	56 
86	122 
87	112 
88	131 
89	3 
90	31 
91	53 80 82 85 110 
92	69 
93	21 
94	127 
95	131 
96	129 
97	115 
98	13 58 59 80 129 
99	19 34 53 116 118 
100	61 
101	34 
102	59 
103	142 
104	114 
105	112 
106	80 
107	30 44 45 63 67 
108	25 
109	82 
110	34 
111	126 
112	84 
113	54 
114	115 
115	143 
116	48 
117	28 93 101 104 113 
118	78 
119	76 
120	131 
121	34 
122	9 
123	71 108 115 125 126 
124	34 
125	122 
126	136 
127	11 45 73 105 141 
128	25 
129	33 
130	61 
131	35 
132	15 
133	121 
134	126 
135	4 63 71 112 142 
136	142 
137	43 46 95 132 139 
138	116 
139	127 
140	46 
141	90 
142	123 
143	15 74 80 126 130 
144	60 
145	2 56 72 79 89 
146	15 
147	89 
148	58 
149	51 
150	141 
151	2 37 64 68 110 
152	2 11 65 72 138 
153	7 
154	139 
155	8 
156	54 
157	90 
158	48 
159	41 
160	86 
161	74 
162	71 
163	103 
164	114 
165	93 
166	19 
167	70 
168	130 
169	98 
170	137 
171	44 
172	64 
173	109 
174	134 
175	89 
176	56 
177	79 
178	126 
179	67 
180	12 
181	56 
182	76 
183	91 
184	7 13 36 102 107 
185	120 
186	52 
187	136 
188	20 
189	95 
190	55 
191	82 
192	61 
193	142 
194	4 
195	138 
196	105 
197	137 
198	125 
199	93 
200	139 
201	140 
202	60 
203	16 
204	17 22 57 59 81 
205	129 
206	56 
207	91 
208	108 
209	131 
210	16 
211	31 
212	53 66 71 93 113 
213	46 
214	90 
215	110 
216	62 
217	30 
218	60 
219	21 40 90 124 139 
220	13 55 64 101 125 
221	23 53 85 108 123 
222	17 
223	41 
224	3 
225	49 
226	137 
227	135 
228	43 
229	32 
230	4 
231	46 
232	42 
233	46 
234	45 
235	84 
236	69 
237	90 
238	105 
239	54 
240	82 
241	2 
242	18 
243	69 
244	11 38 68 70 75 
245	136 
246	45 
247	45 
248	43 
249	13 
250	53 
251	119 
252	34 
253	40 
254	30 48 100 126 139 
255	41 
256	87 
257	23 
258	71 
259	138 
260	7 
261	87 
262	124 
263	118 
264	9 13 21 31 80 
265	96 
266	42 46 104 115 142 
267	72 
268	22 
269	45 63 71 103 130 
270	5 
271	31 
272	84 
273	98 
274	71 
275	22 
276	93 
277	143 
278	102 
279	85 
280	137 
281	110 
282	115 
283	115 
284	47 
285	6 
286	125 
287	18 
288	118 
289	138 
290	11 64 66 115 141 
291	88 90 97 107 118 
292	67 
293	64 
294	53 
295	33 
296	42 
297	120 
298	112 
299	118 
300	38 
301	2 
302	82 
303	88 
304	35 
305	45 
306	130 
307	141 
308	66 
309	57 
310	129 
311	57 
312	59 
313	7 
314	19 
315	53 
316	46 
317	71 
318	47 
319	84 
320	23 
321	35 
322	103 
323	49 
324	33 
325	61 
326	121 
327	90 
328	112 
329	30 
330	43 
331	2 
332	66 
333	75 
334	96 
335	59 
336	7 14 35 51 88 
337	38 
338	19 
339	80 
340	89 
341	80 
342	64 
343	91 
344	55 
345	89 
346	31 34 55 67 71 
347	88 
348	131 
349	130 
350	72 
351	48 
352	40 
353	67 
354	118 
355	121 
356	106 
357	20 
358	12 71 80 85 128 
359	68 
360	142 
361	10 
362	75 
363	131 
364	80 
365	51 
366	126 
367	59 
368	21 
369	118 
370	4 
371	58 
372	95 
373	42 
374	49 
375	26 
376	53 
377	38 
378	71 
379	76 84 108 110 114 
380	24 
381	109 
382	38 
383	33 
384	71 
385	106 
386	21 
387	129 
388	40 43 84 98 106 
389	129 
390	49 
391	42 
392	53 
393	7 
394	32 
395	47 
396	20 
397	129 
398	136 
399	54 
400	114 
401	142 
402	3 
403	35 37 71 137 141 
404	45 
405	98 
406	21 
407	139 
408	39 55 65 90 109 
409	117 
410	81 
411	8 
412	34 
413	31 
414	14 
415	16 
416	46 
417	100 
418	2 
419	46 
420	78 
421	20 
422	14 20 57 104 123 
423	61 
424	13 
425	45 
426	56 
427	83 
428	126 
429	38 
430	8 52 56 63 140 
431	29 
432	44 
433	80 83 90 115 121 
434	107 
435	52 
436	85 
437	18 
438	52 
439	14 45 88 100 118 
440	28 
441	24 
442	19 
443	126 
444	13 
445	47 
446	5 
447	16 
448	116 
449	85 
450	127 
451	57 
452	113 
453	115 
454	119 
455	32 
456	121 
457	78 
458	30 
459	75 
460	58 
461	53 
462	85 
463	76 
464	36 
465	77 
466	45 
467	102 
468	72 76 106 121 130 
469	88 
470	19 
471	96 
472	129 
473	4 
474	66 
475	89 
476	58 
477	11 
478	54 67 76 90 101 
479	139 
480	67 
481	44 
482	21 
483	92 
484	136 
485	60 
486	115 
487	43 
488	70 
489	121 
490	14 65 81 116 128 
491	142 
492	72 
493	100 
494	139 
495	66 
496	91 
497	55 
498	14 30 71 98 121 
499	80 
500	136 
501	110 
502	15 
503	21 44 83 124 134 
504	55 
505	48 
506	116 
507	102 
508	21 
509	19 
510	103 
511	126 
512	115 
513	142 
514	61 
515	131 
516	98 
517	97 
518	31 
519	66 
520	137 
521	77 
522	23 
523	80 
524	139 
525	101 
526	46 
527	64 
528	27 
529	31 45 51 141 142 
530	56 
531	137 
532	77 
533	57 
534	83 
535	77 
536	41 
537	100 
538	11 49 63 64 112 
539	142 
540	33 
541	53 
542	28 
543	55 
544	27 
545	122 
546	118 
547	133 
548	127 
549	76 
550	15 
551	92 
552	53 
553	11 
554	139 
555	69 
556	10 
557	100 
558	127 
559	50 
560	30 
561	80 
562	38 
563	42 
564	54 
565	97 
566	41 
567	16 
568	16 43 49 58 141 
569	13 
570	2 21 34 81 89 
571	66 
572	41 
573	23 
574	66 
575	49 
576	2 56 58 66 75 
577	84 
578	75 
579	55 
580	110 
581	15 
582	135 
583	85 
584	81 
585	136 
586	73 
587	85 
588	94 
589	53 
590	115 
591	73 
592	36 
593	4 56 66 106 115 
594	46 
595	38 
596	138 
597	26 
598	15 39 52 82 112 
599	46 47 52 84 139 
600	69 
601	82 
602	38 
603	25 
604	141 
605	24 
606	90 
607	88 
608	73 
609	58 
610	139 
611	110 
612	14 
613	115 
614	80 
615	15 
616	53 
617	4 37 43 84 118 
618	5 
619	136 
620	28 
621	15 
622	81 
623	85 
624	137 
625	34 
626	49 
627	11 
628	95 
629	136 
630	118 
631	123 
632	127 
633	105 
634	7 
635	130 
636	19 
637	81 
638	19 
639	101 
640	124 
641	13 
642	102 
643	61 
644	123 
645	26 
646	107 
647	101 
648	116 
649	30 
650	56 
651	38 
652	80 
653	63 
654	78 
655	20 
656	64 
657	50 
658	76 
659	74 
660	103 
661	103 
662	49 
663	19 
664	41 
665	28 
666	57 
667	53 
668	58 
669	19 
670	122 
671	16 
672	63 
673	118 
674	82 
675	107 
676	121 
677	65 
678	141 
679	20 
680	84 107 121 130 138 
681	90 
682	33 
683	69 79 88 130 142 
684	38 
685	66 
686	59 
687	129 
688	57 
689	69 
690	20 
691	30 64 86 132 141 
692	31 
693	109 
694	127 
695	28 
696	121 
697	38 
698	107 
699	8 
700	68 
701	58 
702	36 
703	139 
704	52 54 93 112 129 
705	60 
706	106 
707	73 
708	72 
709	121 
710	45 
711	55 
712	131 
713	43 
714	82 
715	107 
716	28 44 71 90 121 
717	82 
718	43 
719	42 79 88 101 125 
720	126 
721	32 34 45 54 81 
722	31 
723	103 
724	66 
725	116 
726	138 
727	16 
728	119 
729	135 
730	105 
731	42 79 88 117 137 
732	46 92 114 132 136 
733	30 
734	6 
735	8 
736	15 
737	18 21 56 67 125 
738	1 2 60 80 136 
739	114 
740	6 34 79 88 136 
741	99 
742	55 
743	115 
744	81 
745	66 
746	137 
747	17 
748	7 
749	107 
750	74 
751	20 38 58 118 123 
752	64 
753	17 24 43 66 104 
754	47 
755	19 
756	30 
757	102 
758	116 
759	139 
760	17 
761	13 
762	126 
763	118 
764	100 
765	92 
766	32 
767	86 
768	43 
769	71 
770	95 
771	59 
772	17 69 135 139 142 
773	138 
774	45 
775	43 
776	21 
777	141 
778	16 
779	18 
780	31 
781	85 
782	49 
783	137 
784	95 
785	11 47 50 62 118 
786	41 
787	29 
788	46 
789	71 
790	103 
791	84 
792	21 
793	108 
794	123 
795	5 47 91 129 142 
796	41 
797	57 
798	51 
799	140 
800	51 
801	34 
802	43 
803	38 
804	83 
805	134 
806	21 109 121 122 140 
807	80 
808	72 79 89 92 133 
809	127 
810	34 79 81 90 94 
811	31 
812	111 
813	59 
814	136 
815	96 
816	38 
817	42 
818	71 
819	17 30 38 128 138 
820	26 
821	82 
822	15 
823	41 
824	121 
825	110 
826	16 32 46 50 125 
827	50 
828	45 
829	27 34 114 120 139 
830	12 19 50 53 137 
831	139 
832	29 38 76 80 84 
833	9 
834	9 66 75 86 102 
835	92 
836	60 83 92 119 142 
837	32 
838	67 
839	28 
840	13 20 23 106 110 
841	15 
842	137 
843	19 
844	96 
845	80 
846	52 
847	77 
848	121 
849	143 
850	14 
851	125 
852	45 
853	143 
854	76 
855	99 
856	120 
857	59 
858	30 60 78 96 137 
859	91 
860	106 
861	19 
862	93 
863	131 
864	30 
865	61 
866	63 
867	80 
868	21 
869	36 
870	63 
871	10 
872	57 
873	138 
874	20 30 34 115 118 
875	31 
876	28 
877	12 32 54 70 107 
878	14 53 64 129 142 
879	129 
880	129 
881	49 
882	121 
883	17 
884	32 
885	121 
886	133 
887	33 51 67 83 88 
888	30 
889	56 58 69 117 138 
890	83 
891	9 
892	25 
893	40 
894	31 
895	1 
896	84 
897	69 
898	108 
899	35 
900	111 
901	41 
902	74 
903	30 
904	17 37 56 107 124 
905	64 
906	25 
907	47 
908	40 84 107 125 128 
909	126 
910	53 64 71 76 107 
911	85 
912	9 38 39 61 113 
913	56 
914	61 
915	28 
916	110 
917	126 
918	11 
919	141 
920	3 
921	137 
922	130 
923	70 79 104 122 136 
924	97 
925	33 
926	6 
927	3 23 45 70 112 
928	34 
929	112 
930	19 
931	13 45 81 115 121 
932	96 
933	73 
934	28 
935	107 
936	44 
937	89 
938	110 
939	6 
940	78 
941	86 
942	12 
943	28 
944	124 
945	23 31 84 112 139 
946	139 
947	1 
948	6 
949	105 
950	98 
951	12 45 64 70 82 
952	85 
953	50 56 69 71 97 
954	61 
955	122 
956	82 
957	70 
958	21 
959	41 87 118 129 142 
960	109 
961	113 
962	13 
963	96 
964	19 
965	44 
966	16 
967	117 
968	112 
969	13 15 31 96 102 
970	142 
971	11 
972	9 
973	132 
974	8 
975	6 
976	103 
977	15 
978	136 
979	126 
980	30 
981	72 
982	4 
983	142 
984	129 
985	43 
986	69 
987	9 
988	72 
989	75 
990	33 
991	101 
992	46 
993	12 
994	126 
995	8 43 53 80 118 
996	111 
997	43 
998	74 
999	116 
1000	55 56 60 103 136 
1001	66 
1002	81 
1003	141 
1004	25 
1005	79 
1006	97 
1007	140 
1008	56 61 64 136 138 
1009	10 
1010	112 
1011	45 
1012	21 
1013	34 
1014	21 
1015	94 
1016	75 
1017	24 
1018	38 
1019	85 
1020	126 
1021	86 
1022	72 
1023	135 
1024	38 68 91 135 139 
1025	64 
1026	13 15 50 137 142 
1027	72 
1028	71 
1029	13 
1030	71 
1031	2 
1032	117 
1033	13 48 64 84 99 
1034	14 
1035	7 
1036	78 
1037	53 
1038	70 
1039	55 
1040	93 
1041	34 
1042	103 
1043	90 
1044	49 
1045	15 
1046	20 
1047	27 53 59 102 112 
1048	28 
1049	53 
1050	51 
1051	35 
1052	49 
1053	37 
1054	115 
1055	24 
1056	30 
1057	45 
1058	5 45 55 61 118 
1059	6 
1060	36 
1061	45 
1062	134 
1063	96 
1064	141 
1065	4 
1066	69 
1067	104 
1068	22 
1069	122 
1070	5 
1071	56 
1072	120 
1073	137 
1074	80 
1075	10 
1076	69 
1077	96 
1078	51 
1079	102 
1080	14 
1081	122 
1082	101 
1083	45 
1084	130 
1085	66 
1086	78 
1087	107 
1088	88 
1089	6 30 44 103 125 
1090	142 
1091	85 
1092	75 
1093	20 
1094	28 
1095	80 
1096	46 
1097	76 
1098	15 
1099	51 
1100	126 
1101	40 
1102	58 
1103	117 
1104	59 
1105	128 
1106	35 
1107	127 
1108	31 
1109	71 
1110	34 
1111	140 
1112	141 
1113	85 
1114	88 
1115	75 
1116	123 
1117	3 
1118	13 17 44 89 142 
1119	140 
1120	17 
1121	98 
1122	48 
1123	39 
1124	7 
1125	72 
1126	38 
1127	69 
1128	100 
1129	38 43 57 85 137 
1130	50 
1131	96 
1132	133 
1133	60 
1134	136 
1135	19 
1136	19 
1137	105 
1138	46 53 63 95 116 
1139	81 
1140	7 
1141	92 
1142	31 
1143	131 
1144	93 
1145	46 
1146	140 
1147	9 52 89 102 125 
1148	13 
1149	37 
1150	38 
1151	107 
1152	139 
1153	26 
1154	5 60 61 112 122 
1155	54 
1156	74 
1157	34 
1158	104 
1159	85 
1160	16 
1161	32 61 64 69 115 
1162	56 
1163	88 
1164	12 31 55 118 143 
1165	66 
1166	123 
1167	56 
1168	30 
1169	38 
1170	11 
1171	103 
1172	120 
1173	124 
1174	72 
1175	102 
1176	64 
1177	46 
1178	51 
1179	21 
1180	121 
1181	43 74 75 83 121 
1182	35 
1183	68 
1184	71 
1185	21 
1186	18 
1187	86 
1188	53 64 73 94 135 
1189	72 
1190	28 41 55 125 131 
1191	103 
1192	35 
1193	32 
1194	83 
1195	18 
1196	59 
1197	107 
1198	45 
1199	55 
1200	51 
1201	30 
1202	79 
1203	30 
1204	15 
1205	33 
1206	89 
1207	80 
1208	14 
1209	83 
1210	39 
1211	120 
1212	11 
1213	46 
1214	92 
1215	141 
1216	52 
1217	51 
1218	6 
1219	1 
1220	110 
1221	79 
1222	7 60 61 76 109 
1223	8 
1224	54 
1225	99 
1226	38 
1227	115 
1228	89 
1229	112 
1230	81 
1231	58 
1232	7 
1233	49 
1234	49 
1235	101 
1236	49 
1237	109 
1238	84 
1239	84 
1240	131 
1241	109 
1242	76 
1243	15 
1244	121 
1245	69 
1246	26 
1247	56 
1248	113 
1249	65 
1250	100 
1251	43 
1252	110 
1253	41 
1254	19 
1255	13 38 103 119 137 
1256	19 
1257	129 
1258	122 
1259	118 
1260	60 66 89 117 123 
1261	44 
1262	46 
1263	136 
1264	16 
1265	48 
1266	129 
1267	80 
1268	139 
1269	134 
1270	80 
1271	106 
1272	122 
1273	103 
1274	17 
1275	49 
1276	28 
1277	59 
1278	26 
1279	138 
1280	71 
1281	104 
1282	25 
1283	56 
1284	121 
1285	85 
1286	55 
1287	133 
1288	4 
1289	61 
1290	77 
1291	123 
1292	8 
1293	102 
1294	38 
1295	45 
1296	62 
1297	91 
1298	106 
1299	80 
1300	121 
1301	116 
1302	53 
1303	8 
1304	137 
1305	30 
1306	66 
1307	116 
1308	101 
1309	10 
1310	73 
1311	63 
1312	110 
1313	3 30 107 110 126 
1314	19 
1315	132 
1316	66 
1317	18 
1318	110 
1319	51 
1320	28 
1321	121 
1322	85 
1323	71 
1324	51 
1325	70 
1326	105 
1327	118 
1328	77 
1329	56 
1330	2 
1331	20 
1332	15 19 21 87 122 
1333	5 
1334	45 
1335	45 
1336	13 
1337	48 
1338	55 
1339	72 
1340	30 
1341	118 
1342	85 
1343	34 
1344	61 
1345	10 
1346	9 
1347	49 
1348	73 
1349	60 
1350	21 
1351	80 
1352	129 
1353	57 
1354	11 
1355	76 
1356	115 
1357	39 
1358	75 
1359	30 
1360	21 
1361	1 
1362	4 
1363	89 
1364	44 
1365	59 
1366	98 
1367	86 
1368	126 
1369	44 
1370	137 
1371	98 
1372	55 85 91 93 118 
1373	61 
1374	34 
1375	50 
1376	122 
1377	31 
1378	98 
1379	49 
1380	21 
1381	40 
1382	98 
1383	40 
1384	38 
1385	110 
1386	85 
1387	84 
1388	29 
1389	37 
1390	56 
1391	57 
1392	90 
1393	15 21 31 44 47 
1394	69 
1395	19 26 74 105 126 
1396	41 
1397	11 51 92 105 139 
1398	94 
1399	19 
1400	121 
1401	55 
1402	19 
1403	3 4 34 64 104 
1404	82 
1405	125 
1406	106 
1407	75 
1408	4 14 38 119 137 
1409	15 
1410	44 
1411	130 
1412	63 
1413	67 
1414	121 
1415	61 81 88 126 129 
1416	116 
1417	32 
1418	99 
1419	143 
1420	39 
1421	112 
1422	29 38 45 82 93 
1423	45 
1424	71 
1425	53 
1426	16 
1427	107 
1428	122 
1429	127 
1430	141 
1431	131 
1432	118 
1433	28 
1434	89 
1435	115 
1436	116 
1437	141 
1438	66 
1439	79 
1440	102 
1441	83 
1442	19 
1443	46 
1444	5 
1445	55 
1446	26 
1447	22 47 53 55 70 
1448	139 
1449	112 
1450	53 
1451	6 50 54 55 131 
1452	18 
1453	126 
1454	50 
1455	14 
1456	84 
1457	2 
1458	82 
1459	30 
1460	118 
1461	53 
1462	122 
1463	19 
1464	106 
1465	94 
1466	66 
1467	45 50 85 121 129 
1468	26 
1469	13 
1470	28 
1471	79 
1472	29 
1473	36 
1474	34 46 55 95 107 
1475	19 
1476	71 
1477	30 
1478	29 
1479	31 
1480	2 
1481	53 
1482	123 
1483	60 
1484	6 13 53 66 83 
1485	28 
1486	102 
1487	113 
1488	16 
1489	34 
1490	136 
1491	107 
1492	101 
1493	135 
1494	108 
1495	30 
1496	79 
1497	85 
1498	7 
1499	56 
1500	19 
1501	9 45 63 68 89 
1502	142 
1503	142 
1504	9 14 27 98 137 
1505	25 
1506	74 
1507	82 
1508	98 
1509	137 
1510	10 
1511	142 
1512	142 
1513	97 
1514	51 
1515	1 
1516	67 
1517	51 
1518	58 
1519	84 
1520	82 
1521	27 
1522	118 
1523	6 
1524	3 
1525	5 
1526	61 
1527	83 
1528	141 
1529	38 
1530	39 
1531	69 
1532	15 
1533	110 
1534	80 
1535	115 
1536	68 
1537	137 
1538	131 
1539	118 
1540	142 
1541	42 
1542	118 
1543	10 14 17 105 137 
1544	2 
1545	136 
1546	15 
1547	74 
1548	79 
1549	21 
1550	140 
1551	53 69 81 102 129 
1552	10 
1553	56 
1554	92 
1555	19 
1556	8 
1557	45 
1558	30 
1559	96 
1560	1 
1561	31 
1562	17 30 45 98 132 
1563	88 
1564	112 
1565	38 
1566	66 
1567	68 
1568	48 
1569	81 
1570	56 
1571	16 
1572	5 53 56 57 142 
1573	50 
1574	85 
1575	51 
1576	19 
1577	25 
1578	12 31 34 71 127 
1579	120 
1580	54 
1581	2 
1582	53 
1583	117 
1584	137 
1585	37 
1586	53 
1587	120 
1588	133 
1589	104 
1590	13 
1591	115 
1592	30 
1593	85 
1594	53 
1595	64 
1596	56 
1597	112 
1598	45 
1599	122 
1600	7 
1601	48 
1602	39 
1603	129 
1604	139 
1605	34 
1606	140 
1607	67 
1608	89 
1609	104 
1610	31 
1611	18 85 89 98 115 
1612	15 98 101 125 129 
1613	141 
1614	6 
1615	141 
1616	121 
1617	19 
1618	122 
1619	121 
1620	57 
1621	6 
1622	137 
1623	83 
1624	41 59 88 123 142 
1625	44 
1626	17 39 78 103 123 
1627	46 
1628	57 
1629	30 
1630	33 
1631	140 
1632	28 
1633	119 
1634	74 
1635	143 
1636	80 
1637	137 
1638	115 
1639	21 
1640	15 
1641	114 
1642	62 
1643	129 
1644	17 45 68 76 84 
1645	34 
1646	21 37 69 82 110 
1647	23 
1648	11 44 100 125 131 
1649	21 
1650	65 
1651	43 
1652	92 
1653	139 
1654	85 
1655	2 
1656	38 
1657	141 
1658	79 
1659	49 
1660	46 
1661	86 
1662	87 
1663	67 
1664	122 
1665	126 
1666	105 
1667	32 
1668	50 
1669	129 
1670	45 
1671	26 34 46 106 133 
1672	12 
1673	102 
1674	60 
1675	13 16 19 74 142 
1676	105 
1677	38 
1678	63 
1679	19 31 83 93 138 
1680	29 32 45 53 117 
1681	39 
1682	67 
1683	52 72 83 96 142 
1684	57 
1685	107 
1686	31 
1687	56 
1688	16 29 34 50 142 
1689	115 
1690	88 
1691	69 
1692	34 
1693	53 
1694	19 
1695	71 
1696	97 
1697	15 
1698	23 
1699	88 
1700	14 
1701	137 
1702	137 
1703	138 
1704	26 
1705	71 
1706	109 
1707	104 
1708	134 
1709	112 
1710	114 
1711	76 
1712	82 
1713	52 
1714	58 
1715	41 
1716	31 
1717	31 
1718	112 
1719	141 
1720	105 
1721	5 
1722	52 
1723	41 45 55 64 78 
1724	50 
1725	15 
1726	114 
1727	132 
1728	9 
1729	47 
1730	131 
1731	4 44 64 80 99 
1732	31 
1733	15 
1734	30 
1735	69 
1736	57 
1737	45 
1738	72 
1739	130 
1740	26 
1741	142 
1742	52 
1743	5 10 115 123 138 
1744	35 
1745	45 
1746	26 
1747	1 
1748	62 
1749	85 
1750	67 
1751	115 
1752	12 
1753	97 
1754	45 
1755	69 85 120 132 136 
1756	62 
1757	62 
1758	140 
1759	15 
1760	71 87 98 103 125 
1761	105 
1762	45 
1763	20 30 59 88 120 
1764	49 
1765	6 104 105 113 138 
1766	29 
1767	44 
1768	34 
1769	31 
1770	127 
1771	102 
1772	88 
1773	115 
1774	38 
1775	131 
1776	62 89 90 112 121 
1777	116 
1778	41 
1779	85 
1780	117 
1781	66 
1782	121 
1783	71 
1784	15 
1785	131 
1786	96 
1787	64 
1788	85 
1789	104 
1790	46 58 78 138 139 
1791	121 
1792	80 
1793	33 
1794	13 
1795	75 
1796	49 73 95 115 123 
1797	49 
1798	136 
1799	50 
1800	61 
1801	19 31 120 132 142 
1802	95 
1803	86 
1804	117 
1805	15 
1806	139 
1807	30 
1808	103 
1809	136 
1810	142 
1811	84 
1812	44 
1813	72 
1814	59 
1815	121 
1816	122 
1817	133 
1818	4 13 38 70 74 
1819	31 
1820	12 
1821	117 
1822	69 80 84 128 140 
1823	62 
1824	110 
1825	85 
1826	46 
1827	23 
1828	89 
1829	121 
1830	17 
1831	123 
1832	2 36 53 55 106 
1833	127 
1834	60 
1835	21 
1836	35 
1837	107 
1838	61 
1839	79 
1840	137 
1841	94 
1842	68 
1843	82 
1844	1 30 70 82 106 
1845	107 
1846	53 
1847	95 
1848	58 
1849	60 
1850	68 
1851	58 84 104 107 109 
1852	80 
1853	45 
1854	21 
1855	92 
1856	106 
1857	137 
1858	8 
1859	65 74 80 112 125 
1860	87 
1861	134 
1862	19 
1863	64 
1864	19 
1865	76 
1866	15 
1867	18 
1868	50 
1869	72 
1870	33 
1871	95 
1872	80 
1873	66 
1874	17 
1875	35 
1876	16 32 39 55 60 
1877	90 
1878	47 
1879	66 
1880	33 
1881	85 
1882	8 
1883	132 
1884	32 
1885	38 53 58 79 106 
1886	92 115 136 137 141 
1887	80 
1888	26 
1889	31 62 80 104 118 
1890	58 
1891	53 
1892	15 
1893	7 14 27 60 140 
1894	89 
1895	16 
1896	50 
1897	50 
1898	115 
1899	38 
1900	101 
1901	34 
1902	121 
1903	46 
1904	139 
1905	32 
1906	91 
1907	56 
1908	32 
1909	45 
1910	101 
1911	93 
1912	69 
1913	139 
1914	81 
1915	121 
1916	131 
1917	33 
1918	61 
1919	35 
1920	38 
1921	136 
1922	15 55 59 83 107 
1923	77 
1924	44 
1925	134 
1926	56 
1927	138 
1928	94 
1929	136 
1930	14 
1931	82 
1932	97 
1933	137 
1934	106 
1935	52 
1936	53 
1937	111 
1938	23 
1939	100 
1940	63 
1941	95 
1942	38 
1943	112 
1944	107 
1945	106 
1946	78 
1947	70 
1948	108 
1949	45 
1950	93 
1951	19 
1952	122 
1953	133 
1954	97 
1955	9 
1956	118 
1957	7 
1958	77 
1959	50 
1960	139 
1961	112 
1962	55 
1963	40 
1964	69 
1965	92 
1966	83 
1967	29 
1968	81 
1969	21 
1970	83 
1971	99 
1972	54 
1973	136 
1974	21 65 74 87 89 
1975	134 
1976	127 
1977	90 
1978	58 
1979	127 
1980	38 
1981	52 
1982	104 
1983	11 
1984	81 
1985	35 
1986	142 
1987	41 75 90 117 126 
1988	16 
1989	50 
1990	4 
1991	75 
1992	22 
1993	79 
1994	105 
1995	31 83 84 90 141 
1996	98 
1997	12 
1998	103 
1999	130 
2000	21 
2001	30 105 119 129 138 
2002	140 
2003	23 
2004	5 15 53 75 122 
2005	27 
2006	45 
2007	101 
2008	84 
2009	64 
2010	6 
2011	137 
2012	63 
2013	45 
2014	115 
2015	136 
2016	108 
2017	19 46 103 121 134 
2018	141 
2019	84 
2020	6 
2021	137 
2022	45 
2023	130 
2024	142 
2025	30 
2026	83 
2027	87 
2028	55 
2029	81 
2030	64 
2031	97 
2032	15 41 89 112 142 
2033	34 
2034	14 
2035	136 
2036	85 
2037	42 
2038	124 
2039	123 
2040	114 
2041	15 
2042	78 
2043	143 
2044	127 
2045	111 
2046	56 
2047	4 
2048	5 19 38 82 127 
2049	64 
2050	102 
2051	64 
2052	82 
2053	113 
2054	129 
2055	23 
2056	9 32 56 85 116 
2057	121 
2058	68 
2059	41 
2060	2 
2061	37 
2062	115 
2063	134 
2064	10 
2065	121 
2066	2 
2067	29 44 61 79 90 
2068	98 
2069	55 
2070	67 
2071	101 
2072	90 
2073	138 
2074	137 
2075	90 
2076	106 
2077	123 
2078	61 
2079	102 
2080	46 
2081	18 
2082	38 
2083	118 
2084	68 
2085	56 
2086	134 
2087	141 
2088	121 
2089	56 
2090	10 
2091	138 
2092	73 
2093	15 16 45 49 112 
2094	12 81 84 88 108 
2095	74 80 85 120 133 
2096	46 
2097	124 
2098	38 
2099	90 
2100	56 
2101	38 
2102	71 
2103	104 
2104	54 
2105	14 61 83 89 92 
2106	61 
2107	101 
2108	118 
2109	115 
2110	63 
2111	21 
2112	129 
2113	30 
2114	29 
2115	15 
2116	38 
2117	83 
2118	82 
2119	32 
2120	137 
2121	126 
2122	131 
2123	16 
2124	100 
2125	124 
2126	38 
2127	54 
2128	105 
2129	22 41 102 117 121 
2130	39 
2131	21 
2132	112 
2133	123 
2134	13 38 53 84 141 
2135	7 
2136	57 
2137	84 
2138	123 
2139	99 
2140	6 
2141	41 
2142	49 
2143	50 
2144	7 
2145	102 
2146	137 
2147	14 
2148	142 
2149	137 
2150	137 
2151	3 11 49 64 102 
2152	99 
2153	19 47 65 88 92 
2154	88 
2155	50 
2156	60 107 116 121 136 
2157	63 
2158	62 
2159	13 
2160	139 
2161	71 
2162	67 
2163	44 
2164	141 
2165	74 83 101 102 107 
2166	84 
2167	84 
2168	86 
2169	64 
2170	121 
2171	71 
2172	58 
2173	129 
2174	13 28 59 126 140 
2175	35 
2176	103 
2177	41 
2178	112 
2179	55 68 75 100 128 
2180	33 
2181	136 
2182	41 
2183	119 
2184	37 53 72 103 128 
2185	21 
2186	83 
2187	115 
2188	108 
2189	5 
2190	20 
2191	78 
2192	30 
2193	136 
2194	74 
2195	142 
2196	76 
2197	43 
2198	30 
2199	123 
2200	61 
2201	19 
2202	7 
2203	15 63 85 105 139 
2204	136 
2205	50 
2206	103 
2207	13 107 109 122 139 
2208	13 
2209	67 
2210	62 64 82 104 138 
2211	52 
2212	3 
2213	106 
2214	71 
2215	52 
2216	90 
2217	31 
2218	30 
2219	82 
2220	1 11 58 80 140 
2221	41 
2222	41 
2223	38 57 70 97 118 
2224	126 
2225	136 
2226	125 
2227	112 
2228	129 
2229	17 78 111 114 121 
2230	87 
2231	15 
2232	115 
2233	21 
2234	27 
2235	44 
2236	39 
2237	101 
2238	79 
2239	88 
2240	105 
2241	35 39 55 75 90 
2242	100 
2243	14 24 54 69 103 
2244	104 
2245	124 
2246	122 
2247	18 
2248	40 
2249	80 
2250	102 
2251	126 
2252	19 36 58 117 118 
2253	2 18 75 116 141 
2254	33 
2255	74 
2256	3 48 112 115 121 
2257	50 
2258	19 35 58 64 139 
2259	142 
2260	6 
2261	9 
2262	50 
2263	135 
2264	16 
2265	49 
2266	24 
2267	92 
2268	89 
2269	121 
2270	116 
2271	39 
2272	35 
2273	21 46 51 101 116 
2274	5 
2275	41 
2276	126 
2277	140 
2278	16 
2279	41 
2280	8 44 57 88 138 
2281	142 
2282	126 
2283	50 
2284	38 
2285	121 
2286	137 
2287	125 
2288	106 
2289	41 
2290	36 
2291	45 
2292	90 
2293	15 
2294	103 
2295	38 46 53 117 134 
2296	139 
2297	138 
2298	34 
2299	68 
2300	10 
2301	89 
2302	134 
2303	123 
2304	25 
2305	103 
2306	119 
2307	128 
2308	34 
2309	60 83 110 115 138 
2310	5 
2311	137 
2312	71 
2313	28 
2314	32 
2315	79 
2316	83 
2317	23 
2318	60 66 72 115 143 
2319	59 
2320	88 
2321	59 61 108 120 127 
2322	89 
2323	137 
2324	43 
2325	87 
2326	143 
2327	99 
2328	5 
2329	82 
2330	58 
2331	2 
2332	31 
2333	28 39 75 82 125 
2334	76 
2335	31 
2336	58 
2337	8 
2338	50 
2339	117 
2340	85 
2341	21 
2342	45 
2343	103 
2344	38 
2345	15 
2346	102 
2347	107 
2348	107 
2349	123 
2350	71 
2351	103 
2352	45 
2353	71 
2354	117 
2355	64 
2356	63 
2357	88 
2358	79 
2359	88 
2360	14 
2361	66 
2362	45 
2363	131 
2364	60 
2365	16 
2366	105 
2367	130 
2368	49 
2369	92 
2370	23 
2371	68 
2372	30 38 55 57 74 
2373	9 
2374	108 
2375	11 17 38 90 139 
2376	85 
2377	57 
2378	90 
2379	104 
2380	13 
2381	43 
2382	141 
2383	63 
2384	55 
2385	45 47 85 103 124 
2386	80 
2387	134 
2388	136 
2389	95 
2390	108 
2391	103 
2392	64 
2393	14 
2394	28 36 49 52 131 
2395	50 
2396	46 
2397	63 79 107 118 136 
2398	138 
2399	132 
2400	107 
2401	80 
2402	69 
2403	104 
2404	30 
2405	106 
2406	129 
2407	138 
2408	56 
2409	109 
2410	139 
2411	105 
2412	60 
2413	31 
2414	137 
2415	140 
2416	119 
2417	125 
2418	15 19 53 104 129 
2419	17 
2420	17 50 58 112 130 
2421	110 
2422	61 
2423	57 
2424	136 
2425	46 56 67 78 123 
2426	55 
2427	116 
2428	17 44 63 65 111 
2429	107 
2430	30 
2431	85 
2432	68 
2433	41 
2434	90 
2435	92 
2436	121 
2437	13 17 59 90 136 
2438	139 
2439	27 
2440	102 
2441	78 
2442	80 
2443	63 
2444	28 
2445	102 
2446	43 
2447	66 
2448	38 
2449	3 19 33 57 66 
2450	126 
2451	47 
2452	126 
2453	24 36 43 44 61 
2454	3 
2455	74 
2456	17 
2457	67 
2458	49 
2459	71 
2460	97 
2461	107 
2462	5 24 38 52 126 
2463	84 
2464	129 
2465	37 106 108 123 131 
2466	143 
2467	140 
2468	2 
2469	17 43 49 85 139 
2470	136 
2471	6 34 38 53 96 
2472	49 
2473	65 
2474	31 
2475	17 
2476	60 
2477	110 
2478	140 
2479	33 
2480	85 
2481	116 
2482	107 
2483	3 
2484	114 
2485	19 62 103 107 137 
2486	114 
2487	66 
2488	40 
2489	137 
2490	42 
2491	14 
2492	50 
2493	77 
2494	51 
2495	45 
2496	83 
2497	60 
2498	90 
2499	16 
2500	74 
2501	92 
2502	5 
2503	137 
2504	7 
2505	62 
2506	129 
2507	37 46 75 93 106 
2508	126 
2509	30 
2510	14 39 41 56 139 
2511	141 
2512	45 
2513	133 
2514	142 
2515	64 
2516	34 
2517	38 
2518	142 
2519	63 
2520	58 
2521	69 
2522	77 
2523	128 
2524	92 
2525	110 
2526	49 
2527	78 
2528	10 
2529	8 84 122 126 132 
2530	64 
2531	126 
2532	75 
2533	38 
2534	112 
2535	14 34 43 102 137 
2536	139 
2537	15 40 76 78 121 
2538	119 
2539	31 69 73 84 129 
2540	112 
2541	58 
2542	63 
2543	45 
2544	106 
2545	72 
2546	48 49 52 53 133 
2547	72 
2548	84 
2549	53 75 88 104 112 
2550	112 
2551	16 
2552	89 
2553	47 
2554	89 
2555	81 
2556	38 48 72 122 124 
2557	136 
2558	76 
2559	112 
2560	21 53 86 112 117 
2561	126 
2562	41 
2563	125 
2564	72 
2565	38 
2566	6 32 58 92 102 
2567	33 
2568	14 
2569	66 
2570	66 
2571	105 
2572	40 
2573	16 
2574	84 
2575	41 
2576	97 
2577	83 
2578	89 
2579	34 
2580	58 
2581	69 
2582	53 
2583	31 43 49 115 139 
2584	133 
2585	30 
2586	63 
2587	97 
2588	15 
2589	32 
2590	3 
2591	118 
2592	106 
2593	9 
2594	30 
2595	135 
2596	139 
2597	26 
2598	55 
2599	102 
2600	128 
2601	7 30 72 84 134 
2602	104 
2603	136 
2604	80 
2605	37 
2606	4 
2607	134 
2608	118 
2609	38 
2610	8 
2611	103 
2612	7 
2613	142 
2614	18 
2615	109 
2616	79 
2617	23 37 45 115 137 
2618	78 
2619	85 
2620	106 
2621	18 
2622	97 
2623	8 49 84 107 110 
2624	90 
2625	34 
2626	17 88 131 138 139 
2627	4 
2628	141 
2629	11 
2630	111 
2631	16 24 38 52 76 
2632	34 
2633	92 
2634	45 
2635	98 
2636	37 
2637	131 
2638	59 
2639	108 
2640	3 11 74 129 131 
2641	110 
2642	33 
2643	52 
2644	118 
2645	36 59 64 72 132 
2646	89 
2647	101 
2648	74 
2649	25 
2650	140 
2651	142 
2652	8 
2653	91 
2654	131 
2655	31 55 59 82 132 
2656	69 
2657	55 
2658	137 
2659	45 
2660	13 
2661	125 
2662	11 
2663	56 
2664	48 
2665	21 
2666	5 
2667	38 
2668	129 
2669	126 
2670	136 
2671	110 
2672	62 
2673	14 
2674	97 
2675	19 
2676	44 
2677	139 
2678	129 
2679	3 
2680	89 
2681	4 
2682	125 
2683	83 
2684	51 
2685	118 
2686	34 
2687	141 
2688	69 
2689	31 
2690	129 
2691	10 
2692	123 
2693	124 
2694	77 
2695	46 
2696	58 
2697	84 
2698	69 
2699	34 
2700	34 
2701	27 
2702	136 
2703	18 
2704	18 66 79 82 101 
2705	85 
2706	45 
2707	81 
2708	71 
2709	83 
2710	140 
2711	17 
2712	15 21 41 121 127 
2713	108 
2714	16 
2715	71 
2716	73 
2717	139 
2718	31 
2719	116 
2720	42 55 60 84 129 
2721	137 
2722	46 
2723	58 63 103 112 121 
2724	90 
2725	82 
2726	49 
2727	37 
2728	6 28 107 112 129 
2729	45 
2730	50 59 83 105 137 
2731	49 
2732	80 
2733	8 
2734	80 
2735	7 
2736	19 44 94 110 129 
2737	13 
2738	30 
2739	99 
2740	141 
2741	10 84 95 107 118 
2742	71 
2743	46 
2744	56 
2745	60 103 129 131 132 
2746	102 
2747	11 
2748	109 
2749	48 
2750	141 
2751	40 
2752	118 
2753	21 39 90 131 137 
2754	142 
2755	101 
2756	115 
2757	136 
2758	79 
2759	131 
2760	60 
2761	82 
2762	44 
2763	21 34 59 102 123 
2764	49 
2765	53 
2766	84 
2767	41 
2768	102 
2769	90 
2770	133 
2771	105 
2772	1 
2773	1 
2774	141 
2775	34 
2776	18 
2777	41 53 100 122 137 
2778	2 53 105 106 114 
2779	73 
2780	106 
2781	58 
2782	34 
2783	119 
2784	34 60 62 122 135 
2785	138 
2786	111 
2787	83 
2788	84 
2789	64 71 72 75 94 
2790	51 
2791	65 
2792	136 
2793	121 
2794	73 
2795	102 
2796	129 
2797	117 
2798	30 
2799	137 
2800	17 
2801	84 
2802	109 
2803	16 
2804	52 
2805	142 
2806	141 
2807	136 
2808	17 84 96 121 136 
2809	121 
2810	74 
2811	92 
2812	81 
2813	136 
2814	138 
2815	122 
2816	83 
2817	21 31 98 100 118 
2818	88 
2819	43 
2820	114 
2821	47 
2822	69 
2823	99 
2824	71 
2825	135 
2826	77 
2827	61 
2828	22 
2829	104 
2830	9 
2831	99 
2832	99 
2833	16 35 69 115 133 
2834	15 
2835	53 
2836	14 
2837	21 56 71 107 121 
2838	28 
2839	91 
2840	84 
2841	56 
2842	75 
2843	139 
2844	142 
2845	71 
2846	110 
2847	2 8 46 102 131 
2848	45 
2849	75 
2850	69 
2851	13 
2852	14 
2853	139 
2854	113 
2855	22 
2856	122 
2857	50 
2858	92 
2859	1 
2860	32 
2861	54 
2862	4 
2863	68 
2864	21 
2865	2 
2866	37 
2867	40 
2868	41 
2869	30 
2870	129 
2871	104 
2872	76 
2873	63 
2874	82 
2875	113 
2876	30 
2877	21 60 63 76 90 
2878	4 17 42 57 130 
2879	72 
2880	124 
2881	31 38 81 120 131 
2882	59 
2883	30 
2884	15 
2885	30 
2886	67 
2887	50 
2888	131 
2889	93 
2890	92 118 122 133 136 
2891	142 
2892	135 
2893	72 
2894	112 
2895	36 
2896	18 
2897	19 
2898	115 
2899	41 
2900	114 
2901	38 
2902	63 
2903	46 
2904	19 
2905	13 
2906	72 
2907	12 28 84 105 126 
2908	57 
2909	53 
2910	30 
2911	111 
2912	98 
2913	84 
2914	79 
2915	56 
2916	123 
2917	142 
2918	70 
2919	143 
2920	33 
2921	21 
2922	132 
2923	8 
2924	28 
2925	84 
2926	43 
2927	57 61 73 101 131 
2928	136 
2929	122 
2930	44 
2931	13 
2932	138 
2933	55 
2934	84 
2935	36 
2936	6 20 58 85 117 
2937	25 
2938	94 
2939	38 53 110 126 139 
2940	139 
2941	11 
2942	67 
2943	103 
2944	15 
2945	1 41 82 88 111 
2946	131 
2947	26 
2948	56 
2949	71 
2950	71 
2951	121 
2952	80 
2953	85 
2954	42 
2955	14 
2956	68 
2957	43 
2958	115 
2959	43 
2960	94 
2961	75 
2962	115 
2963	34 
2964	117 
2965	63 
2966	115 
2967	47 
2968	131 
2969	31 
2970	80 
2971	72 
2972	15 34 49 87 103 
2973	5 
2974	53 
2975	95 
2976	107 
2977	85 
2978	21 
2979	104 
2980	122 
2981	142 
2982	73 
2983	107 
2984	89 
2985	81 116 123 126 142 
2986	102 
2987	121 
2988	1 21 39 73 104 
2989	84 
2990	34 
2991	132 
2992	26 72 84 85 138 
2993	21 
2994	103 
2995	11 12 19 108 125 
2996	90 
2997	112 
2998	72 
2999	16 
3000	125 
3001	80 
3002	38 
3003	80 
3004	59 
3005	118 
3006	2 
3007	54 
3008	51 
3009	41 63 77 87 109 
3010	7 10 12 46 89 
3011	127 
3012	107 
3013	99 
3014	110 
3015	115 
3016	123 
3017	136 
3018	85 
3019	63 
3020	21 
3021	104 
3022	50 
3023	92 
3024	138 
3025	127 
3026	106 
3027	90 
3028	35 
3029	52 
3030	132 
3031	139 
3032	135 
3033	71 
3034	34 
3035	30 43 47 80 97 
3036	77 
3037	14 
3038	18 
3039	131 
3040	30 35 71 74 109 
3041	141 
3042	87 
3043	32 51 84 93 112 
3044	105 
3045	13 33 58 139 141 
3046	143 
3047	115 
3048	101 
3049	14 
3050	75 
3051	123 
3052	107 
3053	15 
3054	23 35 71 107 121 
3055	90 
3056	8 
3057	56 
3058	11 
3059	84 
3060	71 
3061	142 
3062	72 
3063	89 
3064	109 
3065	129 
3066	131 
3067	126 
3068	34 46 110 117 135 
3069	2 46 64 93 136 
3070	115 
3071	139 
3072	121 
3073	51 
3074	72 
3075	101 
3076	64 
3077	68 
3078	85 
3079	91 
3080	16 
3081	69 70 117 124 130 
3082	21 
3083	127 
3084	44 
3085	118 
3086	22 
3087	17 
3088	57 
3089	101 
3090	13 
3091	111 
3092	11 21 65 75 84 
3093	7 
3094	84 
3095	112 
3096	38 
3097	124 
3098	99 
3099	6 33 35 46 129 
3100	6 
3101	121 
3102	41 61 84 125 132 
3103	76 
3104	115 
3105	129 
3106	27 
3107	21 
3108	35 
3109	90 
3110	52 
3111	48 
3112	4 
3113	24 
3114	71 
3115	72 
3116	28 
3117	64 
3118	15 
3119	122 
3120	90 
3121	21 
3122	131 
3123	18 
3124	64 
3125	116 
3126	44 
3127	47 
3128	6 
3129	56 
3130	14 
3131	47 
3132	1 37 91 116 138 
3133	46 
3134	41 59 88 111 141 
3135	139 
3136	30 
3137	142 
3138	125 
3139	38 
3140	31 
3141	53 
3142	41 
3143	34 
3144	16 
3145	56 
3146	110 
3147	32 
3148	14 
3149	140 
3150	139 
3151	15 
3152	94 
3153	99 
3154	79 
3155	126 
3156	133 
3157	17 19 83 122 142 
3158	3 
3159	19 
3160	45 
3161	78 
3162	115 
3163	66 
3164	48 
3165	127 
3166	129 
3167	97 
3168	20 32 53 61 135 
3169	104 
3170	33 
3171	38 61 80 95 134 
3172	138 
3173	50 
3174	139 
3175	41 
3176	38 
3177	118 
3178	101 
3179	48 
3180	7 
3181	9 
3182	79 
3183	56 
3184	66 
3185	62 
3186	51 
3187	11 
3188	118 
3189	33 
3190	28 
3191	140 
3192	4 77 86 102 131 
3193	50 62 71 79 109 
3194	137 
3195	131 
3196	118 
3197	76 
3198	22 
3199	115 
3200	60 
3201	114 
3202	17 
3203	57 
3204	113 
3205	92 
3206	136 
3207	115 
3208	67 
3209	31 
3210	16 20 33 60 139 
3211	122 
3212	124 
3213	6 
3214	137 
3215	55 
3216	79 
3217	138 
3218	79 
3219	13 16 34 48 50 
3220	113 
3221	90 
3222	75 
3223	18 21 75 107 110 
3224	69 85 105 121 131 
3225	45 46 58 61 102 
3226	111 
3227	56 
3228	80 
3229	18 
3230	98 
3231	102 
3232	7 
3233	20 
3234	115 
3235	142 
3236	98 
3237	30 
3238	90 
3239	1 14 28 31 52 
3240	21 114 116 131 139 
3241	56 
3242	50 
3243	17 
3244	79 
3245	125 
3246	43 
3247	137 
3248	69 
3249	63 
3250	17 24 25 55 92 
3251	8 106 107 120 143 
3252	4 9 14 22 138 
3253	39 
3254	137 
3255	47 
3256	50 71 84 107 108 
3257	21 
3258	15 
3259	16 
3260	58 
3261	21 
3262	116 
3263	29 
3264	87 
3265	93 
3266	89 
3267	17 
3268	44 
3269	38 46 95 110 141 
3270	43 
3271	50 
3272	15 
3273	143 
3274	137 
3275	79 
3276	49 50 57 61 121 
3277	94 
3278	50 
3279	143 
3280	122 
3281	3 
3282	23 
3283	59 
3284	14 17 71 85 131 
3285	22 
3286	129 
3287	142 
3288	137 
3289	50 
3290	137 
3291	65 
3292	139 
3293	79 
3294	14 17 48 58 126 
3295	121 
3296	108 
3297	80 
3298	84 
3299	50 55 107 118 138 
3300	15 19 45 85 115 
3301	30 
3302	55 
3303	140 
3304	11 
3305	45 47 59 84 141 
3306	98 
3307	86 
3308	31 
3309	135 
3310	50 
3311	114 
3312	117 
3313	32 69 89 129 142 
3314	13 
3315	21 
3316	102 
3317	121 
3318	122 
3319	112 
3320	15 
3321	22 
3322	47 
3323	139 
3324	39 55 97 111 112 
3325	21 
3326	138 
3327	1 
3328	69 
3329	129 
3330	118 
3331	53 
3332	69 85 91 97 122 
3333	139 
3334	136 
3335	94 
3336	13 36 72 90 102 
3337	46 
3338	142 
3339	13 
3340	62 
3341	14 
3342	33 
3343	42 50 63 84 121 
3344	82 
3345	63 
3346	29 
3347	64 
3348	15 
3349	75 
3350	34 
3351	20 
3352	120 
3353	120 
3354	18 
3355	72 
3356	15 
3357	93 
3358	120 
3359	97 
3360	41 
3361	105 
3362	16 
3363	142 
3364	118 
3365	85 
3366	56 
3367	15 32 52 54 142 
3368	84 
3369	16 86 116 122 133 
3370	78 
3371	134 
3372	45 
3373	78 
3374	50 
3375	79 
3376	11 
3377	93 
3378	33 
3379	36 
3380	55 
3381	25 50 129 131 142 
3382	138 
3383	103 
3384	122 
3385	140 
3386	56 
3387	140 
3388	123 
3389	25 
3390	102 
3391	80 
3392	62 
3393	75 
3394	31 
3395	59 
3396	11 15 23 85 116 
3397	59 
3398	79 
3399	83 
3400	131 
3401	102 
3402	76 
3403	49 
3404	61 
3405	120 
3406	75 
3407	72 
3408	42 
3409	106 
3410	57 
3411	88 
3412	39 
3413	86 
3414	137 
3415	16 
3416	87 
3417	69 
3418	30 
3419	142 
3420	105 
3421	80 
3422	104 
3423	64 
3424	72 
3425	72 
3426	60 
3427	116 
3428	102 
3429	30 
3430	125 
3431	125 
3432	79 
3433	58 
3434	131 
3435	14 
3436	15 
3437	107 
3438	92 
3439	13 
3440	14 32 37 74 128 
3441	126 
3442	87 
3443	41 
3444	13 15 44 85 122 
3445	112 
3446	11 49 55 102 110 
3447	41 55 56 80 85 
3448	23 
3449	65 
3450	43 
3451	55 
3452	79 
3453	19 
3454	55 
3455	110 
3456	89 
3457	41 
3458	1 52 103 110 129 
3459	13 
3460	127 
3461	13 21 30 34 65 
3462	13 16 56 92 116 
3463	107 
3464	136 
3465	104 
3466	98 
3467	69 
3468	75 
3469	54 
3470	142 
3471	48 
3472	56 
3473	108 
3474	68 
3475	52 
3476	46 
3477	50 
3478	57 
3479	43 
3480	14 
3481	38 
3482	3 6 38 131 137 
3483	71 
3484	61 
3485	57 
3486	138 
3487	129 
3488	121 
3489	89 
3490	108 
3491	126 
3492	17 19 110 112 121 
3493	21 
3494	17 32 47 80 102 
3495	17 
3496	80 
3497	19 
3498	85 
3499	24 
3500	137 
3501	69 
3502	29 
3503	9 
3504	2 63 114 129 136 
3505	82 
3506	95 
3507	102 
3508	121 
3509	29 
3510	11 
3511	15 
3512	126 
3513	110 
3514	141 
3515	1 
3516	101 
3517	53 
3518	47 
3519	18 
3520	66 
3521	109 
3522	90 
3523	75 
3524	141 
3525	116 
3526	24 
3527	32 101 110 139 141 
3528	129 
3529	10 
3530	104 
3531	55 
3532	103 
3533	115 
3534	142 
3535	27 
3536	137 
3537	141 
3538	61 
3539	21 
3540	28 
3541	15 65 75 83 89 
3542	59 83 98 117 121 
3543	17 
3544	63 
3545	77 
3546	120 
3547	32 
3548	88 
3549	42 
3550	95 
3551	72 
3552	141 
3553	34 
3554	118 
3555	10 
3556	81 
3557	4 
3558	18 
3559	41 
3560	19 
3561	83 
3562	66 84 91 105 112 
3563	50 
3564	45 
3565	8 
3566	139 
3567	136 
3568	5 33 55 69 136 
3569	88 
3570	136 
3571	1 
3572	46 50 61 84 142 
3573	37 
3574	57 
3575	53 
3576	140 
3577	61 62 67 123 124 
3578	95 
3579	61 
3580	14 
3581	83 
3582	12 
3583	82 
3584	38 
3585	125 
3586	30 
3587	137 
3588	137 
3589	84 
3590	116 
3591	116 
3592	21 
3593	50 
3594	84 
3595	123 
3596	5 
3597	101 
3598	17 
3599	61 
3600	72 
3601	56 
3602	77 
3603	82 
3604	26 
3605	121 
3606	31 
3607	129 
3608	112 
3609	114 
3610	30 
3611	32 
3612	9 34 35 66 122 
3613	25 43 126 136 139 
3614	102 
3615	69 
3616	56 
3617	33 
3618	81 
3619	63 
3620	62 
3621	13 
3622	44 
3623	19 
3624	95 
3625	115 
3626	123 
3627	19 53 85 107 131 
3628	88 
3629	36 
3630	139 
3631	21 
3632	37 
3633	33 44 83 102 124 
3634	140 
3635	37 
3636	18 
3637	90 
3638	41 
3639	12 71 83 88 142 
3640	93 
3641	41 
3642	46 56 73 103 106 
3643	139 
3644	71 
3645	102 
3646	27 50 121 122 131 
3647	34 
3648	85 
3649	64 
3650	94 
3651	43 
3652	41 
3653	14 18 90 97 139 
3654	115 
3655	8 
3656	48 
3657	83 
3658	46 49 56 59 118 
3659	41 
3660	61 
3661	139 
3662	41 
3663	85 
3664	113 
3665	71 
3666	43 
3667	6 
3668	2 
3669	57 
3670	7 11 23 57 61 
3671	46 
3672	92 
3673	107 
3674	134 
3675	1 
3676	40 
3677	115 
3678	117 
3679	97 
3680	142 
3681	65 
3682	127 
3683	35 
3684	95 
3685	4 
3686	6 41 116 131 136 
3687	86 
3688	132 
3689	53 
3690	112 
3691	95 
3692	106 
3693	21 
3694	85 
3695	131 
3696	43 
3697	129 
3698	109 
3699	128 
3700	97 
3701	132 
3702	58 
3703	27 
3704	52 
3705	90 
3706	38 
3707	80 
3708	76 
3709	8 21 58 130 139 
3710	84 
3711	14 
3712	13 41 88 126 135 
3713	143 
3714	137 
3715	31 
3716	103 
3717	110 
3718	29 
3719	131 
3720	25 
3721	132 
3722	21 
3723	123 
3724	46 
3725	117 
3726	31 
3727	33 
3728	4 
3729	30 41 129 136 142 
3730	60 
3731	77 
3732	1 
3733	14 
3734	66 
3735	55 
3736	112 
3737	68 
3738	88 
3739	17 
3740	139 
3741	9 
3742	68 
3743	123 
3744	17 
3745	22 
3746	10 15 61 123 125 
3747	35 
3748	87 
3749	135 
3750	117 
3751	22 
3752	132 
3753	101 
3754	92 
3755	78 
3756	140 
3757	103 
3758	119 
3759	30 
3760	71 
3761	129 
3762	87 
3763	121 
3764	76 
3765	93 
3766	2 
3767	6 
3768	64 
3769	55 
3770	59 
3771	102 
3772	63 
3773	83 
3774	53 
3775	118 
3776	71 
3777	33 38 51 62 117 
3778	5 21 55 72 82 
3779	90 
3780	61 
3781	34 
3782	109 
3783	69 
3784	85 
3785	13 
3786	21 
3787	69 
3788	28 
3789	105 
3790	44 
3791	85 
3792	29 
3793	18 
3794	5 37 107 110 123 
3795	139 
3796	13 
3797	131 
3798	15 38 116 120 125 
3799	3 
3800	129 
3801	140 
3802	79 
3803	11 
3804	12 
3805	43 
3806	137 
3807	52 
3808	99 
3809	121 
3810	83 
3811	37 
3812	117 
3813	85 
3814	73 
3815	94 
3816	122 
3817	7 
3818	136 
3819	131 
3820	72 
3821	29 35 76 110 122 
3822	57 
3823	13 
3824	58 
3825	30 
3826	136 
3827	89 
3828	52 
3829	136 
3830	125 
3831	15 
3832	96 
3833	133 
3834	137 
3835	17 60 75 90 102 
3836	44 
3837	118 
3838	107 
3839	138 
3840	82 
3841	59 
3842	142 
3843	41 
3844	24 
3845	11 
3846	36 
3847	7 
3848	107 
3849	17 
3850	61 
3851	121 
3852	129 
3853	3 
3854	120 
3855	121 
3856	99 
3857	43 
3858	39 51 71 80 141 
3859	115 
3860	61 
3861	58 
3862	114 
3863	56 
3864	141 
3865	84 
3866	47 
3867	137 
3868	123 
3869	2 
3870	63 
3871	132 
3872	107 
3873	64 
3874	124 
3875	72 
3876	122 
3877	132 
3878	85 
3879	58 
3880	83 
3881	71 
3882	141 
3883	84 
3884	14 
3885	68 
3886	43 
3887	40 66 125 131 142 
3888	117 
3889	15 
3890	88 
3891	128 
3892	13 
3893	83 
3894	38 53 60 74 93 
3895	106 
3896	74 
3897	84 
3898	50 
3899	90 
3900	137 
3901	83 
3902	71 
3903	139 
3904	57 
3905	115 
3906	54 
3907	30 
3908	27 
3909	55 
3910	101 
3911	142 
3912	70 
3913	88 
3914	142 
3915	70 
3916	18 
3917	55 
3918	53 
3919	58 
3920	19 
3921	130 
3922	13 
3923	82 
3924	107 
3925	55 
3926	31 
3927	101 
3928	137 
3929	86 
3930	110 
3931	72 
3932	125 
3933	21 
3934	126 
3935	91 
3936	22 
3937	115 
3938	15 
3939	31 
3940	118 
3941	80 
3942	101 
3943	72 
3944	2 26 56 121 123 
3945	14 
3946	44 
3947	17 45 53 103 125 
3948	115 
3949	20 35 72 85 128 
3950	44 
3951	131 
3952	137 
3953	142 
3954	14 24 45 73 139 
3955	48 
3956	121 
3957	49 
3958	120 
3959	53 
3960	53 
3961	43 
3962	80 
3963	16 
3964	27 
3965	114 
3966	13 
3967	113 
3968	139 
3969	119 
3970	22 
3971	140 
3972	21 
3973	86 
3974	34 
3975	78 
3976	31 
3977	69 
3978	88 
3979	142 
3980	6 
3981	132 
3982	105 
3983	65 
3984	129 
3985	66 
3986	129 
3987	126 
3988	138 
3989	51 
3990	23 31 34 48 135 
3991	129 
3992	61 
3993	25 
3994	142 
3995	12 
3996	104 
3997	13 
3998	139 
3999	87 
4000	115 
4001	95 
4002	129 
4003	44 
4004	57 
4005	132 
4006	107 
4007	43 
4008	29 36 69 99 102 
4009	13 
4010	1 
4011	58 
4012	42 
4013	34 
4014	13 
4015	131 
4016	138 
4017	70 
4018	104 
4019	80 
4020	120 
4021	113 
4022	100 
4023	93 
4024	106 
4025	129 
4026	118 
4027	127 
4028	93 
4029	21 
4030	96 
4031	85 
4032	53 
4033	27 54 62 82 123 
4034	16 
4035	131 
4036	95 
4037	85 
4038	71 
4039	142 
4040	51 
4041	40 
4042	43 
4043	8 
4044	14 
4045	46 47 63 117 137 
4046	83 
4047	32 
4048	102 
4049	83 
4050	116 
4051	21 
4052	15 
4053	7 13 31 110 118 
4054	82 
4055	38 
4056	30 56 84 98 114 
4057	142 
4058	16 57 100 105 140 
4059	60 
4060	62 
4061	13 
4062	31 
4063	2 
4064	74 
4065	118 
4066	105 
4067	116 
4068	141 
4069	65 
4070	46 49 56 60 90 
4071	39 
4072	110 
4073	107 
4074	136 
4075	45 
4076	119 
4077	15 68 129 137 141 
4078	137 
4079	129 
4080	58 
4081	94 
4082	90 
4083	126 
4084	48 
4085	33 102 125 128 129 
4086	28 
4087	25 
4088	106 
4089	132 
4090	16 59 63 67 140 
4091	71 
4092	75 
4093	71 
4094	58 
4095	133 
4096	141 
4097	55 
4098	46 
4099	140 
4100	81 
4101	80 
4102	118 
4103	134 
4104	91 
4105	103 
4106	67 
4107	13 46 48 91 126 
4108	6 
4109	107 
4110	67 
4111	138 
4112	78 
4113	28 66 91 130 140 
4114	15 
4115	139 
4116	71 
4117	60 
4118	4 
4119	46 
4120	139 
4121	15 
4122	120 
4123	60 
4124	27 
4125	9 66 98 117 119 
4126	60 
4127	98 
4128	38 
4129	80 
4130	123 
4131	45 
4132	34 
4133	13 41 65 70 126 
4134	3 
4135	4 61 75 84 130 
4136	72 
4137	143 
4138	2 17 97 129 143 
4139	80 
4140	47 50 128 131 142 
4141	136 
4142	69 
4143	46 
4144	131 
4145	138 
4146	97 
4147	142 
4148	113 
4149	32 
4150	115 
4151	131 
4152	9 
4153	76 
4154	9 90 92 123 136 
4155	81 
4156	114 
4157	35 
4158	85 
4159	112 
4160	124 
4161	85 
4162	12 
4163	141 
4164	28 
4165	43 
4166	124 
4167	15 
4168	61 79 96 98 102 
4169	60 
4170	46 
4171	131 
4172	54 
4173	92 
4174	93 
4175	58 
4176	56 
4177	30 
4178	43 
4179	81 
4180	7 37 116 118 141 
4181	75 
4182	120 
4183	16 
4184	67 
4185	45 
4186	28 
4187	71 
4188	35 
4189	139 
4190	3 
4191	100 
4192	109 
4193	72 
4194	66 
4195	91 
4196	115 
4197	107 
4198	120 
4199	77 
4200	55 
4201	81 
4202	102 
4203	69 
4204	85 
4205	53 
4206	112 
4207	46 
4208	58 
4209	26 
4210	78 
4211	119 
4212	135 
4213	90 100 112 115 137 
4214	88 
4215	117 
4216	76 
4217	37 
4218	7 14 19 103 115 
4219	5 
4220	137 
4221	137 
4222	55 
4223	21 38 46 91 113 
4224	18 31 58 97 115 
4225	122 
4226	53 
4227	118 
4228	91 
4229	83 
4230	107 
4231	103 
4232	55 
4233	58 
4234	85 
4235	19 27 72 84 138 
4236	72 
4237	5 
4238	13 
4239	38 
4240	142 
4241	46 
4242	35 
4243	107 
4244	35 
4245	116 
4246	142 
4247	46 
4248	9 
4249	74 
4250	45 
4251	54 62 78 106 110 
4252	43 81 85 102 134 
4253	15 
4254	51 
4255	93 
4256	136 
4257	103 
4258	16 
4259	62 
4260	53 
4261	1 11 47 110 112 
4262	35 
4263	55 
4264	48 
4265	139 
4266	9 
4267	110 
4268	76 
4269	30 
4270	60 
4271	32 
4272	14 18 34 53 75 
4273	8 
4274	83 
4275	121 
4276	69 
4277	86 
4278	123 
4279	14 
4280	103 
4281	44 
4282	137 
4283	39 66 106 109 118 
4284	3 
4285	28 
4286	57 
4287	69 
4288	116 
4289	16 
4290	11 
4291	139 
4292	15 59 134 137 139 
4293	22 
4294	69 
4295	23 
4296	65 
4297	46 
4298	74 
4299	110 
4300	86 
4301	5 
4302	18 45 49 55 74 
4303	89 
4304	10 
4305	122 
4306	52 
4307	118 
4308	8 90 106 113 121 
4309	139 
4310	21 
4311	126 
4312	39 44 71 132 138 
4313	118 
4314	110 
4315	44 
4316	102 
4317	45 
4318	66 
4319	77 
4320	49 57 81 107 139 
4321	82 
4322	51 
4323	32 
4324	39 
4325	53 
4326	107 
4327	76 
4328	58 
4329	12 18 19 60 61 
4330	80 
4331	59 
4332	31 
4333	95 
4334	41 
4335	122 
4336	105 
4337	31 84 104 112 125 
4338	28 38 56 102 138 
4339	124 
4340	48 
4341	5 6 49 124 135 
4342	98 
4343	2 
4344	6 
4345	139 
4346	136 
4347	118 
4348	53 61 78 84 111 
4349	64 
4350	122 
4351	3 
4352	79 
4353	101 
4354	6 
4355	128 
4356	44 
4357	17 40 45 77 142 
4358	103 
4359	98 
4360	92 
4361	90 
4362	18 
4363	140 
4364	78 
4365	141 
4366	80 
4367	66 
4368	104 
4369	33 
4370	3 
4371	93 
4372	55 
4373	102 
4374	34 
4375	11 
4376	59 
4377	35 
4378	7 
4379	141 
4380	8 
4381	129 
4382	41 
4383	54 
4384	42 
4385	41 
4386	127 
4387	84 
4388	110 
4389	43 85 111 115 117 
4390	100 
4391	139 
4392	45 
4393	110 
4394	47 
4395	44 
4396	82 
4397	5 27 49 66 131 
4398	56 
4399	26 
4400	116 
4401	89 
4402	60 
4403	22 
4404	30 
4405	41 
4406	89 
4407	103 
4408	22 
4409	17 
4410	115 
4411	96 
4412	71 
4413	48 
4414	55 
4415	137 
4416	15 
4417	41 
4418	45 48 53 60 68 
4419	3 15 18 103 137 
4420	32 53 94 115 132 
4421	31 
4422	15 
4423	71 
4424	95 
4425	44 
4426	15 56 64 114 123 
4427	66 
4428	126 
4429	113 
4430	115 
4431	18 64 68 89 107 
4432	83 
4433	64 
4434	87 
4435	117 
4436	16 41 43 46 86 
4437	46 
4438	90 
4439	136 
4440	37 
4441	55 
4442	60 
4443	55 
4444	107 
4445	53 55 83 135 136 
4446	122 
4447	91 
4448	19 
4449	15 
4450	56 110 133 139 143 
4451	26 
4452	86 
4453	50 
4454	57 
4455	102 
4456	112 
4457	7 
4458	7 
4459	43 
4460	136 
4461	23 
4462	9 34 51 58 75 
4463	112 
4464	107 
4465	123 
4466	138 
4467	10 
4468	94 
4469	45 
4470	46 
4471	81 
4472	119 
4473	136 
4474	87 
4475	83 
4476	112 
4477	38 
4478	64 
4479	16 35 66 69 138 
4480	56 
4481	31 
4482	19 52 74 84 137 
4483	60 71 123 130 133 
4484	14 
4485	65 
4486	77 
4487	15 
4488	30 
4489	41 
4490	58 
4491	88 
4492	62 
4493	74 
4494	114 
4495	129 
4496	55 
4497	119 
4498	24 
4499	5 18 84 105 141 
4500	45 
4501	56 79 121 123 131 
4502	38 
4503	19 
4504	21 
4505	131 
4506	126 
4507	43 
4508	34 
4509	11 
4510	125 
4511	2 
4512	9 
4513	73 
4514	15 
4515	49 
4516	122 
4517	125 
4518	121 
4519	76 
4520	78 
4521	121 
4522	123 
4523	89 
4524	42 
4525	129 
4526	14 
4527	85 
4528	2 
4529	34 
4530	129 
4531	129 
4532	133 
4533	60 
4534	21 
4535	106 
4536	18 
4537	50 
4538	112 
4539	17 
4540	22 
4541	49 
4542	122 
4543	66 
4544	13 
4545	112 
4546	2 19 74 131 141 
4547	15 
4548	85 
4549	19 
4550	143 
4551	62 
4552	66 
4553	14 
4554	87 
4555	92 
4556	125 
4557	126 
4558	76 
4559	84 
4560	41 
4561	69 
4562	50 
4563	33 
4564	53 
4565	34 
4566	143 
4567	141 
4568	17 
4569	42 45 61 72 110 
4570	61 63 80 85 88 
4571	2 
4572	16 17 83 119 141 
4573	106 
4574	84 
4575	49 
4576	108 
4577	14 
4578	88 
4579	63 
4580	53 
4581	35 
4582	74 
4583	50 
4584	19 53 66 118 125 
4585	52 
4586	88 
4587	59 70 78 110 126 
4588	85 
4589	9 
4590	30 44 95 134 141 
4591	18 
4592	73 
4593	34 
4594	77 
4595	38 
4596	55 
4597	84 
4598	131 
4599	58 
4600	21 
4601	117 
4602	80 
4603	113 
4604	6 
4605	104 
4606	32 
4607	133 
4608	120 
4609	7 
4610	22 
4611	5 
4612	43 
4613	125 
4614	50 
4615	16 
4616	61 
4617	143 
4618	3 
4619	119 
4620	3 
4621	53 
4622	139 
4623	105 
4624	60 
4625	14 
4626	82 
4627	19 31 97 111 112 
4628	66 
4629	64 
4630	30 
4631	9 
4632	104 
4633	121 
4634	113 
4635	8 
4636	58 
4637	56 85 87 110 131 
4638	3 
4639	55 
4640	61 
4641	15 39 66 70 106 
4642	31 
4643	17 26 51 53 130 
4644	16 
4645	13 
4646	45 
4647	70 
4648	61 
4649	126 
4650	30 
4651	46 112 121 134 142 
4652	41 
4653	106 
4654	139 
4655	8 
4656	11 49 53 116 124 
4657	83 
4658	13 
4659	30 70 86 123 125 
4660	141 
4661	56 
4662	142 
4663	105 
4664	30 
4665	115 
4666	80 
4667	90 
4668	77 
4669	74 
4670	74 
4671	60 
4672	117 
4673	53 
4674	139 
4675	53 
4676	8 
4677	142 
4678	13 
4679	129 
4680	49 
4681	103 
4682	80 
4683	33 
4684	11 
4685	56 
4686	118 
4687	38 
4688	45 
4689	21 80 91 98 118 
4690	64 
4691	140 
4692	130 
4693	7 
4694	14 
4695	124 
4696	54 
4697	97 
4698	38 64 75 82 91 
4699	32 
4700	17 
4701	61 
4702	8 
4703	1 
4704	13 
4705	7 
4706	17 49 58 87 141 
4707	24 63 64 131 138 
4708	30 31 76 78 96 
4709	88 
4710	38 
4711	142 
4712	108 
4713	34 88 133 136 140 
4714	57 
4715	76 
4716	124 
4717	15 17 33 115 118 
4718	50 
4719	17 45 61 71 82 
4720	56 
4721	112 
4722	118 
4723	108 
4724	97 
4725	5 
4726	118 
4727	49 
4728	16 
4729	131 
4730	118 
4731	116 
4732	136 
4733	104 
4734	6 
4735	31 
4736	92 
4737	15 
4738	3 
4739	93 
4740	50 
4741	82 
4742	64 
4743	137 
4744	89 
4745	60 
4746	91 
4747	129 
4748	46 
4749	102 
4750	88 
4751	79 
4752	55 
4753	110 
4754	10 28 67 86 131 
4755	18 
4756	56 
4757	67 
4758	23 
4759	112 
4760	41 
4761	139 
4762	10 50 56 69 107 
4763	12 49 59 75 113 
4764	46 
4765	129 
4766	98 
4767	14 
4768	53 
4769	114 
4770	21 71 88 121 137 
4771	107 
4772	83 
4773	67 
4774	74 
4775	142 
4776	41 
4777	104 
4778	59 
4779	142 
4780	21 
4781	123 
4782	91 
4783	14 
4784	49 
4785	58 
4786	136 
4787	21 
4788	30 
4789	56 
4790	61 
4791	39 60 116 128 130 
4792	139 
4793	21 
4794	103 
4795	15 
4796	38 
4797	57 
4798	88 
4799	74 
4800	82 
4801	142 
4802	85 
4803	45 
4804	38 69 72 119 141 
4805	80 
4806	139 
4807	61 
4808	69 
4809	115 
4810	80 
4811	17 18 45 66 141 
4812	131 
4813	28 
4814	85 
4815	51 
4816	3 35 58 125 130 
4817	64 
4818	13 
4819	33 
4820	5 104 106 109 126 
4821	61 
4822	69 
4823	116 
4824	85 
4825	53 
4826	21 
4827	90 
4828	16 
4829	136 
4830	14 
4831	126 
4832	125 
4833	93 
4834	21 26 69 82 142 
4835	36 46 50 88 136 
4836	69 
4837	19 
4838	2 
4839	88 
4840	88 
4841	103 
4842	60 
4843	34 
4844	80 
4845	7 
4846	76 
4847	45 
4848	125 
4849	76 
4850	69 
4851	43 
4852	11 28 35 90 108 
4853	45 
4854	44 
4855	126 
4856	60 
4857	66 
4858	81 
4859	61 
4860	117 
4861	80 
4862	35 
4863	64 
4864	55 
4865	28 
4866	61 
4867	112 
4868	21 
4869	139 
4870	15 
4871	31 
4872	98 
4873	60 
4874	82 
4875	90 
4876	123 
4877	56 
4878	46 
4879	115 
4880	21 
4881	55 88 90 134 140 
4882	34 
4883	6 
4884	43 
4885	76 
4886	53 85 101 112 134 
4887	125 
4888	31 
4889	92 
4890	137 
4891	13 49 72 73 118 
4892	121 
4893	137 
4894	13 
4895	129 
4896	118 
4897	76 
4898	84 
4899	63 
4900	15 22 50 83 123 
4901	118 
4902	13 53 69 79 111 
4903	136 
4904	59 
4905	8 
4906	11 
4907	121 
4908	5 
4909	89 
4910	66 
4911	123 
4912	52 
4913	75 
4914	24 55 80 110 122 
4915	33 
4916	141 
4917	59 
4918	2 21 60 61 71 
4919	115 
4920	76 
4921	57 
4922	11 39 45 49 69 
4923	30 
4924	81 
4925	117 
4926	136 
4927	57 77 79 108 125 
4928	58 
4929	82 
4930	137 
4931	11 
4932	41 
4933	34 
4934	71 
4935	13 
4936	84 
4937	10 41 56 107 130 
4938	59 
4939	103 
4940	45 
4941	31 
4942	32 49 61 99 113 
4943	140 
4944	2 
4945	16 
4946	21 
4947	136 
4948	14 
4949	121 
4950	58 
4951	38 
4952	115 
4953	140 
4954	57 
4955	83 
4956	17 45 84 87 126 
4957	7 
4958	85 
4959	50 
4960	17 
4961	115 
4962	125 
4963	38 60 66 122 123 
4964	89 
4965	45 
4966	33 47 79 128 138 
4967	63 
4968	63 
4969	71 
4970	44 51 116 122 136 
4971	23 25 36 122 141 
4972	53 
4973	56 
4974	126 
4975	49 
4976	121 
4977	33 
4978	21 
4979	112 
4980	118 
4981	118 
4982	137 
4983	19 
4984	137 
4985	136 
4986	11 
4987	140 
4988	84 
4989	69 
4990	83 
4991	53 
4992	66 
4993	142 
4994	66 
4995	4 21 66 91 129 
4996	131 
4997	21 
4998	7 69 72 91 108 
4999	112 
5000	71 
