1	71 
2	363 
3	161 
4	200 
5	57 80 176 
6	51 67 229 
7	280 
8	178 
9	124 
10	18 
11	36 
12	111 
13	341 
14	344 
15	327 
16	175 
17	131 
18	149 250 292 
19	326 339 371 
20	292 
21	136 
22	62 77 235 
23	170 
24	115 289 351 
25	186 
26	45 
27	106 335 371 
28	331 
29	41 234 386 
30	50 
31	348 
32	216 
33	87 136 288 
34	40 
35	12 29 327 
36	254 
37	66 
38	66 243 329 
39	74 
40	220 
41	389 
42	358 
43	68 
44	350 
45	87 
46	237 
47	244 
48	258 285 287 
49	169 
50	280 
51	295 
52	251 
53	380 
54	278 
55	117 200 391 
56	301 
57	176 
58	235 
59	20 
60	178 
61	41 
62	342 
63	308 
64	273 
65	138 
66	281 
67	3 
68	54 
69	105 
70	317 
71	369 
72	104 
73	381 
74	311 
75	248 
76	195 
77	74 
78	291 
79	328 
80	71 
81	130 
82	259 
83	63 
84	64 
85	94 
86	279 
87	283 
88	32 
89	172 
90	132 
91	227 
92	79 
93	157 
94	349 
95	207 276 307 
96	341 
97	311 
98	269 
99	23 
100	111 142 382 
101	107 
102	215 
103	130 
104	197 
105	265 
106	224 
107	52 106 302 
108	136 154 348 
109	114 
110	53 
111	34 
112	184 
113	265 
114	155 
115	380 
116	21 
117	22 
118	101 
119	378 
120	20 
121	91 
122	184 
123	97 
124	151 
125	201 
126	314 
127	66 299 322 
128	168 
129	208 
130	245 
131	352 
132	96 295 343 
133	363 
134	229 
135	317 
136	378 
137	210 
138	158 
139	387 
140	95 
141	58 170 296 
142	20 
143	122 
144	149 
145	183 
146	370 
147	327 
148	129 
149	304 
150	272 
151	348 
152	4 
153	213 
154	157 
155	116 
156	303 
157	73 
158	231 
159	322 
160	93 188 209 
161	213 
162	6 
163	257 
164	99 141 205 
165	29 
166	236 
167	345 
168	68 
169	95 
170	140 
171	387 
172	47 
173	301 
174	282 
175	32 
176	102 106 255 
177	262 
178	260 263 358 
179	182 
180	82 
181	80 
182	243 
183	223 
184	326 
185	2 
186	385 
187	8 
188	348 
189	108 
190	35 187 229 
191	142 
192	129 
193	225 
194	27 
195	212 
196	324 
197	188 
198	244 
199	146 
200	174 
201	299 
202	173 
203	256 
204	93 
205	223 
206	133 
207	242 
208	91 
209	339 
210	156 
211	100 
212	351 
213	246 
214	32 
215	17 
216	10 
217	135 193 340 
218	33 
219	273 
220	349 
221	100 
222	131 
223	225 330 386 
224	202 
225	100 
226	341 
227	156 
228	330 
229	299 
230	6 112 316 
231	387 
232	194 
233	28 
234	302 
235	70 
236	371 
237	327 
238	249 
239	162 
240	250 
241	311 
242	361 
243	386 
244	131 
245	286 
246	167 257 278 
247	181 
248	354 
249	30 
250	323 
251	382 
252	341 
253	270 
254	199 
255	106 299 393 
256	38 
257	261 
258	307 
259	333 
260	359 
261	302 
262	164 274 386 
263	171 
264	2 142 229 
265	278 
266	290 
267	270 
268	92 
269	211 
270	69 96 190 
271	240 
272	242 
273	11 
274	237 
275	268 
276	142 
277	156 192 353 
278	60 140 327 
279	342 
280	34 
281	248 
282	119 
283	21 119 378 
284	65 116 194 
285	310 
286	32 
287	316 
288	186 
289	63 
290	309 
291	4 
292	393 
293	216 
294	294 
295	24 
296	33 
297	93 
298	208 299 354 
299	116 
300	331 
301	73 
302	353 
303	143 
304	18 80 143 
305	13 
306	366 
307	168 
308	90 
309	29 
310	129 
311	273 
312	354 
313	158 
314	50 
315	78 
316	158 
317	126 
318	6 
319	393 
320	136 
321	41 
322	384 
323	159 
324	290 
325	174 
326	62 
327	284 
328	74 
329	62 
330	162 
331	157 
332	56 
333	19 
334	290 
335	373 
336	82 
337	218 
338	281 
339	218 
340	351 
341	314 
342	257 
343	351 
344	348 
345	300 
346	152 
347	296 
348	343 
349	33 
350	226 
351	315 
352	60 115 286 
353	115 
354	156 
355	211 
356	331 
357	84 
358	29 
359	112 
360	133 
361	228 
362	256 
363	15 
364	285 
365	74 
366	147 
367	10 
368	254 
369	78 
370	343 
371	318 
372	177 
373	189 
374	238 254 356 
375	294 
376	119 120 144 
377	159 
378	121 
379	198 
380	133 
381	142 
382	194 
383	192 267 271 
384	143 
385	6 
386	356 
387	129 
388	278 
389	330 
390	156 
391	299 
392	334 
393	391 
394	108 
395	69 
396	154 
397	201 
398	386 
399	73 
400	283 
401	11 
402	126 
403	164 
404	155 
405	53 
406	168 
407	219 
408	372 
409	232 
410	63 
411	229 
412	357 
413	278 
414	100 
415	280 
416	80 
417	40 78 320 
418	146 
419	196 
420	188 
421	164 
422	214 
423	327 
424	56 
425	145 
426	368 
427	107 
428	146 
429	265 
430	254 
431	179 
432	47 152 165 
433	106 
434	4 
435	348 
436	389 
437	313 
438	33 
439	136 
440	53 81 288 
441	149 
442	75 
443	233 
444	314 
445	10 
446	112 
447	363 
448	231 
449	269 
450	17 
451	64 
452	248 
453	337 
454	360 
455	203 
456	225 
457	33 93 122 
458	164 
459	385 
460	207 
461	164 
462	339 
463	15 
464	24 
465	95 
466	46 
467	195 
468	182 
469	348 
470	336 
471	259 
472	11 80 130 
473	144 
474	392 
475	51 
476	236 
477	9 
478	119 
479	97 
480	64 
481	151 
482	197 
483	33 
484	61 
485	187 
486	129 
487	5 214 374 
488	53 120 316 
489	201 
490	317 
491	339 
492	233 
493	149 
494	113 
495	391 
496	391 
497	3 
498	200 
499	146 
500	281 
501	117 234 249 
502	277 
503	106 
504	86 
505	27 
506	351 
507	226 
508	248 
509	278 284 340 
510	380 
511	364 
512	373 
513	92 191 371 
514	57 
515	125 
516	74 
517	71 
518	295 
519	308 
520	91 
521	242 
522	112 156 279 
523	202 250 389 
524	322 
525	167 
526	3 
527	225 
528	217 
529	343 
530	33 
531	309 
532	231 
533	343 
534	153 
535	115 
536	98 
537	173 
538	82 
539	141 
540	146 
541	251 
542	215 
543	319 
544	63 
545	273 
546	83 
547	224 
548	158 
549	83 
550	51 
551	81 
552	232 
553	2 
554	92 
555	130 272 320 
556	210 215 229 
557	282 
558	87 
559	365 
560	177 
561	339 
562	145 
563	177 
564	348 
565	309 
566	93 230 279 
567	38 
568	286 
569	51 
570	334 
571	318 
572	228 
573	259 
574	2 
575	58 132 162 
576	256 
577	355 
578	221 297 343 
579	204 
580	36 
581	31 
582	345 
583	200 
584	106 
585	256 
586	38 49 363 
587	223 
588	374 
589	379 
590	297 
591	291 
592	374 
593	63 
594	371 
595	247 
596	173 
597	320 
598	85 115 212 
599	196 
600	316 
601	345 
602	286 
603	192 
604	271 
605	31 
606	206 
607	331 
608	51 
609	308 
610	62 83 355 
611	185 
612	312 316 348 
613	268 
614	115 
615	250 
616	309 
617	195 
618	107 
619	86 
620	239 
621	118 
622	294 
623	183 
624	22 
625	152 270 295 
626	170 
627	289 
628	12 
629	165 
630	16 
631	203 
632	137 
633	345 
634	345 
635	138 
636	54 56 376 
637	382 
638	370 
639	59 
640	87 
641	89 
642	150 308 351 
643	3 
644	293 
645	254 
646	120 
647	2 130 287 
648	384 
649	267 
650	169 
651	89 
652	198 
653	233 
654	136 
655	309 
656	25 
657	108 
658	153 
659	300 
660	95 
661	303 
662	229 
663	285 
664	173 
665	191 255 289 
666	385 
667	220 
668	98 
669	99 
670	62 
671	3 
672	278 
673	156 
674	370 
675	93 
676	355 
677	296 
678	371 
679	165 
680	355 
681	337 
682	2 232 241 
683	89 
684	81 
685	42 
686	108 
687	200 
688	101 
689	312 
690	376 
691	94 340 376 
692	92 
693	133 
694	368 
695	133 
696	316 
697	159 
698	216 
699	51 
700	227 
701	93 
702	367 
703	357 
704	382 
705	386 
706	74 
707	27 53 170 
708	58 146 329 
709	172 
710	105 
711	5 10 275 
712	52 222 330 
713	166 
714	33 
715	136 
716	302 
717	170 
718	238 
719	279 
720	306 
721	228 
722	36 106 332 
723	170 
724	136 
725	84 
726	166 
727	55 
728	161 
729	186 
730	142 
731	284 
732	383 
733	273 
734	16 
735	274 
736	124 152 186 
737	79 
738	289 
739	228 
740	197 
741	8 
742	351 
743	341 
744	61 
745	101 
746	295 
747	280 
748	230 
749	344 
750	33 
751	81 
752	147 
753	229 
754	335 
755	267 
756	264 
757	36 
758	187 
759	297 
760	343 
761	103 
762	337 
763	211 
764	100 
765	18 
766	139 
767	342 
768	332 
769	264 
770	66 
771	100 
772	56 
773	61 
774	279 298 319 
775	67 296 377 
776	266 
777	3 
778	193 
779	278 
780	98 
781	63 
782	198 
783	152 
784	284 
785	5 
786	53 130 173 
787	157 
788	385 
789	381 
790	78 174 314 
791	368 
792	129 
793	173 
794	140 
795	320 
796	25 282 340 
797	63 
798	270 
799	156 
800	226 
801	119 
802	26 
803	116 
804	286 
805	46 
806	111 
807	205 
808	334 
809	251 
810	49 173 217 
811	128 
812	47 
813	303 
814	265 
815	7 151 282 
816	139 
817	102 
818	307 
819	143 330 393 
820	250 
821	182 
822	259 
823	164 
824	292 
825	353 
826	60 
827	35 
828	244 
829	64 
830	183 
831	277 
832	29 
833	232 
834	366 
835	51 
836	371 
837	309 
838	176 
839	362 
840	60 
841	215 308 343 
842	223 
843	267 
844	181 
845	170 
846	392 
847	325 
848	33 
849	222 
850	327 
851	93 332 338 
852	127 
853	121 
854	33 340 375 
855	23 
856	41 
857	341 
858	148 
859	100 
860	367 
861	94 
862	190 
863	43 
864	347 
865	9 
866	82 
867	2 
868	58 
869	15 
870	76 
871	283 
872	169 
873	168 
874	289 
875	195 
876	49 
877	60 
878	307 
879	124 
880	326 
881	16 
882	116 
883	181 261 356 
884	60 
885	331 
886	139 
887	55 255 280 
888	75 
889	164 
890	169 
891	228 
892	380 
893	50 
894	61 
895	160 
896	182 210 234 
897	137 
898	79 
899	185 
900	326 
901	255 
902	176 
903	38 
904	45 
905	44 
906	227 
907	232 
908	213 
909	359 
910	302 
911	78 
912	104 
913	251 
914	41 
915	16 
916	38 
917	376 
918	127 
919	152 
920	257 
921	302 
922	183 
923	357 
924	21 
925	127 
926	141 
927	282 
928	114 232 385 
929	92 
930	248 
931	119 
932	279 
933	176 
934	115 243 382 
935	230 294 347 
936	278 
937	271 
938	248 249 276 
939	75 
940	51 
941	367 
942	166 
943	205 
944	176 
945	55 
946	327 
947	158 
948	269 336 388 
949	16 
950	267 
951	137 
952	179 
953	343 
954	67 
955	130 
956	249 
957	305 
958	212 222 254 
959	119 
960	83 
961	63 
962	233 
963	7 258 382 
964	236 
965	15 
966	166 
967	194 
968	356 
969	74 216 351 
970	237 
971	32 57 285 
972	248 
973	343 
974	164 
975	38 80 244 
976	184 
977	387 
978	32 
979	291 
980	234 
981	204 
982	322 
983	247 
984	262 
985	132 
986	86 231 303 
987	149 
988	232 
989	359 
990	129 
991	60 
992	32 143 297 
993	66 
994	248 
995	111 
996	119 229 323 
997	31 
998	114 
999	34 
1000	195 
1001	29 
1002	150 
1003	89 
1004	124 
1005	250 
1006	3 
1007	78 
1008	125 
1009	317 
1010	234 
1011	294 
1012	276 
1013	232 
1014	301 
1015	81 
1016	205 
1017	65 
1018	179 
1019	141 
1020	223 
1021	228 
1022	296 
1023	279 
1024	58 
1025	255 
1026	166 
1027	77 
1028	77 175 374 
1029	346 
1030	112 
1031	354 
1032	150 
1033	319 
1034	350 
1035	306 
1036	20 77 138 
1037	278 
1038	72 
1039	27 
1040	308 
1041	238 
1042	54 
1043	322 
1044	197 
1045	89 
1046	95 260 327 
1047	15 
1048	99 
1049	204 
1050	289 
1051	231 
1052	82 
1053	110 
1054	209 
1055	383 
1056	71 
1057	144 
1058	121 
1059	151 282 378 
1060	95 
1061	354 
1062	348 
1063	255 
1064	286 
1065	261 
1066	114 
1067	65 
1068	365 
1069	18 
1070	378 
1071	216 
1072	214 
1073	300 
1074	127 
1075	175 
1076	9 
1077	69 
1078	195 291 322 
1079	346 
1080	228 
1081	185 
1082	31 
1083	276 
1084	367 
1085	226 
1086	372 
1087	52 
1088	362 
1089	251 339 356 
1090	14 
1091	267 
1092	191 
1093	190 
1094	341 
1095	160 
1096	177 
1097	367 
1098	86 
1099	229 
1100	114 
1101	104 
1102	40 
1103	198 
1104	100 
1105	87 
1106	244 
1107	181 
1108	287 
1109	134 
1110	239 
1111	246 
1112	132 
1113	179 184 275 
1114	311 
1115	355 
1116	182 
1117	109 
1118	158 
1119	228 
1120	156 
1121	188 315 340 
1122	61 
1123	3 
1124	236 
1125	299 
1126	6 365 392 
1127	232 
1128	100 
1129	331 
1130	150 
1131	71 
1132	221 
1133	25 
1134	301 
1135	388 
1136	71 
1137	152 
1138	76 
1139	71 
1140	54 255 352 
1141	312 
1142	112 
1143	53 
1144	89 
1145	83 
1146	179 
1147	251 
1148	295 
1149	330 
1150	20 115 179 
1151	313 
1152	209 
1153	353 
1154	66 
1155	343 
1156	382 
1157	156 
1158	18 246 313 
1159	170 
1160	277 
1161	18 
1162	378 
1163	248 
1164	367 
1165	227 
1166	169 
1167	265 
1168	226 
1169	119 
1170	30 
1171	349 
1172	140 
1173	41 
1174	10 
1175	296 
1176	164 
1177	380 
1178	230 
1179	271 
1180	280 
1181	248 274 304 
1182	330 
1183	360 
1184	6 
1185	154 
1186	251 
1187	386 
1188	78 
1189	275 
1190	232 
1191	378 
1192	245 
1193	138 
1194	365 
1195	95 
1196	183 
1197	116 
1198	348 
1199	350 
1200	43 57 365 
1201	197 
1202	340 
1203	67 
1204	292 
1205	282 
1206	93 
1207	277 
1208	150 
1209	312 
1210	142 
1211	229 
1212	26 
1213	301 
1214	121 
1215	344 
1216	201 
1217	78 
1218	95 
1219	62 
1220	162 
1221	278 
1222	94 
1223	342 
1224	190 203 381 
1225	151 
1226	13 
1227	250 
1228	202 
1229	80 
1230	214 
1231	128 
1232	55 
1233	110 
1234	126 130 273 
1235	149 
1236	71 
1237	180 
1238	276 
1239	306 
1240	305 
1241	37 
1242	33 
1243	352 
1244	159 
1245	212 
1246	138 
1247	350 
1248	148 
1249	199 
1250	81 
1251	386 
1252	367 
1253	352 
1254	24 
1255	373 
1256	256 
1257	90 
1258	87 
1259	299 
1260	159 
1261	37 
1262	323 
1263	12 
1264	24 
1265	145 
1266	90 
1267	196 
1268	195 
1269	285 
1270	35 
1271	256 
1272	272 
1273	189 
1274	386 
1275	297 
1276	271 
1277	185 
1278	43 132 142 
1279	297 
1280	105 273 331 
1281	130 
1282	122 
1283	138 
1284	270 
1285	330 
1286	74 
1287	102 
1288	87 
1289	14 
1290	31 
1291	199 
1292	217 
1293	346 
1294	227 
1295	369 
1296	61 
1297	74 
1298	363 
1299	318 
1300	255 
1301	264 
1302	112 
1303	115 
1304	56 
1305	231 
1306	184 
1307	106 
1308	58 
1309	147 
1310	274 
1311	132 168 276 
1312	119 
1313	142 
1314	64 
1315	362 
1316	118 
1317	126 
1318	51 240 371 
1319	291 
1320	17 
1321	49 
1322	318 
1323	8 
1324	52 
1325	382 
1326	133 
1327	259 
1328	8 
1329	357 
1330	46 
1331	261 
1332	214 
1333	336 
1334	73 
1335	138 
1336	383 
1337	364 
1338	321 
1339	347 
1340	260 
1341	350 
1342	112 
1343	102 
1344	390 
1345	92 
1346	371 
1347	77 
1348	303 
1349	67 72 322 
1350	39 
1351	68 151 210 
1352	42 202 249 
1353	336 
1354	25 
1355	21 
1356	311 
1357	33 
1358	263 
1359	94 
1360	42 
1361	51 
1362	217 
1363	292 
1364	349 
1365	224 
1366	5 
1367	251 
1368	284 
1369	105 
1370	153 
1371	131 
1372	67 
1373	261 
1374	234 
1375	47 289 320 
1376	100 
1377	82 
1378	288 
1379	21 
1380	367 
1381	390 
1382	25 
1383	303 
1384	51 
1385	343 
1386	213 
1387	191 316 344 
1388	246 272 282 
1389	18 
1390	46 
1391	245 
1392	306 
1393	62 
1394	299 
1395	353 
1396	228 
1397	47 181 312 
1398	354 
1399	363 
1400	114 
1401	357 
1402	253 
1403	291 
1404	209 
1405	301 
1406	145 
1407	324 
1408	155 
1409	371 
1410	190 
1411	58 289 342 
1412	381 
1413	139 
1414	282 
1415	107 
1416	58 
1417	51 
1418	158 
1419	205 
1420	349 
1421	341 
1422	387 
1423	347 
1424	320 
1425	388 
1426	356 
1427	390 
1428	280 
1429	87 
1430	336 
1431	29 174 209 
1432	338 
1433	56 
1434	115 
1435	28 
1436	111 
1437	203 
1438	106 
1439	161 
1440	371 
1441	111 141 318 
1442	381 
1443	215 217 244 
1444	250 
1445	336 
1446	120 
1447	280 
1448	73 
1449	268 
1450	387 
1451	221 
1452	186 
1453	225 
1454	31 
1455	327 
1456	358 
1457	138 
1458	357 
1459	7 
1460	128 
1461	30 
1462	49 
1463	120 
1464	221 
1465	121 
1466	143 
1467	315 
1468	115 
1469	216 
1470	224 
1471	32 
1472	227 
1473	185 
1474	217 
1475	231 
1476	208 278 367 
1477	337 
1478	57 
1479	181 
1480	255 
1481	198 
1482	30 
1483	95 
1484	20 
1485	229 
1486	256 
1487	302 
1488	67 147 244 
1489	318 
1490	33 
1491	187 
1492	206 
1493	113 
1494	390 
1495	33 61 157 
1496	197 
1497	76 
1498	143 
1499	230 
1500	40 
1501	247 
1502	252 
1503	149 
1504	108 
1505	240 
1506	61 268 337 
1507	40 
1508	307 
1509	308 
1510	26 
1511	88 
1512	340 
1513	195 
1514	245 
1515	369 
1516	342 
1517	244 
1518	207 
1519	216 
1520	28 
1521	57 244 388 
1522	345 
1523	263 
1524	349 
1525	119 
1526	181 
1527	69 
1528	29 
1529	124 
1530	38 
1531	338 
1532	217 258 326 
1533	366 
1534	249 254 356 
1535	227 
1536	316 
1537	176 
1538	33 
1539	81 
1540	100 
1541	156 
1542	374 
1543	313 
1544	121 
1545	164 
1546	341 
1547	48 
1548	345 
1549	290 
1550	76 
1551	367 
1552	53 233 242 
1553	31 
1554	236 
1555	156 
1556	342 
1557	203 
1558	159 
1559	131 
1560	248 
1561	304 
1562	124 
1563	20 
1564	202 
1565	107 
1566	156 
1567	92 
1568	331 
1569	110 
1570	209 
1571	107 
1572	273 
1573	301 
1574	336 
1575	170 291 380 
1576	386 
1577	181 
1578	3 53 71 
1579	247 
1580	31 86 270 
1581	12 93 364 
1582	272 
1583	343 
1584	247 
1585	69 
1586	208 312 322 
1587	98 
1588	117 
1589	10 220 384 
1590	152 
1591	106 
1592	390 
1593	155 
1594	157 
1595	151 
1596	385 
1597	169 
1598	285 
1599	184 
1600	30 
1601	175 
1602	74 212 311 
1603	156 
1604	208 
1605	57 
1606	167 
1607	203 
1608	294 
1609	81 
1610	316 
1611	340 
1612	35 327 384 
1613	33 223 252 
1614	320 
1615	289 
1616	335 
1617	190 
1618	44 141 357 
1619	78 
1620	301 
1621	355 
1622	225 258 281 
1623	149 
1624	111 
1625	38 
1626	234 
1627	55 
1628	127 
1629	107 
1630	196 
1631	359 
1632	184 314 344 
1633	112 182 340 
1634	152 
1635	96 
1636	140 
1637	381 
1638	230 
1639	169 
1640	357 
1641	216 
1642	39 63 106 
1643	116 
1644	273 
1645	10 
1646	302 
1647	105 
1648	142 
1649	295 
1650	184 
1651	191 240 251 
1652	152 
1653	345 
1654	32 
1655	186 
1656	263 
1657	119 
1658	278 
1659	291 
1660	10 
1661	157 
1662	91 
1663	91 
1664	370 
1665	206 
1666	393 
1667	61 
1668	242 
1669	105 149 229 
1670	324 
1671	331 
1672	62 104 156 
1673	60 
1674	59 
1675	217 
1676	245 
1677	392 
1678	362 
1679	131 
1680	334 
1681	184 
1682	95 
1683	237 278 388 
1684	248 
1685	30 
1686	219 
1687	234 
1688	98 
1689	250 
1690	276 
1691	62 
1692	278 340 374 
1693	351 
1694	231 
1695	145 
1696	17 
1697	254 
1698	354 
1699	14 
1700	54 
1701	320 
1702	355 
1703	300 
1704	300 
1705	245 
1706	138 
1707	287 
1708	8 106 253 
1709	275 
1710	317 
1711	294 
1712	164 195 369 
1713	187 
1714	310 
1715	5 
1716	230 
1717	202 
1718	368 
1719	119 
1720	341 
1721	327 
1722	322 
1723	350 
1724	128 
1725	60 
1726	196 
1727	21 86 388 
1728	81 
1729	73 
1730	276 
1731	296 
1732	67 
1733	146 
1734	339 
1735	390 
1736	326 
1737	16 
1738	61 
1739	1 
1740	10 61 264 
1741	92 
1742	149 
1743	67 109 286 
1744	71 
1745	286 
1746	97 
1747	301 
1748	375 
1749	348 
1750	48 
1751	193 
1752	29 241 354 
1753	234 
1754	279 
1755	16 
1756	29 
1757	86 
1758	339 
1759	218 
1760	242 
1761	312 
1762	3 
1763	267 
1764	348 
1765	248 
1766	114 
1767	141 
1768	17 
1769	309 
1770	160 
1771	21 29 35 
1772	316 
1773	309 
1774	165 198 326 
1775	140 
1776	366 
1777	355 
1778	164 
1779	145 
1780	5 
1781	235 
1782	314 
1783	195 
1784	118 164 347 
1785	44 
1786	254 
1787	214 
1788	140 
1789	330 
1790	18 
1791	73 
1792	92 
1793	356 
1794	204 
1795	316 
1796	6 253 273 
1797	278 
1798	318 
1799	105 
1800	192 
1801	184 
1802	296 
1803	316 
1804	50 
1805	63 
1806	173 
1807	140 
1808	387 
1809	374 
1810	354 
1811	30 
1812	254 
1813	386 
1814	380 
1815	233 
1816	364 
1817	347 
1818	299 
1819	156 
1820	21 
1821	209 
1822	270 
1823	288 
1824	79 
1825	331 
1826	69 
1827	210 
1828	268 
1829	135 
1830	234 
1831	382 
1832	81 
1833	164 
1834	277 
1835	118 
1836	115 143 185 
1837	185 
1838	169 
1839	56 
1840	164 
1841	71 
1842	74 106 149 
1843	3 
1844	47 
1845	27 
1846	221 
1847	187 
1848	46 
1849	243 
1850	267 
1851	372 
1852	139 247 261 
1853	325 
1854	78 
1855	345 
1856	154 
1857	305 
1858	207 
1859	161 
1860	94 
1861	137 
1862	249 
1863	251 
1864	242 
1865	101 
1866	118 
1867	81 
1868	10 
1869	151 
1870	366 
1871	214 
1872	133 
1873	345 
1874	114 
1875	1 
1876	382 
1877	250 
1878	223 
1879	52 
1880	134 
1881	295 
1882	327 
1883	72 
1884	293 
1885	93 
1886	119 
1887	33 
1888	49 
1889	63 
1890	239 
1891	330 
1892	111 
1893	8 
1894	93 
1895	216 
1896	313 
1897	140 
1898	38 169 170 
1899	145 
1900	229 
1901	139 
1902	115 
1903	40 
1904	382 
1905	319 
1906	170 
1907	192 
1908	207 
1909	279 
1910	56 
1911	122 
1912	11 
1913	355 
1914	327 
1915	390 
1916	375 
1917	233 
1918	28 
1919	94 
1920	73 
1921	371 
1922	47 
1923	81 
1924	150 
1925	265 
1926	22 92 341 
1927	393 
1928	90 
1929	94 228 349 
1930	276 
1931	363 
1932	111 
1933	283 
1934	242 
1935	22 
1936	237 
1937	312 
1938	88 183 260 
1939	55 
1940	186 
1941	216 
1942	12 
1943	80 
1944	259 
1945	95 
1946	330 
1947	299 
1948	142 
1949	123 
1950	205 
1951	15 
1952	200 
1953	31 295 329 
1954	254 
1955	131 
1956	45 
1957	180 
1958	130 
1959	124 
1960	9 
1961	134 
1962	301 
1963	381 
1964	292 
1965	117 
1966	318 
1967	75 
1968	73 
1969	251 
1970	328 
1971	95 
1972	213 
1973	32 
1974	228 
1975	30 
1976	202 
1977	367 
1978	343 
1979	126 
1980	346 
1981	385 
1982	80 
1983	173 
1984	324 
1985	237 
1986	129 
1987	33 229 327 
1988	115 
1989	377 
1990	245 
1991	224 
1992	228 
1993	262 
1994	331 
1995	149 
1996	113 275 351 
1997	64 
1998	176 
1999	332 
2000	27 
2001	315 
2002	20 
2003	264 
2004	51 247 271 
2005	101 
2006	100 
2007	264 
2008	187 
2009	78 
2010	364 
2011	287 
2012	198 
2013	312 
2014	45 
2015	34 
2016	73 
2017	228 
2018	96 
2019	49 152 336 
2020	96 
2021	313 
2022	323 
2023	317 
2024	386 
2025	78 
2026	4 
2027	183 
2028	387 
2029	259 
2030	130 
2031	191 
2032	10 72 269 
2033	223 
2034	197 
2035	246 
2036	49 
2037	93 
2038	320 
2039	251 
2040	67 
2041	156 
2042	255 
2043	273 277 286 
2044	302 
2045	268 
2046	88 
2047	92 
2048	270 
2049	259 296 355 
2050	46 
2051	369 
2052	340 
2053	75 119 376 
2054	9 
2055	174 
2056	118 
2057	110 
2058	9 370 378 
2059	363 
2060	367 
2061	301 
2062	75 
2063	19 
2064	276 
2065	130 
2066	205 
2067	87 192 291 
2068	247 
2069	279 
2070	249 
2071	220 
2072	311 
2073	232 
2074	79 
2075	349 
2076	379 
2077	172 
2078	46 
2079	276 
2080	261 
2081	101 
2082	319 
2083	154 
2084	53 
2085	166 
2086	225 
2087	202 
2088	128 
2089	228 
2090	193 
2091	337 
2092	93 
2093	322 
2094	9 
2095	119 
2096	343 
2097	263 
2098	130 
2099	131 
2100	349 
2101	135 
2102	378 
2103	94 123 349 
2104	143 
2105	96 
2106	163 
2107	117 
2108	316 
2109	369 
2110	159 
2111	226 
2112	41 
2113	291 
2114	323 
2115	1 
2116	359 
2117	214 
2118	164 
2119	12 23 47 
2120	131 183 269 
2121	97 136 342 
2122	251 
2123	293 
2124	79 
2125	364 
2126	195 
2127	348 
2128	278 
2129	212 
2130	104 
2131	33 248 287 
2132	94 
2133	320 
2134	161 
2135	175 
2136	105 
2137	348 
2138	32 168 202 
2139	111 
2140	155 
2141	228 
2142	51 
2143	135 
2144	298 
2145	296 
2146	58 
2147	359 
2148	51 116 290 
2149	103 
2150	240 
2151	33 36 213 
2152	62 102 245 
2153	32 53 273 
2154	236 
2155	54 
2156	1 
2157	146 
2158	172 
2159	92 
2160	184 
2161	25 
2162	20 
2163	208 
2164	351 
2165	7 186 297 
2166	370 
2167	263 
2168	43 
2169	6 
2170	4 60 84 
2171	286 
2172	125 
2173	9 
2174	14 
2175	112 
2176	95 
2177	298 
2178	22 
2179	41 
2180	314 
2181	357 
2182	270 
2183	131 
2184	251 
2185	155 313 314 
2186	153 
2187	380 
2188	140 
2189	30 
2190	148 
2191	327 
2192	131 
2193	133 
2194	281 
2195	155 
2196	202 
2197	145 
2198	92 127 210 
2199	125 
2200	216 
2201	340 
2202	312 
2203	329 
2204	361 
2205	56 
2206	110 
2207	308 
2208	39 
2209	354 
2210	175 
2211	383 
2212	331 
2213	173 
2214	41 
2215	119 180 240 
2216	363 
2217	316 
2218	123 
2219	70 
2220	103 
2221	107 
2222	358 
2223	155 
2224	245 
2225	84 
2226	361 
2227	73 
2228	328 
2229	3 
2230	273 
2231	276 
2232	16 
2233	329 
2234	202 
2235	4 179 321 
2236	219 
2237	91 
2238	158 
2239	258 
2240	393 
2241	183 
2242	6 24 95 
2243	175 
2244	55 
2245	288 
2246	1 
2247	40 
2248	261 
2249	28 
2250	10 
2251	340 
2252	244 
2253	356 
2254	285 
2255	12 
2256	195 
2257	54 
2258	52 156 223 
2259	250 
2260	379 
2261	366 
2262	200 
2263	233 
2264	357 
2265	176 
2266	310 
2267	242 
2268	281 
2269	187 
2270	134 
2271	188 
2272	41 
2273	369 
2274	273 
2275	103 
2276	320 
2277	198 
2278	345 
2279	93 
2280	284 
2281	231 
2282	304 
2283	316 
2284	131 
2285	309 
2286	392 
2287	350 
2288	307 
2289	18 
2290	89 
2291	56 
2292	232 
2293	54 
2294	140 
2295	143 
2296	110 
2297	303 
2298	359 
2299	303 
2300	33 47 66 
2301	28 
2302	387 
2303	168 
2304	229 
2305	317 
2306	168 
2307	58 74 315 
2308	131 
2309	343 
2310	57 135 286 
2311	220 
2312	279 
2313	133 
2314	85 315 377 
2315	75 
2316	392 
2317	208 
2318	184 
2319	142 
2320	188 
2321	25 
2322	19 
2323	379 
2324	16 
2325	204 
2326	369 
2327	314 
2328	54 
2329	48 
2330	82 
2331	183 
2332	151 
2333	384 
2334	100 
2335	367 
2336	156 184 211 
2337	38 
2338	11 
2339	351 
2340	124 
2341	194 
2342	281 
2343	175 
2344	40 
2345	69 105 186 
2346	85 
2347	6 
2348	69 267 359 
2349	285 
2350	105 
2351	183 
2352	284 
2353	34 
2354	274 
2355	298 
2356	163 
2357	16 
2358	259 
2359	63 
2360	10 
2361	111 
2362	22 
2363	162 
2364	129 
2365	188 
2366	313 
2367	223 
2368	340 
2369	366 
2370	130 
2371	246 
2372	212 245 372 
2373	199 
2374	251 
2375	161 
2376	19 
2377	55 
2378	371 
2379	339 
2380	204 
2381	165 
2382	118 
2383	83 248 289 
2384	326 
2385	126 172 315 
2386	320 
2387	382 
2388	272 
2389	142 
2390	328 
2391	191 
2392	45 301 367 
2393	138 
2394	52 106 303 
2395	23 
2396	71 
2397	4 
2398	13 
2399	234 327 387 
2400	218 
2401	133 
2402	216 
2403	314 
2404	82 
2405	106 
2406	275 
2407	92 
2408	298 
2409	265 
2410	370 
2411	229 
2412	179 
2413	95 
2414	234 
2415	109 
2416	257 
2417	377 
2418	13 
2419	115 377 386 
2420	376 
2421	304 
2422	245 
2423	160 
2424	86 
2425	380 
2426	71 
2427	289 
2428	112 
2429	299 
2430	242 
2431	264 
2432	336 
2433	279 
2434	110 
2435	58 
2436	91 210 241 
2437	282 
2438	66 174 288 
2439	284 
2440	10 45 93 
2441	237 
2442	99 
2443	380 
2444	14 
2445	58 
2446	14 
2447	231 
2448	365 
2449	82 
2450	233 
2451	216 
2452	80 
2453	261 
2454	48 152 178 
2455	253 
2456	57 
2457	274 
2458	282 
2459	382 
2460	26 
2461	73 
2462	266 
2463	266 
2464	368 
2465	119 223 347 
2466	329 
2467	67 
2468	16 
2469	344 
2470	250 
2471	218 
2472	256 
2473	341 
2474	81 
2475	15 
2476	271 
2477	353 
2478	72 82 164 
2479	375 
2480	5 
2481	156 
2482	273 303 340 
2483	359 
2484	197 255 341 
2485	200 
2486	131 
2487	376 
2488	151 
2489	146 
2490	91 
2491	315 
2492	85 
2493	211 
2494	19 
2495	232 
2496	144 
2497	221 
2498	312 
2499	63 
2500	162 
2501	57 
2502	179 
2503	207 
2504	392 
2505	183 
2506	17 
2507	390 
2508	82 
2509	279 
2510	12 
2511	83 
2512	10 
2513	356 
2514	180 259 380 
2515	210 
2516	184 
2517	267 
2518	376 
2519	291 
2520	295 
2521	124 
2522	159 
2523	78 260 339 
2524	50 
2525	67 
2526	392 
2527	265 
2528	82 
2529	262 
2530	135 
2531	99 282 346 
2532	350 
2533	242 
2534	171 
2535	355 
2536	24 
2537	10 
2538	297 
2539	159 
2540	91 
2541	74 
2542	360 
2543	8 278 358 
2544	215 
2545	121 
2546	168 
2547	221 
2548	227 
2549	128 
2550	184 
2551	283 
2552	294 
2553	253 
2554	350 
2555	316 
2556	291 
2557	119 
2558	123 
2559	111 287 371 
2560	308 
2561	286 
2562	376 
2563	180 
2564	144 
2565	133 
2566	250 
2567	116 
2568	269 
2569	301 
2570	382 
2571	4 
2572	374 
2573	304 
2574	187 
2575	63 
2576	224 
2577	254 
2578	306 
2579	365 
2580	224 
2581	292 
2582	358 
2583	384 
2584	38 
2585	320 
2586	230 
2587	305 
2588	185 
2589	322 
2590	86 
2591	181 
2592	109 198 264 
2593	193 
2594	8 
2595	76 
2596	103 
2597	210 
2598	24 
2599	115 183 387 
2600	44 
2601	273 
2602	319 
2603	216 
2604	96 
2605	296 
2606	282 
2607	295 342 356 
2608	367 
2609	136 
2610	67 
2611	373 
2612	67 179 230 
2613	100 
2614	38 
2615	16 
2616	237 
2617	120 
2618	183 
2619	187 
2620	339 
2621	393 
2622	141 
2623	93 
2624	51 
2625	309 
2626	314 
2627	7 315 376 
2628	19 
2629	61 
2630	209 
2631	279 
2632	341 
2633	113 
2634	169 295 334 
2635	225 
2636	374 
2637	121 
2638	19 
2639	145 
2640	258 
2641	182 
2642	14 
2643	58 
2644	78 
2645	278 
2646	21 
2647	252 
2648	194 
2649	282 
2650	286 
2651	380 
2652	171 
2653	61 
2654	277 
2655	26 
2656	312 
2657	282 
2658	217 
2659	73 367 376 
2660	91 
2661	119 
2662	186 
2663	284 
2664	247 
2665	367 
2666	245 
2667	310 
2668	60 
2669	201 
2670	116 
2671	261 
2672	113 
2673	4 
2674	217 
2675	393 
2676	32 
2677	42 
2678	387 
2679	23 
2680	263 
2681	208 
2682	125 
2683	375 
2684	371 
2685	130 
2686	56 
2687	15 
2688	96 
2689	266 
2690	305 
2691	286 
2692	12 
2693	16 
2694	231 
2695	133 164 166 
2696	184 217 229 
2697	129 
2698	282 
2699	30 
2700	47 
2701	149 
2702	358 
2703	333 
2704	390 
2705	113 
2706	42 
2707	41 
2708	378 
2709	371 
2710	89 
2711	327 
2712	135 
2713	373 
2714	24 
2715	327 
2716	186 
2717	115 
2718	160 
2719	136 
2720	145 
2721	21 320 340 
2722	216 
2723	59 
2724	213 
2725	222 
2726	327 
2727	205 
2728	225 
2729	178 
2730	82 
2731	9 86 327 
2732	259 
2733	240 
2734	106 
2735	361 
2736	157 
2737	234 
2738	384 
2739	318 
2740	350 
2741	222 
2742	341 
2743	269 
2744	115 
2745	105 133 308 
2746	213 
2747	229 
2748	214 260 377 
2749	205 
2750	7 
2751	333 
2752	19 101 339 
2753	389 
2754	294 
2755	100 
2756	83 
2757	84 
2758	229 
2759	70 
2760	318 
2761	173 
2762	16 
2763	131 
2764	78 
2765	46 
2766	146 
2767	22 
2768	113 
2769	81 
2770	231 
2771	148 
2772	49 
2773	298 
2774	304 
2775	65 
2776	361 
2777	8 
2778	297 
2779	260 
2780	303 
2781	219 
2782	13 
2783	38 
2784	226 289 310 
2785	118 
2786	259 
2787	10 
2788	102 
2789	47 
2790	345 
2791	28 
2792	51 
2793	381 
2794	33 
2795	249 
2796	251 
2797	41 
2798	357 
2799	345 
2800	62 
2801	248 
2802	376 
2803	351 
2804	156 
2805	357 
2806	35 
2807	118 
2808	223 
2809	95 
2810	92 
2811	29 
2812	167 
2813	376 
2814	373 
2815	25 
2816	52 
2817	277 298 348 
2818	149 
2819	114 
2820	182 
2821	100 
2822	328 
2823	292 
2824	102 
2825	6 337 355 
2826	368 
2827	387 
2828	324 
2829	335 
2830	91 
2831	237 
2832	276 
2833	55 
2834	54 
2835	4 
2836	14 
2837	38 
2838	168 
2839	232 
2840	307 
2841	242 
2842	152 
2843	11 
2844	340 
2845	165 
2846	82 
2847	116 145 273 
2848	158 
2849	156 
2850	324 
2851	307 
2852	296 
2853	152 
2854	247 
2855	53 
2856	136 180 369 
2857	138 
2858	229 
2859	86 
2860	113 
2861	368 
2862	61 
2863	6 
2864	62 
2865	289 
2866	69 281 385 
2867	324 
2868	306 
2869	150 
2870	118 
2871	54 
2872	5 
2873	167 
2874	197 
2875	95 
2876	298 
2877	364 
2878	152 
2879	16 21 352 
2880	184 
2881	92 
2882	17 
2883	249 
2884	324 
2885	106 
2886	1 
2887	268 
2888	179 248 276 
2889	285 
2890	131 
2891	24 
2892	372 
2893	28 
2894	91 
2895	343 
2896	361 
2897	34 
2898	21 
2899	131 
2900	51 
2901	286 
2902	240 
2903	373 
2904	221 
2905	320 
2906	173 
2907	298 
2908	343 
2909	159 
2910	56 156 334 
2911	347 
2912	89 
2913	153 
2914	119 184 280 
2915	391 
2916	347 
2917	392 
2918	149 
2919	228 
2920	32 
2921	371 
2922	384 
2923	170 
2924	307 
2925	279 
2926	96 
2927	59 
2928	348 
2929	199 
2930	142 
2931	97 138 200 
2932	145 
2933	367 
2934	102 
2935	317 
2936	126 
2937	192 
2938	283 
2939	165 
2940	32 
2941	282 
2942	216 289 300 
2943	279 
2944	364 
2945	378 
2946	228 
2947	180 
2948	329 
2949	280 
2950	145 
2951	174 
2952	89 
2953	199 
2954	286 
2955	217 256 278 
2956	348 
2957	172 
2958	344 
2959	141 
2960	110 
2961	188 
2962	58 
2963	139 
2964	276 
2965	173 
2966	299 
2967	174 
2968	233 
2969	105 145 230 
2970	86 164 320 
2971	276 
2972	142 276 387 
2973	17 
2974	299 
2975	276 
2976	215 
2977	343 
2978	86 
2979	338 
2980	164 
2981	373 
2982	60 
2983	86 
2984	151 319 391 
2985	388 
2986	125 
2987	275 
2988	304 
2989	95 
2990	92 134 274 
2991	276 
2992	152 
2993	242 
2994	274 
2995	181 250 348 
2996	173 
2997	66 
2998	216 
2999	164 
3000	239 
3001	30 
3002	76 
3003	124 
3004	74 
3005	113 
3006	279 
3007	187 
3008	12 167 263 
3009	374 
3010	64 273 352 
3011	283 
3012	189 
3013	151 
3014	346 
3015	153 
3016	240 
3017	169 
3018	25 
3019	89 
3020	379 
3021	320 
3022	330 
3023	351 
3024	217 
3025	298 
3026	149 
3027	153 
3028	81 
3029	117 248 317 
3030	283 
3031	68 
3032	89 
3033	143 
3034	220 
3035	92 
3036	167 
3037	352 
3038	6 
3039	57 
3040	336 
3041	200 
3042	27 51 246 
3043	345 
3044	36 
3045	340 
3046	160 
3047	60 
3048	163 
3049	286 
3050	371 
3051	306 
3052	347 
3053	219 
3054	380 
3055	357 
3056	51 
3057	150 167 339 
3058	146 
3059	272 
3060	270 
3061	184 
3062	82 
3063	52 308 370 
3064	121 
3065	1 
3066	94 258 355 
3067	146 
3068	64 144 170 
3069	96 
3070	50 
3071	13 
3072	338 
3073	255 
3074	223 
3075	259 
3076	29 
3077	348 
3078	189 
3079	77 
3080	70 169 210 
3081	88 
3082	368 382 387 
3083	84 
3084	211 
3085	307 
3086	255 
3087	104 
3088	197 
3089	107 
3090	267 
3091	376 
3092	218 
3093	171 
3094	369 
3095	354 
3096	61 
3097	336 
3098	27 
3099	214 
3100	85 
3101	229 
3102	137 323 367 
3103	205 
3104	153 
3105	126 140 274 
3106	125 
3107	308 
3108	82 
3109	174 
3110	214 
3111	29 
3112	137 
3113	73 
3114	96 
3115	183 
3116	318 
3117	89 
3118	49 
3119	235 
3120	314 
3121	77 
3122	112 
3123	165 
3124	41 60 107 
3125	229 
3126	387 
3127	80 
3128	350 
3129	231 
3130	65 98 383 
3131	316 
3132	245 
3133	37 
3134	315 
3135	23 
3136	95 
3137	118 
3138	13 
3139	33 216 320 
3140	188 
3141	314 
3142	140 231 305 
3143	382 
3144	133 
3145	273 
3146	296 
3147	273 
3148	79 111 314 
3149	378 
3150	167 
3151	325 
3152	94 
3153	8 
3154	323 
3155	332 
3156	96 
3157	281 
3158	41 
3159	221 
3160	108 
3161	274 
3162	355 
3163	124 133 191 
3164	344 
3165	43 
3166	188 
3167	363 
3168	337 
3169	10 41 193 
3170	106 
3171	239 
3172	40 
3173	58 
3174	341 
3175	157 
3176	155 
3177	367 
3178	37 
3179	376 
3180	33 
3181	364 
3182	323 
3183	254 
3184	270 
3185	301 
3186	8 
3187	376 
3188	356 
3189	336 
3190	81 
3191	386 
3192	308 
3193	67 
3194	236 
3195	161 
3196	229 
3197	4 
3198	224 
3199	170 
3200	61 
3201	2 
3202	203 
3203	387 
3204	306 
3205	23 49 114 
3206	341 
3207	387 
3208	33 216 320 
3209	87 
3210	126 
3211	350 
3212	129 311 385 
3213	50 
3214	197 
3215	224 
3216	17 267 332 
3217	208 
3218	61 
3219	316 
3220	143 
3221	149 
3222	237 
3223	85 135 314 
3224	47 
3225	385 
3226	53 
3227	385 
3228	367 
3229	155 
3230	349 
3231	67 105 202 
3232	286 
3233	378 
3234	55 63 95 
3235	211 
3236	63 
3237	24 
3238	47 310 335 
3239	100 
3240	259 
3241	132 
3242	298 
3243	275 
3244	361 
3245	352 
3246	218 
3247	48 
3248	101 
3249	187 
3250	136 
3251	115 
3252	58 
3253	30 
3254	320 
3255	218 
3256	95 
3257	316 
3258	312 
3259	297 
3260	144 
3261	31 
3262	146 
3263	61 
3264	51 
3265	168 
3266	215 
3267	316 
3268	249 
3269	255 
3270	302 
3271	387 
3272	109 
3273	93 
3274	358 
3275	280 
3276	289 
3277	294 
3278	264 
3279	336 
3280	220 
3281	199 
3282	248 
3283	373 
3284	386 
3285	26 
3286	108 
3287	320 
3288	231 
3289	353 
3290	270 274 315 
3291	140 
3292	188 
3293	210 
3294	287 
3295	219 
3296	274 
3297	323 
3298	5 
3299	32 
3300	267 
3301	12 
3302	111 
3303	241 
3304	96 
3305	37 
3306	379 
3307	28 
3308	19 
3309	240 
3310	215 
3311	373 
3312	254 
3313	315 
3314	181 
3315	154 
3316	136 
3317	19 
3318	337 
3319	23 173 325 
3320	92 
3321	253 
3322	315 
3323	388 
3324	61 227 267 
3325	182 202 325 
3326	185 
3327	337 
3328	149 
3329	103 
3330	38 147 293 
3331	355 
3332	70 
3333	238 
3334	272 
3335	101 
3336	256 
3337	90 
3338	232 
3339	174 
3340	259 
3341	368 
3342	264 
3343	10 
3344	161 
3345	312 
3346	238 
3347	118 
3348	94 
3349	355 
3350	339 
3351	23 
3352	84 
3353	166 
3354	376 
3355	139 
3356	91 
3357	89 
3358	379 
3359	156 
3360	241 
3361	51 
3362	133 
3363	181 
3364	169 
3365	112 146 390 
3366	167 
3367	194 
3368	348 
3369	194 
3370	230 
3371	19 91 225 
3372	129 
3373	6 114 119 
3374	384 
3375	374 
3376	249 
3377	355 
3378	361 
3379	250 
3380	148 
3381	6 146 165 
3382	147 
3383	9 
3384	170 
3385	229 
3386	92 227 288 
3387	74 
3388	53 
3389	178 
3390	36 
3391	106 
3392	315 
3393	263 
3394	348 
3395	135 
3396	366 
3397	20 
3398	164 
3399	163 
3400	330 
3401	86 
3402	61 
3403	121 
3404	105 
3405	169 
3406	58 
3407	7 
3408	179 
3409	158 
3410	384 
3411	259 
3412	262 
3413	157 
3414	387 
3415	381 
3416	116 
3417	103 
3418	111 
3419	162 
3420	10 78 130 
3421	373 
3422	49 182 312 
3423	270 
3424	216 
3425	368 
3426	6 
3427	53 
3428	299 
3429	204 
3430	113 
3431	92 
3432	176 
3433	259 
3434	230 
3435	15 
3436	135 
3437	41 
3438	385 
3439	42 111 201 
3440	158 
3441	284 
3442	29 
3443	214 264 294 
3444	312 
3445	44 
3446	19 125 244 
3447	316 
3448	224 
3449	143 
3450	317 
3451	47 
3452	129 
3453	391 
3454	140 
3455	300 
3456	68 
3457	119 151 371 
3458	376 
3459	169 
3460	225 
3461	254 
3462	42 
3463	383 
3464	327 
3465	279 
3466	109 
3467	264 
3468	268 
3469	186 
3470	23 
3471	109 
3472	207 
3473	77 
3474	177 
3475	43 
3476	168 
3477	88 
3478	143 
3479	376 
3480	133 
3481	39 
3482	89 
3483	188 
3484	161 
3485	218 
3486	313 
3487	11 
3488	259 
3489	145 
3490	353 
3491	263 
3492	381 
3493	174 
3494	255 
3495	229 
3496	180 
3497	53 
3498	41 126 374 
3499	94 
3500	100 262 324 
3501	224 
3502	27 315 381 
3503	293 
3504	331 
3505	138 
3506	1 
3507	57 
3508	375 
3509	201 
3510	387 
3511	12 87 356 
3512	30 
3513	223 
3514	163 
3515	33 
3516	330 
3517	194 
3518	99 
3519	106 
3520	231 
3521	28 
3522	36 74 233 
3523	263 
3524	253 
3525	88 
3526	114 
3527	175 
3528	363 
3529	116 
3530	82 
3531	76 320 321 
3532	278 
3533	195 
3534	180 
3535	256 
3536	361 
3537	100 295 393 
3538	251 
3539	256 
3540	378 
3541	88 
3542	236 
3543	360 
3544	70 
3545	163 
3546	303 
3547	174 
3548	274 
3549	54 
3550	230 
3551	145 324 330 
3552	41 
3553	96 
3554	179 
3555	32 
3556	61 
3557	15 
3558	140 218 228 
3559	10 
3560	42 220 309 
3561	197 
3562	251 
3563	234 
3564	21 
3565	50 174 309 
3566	390 
3567	282 
3568	8 
3569	185 
3570	39 
3571	292 
3572	217 
3573	90 
3574	134 
3575	236 
3576	273 
3577	26 
3578	350 
3579	32 
3580	51 
3581	15 
3582	31 
3583	18 
3584	163 
3585	169 
3586	199 
3587	173 
3588	108 
3589	282 
3590	119 
3591	36 
3592	181 
3593	326 
3594	240 
3595	173 
3596	100 232 367 
3597	289 
3598	41 80 263 
3599	6 165 344 
3600	120 
3601	30 195 360 
3602	248 
3603	195 
3604	227 
3605	276 
3606	274 
3607	94 
3608	391 
3609	29 
3610	202 241 282 
3611	22 
3612	223 
3613	106 
3614	305 
3615	272 
3616	40 
3617	33 
3618	122 
3619	249 
3620	198 
3621	258 
3622	364 
3623	343 
3624	379 
3625	167 
3626	7 
3627	292 
3628	340 
3629	190 
3630	137 
3631	107 
3632	165 
3633	299 
3634	141 
3635	92 
3636	92 
3637	10 
3638	271 
3639	112 
3640	115 
3641	166 
3642	298 
3643	133 177 251 
3644	39 114 216 
3645	125 
3646	54 
3647	368 
3648	214 
3649	264 
3650	388 
3651	149 
3652	318 
3653	279 
3654	339 
3655	15 71 341 
3656	109 256 355 
3657	244 
3658	67 
3659	288 
3660	283 
3661	262 
3662	330 
3663	372 
3664	89 
3665	340 
3666	1 
3667	66 
3668	6 
3669	61 
3670	393 
3671	81 
3672	20 
3673	324 
3674	282 
3675	1 
3676	192 373 382 
3677	159 
3678	331 
3679	203 
3680	154 301 323 
3681	10 88 238 
3682	136 
3683	179 
3684	1 
3685	274 
3686	164 
3687	163 
3688	168 
3689	258 
3690	391 
3691	371 
3692	384 
3693	112 
3694	118 
3695	164 
3696	356 
3697	25 
3698	253 
3699	60 
3700	89 
3701	56 
3702	367 
3703	68 
3704	10 
3705	145 
3706	9 
3707	216 
3708	113 
3709	281 
3710	295 
3711	161 
3712	123 
3713	343 
3714	198 
3715	4 
3716	311 
3717	295 
3718	137 
3719	123 
3720	348 
3721	93 
3722	353 
3723	24 
3724	47 263 363 
3725	316 
3726	325 
3727	155 
3728	260 
3729	131 
3730	345 
3731	291 
3732	330 
3733	36 244 337 
3734	115 
3735	238 
3736	51 
3737	6 138 242 
3738	327 
3739	371 
3740	88 250 341 
3741	164 
3742	121 
3743	252 
3744	256 
3745	254 
3746	12 
3747	319 
3748	60 
3749	220 
3750	44 
3751	156 
3752	23 
3753	277 
3754	92 
3755	295 
3756	337 
3757	6 
3758	6 
3759	254 
3760	307 
3761	205 
3762	190 
3763	294 
3764	224 
3765	134 
3766	298 
3767	168 
3768	105 
3769	10 64 319 
3770	138 
3771	55 
3772	156 
3773	244 310 383 
3774	11 
3775	284 
3776	328 
3777	81 
3778	221 
3779	385 
3780	303 
3781	54 
3782	300 
3783	344 
3784	288 
3785	370 
3786	214 320 360 
3787	2 
3788	137 
3789	382 
3790	173 
3791	106 
3792	30 
3793	117 
3794	392 
3795	85 
3796	246 
3797	183 
3798	377 
3799	133 145 149 
3800	144 
3801	124 
3802	163 183 303 
3803	251 
3804	319 
3805	18 
3806	217 
3807	67 226 314 
3808	140 
3809	230 322 369 
3810	215 
3811	34 64 78 
3812	133 
3813	135 
3814	251 
3815	146 
3816	209 
3817	228 
3818	363 
3819	155 
3820	36 
3821	223 
3822	33 
3823	254 
3824	110 
3825	115 
3826	112 
3827	309 
3828	59 
3829	373 
3830	216 
3831	98 
3832	361 
3833	19 
3834	368 
3835	83 95 144 
3836	346 
3837	106 
3838	98 154 335 
3839	264 
3840	104 
3841	100 
3842	16 
3843	352 
3844	222 
3845	154 
3846	217 
3847	85 
3848	2 107 108 
3849	289 
3850	363 
3851	330 
3852	33 269 361 
3853	208 
3854	27 
3855	158 247 307 
3856	110 
3857	380 
3858	222 
3859	137 
3860	283 
3861	189 
3862	33 56 299 
3863	25 
3864	353 
3865	293 
3866	145 
3867	341 
3868	88 
3869	183 
3870	258 
3871	377 
3872	280 287 327 
3873	193 
3874	263 
3875	164 
3876	122 250 269 
3877	133 
3878	198 
3879	276 
3880	213 348 388 
3881	299 
3882	341 
3883	243 
3884	350 
3885	164 
3886	284 
3887	372 
3888	339 
3889	192 234 384 
3890	5 
3891	19 
3892	181 
3893	86 
3894	272 
3895	32 
3896	322 
3897	101 
3898	380 
3899	25 
3900	313 
3901	145 
3902	336 
3903	137 
3904	351 
3905	143 235 281 
3906	341 
3907	62 
3908	356 
3909	134 
3910	202 
3911	118 
3912	94 
3913	89 
3914	247 
3915	135 
3916	280 
3917	248 
3918	356 
3919	88 
3920	330 
3921	287 
3922	309 
3923	299 
3924	315 
3925	255 
3926	93 
3927	228 
3928	190 
3929	88 
3930	18 
3931	143 
3932	41 
3933	139 
3934	357 
3935	29 83 173 
3936	153 
3937	11 
3938	181 
3939	91 
3940	269 
3941	68 
3942	296 
3943	1 
3944	218 
3945	294 
3946	327 
3947	74 
3948	66 
3949	319 
3950	282 
3951	391 
3952	113 
3953	92 
3954	65 
3955	52 
3956	49 
3957	215 
3958	101 
3959	19 
3960	184 
3961	136 
3962	161 
3963	329 
3964	117 
3965	66 
3966	382 
3967	272 
3968	156 
3969	270 
3970	281 
3971	331 341 362 
3972	117 
3973	91 
3974	349 
3975	109 
3976	236 
3977	359 
3978	190 
3979	255 
3980	16 65 277 
3981	52 
3982	147 296 358 
3983	103 
3984	260 
3985	69 
3986	327 
3987	277 295 297 
3988	234 
3989	350 
3990	311 
3991	340 
3992	30 
3993	45 
3994	191 
3995	202 
3996	47 
3997	354 
3998	346 
3999	51 
4000	96 
4001	95 
4002	251 
4003	279 
4004	84 
4005	252 
4006	263 
4007	74 
4008	25 
4009	351 
4010	122 
4011	152 
4012	18 
4013	82 
4014	47 
4015	307 
4016	229 
4017	375 
4018	140 
4019	295 
4020	165 
4021	189 
4022	332 
4023	15 
4024	235 
4025	212 
4026	199 
4027	227 
4028	97 
4029	221 
4030	111 
4031	121 
4032	221 
4033	4 
4034	309 
4035	330 
4036	304 
4037	102 
4038	338 
4039	224 
4040	204 
4041	282 
4042	289 
4043	286 
4044	1 
4045	93 
4046	132 
4047	219 
4048	47 
4049	349 
4050	356 
4051	17 
4052	190 
4053	197 
4054	378 
4055	311 
4056	266 
4057	92 182 248 
4058	46 
4059	95 
4060	107 
4061	288 
4062	323 
4063	11 
4064	51 
4065	372 
4066	135 
4067	351 
4068	186 
4069	245 
4070	77 
4071	175 
4072	378 
4073	162 
4074	126 
4075	31 
4076	240 
4077	353 
4078	255 
4079	160 
4080	112 
4081	56 117 314 
4082	228 
4083	99 
4084	355 
4085	294 
4086	256 
4087	248 
4088	64 
4089	58 
4090	246 
4091	131 
4092	32 
4093	67 
4094	115 
4095	128 138 168 
4096	319 
4097	107 
4098	186 
4099	32 
4100	180 
4101	257 
4102	274 
4103	253 
4104	350 
4105	87 
4106	113 
4107	286 
4108	156 
4109	64 307 321 
4110	33 194 228 
4111	332 
4112	177 
4113	121 
4114	121 
4115	143 
4116	233 
4117	48 
4118	267 
4119	386 
4120	41 86 259 
4121	262 
4122	132 
4123	147 
4124	149 
4125	46 
4126	46 
4127	351 
4128	70 280 322 
4129	348 
4130	196 
4131	60 
4132	183 
4133	7 
4134	57 
4135	88 
4136	74 
4137	234 
4138	21 
4139	329 
4140	83 
4141	128 
4142	248 
4143	353 
4144	136 
4145	248 
4146	83 
4147	246 
4148	30 
4149	229 307 308 
4150	371 
4151	107 
4152	354 
4153	356 
4154	370 
4155	248 274 316 
4156	312 
4157	181 214 366 
4158	217 
4159	71 
4160	143 
4161	65 
4162	265 
4163	123 
4164	75 
4165	269 
4166	38 
4167	32 126 373 
4168	112 
4169	139 
4170	241 
4171	63 
4172	36 186 368 
4173	4 
4174	369 
4175	103 
4176	198 
4177	289 
4178	8 
4179	191 
4180	41 
4181	296 
4182	59 
4183	364 
4184	279 
4185	365 
4186	320 
4187	348 
4188	279 
4189	309 
4190	19 
4191	115 
4192	197 
4193	389 
4194	118 
4195	313 
4196	147 
4197	149 
4198	367 
4199	328 
4200	92 
4201	368 
4202	1 
4203	274 
4204	248 
4205	87 
4206	130 
4207	43 
4208	341 
4209	163 
4210	86 
4211	90 
4212	141 
4213	206 
4214	117 
4215	36 
4216	33 
4217	300 
4218	27 
4219	46 
4220	378 
4221	351 
4222	143 
4223	84 
4224	354 
4225	56 
4226	173 
4227	251 
4228	125 
4229	55 
4230	173 
4231	239 
4232	372 
4233	135 
4234	10 
4235	307 314 386 
4236	339 
4237	100 
4238	70 
4239	7 
4240	32 
4241	62 
4242	236 
4243	224 
4244	325 
4245	80 
4246	52 
4247	357 
4248	327 
4249	19 341 348 
4250	386 
4251	198 
4252	199 
4253	171 
4254	138 
4255	303 
4256	155 
4257	312 
4258	91 
4259	97 
4260	26 221 333 
4261	148 
4262	259 
4263	269 
4264	163 
4265	53 
4266	368 
4267	346 
4268	87 
4269	383 
4270	135 
4271	74 
4272	187 
4273	329 
4274	371 
4275	81 
4276	357 
4277	254 
4278	119 
4279	67 
4280	384 
4281	4 
4282	208 
4283	111 
4284	156 
4285	37 
4286	16 
4287	275 
4288	386 
4289	88 
4290	146 263 294 
4291	301 
4292	255 
4293	348 
4294	11 115 259 
4295	121 
4296	227 
4297	213 
4298	378 
4299	317 
4300	167 
4301	218 278 280 
4302	320 
4303	259 
4304	377 
4305	282 
4306	377 
4307	345 
4308	255 
4309	145 
4310	147 
4311	116 
4312	254 
4313	334 
4314	97 357 377 
4315	254 269 312 
4316	40 
4317	55 
4318	300 
4319	74 
4320	77 218 273 
4321	100 
4322	270 
4323	111 119 248 
4324	386 
4325	241 
4326	381 
4327	36 151 296 
4328	41 47 127 
4329	54 126 133 
4330	320 
4331	269 
4332	259 
4333	67 
4334	97 
4335	238 
4336	251 
4337	78 115 348 
4338	341 
4339	206 
4340	220 
4341	51 168 377 
4342	130 149 204 
4343	331 
4344	250 
4345	296 
4346	348 
4347	363 
4348	276 
4349	74 
4350	390 
4351	131 
4352	312 
4353	49 
4354	212 
4355	104 
4356	236 
4357	81 124 190 
4358	123 
4359	164 
4360	356 
4361	237 
4362	384 
4363	299 
4364	32 
4365	264 
4366	226 
4367	27 
4368	202 
4369	198 
4370	330 350 362 
4371	91 
4372	99 
4373	282 
4374	122 
4375	38 292 391 
4376	23 25 84 
4377	367 
4378	221 
4379	71 
4380	393 
4381	57 149 350 
4382	145 
4383	358 
4384	392 
4385	223 314 331 
4386	48 
4387	112 
4388	190 
4389	215 
4390	376 
4391	262 
4392	348 
4393	118 
4394	240 
4395	25 
4396	71 
4397	74 
4398	225 
4399	78 
4400	210 
4401	271 
4402	153 
4403	393 
4404	283 
4405	98 211 289 
4406	111 
4407	315 
4408	322 
4409	302 
4410	3 
4411	94 242 314 
4412	316 
4413	132 
4414	205 
4415	283 
4416	78 
4417	302 
4418	182 
4419	376 
4420	37 
4421	129 
4422	96 
4423	164 
4424	132 148 157 
4425	18 
4426	170 
4427	341 
4428	41 
4429	125 
4430	264 
4431	292 305 364 
4432	314 
4433	316 
4434	42 106 190 
4435	241 
4436	46 179 362 
4437	2 
4438	94 
4439	41 120 183 
4440	286 
4441	325 
4442	121 
4443	217 
4444	38 
4445	161 
4446	234 
4447	240 
4448	251 
4449	164 
4450	23 
4451	52 
4452	112 
4453	221 
4454	251 
4455	250 
4456	169 
4457	94 
4458	346 
4459	205 
4460	355 
4461	154 
4462	351 
4463	207 
4464	209 
4465	227 
4466	8 316 389 
4467	356 
4468	114 
4469	8 
4470	147 
4471	51 
4472	39 
4473	53 107 371 
4474	363 
4475	330 
4476	91 
4477	96 
4478	382 
4479	51 275 278 
4480	279 
4481	252 
4482	146 
4483	272 
4484	116 
4485	218 
4486	168 
4487	216 
4488	298 
4489	271 
4490	207 
4491	314 
4492	255 
4493	380 
4494	155 
4495	354 
4496	303 
4497	297 
4498	334 
4499	313 
4500	47 
4501	64 
4502	5 
4503	35 
4504	86 
4505	308 
4506	36 
4507	386 
4508	299 
4509	278 
4510	3 269 304 
4511	63 
4512	280 
4513	323 
4514	276 
4515	133 
4516	34 
4517	111 
4518	221 
4519	320 
4520	95 
4521	101 
4522	383 
4523	68 
4524	388 
4525	278 287 356 
4526	7 
4527	120 
4528	163 
4529	155 
4530	201 
4531	151 254 295 
4532	188 
4533	49 
4534	371 
4535	368 
4536	175 
4537	335 
4538	273 
4539	350 
4540	53 
4541	96 
4542	255 
4543	262 
4544	355 
4545	121 
4546	87 
4547	67 
4548	5 76 175 
4549	38 
4550	81 
4551	34 
4552	253 
4553	98 
4554	138 
4555	252 
4556	256 
4557	164 
4558	167 
4559	215 
4560	36 
4561	206 
4562	136 
4563	167 
4564	103 
4565	54 
4566	249 
4567	216 231 283 
4568	106 
4569	145 
4570	24 199 371 
4571	104 
4572	312 
4573	312 
4574	45 
4575	49 
4576	92 
4577	12 
4578	79 
4579	88 
4580	272 
4581	106 
4582	339 
4583	121 
4584	130 
4585	301 
4586	329 
4587	61 
4588	118 182 214 
4589	313 
4590	32 
4591	38 
4592	303 
4593	60 
4594	41 
4595	239 
4596	263 293 354 
4597	67 
4598	367 
4599	143 
4600	278 
4601	299 
4602	89 
4603	63 
4604	163 
4605	280 
4606	256 
4607	34 
4608	191 
4609	205 
4610	206 
4611	301 
4612	123 
4613	197 
4614	346 
4615	113 
4616	382 
4617	263 
4618	183 
4619	145 
4620	240 
4621	149 
4622	129 
4623	47 145 326 
4624	148 
4625	232 
4626	116 
4627	138 
4628	215 
4629	35 113 267 
4630	345 
4631	159 
4632	316 
4633	314 
4634	325 
4635	360 
4636	248 
4637	373 
4638	128 
4639	297 
4640	8 
4641	27 225 318 
4642	70 
4643	199 
4644	53 97 105 
4645	22 
4646	21 
4647	321 
4648	49 
4649	154 
4650	306 
4651	91 209 241 
4652	163 
4653	230 
4654	322 
4655	168 
4656	344 
4657	138 
4658	279 
4659	361 
4660	116 
4661	174 
4662	17 
4663	316 
4664	12 
4665	3 
4666	28 
4667	2 34 341 
4668	274 
4669	238 
4670	271 
4671	345 
4672	181 
4673	157 
4674	10 
4675	78 
4676	197 
4677	323 
4678	315 
4679	4 
4680	168 202 255 
4681	189 
4682	151 263 301 
4683	34 
4684	82 
4685	281 
4686	12 
4687	301 
4688	227 
4689	279 
4690	334 
4691	115 
4692	315 
4693	164 
4694	370 
4695	3 
4696	63 
4697	119 
4698	375 
4699	218 
4700	355 
4701	373 
4702	33 
4703	112 
4704	299 
4705	372 
4706	21 
4707	152 
4708	56 
4709	138 
4710	295 
4711	81 
4712	382 
4713	289 
4714	204 
4715	94 
4716	121 
4717	133 
4718	89 91 119 
4719	261 
4720	143 
4721	387 
4722	289 298 351 
4723	297 
4724	380 
4725	155 
4726	247 
4727	174 
4728	254 
4729	31 
4730	357 
4731	119 
4732	377 
4733	293 
4734	166 
4735	117 
4736	32 
4737	106 
4738	301 
4739	130 254 255 
4740	58 314 347 
4741	272 
4742	71 
4743	56 
4744	291 
4745	247 
4746	90 
4747	264 
4748	364 
4749	37 
4750	248 
4751	78 
4752	340 
4753	160 
4754	111 
4755	323 
4756	293 
4757	9 
4758	107 
4759	143 
4760	71 
4761	44 
4762	343 
4763	64 
4764	320 
4765	203 
4766	272 
4767	250 
4768	350 
4769	88 
4770	118 
4771	135 
4772	260 
4773	93 
4774	339 
4775	242 
4776	179 
4777	10 163 314 
4778	111 
4779	315 
4780	244 
4781	211 
4782	65 
4783	159 
4784	271 
4785	126 
4786	377 
4787	207 
4788	93 
4789	99 261 383 
4790	84 
4791	273 
4792	3 
4793	123 
4794	131 
4795	241 
4796	157 
4797	379 
4798	390 
4799	8 
4800	355 
4801	207 
4802	371 
4803	377 
4804	252 
4805	168 
4806	254 
4807	320 
4808	115 
4809	213 
4810	61 
4811	105 
4812	228 
4813	58 
4814	157 
4815	242 
4816	279 
4817	368 
4818	373 
4819	347 
4820	330 
4821	230 
4822	269 
4823	188 
4824	143 
4825	271 
4826	322 
4827	12 
4828	146 
4829	146 
4830	72 
4831	205 
4832	81 
4833	120 
4834	61 
4835	157 
4836	216 
4837	51 
4838	44 
4839	342 
4840	6 
4841	122 
4842	291 
4843	98 
4844	83 111 327 
4845	267 
4846	28 
4847	258 
4848	183 
4849	51 
4850	184 
4851	86 
4852	52 
4853	295 
4854	227 
4855	45 
4856	217 
4857	91 
4858	213 323 341 
4859	219 
4860	27 
4861	57 
4862	105 
4863	98 
4864	241 
4865	386 
4866	133 
4867	155 
4868	380 
4869	95 
4870	139 
4871	255 
4872	378 
4873	379 
4874	385 
4875	100 216 281 
4876	79 
4877	60 
4878	356 
4879	8 81 106 
4880	206 
4881	166 
4882	285 
4883	153 
4884	154 
4885	259 
4886	15 240 380 
4887	376 
4888	316 
4889	294 
4890	126 
4891	19 
4892	334 
4893	340 
4894	164 
4895	314 
4896	24 
4897	305 
4898	357 
4899	84 
4900	100 
4901	276 
4902	392 
4903	183 
4904	106 
4905	32 89 384 
4906	159 
4907	269 
4908	344 
4909	230 
4910	75 
4911	341 
4912	79 
4913	94 
4914	185 
4915	21 
4916	114 
4917	291 
4918	141 
4919	91 
4920	335 
4921	247 
4922	135 
4923	182 
4924	264 322 356 
4925	386 
4926	40 
4927	41 
4928	86 
4929	188 
4930	379 
4931	79 
4932	140 
4933	253 
4934	57 
4935	225 
4936	277 
4937	53 115 149 
4938	327 
4939	91 
4940	146 
4941	254 
4942	314 
4943	326 
4944	210 
4945	345 
4946	325 
4947	108 
4948	234 
4949	163 
4950	234 
4951	202 
4952	4 
4953	340 
4954	312 
4955	168 
4956	214 
4957	356 
4958	26 
4959	257 
4960	361 
4961	156 
4962	88 
4963	373 
4964	282 
4965	129 
4966	304 
4967	384 
4968	89 
4969	80 
4970	120 241 255 
4971	292 
4972	138 219 360 
4973	39 157 356 
4974	275 
4975	386 
4976	89 
4977	277 
4978	356 
4979	124 
4980	261 
4981	6 
4982	15 
4983	67 
4984	138 140 210 
4985	330 
4986	76 
4987	159 
4988	105 307 341 
4989	136 
4990	391 
4991	358 
4992	393 
4993	25 
4994	294 
4995	135 
4996	112 
4997	19 
4998	196 
4999	211 
5000	246 
5001	98 
5002	93 
5003	392 
5004	47 
5005	305 
5006	273 
5007	5 
5008	291 
5009	351 
5010	193 
5011	144 
5012	111 
5013	260 
5014	320 
5015	248 
5016	381 
5017	67 
5018	94 
5019	145 
5020	308 
5021	132 
5022	178 
5023	160 165 271 
5024	284 
5025	287 
5026	64 
5027	291 
5028	131 
5029	126 
5030	290 
5031	247 
5032	138 
5033	240 251 373 
5034	287 
5035	117 151 350 
5036	335 
5037	144 
5038	243 
5039	90 
5040	176 
5041	188 
5042	360 
5043	23 51 106 
5044	184 276 390 
5045	143 
5046	127 
5047	20 
5048	89 
5049	254 
5050	172 
5051	203 
5052	296 
5053	170 
5054	218 
5055	240 305 377 
5056	228 
5057	119 
5058	134 
5059	309 
5060	97 
5061	21 
5062	62 
5063	140 
5064	235 
5065	359 
5066	363 
5067	98 
5068	159 
5069	67 
5070	310 
5071	377 
5072	30 
5073	217 
5074	359 
5075	32 
5076	36 
5077	179 
5078	135 
5079	65 
5080	149 
5081	199 
5082	361 
5083	367 
5084	14 
5085	272 
5086	264 
5087	24 
5088	85 
5089	156 
5090	389 
5091	361 
5092	387 
5093	100 
5094	375 
5095	44 183 225 
5096	338 
5097	219 
5098	248 291 317 
5099	389 
5100	3 
5101	305 
5102	270 
5103	204 
5104	271 
5105	59 
5106	22 
5107	255 
5108	260 
5109	250 
5110	36 
5111	186 
5112	366 
5113	281 
5114	78 
5115	278 
5116	346 
5117	274 
5118	16 
5119	50 
5120	184 
5121	207 
5122	114 
5123	91 
5124	279 
5125	19 
5126	241 
5127	127 223 224 
5128	168 
5129	315 
5130	141 283 369 
5131	273 
5132	270 
5133	33 
5134	112 
5135	61 
5136	146 
5137	79 
5138	233 
5139	42 
5140	189 
5141	369 
5142	112 
5143	24 
5144	184 
5145	125 144 216 
5146	68 
5147	47 
5148	170 
5149	377 
5150	149 
5151	374 
5152	174 
5153	264 
5154	340 
5155	4 
5156	40 
5157	206 
5158	163 
5159	328 
5160	299 
5161	76 
5162	255 
5163	25 150 290 
5164	336 
5165	43 
5166	371 
5167	303 
5168	393 
5169	71 
5170	159 
5171	6 
5172	386 
5173	243 
5174	391 
5175	75 
5176	217 
5177	73 
5178	21 29 235 
5179	258 
5180	218 
5181	152 
5182	3 
5183	173 
5184	293 
5185	73 
5186	202 
5187	117 
5188	289 
5189	57 
5190	236 
5191	285 
5192	289 
5193	240 
5194	350 
5195	188 
5196	145 
5197	9 
5198	88 
5199	147 
5200	127 
5201	342 
5202	107 
5203	367 
5204	66 
5205	143 282 285 
5206	150 
5207	212 
5208	235 
5209	244 
5210	305 
5211	371 
5212	90 
5213	298 
5214	327 
5215	221 
5216	164 
5217	172 
5218	295 
5219	85 
5220	45 
5221	20 
5222	257 
5223	201 
5224	289 
5225	325 
5226	178 
5227	162 
5228	162 198 373 
5229	317 
5230	82 
5231	125 
5232	63 345 356 
5233	133 
5234	94 255 354 
5235	43 
5236	81 
5237	44 188 336 
5238	223 
5239	228 
5240	8 
5241	87 
5242	383 
5243	297 
5244	17 
5245	314 
5246	24 
5247	312 
5248	145 
5249	76 
5250	138 
5251	121 149 257 
5252	229 
5253	149 
5254	88 
5255	155 
5256	388 
5257	20 244 393 
5258	221 
5259	5 
5260	380 
5261	350 
5262	268 
5263	266 
5264	287 
5265	100 
5266	259 
5267	100 
5268	126 
5269	218 313 320 
5270	332 
5271	126 
5272	356 
5273	309 
5274	83 
5275	292 
5276	352 
5277	70 
5278	61 143 356 
5279	212 
5280	364 
5281	322 
5282	182 
5283	315 
5284	113 
5285	284 
5286	33 
5287	170 
5288	200 
5289	230 
5290	218 
5291	386 
5292	184 
5293	204 
5294	1 
5295	381 
5296	268 
5297	186 
5298	128 254 271 
5299	249 
5300	48 
5301	78 
5302	342 
5303	15 
5304	49 
5305	274 
5306	120 
5307	266 
5308	327 
5309	92 
5310	205 
5311	54 
5312	44 313 363 
5313	231 
5314	295 
5315	132 
5316	178 
5317	13 247 279 
5318	197 
5319	321 
5320	287 
5321	270 
5322	188 
5323	23 
5324	106 
5325	145 
5326	212 
5327	360 
5328	36 
5329	361 
5330	50 
5331	198 
5332	184 
5333	316 
5334	372 
5335	387 
5336	14 
5337	326 
5338	109 
5339	284 
5340	330 
5341	12 
5342	330 
5343	27 
5344	285 
5345	392 
5346	152 187 370 
5347	233 
5348	372 
5349	151 
5350	140 
5351	82 
5352	255 
5353	189 
5354	191 
5355	109 
5356	230 
5357	48 
5358	171 
5359	382 
5360	16 87 364 
5361	271 
5362	217 
5363	348 
5364	214 
5365	278 
5366	150 167 338 
5367	87 
5368	82 259 278 
5369	42 
5370	122 
5371	384 
5372	200 
5373	157 
5374	184 
5375	187 
5376	32 
5377	327 
5378	10 
5379	363 
5380	31 69 218 
5381	29 350 355 
5382	348 
5383	99 
5384	7 
5385	253 
5386	348 
5387	78 
5388	347 
5389	355 
5390	96 
5391	296 
5392	301 
5393	35 
5394	310 
5395	244 
5396	58 
5397	381 
5398	247 
5399	339 
5400	133 
5401	71 
5402	273 
5403	139 
5404	210 
5405	88 
5406	124 
5407	270 
5408	150 
5409	244 
5410	213 
5411	344 
5412	272 
5413	250 
5414	62 
5415	363 
5416	202 
5417	71 
5418	21 
5419	354 
5420	191 
5421	279 
5422	375 
5423	54 
5424	40 
5425	197 
5426	266 
5427	49 
5428	124 
5429	118 
5430	222 
5431	114 
5432	148 
5433	117 
5434	88 
5435	59 
5436	356 
5437	184 311 323 
5438	115 216 249 
5439	333 
5440	173 
5441	113 
5442	67 
5443	129 
5444	43 
5445	196 
5446	341 
5447	85 
5448	273 
5449	257 
5450	267 
5451	372 
5452	74 
5453	173 261 389 
5454	192 
5455	321 
5456	230 
5457	237 
5458	376 
5459	84 
5460	356 
5461	4 223 343 
5462	163 
5463	59 
5464	72 
5465	31 
5466	106 271 290 
5467	104 
5468	264 
5469	283 
5470	115 
5471	125 
5472	178 
5473	100 119 271 
5474	138 
5475	33 115 362 
5476	67 
5477	241 
5478	132 
5479	23 
5480	17 
5481	311 
5482	121 
5483	42 
5484	274 
5485	5 
5486	177 312 322 
5487	97 
5488	301 
5489	367 
5490	172 
5491	318 
5492	358 
5493	330 
5494	335 
5495	234 
5496	271 
5497	120 169 258 
5498	225 
5499	262 
5500	181 
5501	138 
5502	216 
5503	70 
5504	35 260 329 
5505	309 
5506	307 
5507	314 
5508	135 
5509	291 
5510	371 
5511	142 
5512	204 
5513	46 
5514	331 
5515	113 
5516	307 
5517	393 
5518	330 
5519	81 
5520	191 
5521	355 
5522	37 
5523	107 
5524	321 
5525	10 
5526	375 
5527	284 
5528	369 
5529	189 
5530	282 
5531	355 
5532	317 
5533	312 
5534	274 
5535	213 
5536	142 
5537	174 
5538	71 
5539	159 
5540	250 
5541	280 
5542	79 
5543	213 
5544	217 
5545	127 
5546	63 
5547	116 
5548	155 
5549	149 
5550	54 
5551	389 
5552	289 
5553	231 
5554	308 
5555	387 
5556	389 
5557	312 
5558	356 
5559	286 
5560	34 
5561	93 
5562	294 
5563	105 
5564	392 
5565	251 
5566	312 
5567	317 
5568	330 
5569	43 
5570	311 
5571	129 
5572	177 
5573	32 60 112 
5574	125 
5575	8 
5576	355 
5577	263 
5578	284 
5579	126 
5580	152 
5581	386 
5582	247 
5583	151 
5584	383 
5585	221 
5586	78 
5587	199 
5588	7 
5589	234 
5590	117 278 318 
5591	310 
5592	63 145 273 
5593	106 168 387 
5594	103 
5595	97 
5596	389 
5597	9 
5598	179 
5599	145 
5600	355 
5601	75 
5602	169 
5603	390 
5604	111 
5605	193 
5606	288 
5607	85 
5608	168 
5609	307 
5610	379 
5611	288 
5612	185 
5613	22 
5614	267 
5615	32 52 72 
5616	328 
5617	68 
5618	69 
5619	257 
5620	171 
5621	307 
5622	6 
5623	143 
5624	320 
5625	335 
5626	5 
5627	198 
5628	81 
5629	15 
5630	90 
5631	94 
5632	67 
5633	269 298 316 
5634	79 
5635	243 
5636	39 62 286 
5637	148 
5638	267 
5639	265 
5640	343 
5641	188 
5642	264 
5643	217 
5644	177 
5645	270 
5646	307 
5647	334 
5648	299 
5649	81 
5650	331 
5651	295 
5652	145 
5653	345 
5654	371 
5655	68 
5656	137 
5657	70 
5658	88 
5659	55 
5660	244 
5661	204 
5662	234 
5663	388 
5664	368 
5665	145 
5666	30 
5667	36 
5668	3 
5669	81 
5670	259 
5671	369 
5672	5 
5673	249 
5674	296 
5675	120 
5676	340 
5677	106 172 282 
5678	327 
5679	365 
5680	17 
5681	240 
5682	222 
5683	45 
5684	314 
5685	78 
5686	371 
5687	330 
5688	261 
5689	7 354 387 
5690	82 
5691	252 
5692	174 
5693	304 
5694	95 
5695	41 
5696	218 
5697	98 
5698	28 48 369 
5699	34 
5700	335 
5701	195 
5702	234 
5703	315 
5704	364 
5705	119 
5706	249 
5707	153 
5708	29 
5709	239 366 388 
5710	183 
5711	241 
5712	66 
5713	356 
5714	238 
5715	77 
5716	218 
5717	346 
5718	392 
5719	241 
5720	186 
5721	264 
5722	271 
5723	298 
5724	337 
5725	200 
5726	10 
5727	326 
5728	17 
5729	84 
5730	105 
5731	192 
5732	47 
5733	234 
5734	115 227 279 
5735	71 
5736	195 
5737	26 
5738	269 
5739	10 74 230 
5740	228 
5741	391 
5742	365 
5743	80 100 139 
5744	28 
5745	91 
5746	259 
5747	189 
5748	22 
5749	47 
5750	28 
5751	389 
5752	164 
5753	81 
5754	200 
5755	38 
5756	182 
5757	202 
5758	282 
5759	289 
5760	81 
5761	208 
5762	357 
5763	198 
5764	166 
5765	211 
5766	171 
5767	121 202 279 
5768	322 
5769	92 
5770	157 
5771	83 
5772	211 
5773	149 167 343 
5774	366 
5775	49 
5776	119 
5777	291 
5778	287 
5779	41 
5780	154 
5781	163 
5782	251 
5783	222 
5784	307 
5785	370 
5786	370 
5787	102 
5788	313 
5789	236 
5790	83 
5791	306 
5792	311 
5793	282 
5794	22 115 291 
5795	132 
5796	361 
5797	233 
5798	111 
5799	11 
5800	222 
5801	287 
5802	52 
5803	97 
5804	134 
5805	40 
5806	138 
5807	255 
5808	289 
5809	179 356 375 
5810	94 
5811	243 
5812	12 
5813	53 
5814	228 
5815	309 
5816	330 
5817	329 
5818	248 
5819	198 
5820	254 
5821	82 
5822	82 
5823	235 331 364 
5824	92 
5825	297 
5826	126 
5827	109 
5828	111 
5829	191 
5830	172 380 386 
5831	331 
5832	216 
5833	269 
5834	386 
5835	314 
5836	223 
5837	342 
5838	244 
5839	94 
5840	88 94 339 
5841	107 
5842	284 
5843	331 
5844	130 
5845	346 
5846	264 
5847	164 
5848	131 
5849	228 
5850	193 
5851	348 
5852	286 
5853	177 
5854	105 
5855	235 
5856	206 
5857	138 
5858	387 
5859	363 
5860	318 
5861	60 
5862	156 267 283 
5863	112 158 311 
5864	224 
5865	337 
5866	57 
5867	202 
5868	283 
5869	200 
5870	9 
5871	270 
5872	78 
5873	299 
5874	282 
5875	49 
5876	129 260 287 
5877	84 
5878	369 
5879	393 
5880	135 
5881	93 
5882	276 
5883	155 
5884	177 
5885	188 
5886	149 
5887	34 263 371 
5888	146 
5889	8 
5890	110 
5891	307 
5892	67 282 361 
5893	382 
5894	269 
5895	23 
5896	331 
5897	208 
5898	389 
5899	297 
5900	228 349 376 
5901	29 
5902	316 
5903	49 231 270 
5904	196 
5905	370 
5906	111 
5907	371 
5908	95 
5909	171 
5910	360 
5911	305 
5912	102 
5913	27 
5914	376 
5915	123 
5916	196 231 247 
5917	170 
5918	182 340 373 
5919	176 
5920	210 
5921	3 
5922	254 
5923	373 
5924	285 
5925	79 
5926	250 
5927	217 
5928	390 
5929	264 
5930	144 
5931	319 
5932	293 
5933	392 
5934	316 
5935	195 
5936	213 
5937	276 
5938	254 
5939	378 
5940	11 
5941	53 105 390 
5942	35 
5943	81 
5944	231 
5945	103 
5946	63 86 135 
5947	13 
5948	95 
5949	389 
5950	199 
5951	299 
5952	326 
5953	51 
5954	252 
5955	385 
5956	237 
5957	333 
5958	92 
5959	169 187 255 
5960	51 
5961	390 
5962	282 
5963	308 
5964	141 
5965	278 
5966	113 115 151 
5967	278 
5968	260 
5969	164 
5970	23 
5971	60 
5972	380 
5973	299 
5974	163 
5975	378 
5976	260 
5977	312 
5978	77 292 306 
5979	109 
5980	59 
5981	295 
5982	119 
5983	382 
5984	146 
5985	202 
5986	86 
5987	99 
5988	269 
5989	143 
5990	368 
5991	384 
5992	287 
5993	363 
5994	187 
5995	242 
5996	169 
5997	381 
5998	159 
5999	291 
6000	202 
6001	222 
6002	71 
6003	101 
6004	16 40 81 
6005	289 
6006	225 
6007	24 
6008	114 
6009	143 184 265 
6010	345 
6011	285 
6012	110 217 319 
6013	201 
6014	377 
6015	215 
6016	221 
6017	386 
6018	165 
6019	138 
6020	133 
6021	152 
6022	42 
6023	93 
6024	27 
6025	250 
6026	209 
6027	128 
6028	88 
6029	3 
6030	143 
6031	327 
6032	104 
6033	351 
6034	109 
6035	104 
6036	108 
6037	183 
6038	106 
6039	319 
6040	354 
6041	275 
6042	117 
6043	25 362 388 
6044	289 
6045	215 240 344 
6046	378 
6047	51 
6048	198 
6049	120 
6050	33 
6051	373 
6052	50 
6053	388 
6054	221 
6055	82 233 340 
6056	379 
6057	129 296 299 
6058	6 
6059	294 
6060	231 385 392 
6061	212 
6062	245 
6063	350 
6064	217 
6065	61 
6066	303 
6067	46 73 169 
6068	69 183 293 
6069	186 
6070	101 
6071	354 
6072	10 
6073	111 
6074	5 
6075	144 
6076	1 
6077	320 
6078	133 
6079	205 
6080	130 
6081	47 288 361 
6082	182 
6083	50 
6084	182 
6085	254 
6086	5 
6087	140 
6088	388 
6089	351 
6090	305 
6091	43 
6092	387 
6093	127 
6094	287 
6095	309 
6096	291 
6097	284 
6098	302 
6099	26 
6100	179 
6101	310 
6102	73 
6103	1 
6104	273 
6105	106 
6106	392 
6107	143 
6108	220 
6109	57 
6110	151 
6111	41 
6112	264 
6113	273 
6114	384 
6115	358 
6116	59 
6117	74 81 342 
6118	184 
6119	71 
6120	66 
6121	159 
6122	49 
6123	43 
6124	51 
6125	194 
6126	52 
6127	202 
6128	333 
6129	5 108 280 
6130	362 
6131	232 
6132	145 
6133	326 
6134	213 
6135	183 
6136	121 
6137	266 
6138	275 
6139	330 
6140	33 
6141	156 
6142	93 
6143	251 
6144	321 
6145	184 
6146	56 
6147	70 
6148	168 
6149	367 
6150	119 
6151	172 
6152	42 
6153	371 
6154	212 
6155	367 
6156	283 
6157	377 
6158	337 
6159	106 
6160	255 273 286 
6161	267 
6162	143 
6163	111 231 281 
6164	279 
6165	17 
6166	365 
6167	167 343 351 
6168	92 
6169	57 129 156 
6170	159 
6171	287 
6172	99 
6173	68 
6174	76 
6175	158 
6176	158 
6177	19 138 391 
6178	262 
6179	93 
6180	219 
6181	32 
6182	381 
6183	94 
6184	353 
6185	277 
6186	222 
6187	173 
6188	147 
6189	134 320 386 
6190	168 
6191	12 
6192	354 
6193	181 
6194	289 
6195	392 
6196	140 
6197	251 
6198	155 
6199	91 
6200	154 
6201	41 262 365 
6202	274 
6203	178 
6204	355 
6205	236 
6206	321 
6207	76 312 330 
6208	59 
6209	380 
6210	94 
6211	57 
6212	337 
6213	103 308 335 
6214	105 
6215	325 
6216	152 
6217	72 
6218	351 
6219	352 
6220	161 
6221	165 
6222	378 
6223	334 
6224	388 
6225	38 
6226	287 
6227	276 366 376 
6228	68 
6229	330 
6230	214 
6231	152 262 264 
6232	142 
6233	388 
6234	111 199 373 
6235	57 
6236	217 
6237	368 
6238	313 
6239	71 
6240	381 
6241	250 
6242	331 
6243	137 
6244	200 
6245	282 
6246	333 
6247	200 
6248	217 
6249	280 
6250	261 
6251	98 
6252	330 
6253	321 
6254	150 
6255	391 
6256	260 
6257	54 
6258	25 
6259	11 
6260	323 
6261	78 
6262	312 
6263	102 
6264	374 
6265	270 
6266	235 
6267	29 184 320 
6268	95 
6269	29 71 279 
6270	385 
6271	109 
6272	99 283 303 
6273	314 
6274	321 
6275	295 
6276	170 
6277	3 
6278	253 
6279	357 
6280	40 
6281	41 
6282	70 
6283	193 
6284	260 
6285	49 198 278 
6286	23 93 315 
6287	270 
6288	267 
6289	316 
6290	244 
6291	179 
6292	251 
6293	293 
6294	51 
6295	63 
6296	240 
6297	131 
6298	216 
6299	100 
6300	301 
6301	115 
6302	363 
6303	140 
6304	295 
6305	323 
6306	199 
6307	67 
6308	54 
6309	228 
6310	120 
6311	376 
6312	194 
6313	291 
6314	161 
6315	212 
6316	57 151 330 
6317	249 
6318	242 
6319	279 
6320	164 350 355 
6321	181 194 216 
6322	74 
6323	289 
6324	27 
6325	320 
6326	277 
6327	203 
6328	29 
6329	168 264 299 
6330	380 
6331	116 
6332	307 
6333	233 
6334	21 
6335	47 
6336	80 
6337	287 
6338	299 
6339	23 
6340	234 
6341	34 
6342	24 
6343	7 150 214 
6344	363 
6345	183 
6346	190 
6347	130 
6348	4 
6349	255 
6350	361 
6351	191 
6352	60 
6353	351 
6354	16 
6355	354 
6356	233 
6357	142 
6358	32 233 282 
6359	389 
6360	181 
6361	333 
6362	292 
6363	270 
6364	320 
6365	67 
6366	184 
6367	137 
6368	67 254 293 
6369	74 
6370	186 
6371	223 
6372	123 
6373	59 
6374	25 59 105 
6375	41 
6376	175 
6377	294 
6378	272 
6379	3 
6380	389 
6381	280 
6382	289 
6383	235 
6384	146 
6385	240 
6386	176 
6387	81 
6388	263 
6389	27 
6390	3 
6391	34 
6392	133 
6393	97 
6394	205 
6395	5 
6396	188 
6397	279 
6398	24 
6399	95 
6400	159 301 337 
6401	118 
6402	142 
6403	7 
6404	190 
6405	41 
6406	333 
6407	280 
6408	216 
6409	192 
6410	90 
6411	311 
6412	91 
6413	40 
6414	260 
6415	144 261 312 
6416	77 
6417	89 
6418	16 
6419	125 
6420	5 
6421	92 
6422	169 
6423	32 
6424	78 
6425	204 
6426	324 
6427	73 
6428	361 
6429	24 
6430	146 
6431	137 
6432	242 
6433	10 89 258 
6434	263 
6435	294 
6436	337 
6437	78 
6438	123 
6439	159 
6440	374 
6441	240 
6442	143 
6443	156 
6444	113 
6445	271 
6446	108 
6447	35 
6448	92 
6449	386 
6450	308 
6451	308 
6452	288 
6453	385 
6454	190 
6455	63 
6456	51 
6457	340 
6458	167 
6459	193 
6460	354 
6461	86 
6462	75 
6463	77 
6464	8 
6465	393 
6466	316 
6467	63 
6468	390 
6469	295 
6470	186 
6471	269 
6472	56 
6473	1 
6474	18 
6475	384 
6476	149 
6477	260 309 353 
6478	27 
6479	86 
6480	348 
6481	84 
6482	52 
6483	1 
6484	250 
6485	67 
6486	347 
6487	94 
6488	337 
6489	41 
6490	69 
6491	143 
6492	143 
6493	25 
6494	247 
6495	202 
6496	63 
6497	69 
6498	67 
6499	144 257 341 
6500	89 
6501	186 220 262 
6502	108 
6503	387 
6504	177 
6505	393 
6506	10 
6507	376 
6508	216 
6509	291 
6510	74 
6511	143 
6512	168 
6513	18 
6514	250 
6515	229 
6516	383 
6517	204 
6518	16 102 333 
6519	242 
6520	281 
6521	8 231 240 
6522	295 
6523	263 
6524	348 
6525	98 
6526	322 
6527	344 
6528	81 
6529	69 
6530	127 
6531	337 
6532	183 
6533	8 
6534	123 
6535	267 
6536	286 
6537	107 
6538	120 
6539	192 
6540	378 
6541	106 
6542	358 
6543	323 
6544	233 
6545	152 
6546	100 
6547	140 
6548	149 
6549	116 
6550	241 
6551	224 
6552	352 
6553	263 
6554	249 
6555	104 
6556	367 
6557	47 85 261 
6558	299 
6559	191 
6560	314 
6561	75 
6562	308 
6563	158 
6564	345 
6565	190 
6566	184 
6567	15 
6568	363 
6569	27 
6570	104 
6571	284 
6572	81 
6573	169 
6574	146 
6575	82 
6576	142 
6577	116 
6578	27 
6579	76 
6580	139 
6581	267 
6582	47 
6583	307 
6584	370 
6585	29 
6586	393 
6587	372 
6588	81 130 335 
6589	307 
6590	129 
6591	241 
6592	3 
6593	79 
6594	225 
6595	72 314 337 
6596	373 
6597	267 
6598	82 
6599	296 
6600	237 
6601	55 
6602	237 
6603	73 
6604	27 256 284 
6605	213 
6606	136 
6607	229 
6608	141 
6609	97 
6610	67 
6611	145 
6612	69 94 273 
6613	223 
6614	167 
6615	335 
6616	81 273 315 
6617	308 
6618	6 
6619	67 
6620	33 
6621	343 
6622	58 
6623	202 
6624	157 
6625	316 
6626	62 
6627	36 249 278 
6628	204 
6629	380 
6630	157 
6631	111 
6632	131 
6633	143 
6634	285 
6635	98 
6636	282 
6637	190 
6638	131 
6639	390 
6640	130 
6641	54 
6642	242 
6643	7 
6644	244 
6645	58 
6646	176 
6647	126 138 367 
6648	381 
6649	264 
6650	1 
6651	251 
6652	289 
6653	261 
6654	173 
6655	309 
6656	319 
6657	198 
6658	53 
6659	287 
6660	130 
6661	75 
6662	387 
6663	247 
6664	350 
6665	314 
6666	327 
6667	66 
6668	149 170 193 
6669	82 
6670	357 
6671	93 
6672	79 
6673	79 
6674	299 
6675	35 
6676	181 
6677	272 
6678	194 
6679	321 
6680	133 255 386 
6681	308 
6682	231 
6683	345 
6684	278 
6685	88 91 106 
6686	214 
6687	198 
6688	24 251 362 
6689	293 
6690	327 
6691	186 
6692	15 63 189 
6693	78 
6694	11 
6695	255 
6696	312 
6697	147 
6698	55 
6699	117 
6700	373 
6701	222 
6702	284 
6703	316 
6704	10 
6705	276 
6706	19 63 324 
6707	223 
6708	274 
6709	277 
6710	250 
6711	156 
6712	188 
6713	182 
6714	100 107 387 
6715	6 92 266 
6716	29 
6717	315 
6718	52 
6719	32 
6720	77 
6721	41 
6722	170 
6723	381 
6724	369 
6725	40 60 204 
6726	145 
6727	315 
6728	78 230 370 
6729	63 
6730	198 
6731	170 
6732	297 
6733	41 
6734	371 
6735	259 
6736	298 
6737	271 
6738	388 
6739	381 
6740	38 
6741	100 
6742	236 
6743	256 
6744	204 
6745	36 68 163 
6746	63 
6747	71 
6748	242 
6749	58 
6750	49 
6751	245 
6752	244 
6753	235 
6754	353 
6755	182 
6756	295 
6757	139 
6758	363 
6759	370 
6760	355 
6761	326 
6762	27 
6763	103 
6764	118 
6765	83 
6766	258 
6767	341 
6768	94 
6769	79 
6770	21 
6771	314 
6772	378 
6773	291 
6774	124 
6775	159 
6776	330 
6777	60 195 248 
6778	156 
6779	195 
6780	94 210 343 
6781	233 
6782	380 
6783	150 
6784	5 
6785	345 
6786	8 91 165 
6787	24 53 57 
6788	272 
6789	58 
6790	57 217 263 
6791	188 233 314 
6792	331 
6793	213 
6794	16 
6795	61 
6796	155 
6797	278 
6798	23 
6799	67 
6800	36 
6801	149 
6802	16 
6803	280 
6804	107 
6805	127 
6806	96 
6807	93 
6808	21 250 291 
6809	156 
6810	146 
6811	287 
6812	106 
6813	114 
6814	267 
6815	31 
6816	3 
6817	151 
6818	138 
6819	371 
6820	202 
6821	236 
6822	6 
6823	57 
6824	40 
6825	143 
6826	289 
6827	371 
6828	29 
6829	179 
6830	78 
6831	60 
6832	140 
6833	195 
6834	179 
6835	262 
6836	3 
6837	263 
6838	106 
6839	155 301 367 
6840	96 140 342 
6841	117 
6842	388 
6843	330 
6844	324 
6845	343 
6846	308 
6847	119 
6848	51 
6849	389 
6850	78 165 330 
6851	331 
6852	191 
6853	241 
6854	149 
6855	386 
6856	323 
6857	210 
6858	293 
6859	339 
6860	91 
6861	12 
6862	138 145 334 
6863	344 
6864	168 
6865	188 
6866	374 
6867	95 
6868	235 
6869	89 
6870	336 
6871	386 
6872	95 
6873	281 
6874	139 
6875	262 
6876	363 
6877	355 
6878	381 
6879	320 337 378 
6880	34 112 231 
6881	9 176 255 
6882	95 
6883	55 
6884	276 
6885	159 
6886	261 343 385 
6887	41 
6888	62 
6889	93 
6890	146 
6891	249 
6892	88 
6893	372 
6894	369 
6895	308 
6896	152 
6897	60 
6898	158 
6899	372 
6900	351 
6901	315 
6902	367 
6903	385 
6904	280 
6905	88 
6906	93 
6907	168 
6908	244 
6909	25 199 243 
6910	223 
6911	315 
6912	100 
6913	286 
6914	293 
6915	164 
6916	86 
6917	282 
6918	15 
6919	52 
6920	330 
6921	114 
6922	61 98 290 
6923	30 
6924	382 
6925	132 
6926	341 
6927	279 
6928	120 
6929	184 
6930	86 
6931	322 
6932	135 
6933	119 
6934	314 
6935	131 
6936	295 
6937	320 
6938	363 
6939	340 
6940	324 
6941	84 
6942	73 
6943	315 
6944	183 
6945	23 
6946	202 
6947	36 
6948	230 
6949	143 
6950	121 
6951	283 
6952	51 228 375 
6953	327 
6954	358 
6955	294 
6956	279 
6957	255 
6958	41 99 164 
6959	146 
6960	63 
6961	326 
6962	307 
6963	120 293 308 
6964	165 
6965	319 
6966	81 172 351 
6967	353 
6968	58 83 128 
6969	78 
6970	122 200 218 
6971	248 
6972	260 
6973	88 
6974	267 
6975	73 
6976	16 
6977	308 
6978	244 
6979	4 
6980	345 
6981	152 
6982	95 
6983	156 
6984	91 
6985	146 
6986	89 231 333 
6987	250 
6988	62 
6989	363 
6990	184 
6991	287 
6992	280 
6993	388 
6994	32 
6995	318 
6996	278 
6997	250 
6998	93 
6999	30 
7000	271 
7001	14 80 166 
7002	256 
7003	227 
7004	303 
7005	130 
7006	13 239 276 
7007	273 
7008	19 
7009	88 
7010	96 279 352 
7011	183 
7012	280 
7013	12 
7014	157 
7015	234 
7016	217 
7017	119 
7018	61 
7019	98 
7020	60 
7021	67 
7022	295 
7023	19 
7024	249 
7025	351 
7026	71 214 282 
7027	25 114 264 
7028	308 
7029	81 
7030	69 
7031	197 215 354 
7032	114 
7033	51 115 350 
7034	380 
7035	86 
7036	54 242 363 
7037	352 367 386 
7038	260 
7039	25 
7040	169 
7041	241 
7042	78 
7043	240 
7044	120 
7045	186 
7046	358 
7047	319 
7048	280 
7049	249 
7050	390 
7051	259 
7052	234 
7053	164 
7054	132 
7055	224 
7056	132 204 354 
7057	241 
7058	144 
7059	368 
7060	145 
7061	263 
7062	308 
7063	138 
7064	363 
7065	60 
7066	105 
7067	363 
7068	289 
7069	69 
7070	78 
7071	46 122 303 
7072	237 
7073	204 
7074	370 
7075	49 
7076	114 
7077	341 
7078	16 
7079	348 
7080	188 
7081	25 
7082	217 
7083	314 
7084	6 
7085	234 278 295 
7086	31 129 388 
7087	10 
7088	282 
7089	21 84 164 
7090	179 
7091	94 
7092	5 129 378 
7093	303 
7094	369 
7095	12 
7096	248 
7097	223 
7098	225 
7099	24 
7100	267 
7101	327 
7102	159 
7103	191 
7104	131 
7105	30 
7106	138 
7107	40 
7108	131 241 323 
7109	174 
7110	221 
7111	94 
7112	312 
7113	251 
7114	263 
7115	116 
7116	79 
7117	5 
7118	355 
7119	202 
7120	170 
7121	21 
7122	149 
7123	283 
7124	297 
7125	316 
7126	41 72 166 
7127	105 
7128	247 
7129	308 
7130	24 
7131	111 
7132	361 
7133	131 
7134	229 
7135	229 255 380 
7136	282 
7137	241 
7138	120 
7139	111 
7140	255 
7141	133 384 387 
7142	63 
7143	384 
7144	145 
7145	170 
7146	130 
7147	121 
7148	133 
7149	12 
7150	316 
7151	64 223 358 
7152	114 
7153	339 
7154	52 
7155	291 
7156	323 
7157	202 
7158	158 
7159	38 
7160	78 
7161	111 280 291 
7162	67 
7163	294 
7164	225 247 322 
7165	56 
7166	96 254 282 
7167	352 
7168	49 
7169	86 
7170	15 16 144 
7171	114 
7172	33 
7173	228 
7174	47 
7175	270 
7176	87 
7177	190 
7178	386 
7179	93 170 286 
7180	3 
7181	49 
7182	314 
7183	371 
7184	374 
7185	176 280 309 
7186	221 
7187	2 34 282 
7188	71 288 380 
7189	345 
7190	1 169 243 
7191	363 
7192	151 279 314 
7193	284 
7194	91 
7195	294 
7196	23 
7197	119 
7198	145 233 330 
7199	170 
7200	254 
7201	281 
7202	315 
7203	86 
7204	58 
7205	198 
7206	91 100 309 
7207	58 
7208	116 
7209	294 
7210	78 103 178 
7211	126 
7212	247 
7213	129 
7214	323 
7215	129 
7216	121 
7217	149 
7218	78 93 278 
7219	146 
7220	93 
7221	86 
7222	54 
7223	301 
7224	6 
7225	299 
7226	301 
7227	142 179 248 
7228	36 
7229	259 
7230	234 
7231	345 
7232	378 
7233	12 
7234	24 
7235	351 
7236	223 
7237	291 
7238	53 
7239	16 
7240	89 306 342 
7241	58 
7242	164 
7243	381 
7244	327 
7245	164 
7246	12 
7247	275 289 313 
7248	89 
7249	74 
7250	52 248 378 
7251	280 
7252	151 
7253	96 
7254	95 
7255	56 
7256	29 
7257	138 
7258	119 
7259	156 
7260	10 181 272 
7261	131 
7262	126 
7263	286 
7264	233 
7265	216 
7266	115 
7267	331 
7268	129 
7269	244 
7270	202 
7271	186 
7272	6 
7273	295 
7274	155 
7275	58 
7276	138 
7277	254 
7278	323 
7279	274 
7280	312 
7281	390 
7282	163 
7283	283 
7284	241 
7285	251 
7286	348 
7287	195 
7288	24 232 271 
7289	169 
7290	74 
7291	316 
7292	368 
7293	10 
7294	111 
7295	374 
7296	82 
7297	322 
7298	251 
7299	373 
7300	100 
7301	355 
7302	115 
7303	271 
7304	133 
7305	218 223 278 
7306	23 
7307	190 
7308	202 
7309	145 171 340 
7310	30 
7311	1 
7312	151 
7313	340 
7314	343 
7315	254 
7316	322 
7317	12 
7318	46 
7319	327 
7320	303 
7321	224 
7322	331 
7323	157 
7324	299 
7325	307 
7326	303 
7327	301 
7328	119 
7329	54 118 277 
7330	71 
7331	242 
7332	129 
7333	376 
7334	197 
7335	343 
7336	291 
7337	348 
7338	120 
7339	320 
7340	197 
7341	92 
7342	173 
7343	217 
7344	330 
7345	355 
7346	308 
7347	380 
7348	295 
7349	216 
7350	43 107 286 
7351	281 
7352	195 
7353	248 
7354	269 
7355	230 
7356	390 
7357	247 
7358	221 
7359	111 
7360	126 
7361	159 
7362	63 
7363	320 
7364	356 
7365	331 
7366	320 
7367	355 
7368	390 
7369	13 31 256 
7370	367 
7371	135 
7372	136 
7373	280 
7374	40 228 242 
7375	149 
7376	224 
7377	93 
7378	378 
7379	88 341 352 
7380	119 
7381	384 
7382	152 
7383	12 
7384	10 
7385	355 
7386	40 336 350 
7387	254 
7388	182 
7389	263 
7390	151 287 335 
7391	273 
7392	41 
7393	95 
7394	156 
7395	81 
7396	224 
7397	390 
7398	179 
7399	259 
7400	241 
7401	71 
7402	107 
7403	182 
7404	10 
7405	303 
7406	100 
7407	390 
7408	247 
7409	169 
7410	373 
7411	67 
7412	259 
7413	8 
7414	133 
7415	184 
7416	294 
7417	230 
7418	169 
7419	30 
7420	341 
7421	184 
7422	89 
7423	276 
7424	95 
7425	157 
7426	179 
7427	179 
7428	5 10 207 
7429	202 
7430	367 
7431	73 
7432	116 
7433	5 367 370 
7434	67 
7435	249 
7436	131 
7437	100 249 359 
7438	251 
7439	163 
7440	259 
7441	107 
7442	156 
7443	6 
7444	331 
7445	40 
7446	57 
7447	135 
7448	260 
7449	260 
7450	331 
7451	299 
7452	94 
7453	111 
7454	241 
7455	131 
7456	93 
7457	146 
7458	271 
7459	159 
7460	388 
7461	146 
7462	303 
7463	6 
7464	94 
7465	378 
7466	241 
7467	390 
7468	118 373 380 
7469	312 
7470	53 
7471	363 
7472	355 
7473	41 
7474	241 
7475	280 
7476	51 
7477	163 321 392 
7478	154 295 386 
7479	179 
7480	291 
7481	240 
7482	79 282 382 
7483	350 
7484	111 
7485	323 352 373 
7486	309 
7487	21 
7488	291 
7489	299 
7490	149 
7491	93 
7492	223 
7493	42 184 299 
7494	89 
7495	40 114 259 
7496	274 
7497	207 254 324 
7498	61 100 202 
7499	126 288 377 
7500	39 226 393 
7501	233 
7502	39 223 371 
7503	138 
7504	280 
7505	247 
7506	173 237 363 
7507	152 
7508	280 
7509	138 
7510	107 210 383 
7511	384 
7512	3 
7513	63 
7514	386 
7515	240 255 342 
7516	131 216 333 
7517	138 
7518	378 
7519	289 
7520	240 
7521	255 
7522	286 309 337 
7523	350 
7524	289 
7525	269 
7526	287 
7527	276 
7528	49 
7529	58 
7530	98 127 297 
7531	341 
7532	103 274 277 
7533	255 
7534	57 
7535	36 
7536	301 
7537	270 
7538	12 210 292 
7539	53 
7540	179 
7541	15 308 374 
7542	19 
7543	170 281 368 
7544	115 
7545	102 269 280 
7546	157 
7547	255 
7548	382 
7549	53 
7550	67 183 338 
7551	320 
7552	382 
7553	112 
7554	32 
7555	71 276 321 
7556	106 
7557	168 
7558	179 324 388 
7559	41 
7560	130 
7561	307 
7562	390 
7563	130 
7564	149 
7565	46 186 217 
7566	135 
7567	32 
7568	169 
7569	78 
7570	155 
7571	267 
7572	170 
7573	111 
7574	378 
7575	341 
7576	16 
7577	248 
7578	202 
7579	47 
7580	341 
7581	198 
7582	63 
7583	271 
7584	58 
7585	98 220 259 
7586	163 324 355 
7587	106 
7588	355 
7589	331 
7590	46 225 335 
7591	95 
7592	183 
7593	143 
7594	356 
7595	126 
7596	382 
7597	356 
7598	250 
7599	231 
7600	29 
7601	274 
7602	12 
7603	320 
7604	129 
7605	100 
7606	119 
7607	81 
7608	210 239 335 
7609	6 
7610	100 
7611	12 46 389 
7612	61 330 355 
7613	92 
7614	271 
7615	295 
7616	49 51 238 
7617	82 126 337 
7618	32 
7619	30 208 312 
7620	126 279 389 
7621	16 
7622	131 164 197 
7623	331 
7624	250 
7625	19 
7626	19 
7627	248 
7628	309 
7629	229 
7630	159 
7631	242 
7632	106 
7633	189 206 369 
7634	138 
7635	217 
7636	231 
7637	149 
7638	382 
7639	145 361 374 
7640	81 
7641	127 286 289 
7642	93 
7643	274 358 386 
7644	301 
7645	47 
7646	282 
7647	21 275 283 
7648	107 
7649	387 
7650	156 166 369 
7651	12 
7652	282 
7653	34 69 198 
7654	27 138 195 
7655	387 
7656	235 281 375 
7657	314 
7658	320 
7659	41 
7660	184 
7661	234 
7662	356 
7663	30 327 338 
7664	83 270 307 
7665	87 130 354 
7666	264 
7667	264 
7668	234 287 289 
7669	158 245 363 
7670	159 
7671	132 137 228 
7672	6 
7673	49 
7674	82 127 350 
7675	111 
7676	34 312 362 
7677	111 
7678	327 
7679	100 
7680	216 
7681	94 
7682	340 
7683	140 
7684	367 
7685	106 
7686	286 
7687	133 
7688	130 
7689	250 
7690	231 
7691	146 310 331 
7692	251 
7693	162 252 367 
7694	86 
7695	312 
7696	363 
7697	228 
7698	170 
7699	373 
7700	299 
7701	286 
7702	376 
7703	386 
7704	314 
7705	234 
7706	350 
7707	32 
7708	307 
7709	234 
7710	351 
7711	60 
7712	195 224 356 
7713	32 
7714	91 
7715	278 
7716	363 
7717	35 177 311 
7718	129 137 295 
7719	16 
7720	3 
7721	282 
7722	373 
7723	111 
7724	315 
7725	378 
7726	308 
7727	376 
7728	95 
7729	295 
7730	327 
7731	32 
7732	5 160 258 
7733	223 
7734	308 
7735	217 
7736	234 
7737	287 
7738	234 
7739	67 
7740	168 
7741	228 
7742	86 192 202 
7743	255 
7744	74 91 223 
7745	340 
7746	315 
7747	320 
7748	91 
7749	41 
7750	145 
7751	301 
7752	81 
7753	234 
7754	98 281 331 
7755	78 
7756	75 100 333 
7757	59 91 275 
7758	88 163 259 
7759	131 
7760	202 
7761	202 
7762	100 
7763	327 
7764	89 136 138 
7765	6 
7766	250 
7767	363 
7768	61 216 290 
7769	149 
7770	81 
7771	228 
7772	3 24 93 
7773	330 
7774	133 
7775	229 
7776	168 
7777	131 
7778	115 
7779	350 
7780	74 163 295 
7781	330 
7782	63 
7783	164 
7784	233 276 355 
7785	217 
7786	286 
7787	5 276 333 
7788	308 
7789	248 
7790	49 
7791	341 
7792	131 
7793	10 273 352 
7794	91 
7795	320 
7796	367 
7797	387 
7798	291 
7799	228 
7800	115 150 151 
7801	59 250 264 
7802	227 237 346 
7803	41 
7804	386 
7805	276 
7806	371 
7807	258 272 278 
7808	316 
7809	8 155 210 
7810	111 
7811	15 117 388 
7812	93 
7813	330 
7814	341 
7815	264 
7816	234 
7817	149 
7818	282 
7819	10 43 184 
7820	6 
7821	279 
7822	49 156 190 
7823	183 
7824	145 
7825	33 86 130 
7826	10 
7827	327 
7828	280 
7829	94 
7830	367 
7831	89 
7832	316 
7833	250 
7834	81 
7835	89 
7836	5 93 146 
7837	367 
7838	119 
7839	93 
7840	250 
7841	120 143 260 
7842	355 
7843	386 
7844	131 
7845	149 
7846	143 
7847	228 
7848	49 150 367 
7849	308 
7850	341 
7851	291 
7852	216 
7853	41 
7854	111 
7855	89 
7856	280 
7857	216 
7858	133 
7859	133 
7860	184 267 285 
7861	367 
7862	49 
7863	363 
7864	320 
7865	33 
7866	87 203 269 
7867	89 
7868	248 
7869	276 
7870	131 222 308 
7871	145 
7872	105 354 363 
7873	316 
7874	367 
7875	67 
7876	228 
7877	92 
7878	131 289 366 
7879	324 343 389 
7880	32 65 89 
7881	251 
7882	115 
7883	109 138 183 
7884	170 279 374 
7885	78 
7886	10 
7887	55 167 276 
7888	111 
7889	16 60 290 
7890	67 
7891	46 140 353 
7892	386 
7893	49 232 371 
7894	367 
7895	279 
7896	12 312 330 
7897	91 
7898	28 143 170 
7899	138 
7900	131 
7901	289 
7902	133 
7903	276 
7904	2 138 351 
7905	149 
7906	128 356 381 
7907	178 259 263 
7908	10 
7909	320 
7910	356 
7911	32 106 328 
7912	6 137 341 
7913	93 169 332 
7914	105 224 380 
7915	312 
7916	91 
7917	367 
7918	94 177 348 
7919	6 
7920	91 
7921	60 135 308 
7922	10 
7923	186 247 287 
7924	57 255 298 
7925	295 
7926	38 307 315 
7927	254 
7928	179 374 385 
7929	78 
7930	131 
7931	53 252 254 
7932	149 
7933	41 
7934	168 202 266 
7935	3 155 271 
7936	119 
7937	81 
7938	254 
7939	267 285 369 
7940	145 
7941	32 
7942	371 
7943	12 143 377 
7944	40 300 308 
7945	254 
7946	248 
7947	100 
7948	111 
7949	111 
7950	248 
7951	91 
7952	145 
7953	100 
7954	131 
7955	242 264 279 
7956	67 
7957	67 
7958	12 93 105 
7959	49 136 307 
7960	19 51 276 
7961	37 38 242 
7962	157 281 312 
7963	164 
7964	216 
7965	82 193 251 
7966	149 
7967	67 
7968	119 
7969	81 
7970	255 
7971	254 279 312 
7972	96 147 320 
7973	6 81 386 
7974	371 
7975	165 286 316 
7976	254 
7977	341 
7978	9 323 389 
7979	330 
7980	106 135 393 
7981	143 
7982	157 174 337 
7983	41 
7984	96 136 179 
7985	367 
7986	327 
7987	65 118 196 
7988	280 295 352 
7989	279 
7990	41 240 259 
7991	254 285 318 
7992	341 352 384 
7993	111 
7994	119 
7995	255 
7996	138 
7997	133 281 314 
7998	164 
7999	143 
8000	242 247 389 
