1	45 
2	57 
3	83 
4	34 
5	79 
6	24 
7	19 
8	115 
9	63 
10	34 
11	37 
12	64 
13	175 
14	212 
15	72 
16	182 
17	46 
18	54 
19	77 
20	32 
21	71 
22	115 
23	15 114 
24	121 
25	149 
26	118 
27	112 
28	137 
29	149 204 
30	60 
31	167 
32	55 
33	123 
34	169 
35	16 
36	142 
37	137 220 
38	81 
39	205 
40	78 134 
41	146 148 
42	167 
43	89 
44	189 
45	55 
46	91 
47	163 
48	58 167 
49	16 
50	54 93 
51	45 
52	141 210 
53	46 71 
54	163 
55	54 
56	189 
57	88 
58	155 
59	102 
60	156 
61	180 
62	127 
63	165 
64	16 
65	74 
66	51 
67	177 
68	17 
69	180 
70	146 
71	140 
72	150 
73	34 
74	17 
75	90 
76	172 
77	163 
78	169 
79	184 221 
80	27 
81	85 
82	49 
83	121 
84	45 
85	123 
86	54 
87	75 
88	150 
89	139 
90	67 
91	69 
92	131 
93	129 
94	220 
95	146 
96	102 
97	150 
98	16 
99	38 
100	223 
101	223 
102	225 
103	89 
104	7 
105	193 
106	136 
107	131 
108	58 72 
109	137 
110	16 
111	17 221 
112	112 
113	45 
114	52 
115	215 
116	24 
117	105 
118	50 
119	58 
120	200 
121	116 
122	49 159 
123	66 
124	72 
125	219 
126	201 
127	221 
128	97 
129	45 
130	171 
131	182 
132	201 
133	67 
134	221 
135	164 
136	166 
137	21 53 
138	139 
139	126 
140	102 
141	21 44 
142	113 
143	15 
144	206 
145	21 
146	190 
147	115 
148	81 167 
149	173 
150	105 
151	80 
152	191 
153	8 
154	46 175 
155	8 134 
156	83 135 
157	129 
158	206 
159	217 
160	122 
161	212 
162	129 
163	14 
164	185 
165	192 
166	66 
167	122 
168	169 
169	172 
170	205 
171	135 178 
172	3 
173	156 
174	116 
175	19 
176	137 
177	2 
178	133 
179	136 148 
180	201 
181	170 
182	21 
183	166 206 
184	61 64 
185	33 
186	62 103 
187	50 84 
188	160 
189	28 
190	172 
191	57 
192	69 
193	4 
194	193 
195	214 
196	59 
197	123 
198	64 158 
199	71 
200	221 
201	158 
202	79 
203	213 
204	164 
205	7 
206	172 
207	209 
208	217 
209	134 
210	209 
211	158 
212	88 
213	121 
214	186 
215	157 177 
216	79 
217	104 
218	166 
219	102 
220	21 122 
221	136 157 
222	71 
223	33 
224	162 
225	11 
226	66 
227	89 
228	208 
229	225 
230	60 
231	64 
232	12 
233	129 178 
234	177 
235	200 
236	45 
237	150 
238	157 
239	206 221 
240	41 
241	16 
242	107 
243	166 
244	205 
245	213 
246	220 
247	142 201 
248	223 
249	164 
250	43 
251	43 
252	93 
253	116 
254	184 
255	38 
256	225 
257	106 
258	88 
259	72 
260	147 
261	152 
262	38 
263	144 
264	105 
265	32 
266	115 
267	134 
268	50 158 
269	96 
270	109 
271	53 
272	84 
273	11 
274	221 
275	165 
276	171 
277	131 
278	112 
279	2 
280	108 
281	103 
282	121 
283	137 
284	68 
285	194 
286	95 
287	215 
288	6 
289	82 
290	121 
291	71 
292	132 
293	45 
294	21 
295	168 
296	206 
297	217 
298	99 
299	190 
300	150 
301	208 
302	152 
303	179 
304	7 133 
305	2 
306	124 
307	137 
308	199 
309	177 
310	61 
311	129 
312	167 168 
313	28 
314	212 
315	58 
316	203 
317	180 
318	104 
319	83 
320	41 
321	122 
322	129 
323	53 103 
324	82 
325	142 
326	137 
327	85 
328	9 101 
329	193 
330	46 
331	206 
332	183 
333	58 
334	132 
335	36 171 
336	208 
337	93 
338	64 
339	42 
340	90 
341	73 
342	34 
343	56 
344	46 
345	73 
346	48 
347	90 
348	194 
349	30 
350	204 
351	99 
352	27 
353	175 
354	181 
355	6 
356	114 
357	31 
358	25 
359	208 
360	200 
361	47 
362	20 
363	8 
364	166 
365	17 
366	138 
367	98 
368	78 
369	51 
370	118 207 
371	167 
372	175 213 
373	198 
374	121 
375	185 
376	116 
377	164 
378	171 
379	2 
380	123 
381	180 
382	72 73 
383	217 
384	91 
385	162 
386	199 
387	171 
388	166 
389	14 
390	115 213 
391	208 
392	19 
393	119 
394	103 
395	185 
396	167 
397	186 
398	80 
399	152 
400	71 
401	16 
402	169 
403	90 
404	154 
405	63 166 
406	14 
407	34 
408	105 
409	33 
410	117 
411	131 
412	162 
413	200 
414	45 141 
415	97 146 
416	44 
417	152 
418	17 
419	87 
420	161 
421	196 
422	117 
423	30 
424	142 
425	13 19 
426	198 
427	69 
428	21 
429	15 
430	90 
431	171 
432	103 
433	221 
434	123 166 
435	5 
436	35 
437	83 
438	205 
439	3 
440	40 
441	83 
442	164 
443	193 
444	34 
445	52 
446	108 
447	36 
448	98 
449	103 
450	87 
451	8 
452	165 
453	65 
454	84 
455	218 
456	138 
457	41 
458	180 
459	119 
460	211 
461	125 
462	11 
463	95 
464	18 
465	7 
466	116 131 
467	140 
468	89 
469	17 
470	206 
471	17 
472	161 
473	136 
474	4 
475	66 
476	97 
477	94 
478	71 
479	44 
480	154 
481	98 
482	204 
483	14 
484	145 
485	115 139 
486	169 
487	186 
488	174 
489	143 
490	42 
491	13 
492	168 
493	45 112 
494	85 
495	216 
496	41 
497	217 
498	126 161 
499	146 
500	196 
501	53 74 
502	169 
503	56 
504	1 
505	86 
506	209 
507	191 
508	154 
509	199 
510	28 
511	14 
512	80 
513	140 
514	180 
515	180 
516	212 
517	224 
518	146 
519	29 
520	158 
521	32 
522	30 177 
523	51 
524	35 142 
525	217 
526	186 
527	225 
528	207 
529	114 
530	87 
531	83 
532	81 
533	60 139 
534	85 
535	80 
536	38 40 
537	18 
538	118 
539	199 
540	157 
541	146 
542	57 
543	198 
544	222 
545	172 
546	120 
547	28 197 
548	13 
549	205 
550	159 
551	165 
552	221 
553	118 
554	85 
555	12 
556	20 
557	219 
558	125 
559	93 
560	63 
561	11 
562	34 
563	84 
564	171 
565	129 
566	175 
567	211 
568	71 
569	88 
570	30 
571	72 
572	66 
573	89 
574	123 
575	193 201 
576	129 
577	24 
578	7 
579	24 
580	13 
581	216 
582	84 
583	71 
584	128 
585	208 
586	185 
587	34 
588	84 
589	95 
590	84 
591	53 
592	154 
593	48 74 
594	112 
595	146 
596	110 
597	108 
598	106 
599	30 
600	159 
601	17 
602	201 
603	206 
604	72 
605	59 198 
606	40 
607	93 132 
608	84 
609	158 
610	118 
611	110 
612	126 172 
613	121 
614	206 
615	40 
616	214 
617	171 
618	194 
619	82 
620	199 
621	115 
622	28 
623	102 
624	143 
625	81 
626	31 
627	38 
628	199 
629	13 166 
630	189 
631	93 133 
632	129 
633	104 
634	159 
635	45 
636	90 
637	63 
638	30 57 
639	21 174 
640	30 
641	200 
642	88 
643	176 
644	43 
645	53 
646	152 
647	25 
648	140 
649	43 180 
650	154 
651	201 
652	125 
653	8 165 
654	214 
655	8 
656	15 
657	175 
658	201 
659	62 225 
660	41 130 
661	16 
662	66 
663	5 124 
664	164 
665	84 
666	128 
667	141 
668	207 
669	21 
670	9 
671	24 
672	171 
673	221 
674	7 
675	83 
676	107 
677	221 
678	63 
679	137 
680	81 
681	197 
682	206 
683	137 
684	174 
685	45 
686	191 
687	14 78 
688	219 
689	61 
690	144 
691	126 
692	129 
693	67 
694	60 
695	78 
696	64 
697	158 216 
698	198 
699	187 
700	81 
701	50 
702	162 
703	140 
704	42 
705	122 
706	61 
707	64 122 
708	225 
709	122 
710	194 
711	201 
712	48 
713	7 
714	98 109 
715	141 
716	142 
717	193 
718	147 
719	154 160 
720	181 
721	17 
722	165 
723	61 157 
724	102 
725	180 
726	95 
727	34 225 
728	69 
729	31 
730	104 
731	154 
732	141 
733	17 
734	163 
735	22 
736	162 
737	201 
738	136 
739	95 
740	56 
741	107 
742	139 
743	113 
744	77 
745	167 
746	125 
747	84 
748	15 
749	106 
750	60 
751	106 
752	108 
753	7 
754	177 
755	27 
756	4 72 
757	63 180 
758	127 
759	127 
760	212 
761	83 
762	107 
763	132 
764	190 
765	30 
766	160 
767	161 
768	59 
769	5 
770	100 
771	224 
772	157 
773	139 
774	93 
775	36 
776	42 187 
777	121 
778	109 
779	139 
780	115 
781	30 140 
782	142 
783	30 
784	214 
785	91 
786	214 
787	131 
788	103 
789	11 
790	76 
791	43 
792	149 
793	29 
794	81 
795	34 
796	223 
797	7 
798	217 
799	144 
800	115 
801	27 62 
802	176 
803	72 
804	221 
805	77 
806	59 61 
807	63 
808	74 
809	142 
810	207 
811	84 
812	8 
813	52 
814	14 
815	102 
816	135 
817	123 
818	29 
819	190 
820	40 170 
821	19 
822	44 
823	178 
824	25 
825	120 
826	31 
827	9 
828	11 120 
829	103 
830	60 
831	197 
832	35 
833	92 
834	118 
835	61 
836	167 
837	170 
838	61 
839	73 
840	37 
841	180 
842	150 
843	106 
844	60 
845	178 
846	173 
847	211 
848	83 
849	96 
850	105 
851	16 
852	69 
853	35 
854	67 
855	219 
856	50 
857	71 
858	113 
859	141 
860	214 
861	5 
862	143 
863	155 
864	186 216 
865	198 
866	52 
867	107 
868	146 
869	50 
870	190 
871	7 
872	42 
873	111 
874	64 
875	214 
876	140 
877	67 
878	118 
879	218 
880	6 
881	177 
882	32 
883	83 
884	56 
885	110 
886	19 
887	45 
888	40 
889	49 97 
890	105 
891	147 
892	221 
893	154 
894	149 
895	136 
896	214 
897	69 
898	46 
899	81 
900	14 
901	41 
902	10 
903	70 
904	201 
905	137 
906	104 
907	139 
908	48 
909	131 
910	64 
911	162 
912	12 
913	36 
914	102 
915	76 
916	225 
917	45 
918	109 180 
919	38 
920	133 
921	77 
922	162 
923	207 
924	182 
925	31 
926	19 
927	61 
928	224 
929	110 
930	158 
931	124 
932	11 216 
933	136 
934	90 
935	154 
936	46 
937	154 
938	69 
939	19 
940	189 
941	172 
942	76 
943	84 
944	55 
945	115 
946	147 
947	213 
948	89 163 
949	167 
950	63 
951	51 
952	38 
953	195 
954	131 
955	223 
956	112 129 
957	139 
958	190 
959	200 
960	54 
961	80 
962	115 
963	39 
964	168 
965	3 
966	205 
967	212 
968	177 
969	56 
970	61 
971	90 
972	192 
973	53 
974	159 
975	190 
976	50 107 
977	5 
978	181 
979	9 
980	149 
981	66 
982	19 204 
983	69 183 
984	14 
985	83 
986	71 
987	31 88 
988	154 
989	179 
990	45 
991	16 
992	4 
993	166 
994	88 
995	84 
996	115 
997	69 
998	212 
999	137 158 
1000	205 
1001	86 
1002	137 
1003	101 
1004	121 
1005	73 180 
1006	198 
1007	86 
1008	209 
1009	200 
1010	56 
1011	55 
1012	94 98 
1013	158 
1014	121 
1015	38 56 
1016	130 
1017	149 
1018	139 
1019	184 
1020	179 
1021	155 
1022	175 
1023	161 
1024	68 
1025	43 
1026	110 
1027	119 
1028	99 
1029	126 
1030	80 
1031	76 
1032	21 199 
1033	107 129 
1034	69 
1035	176 
1036	158 
1037	175 
1038	46 
1039	202 
1040	58 
1041	101 
1042	131 
1043	55 
1044	31 
1045	124 158 
1046	132 
1047	12 
1048	83 
1049	139 146 
1050	15 
1051	79 
1052	49 58 
1053	206 
1054	149 
1055	131 
1056	124 
1057	137 
1058	55 
1059	41 
1060	48 
1061	136 
1062	158 
1063	137 
1064	21 
1065	60 
1066	67 
1067	138 
1068	39 
1069	167 
1070	47 
1071	50 
1072	35 
1073	210 
1074	70 
1075	140 
1076	89 
1077	97 
1078	52 
1079	184 
1080	14 
1081	134 
1082	19 145 
1083	202 
1084	50 
1085	11 
1086	171 
1087	14 
1088	209 
1089	38 
1090	225 
1091	123 
1092	59 
1093	69 
1094	68 
1095	219 
1096	171 
1097	167 
1098	215 
1099	38 
1100	101 
1101	170 
1102	175 
1103	23 
1104	175 
1105	71 
1106	211 
1107	126 
1108	142 
1109	125 
1110	41 
1111	167 
1112	80 
1113	10 
1114	114 
1115	201 
1116	182 
1117	185 
1118	166 
1119	211 
1120	146 
1121	138 
1122	215 
1123	34 118 
1124	34 222 
1125	137 
1126	72 
1127	72 
1128	202 
1129	76 
1130	114 
1131	92 198 
1132	53 139 
1133	50 
1134	89 108 
1135	201 
1136	201 
1137	36 
1138	206 
1139	114 
1140	190 
1141	204 
1142	76 
1143	41 
1144	98 
1145	198 
1146	69 115 
1147	109 
1148	56 
1149	120 
1150	92 
1151	107 
1152	171 
1153	140 
1154	166 
1155	175 
1156	172 
1157	177 
1158	156 
1159	225 
1160	10 162 
1161	55 207 
1162	95 
1163	16 
1164	88 
1165	46 180 
1166	150 
1167	154 207 
1168	126 
1169	72 
1170	161 207 
1171	75 
1172	110 
1173	78 
1174	27 
1175	64 
1176	69 
1177	141 194 
1178	159 
1179	190 
1180	214 
1181	43 
1182	203 
1183	39 
1184	110 
1185	92 
1186	38 
1187	35 
1188	195 
1189	55 
1190	166 
1191	167 
1192	55 
1193	75 194 
1194	83 
1195	49 
1196	9 
1197	122 
1198	116 
1199	150 
1200	100 
1201	10 100 
1202	17 
1203	137 
1204	65 213 
1205	167 
1206	7 
1207	175 
1208	84 
1209	53 
1210	182 
1211	72 
1212	164 
1213	27 
1214	69 
1215	83 
1216	83 
1217	55 
1218	121 
1219	110 
1220	161 207 
1221	173 
1222	127 
1223	96 
1224	221 
1225	18 
1226	150 
1227	221 
1228	53 55 
1229	122 
1230	44 
1231	10 
1232	73 
1233	4 174 
1234	46 49 
1235	190 
1236	135 
1237	103 
1238	187 215 
1239	2 
1240	105 
1241	68 
1242	139 
1243	106 
1244	189 
1245	50 200 
1246	159 
1247	21 
1248	189 
1249	56 92 
1250	167 
1251	182 
1252	124 
1253	164 
1254	98 
1255	66 
1256	175 
1257	141 
1258	128 
1259	26 
1260	14 
1261	213 
1262	67 
1263	147 
1264	48 
1265	210 
1266	124 
1267	110 
1268	38 
1269	89 
1270	111 
1271	148 
1272	59 
1273	121 
1274	18 
1275	159 
1276	142 196 
1277	82 
1278	44 
1279	4 
1280	33 
1281	141 
1282	54 
1283	202 
1284	64 
1285	17 
1286	141 
1287	162 
1288	224 
1289	186 
1290	37 
1291	125 
1292	110 
1293	25 185 
1294	74 
1295	14 
1296	175 
1297	67 
1298	201 
1299	52 169 
1300	38 
1301	201 
1302	224 
1303	80 
1304	163 
1305	138 
1306	121 
1307	108 
1308	139 
1309	175 
1310	164 
1311	211 
1312	74 
1313	179 
1314	207 
1315	31 
1316	153 
1317	84 
1318	153 
1319	30 
1320	1 
1321	200 
1322	190 
1323	89 
1324	193 
1325	124 
1326	74 
1327	144 
1328	55 
1329	20 
1330	56 
1331	1 
1332	7 206 
1333	63 
1334	4 
1335	166 
1336	82 
1337	120 
1338	105 
1339	176 
1340	158 206 
1341	91 
1342	175 
1343	38 
1344	71 
1345	200 
1346	183 
1347	149 
1348	55 
1349	70 
1350	45 
1351	142 
1352	207 
1353	53 
1354	100 
1355	41 
1356	90 136 
1357	118 204 
1358	34 
1359	99 
1360	159 
1361	219 
1362	34 
1363	100 
1364	67 
1365	168 
1366	157 
1367	95 
1368	187 
1369	211 
1370	197 
1371	143 
1372	85 
1373	61 
1374	174 
1375	224 
1376	20 
1377	168 
1378	163 
1379	47 
1380	46 
1381	118 
1382	60 
1383	212 
1384	90 
1385	19 
1386	41 
1387	111 
1388	69 
1389	206 
1390	47 
1391	182 
1392	212 
1393	70 
1394	158 
1395	31 
1396	183 
1397	151 
1398	88 
1399	142 
1400	214 
1401	79 
1402	208 
1403	224 
1404	125 200 
1405	206 
1406	143 
1407	61 104 
1408	34 
1409	90 
1410	184 221 
1411	225 
1412	86 
1413	188 
1414	128 186 
1415	61 
1416	138 
1417	109 
1418	38 
1419	112 
1420	2 
1421	39 
1422	199 
1423	185 
1424	80 224 
1425	43 
1426	101 
1427	80 
1428	1 
1429	127 
1430	76 
1431	155 
1432	97 
1433	81 
1434	225 
1435	71 
1436	1 
1437	125 
1438	5 
1439	180 
1440	99 
1441	66 
1442	53 
1443	60 
1444	81 
1445	166 
1446	115 
1447	161 
1448	153 201 
1449	5 
1450	75 
1451	205 
1452	106 
1453	6 
1454	75 
1455	136 
1456	104 
1457	69 
1458	177 
1459	82 
1460	206 
1461	147 
1462	84 
1463	178 
1464	141 
1465	156 
1466	107 
1467	223 
1468	117 
1469	95 
1470	85 
1471	163 
1472	137 
1473	186 
1474	158 201 
1475	80 
1476	45 
1477	181 
1478	73 
1479	225 
1480	222 
1481	193 
1482	171 
1483	112 
1484	84 
1485	85 
1486	158 
1487	18 
1488	142 
1489	17 
1490	83 
1491	80 
1492	218 
1493	137 
1494	182 
1495	65 
1496	85 
1497	224 
1498	56 
1499	218 
1500	137 
1501	155 
1502	136 
1503	203 
1504	206 
1505	22 
1506	120 
1507	118 
1508	96 
1509	15 
1510	180 
1511	13 62 
1512	28 
1513	1 
1514	8 
1515	162 
1516	172 
1517	45 
1518	164 
1519	129 139 
1520	38 
1521	78 
1522	137 
1523	157 
1524	202 
1525	124 
1526	34 
1527	18 
1528	8 
1529	137 
1530	200 
1531	46 
1532	172 
1533	219 
1534	159 
1535	49 
1536	115 
1537	6 
1538	47 
1539	34 
1540	100 
1541	51 
1542	111 200 
1543	93 
1544	176 
1545	158 
1546	217 
1547	84 197 
1548	126 
1549	207 
1550	96 
1551	91 
1552	190 
1553	71 
1554	195 
1555	147 
1556	8 
1557	53 
1558	49 
1559	166 
1560	102 
1561	10 
1562	207 
1563	102 
1564	66 
1565	35 
1566	130 
1567	10 
1568	26 
1569	137 
1570	217 
1571	129 
1572	65 
1573	94 
1574	103 
1575	198 
1576	58 
1577	45 
1578	127 
1579	211 
1580	181 
1581	121 
1582	19 
1583	152 
1584	158 
1585	151 
1586	171 
1587	53 
1588	202 
1589	3 
1590	66 91 
1591	7 
1592	150 
1593	46 
1594	129 
1595	212 
1596	90 
1597	152 
1598	137 
1599	118 
1600	80 
1601	172 
1602	180 218 
1603	155 
1604	53 
1605	92 
1606	52 110 
1607	222 
1608	5 
1609	9 
1610	145 
1611	176 
1612	115 
1613	181 
1614	129 
1615	140 
1616	3 
1617	131 
1618	223 
1619	43 
1620	92 
1621	126 
1622	52 
1623	141 
1624	30 
1625	35 
1626	123 
1627	135 
1628	180 
1629	116 
1630	39 
1631	134 
1632	189 202 
1633	118 
1634	75 
1635	115 
1636	33 
1637	134 
1638	83 180 
1639	66 
1640	19 
1641	60 
1642	174 
1643	122 
1644	45 103 
1645	166 
1646	204 
1647	138 
1648	131 
1649	116 
1650	59 
1651	175 
1652	5 221 
1653	51 
1654	125 196 
1655	95 
1656	125 
1657	103 
1658	49 
1659	15 
1660	16 
1661	186 189 
1662	7 
1663	77 
1664	183 
1665	224 
1666	32 
1667	177 
1668	131 
1669	33 190 
1670	13 
1671	84 
1672	13 
1673	164 
1674	48 
1675	209 
1676	160 
1677	162 
1678	148 
1679	214 
1680	32 
1681	221 
1682	187 
1683	74 
1684	46 
1685	13 
1686	191 
1687	186 208 
1688	80 
1689	121 
1690	107 
1691	17 
1692	46 
1693	184 
1694	208 
1695	152 
1696	136 
1697	190 
1698	83 
1699	55 177 
1700	138 
1701	207 
1702	86 
1703	56 
1704	91 
1705	83 112 
1706	140 
1707	49 
1708	103 
1709	182 
1710	158 
1711	213 
1712	2 
1713	133 
1714	77 
1715	35 
1716	53 
1717	140 
1718	154 
1719	93 
1720	30 125 
1721	122 
1722	15 100 
1723	132 
1724	187 
1725	55 134 
1726	5 
1727	167 
1728	61 
1729	171 
1730	152 
1731	151 
1732	38 126 
1733	139 
1734	169 
1735	195 
1736	156 
1737	181 
1738	27 
1739	98 
1740	33 
1741	219 
1742	173 
1743	15 
1744	141 
1745	185 
1746	143 
1747	217 
1748	13 68 
1749	110 
1750	37 
1751	18 
1752	64 
1753	50 
1754	137 
1755	98 
1756	66 
1757	115 
1758	89 
1759	44 
1760	29 
1761	61 
1762	166 
1763	91 
1764	146 
1765	30 154 
1766	198 
1767	55 
1768	121 
1769	105 141 
1770	42 
1771	46 
1772	154 
1773	224 
1774	128 
1775	150 
1776	116 
1777	189 
1778	18 139 
1779	122 
1780	61 
1781	214 
1782	18 
1783	21 
1784	222 
1785	101 
1786	186 
1787	124 
1788	87 
1789	168 
1790	147 
1791	207 
1792	84 
1793	26 
1794	31 
1795	34 167 
1796	44 
1797	68 
1798	85 
1799	61 
1800	7 
1801	161 
1802	39 139 
1803	66 
1804	121 
1805	149 
1806	217 
1807	117 
1808	198 
1809	17 
1810	43 
1811	163 
1812	21 136 
1813	186 
1814	32 
1815	14 
1816	5 
1817	69 
1818	19 
1819	151 
1820	88 
1821	30 107 
1822	13 
1823	119 139 
1824	186 
1825	81 
1826	27 
1827	219 
1828	195 
1829	9 
1830	81 
1831	38 
1832	157 
1833	50 206 
1834	142 
1835	175 
1836	145 
1837	118 
1838	46 
1839	211 
1840	151 
1841	175 
1842	170 
1843	72 
1844	180 
1845	138 
1846	184 
1847	103 
1848	56 
1849	19 
1850	198 
1851	178 
1852	158 
1853	188 
1854	60 
1855	189 
1856	71 
1857	215 
1858	186 
1859	209 
1860	66 
1861	167 
1862	190 
1863	33 
1864	28 
1865	36 
1866	185 
1867	58 
1868	162 
1869	193 
1870	217 
1871	151 
1872	80 
1873	181 
1874	222 
1875	88 
1876	137 
1877	29 
1878	155 
1879	144 
1880	200 
1881	47 
1882	24 
1883	145 
1884	94 
1885	65 98 
1886	19 
1887	38 
1888	76 
1889	170 
1890	63 
1891	199 
1892	88 
1893	212 
1894	181 
1895	135 
1896	70 
1897	129 
1898	192 207 
1899	182 
1900	28 
1901	53 
1902	77 
1903	172 
1904	171 
1905	2 
1906	31 45 
1907	89 
1908	213 
1909	149 
1910	162 
1911	2 
1912	96 
1913	221 
1914	156 
1915	167 
1916	221 
1917	63 
1918	154 
1919	167 172 
1920	53 
1921	23 
1922	62 
1923	205 
1924	60 
1925	122 176 
1926	43 
1927	82 206 
1928	158 
1929	207 
1930	106 
1931	73 
1932	187 
1933	1 
1934	126 
1935	146 
1936	76 
1937	131 
1938	104 
1939	99 
1940	101 
1941	110 
1942	101 
1943	126 198 
1944	5 
1945	14 
1946	53 185 
1947	121 
1948	34 
1949	212 
1950	49 
1951	3 126 
1952	139 
1953	212 
1954	13 
1955	170 
1956	74 
1957	46 
1958	115 199 
1959	159 
1960	71 
1961	54 
1962	205 
1963	13 142 
1964	46 
1965	115 
1966	14 
1967	81 
1968	88 
1969	219 
1970	141 
1971	21 
1972	137 
1973	115 
1974	148 
1975	215 
1976	110 
1977	111 
1978	105 
1979	14 
1980	66 
1981	212 
1982	67 
1983	199 
1984	129 
1985	118 
1986	114 
1987	162 
1988	153 
1989	142 
1990	117 
1991	44 
1992	103 
1993	121 
1994	186 
1995	54 
1996	99 
1997	112 
1998	71 
1999	68 
2000	107 
2001	106 
2002	23 
2003	223 
2004	43 
2005	2 
2006	38 79 
2007	82 
2008	42 
2009	119 
2010	160 212 
2011	112 
2012	156 
2013	137 
2014	58 
2015	177 
2016	5 
2017	82 
2018	139 
2019	156 196 
2020	58 
2021	156 
2022	148 
2023	126 
2024	83 
2025	97 
2026	150 
2027	30 
2028	32 
2029	136 
2030	1 
2031	133 155 
2032	169 
2033	211 
2034	21 81 
2035	51 
2036	212 
2037	189 
2038	129 
2039	65 
2040	21 
2041	150 
2042	204 
2043	171 
2044	5 
2045	47 
2046	56 
2047	201 
2048	69 
2049	201 208 
2050	70 
2051	119 202 
2052	180 
2053	69 141 
2054	223 
2055	2 
2056	15 
2057	41 
2058	106 
2059	155 
2060	17 
2061	107 
2062	53 
2063	124 
2064	131 
2065	107 
2066	224 
2067	41 225 
2068	60 
2069	115 
2070	85 
2071	139 
2072	141 
2073	129 
2074	141 
2075	89 
2076	136 
2077	67 
2078	142 
2079	47 98 
2080	79 
2081	15 61 
2082	55 
2083	66 138 
2084	123 
2085	110 
2086	64 
2087	131 
2088	179 
2089	38 
2090	181 188 
2091	115 
2092	138 197 
2093	72 
2094	79 
2095	91 
2096	223 
2097	51 87 
2098	65 
2099	198 
2100	30 
2101	18 44 
2102	212 
2103	220 
2104	28 
2105	16 201 
2106	167 
2107	132 
2108	93 
2109	113 
2110	165 
2111	203 
2112	224 
2113	223 
2114	195 
2115	49 
2116	214 
2117	120 
2118	185 
2119	61 
2120	141 
2121	173 
2122	197 
2123	160 208 
2124	121 191 
2125	130 
2126	56 
2127	84 
2128	125 
2129	38 
2130	85 
2131	165 
2132	74 
2133	127 
2134	185 
2135	71 
2136	6 
2137	219 
2138	158 
2139	75 
2140	145 
2141	123 
2142	13 
2143	61 
2144	50 
2145	185 
2146	174 
2147	137 
2148	35 
2149	60 
2150	26 
2151	113 
2152	82 
2153	48 
2154	85 102 
2155	217 
2156	63 
2157	82 190 
2158	201 
2159	109 202 
2160	142 156 
2161	181 
2162	30 
2163	98 
2164	57 154 
2165	145 178 
2166	15 
2167	88 
2168	51 
2169	21 105 
2170	160 
2171	39 
2172	129 
2173	157 
2174	186 
2175	179 
2176	15 
2177	61 
2178	142 
2179	14 
2180	34 
2181	29 
2182	45 
2183	9 129 
2184	5 
2185	169 
2186	118 
2187	82 
2188	31 
2189	201 
2190	128 156 
2191	79 
2192	57 
2193	102 
2194	41 
2195	41 
2196	59 
2197	113 
2198	55 
2199	80 
2200	32 
2201	158 
2202	23 
2203	200 
2204	185 
2205	64 
2206	66 
2207	72 
2208	61 
2209	9 
2210	175 
2211	56 
2212	102 
2213	30 123 
2214	168 
2215	49 176 
2216	25 
2217	171 
2218	59 
2219	157 
2220	77 
2221	80 
2222	12 
2223	190 
2224	6 
2225	131 
2226	46 
2227	13 
2228	147 
2229	3 
2230	129 
2231	184 
2232	94 
2233	69 
2234	130 
2235	51 
2236	107 
2237	111 
2238	38 
2239	207 
2240	166 
2241	184 
2242	85 
2243	207 
2244	22 53 
2245	148 
2246	158 
2247	210 
2248	159 
2249	221 
2250	152 
2251	89 
2252	162 
2253	193 
2254	41 
2255	137 
2256	56 
2257	138 
2258	112 
2259	180 
2260	153 
2261	7 
2262	21 
2263	19 
2264	191 
2265	112 
2266	167 
2267	203 
2268	178 
2269	122 
2270	203 
2271	47 
2272	201 
2273	7 
2274	175 
2275	53 
2276	29 214 
2277	188 
2278	126 
2279	70 217 
2280	2 89 
2281	159 
2282	192 
2283	172 179 
2284	171 
2285	137 
2286	107 
2287	89 
2288	122 
2289	80 
2290	219 
2291	179 
2292	205 
2293	108 
2294	41 
2295	19 
2296	180 
2297	17 
2298	44 
2299	162 
2300	223 
2301	83 
2302	3 
2303	201 
2304	119 
2305	212 
2306	13 
2307	221 
2308	114 
2309	17 
2310	88 
2311	5 
2312	137 
2313	28 
2314	48 
2315	88 
2316	13 
2317	80 
2318	123 
2319	125 
2320	119 
2321	21 169 
2322	6 30 
2323	52 131 
2324	106 
2325	150 
2326	171 
2327	71 
2328	2 
2329	88 
2330	213 
2331	193 
2332	118 
2333	58 
2334	98 
2335	58 
2336	116 
2337	18 
2338	190 
2339	43 
2340	74 
2341	169 
2342	172 
2343	41 
2344	4 
2345	128 
2346	167 
2347	142 
2348	117 
2349	11 
2350	126 
2351	126 
2352	12 
2353	14 
2354	212 
2355	68 
2356	87 
2357	62 
2358	185 
2359	206 
2360	46 61 
2361	168 
2362	172 
2363	55 
2364	148 
2365	221 
2366	186 
2367	139 
2368	201 
2369	60 
2370	150 
2371	62 
2372	112 
2373	138 
2374	205 
2375	112 
2376	216 
2377	51 144 
2378	154 
2379	163 
2380	180 
2381	104 
2382	15 
2383	52 
2384	49 
2385	90 
2386	138 
2387	138 141 
2388	163 
2389	56 
2390	109 
2391	34 
2392	98 
2393	2 
2394	14 
2395	71 
2396	8 
2397	11 
2398	101 
2399	89 
2400	52 
2401	118 
2402	191 
2403	100 
2404	188 
2405	187 
2406	156 
2407	101 122 
2408	175 
2409	38 
2410	71 
2411	5 
2412	150 
2413	28 
2414	114 
2415	110 
2416	34 
2417	14 
2418	191 
2419	157 
2420	104 
2421	192 195 
2422	108 
2423	187 
2424	66 
2425	209 
2426	177 
2427	110 
2428	102 
2429	72 86 
2430	25 
2431	207 
2432	159 
2433	26 
2434	203 
2435	51 181 
2436	148 
2437	46 
2438	37 
2439	139 
2440	172 
2441	198 
2442	55 
2443	127 
2444	138 
2445	154 
2446	185 
2447	68 
2448	225 
2449	44 
2450	41 
2451	200 
2452	89 
2453	67 
2454	157 
2455	201 
2456	118 
2457	169 
2458	41 
2459	60 
2460	15 
2461	123 
2462	78 
2463	64 
2464	198 
2465	122 
2466	45 
2467	16 
2468	139 
2469	37 44 
2470	93 
2471	102 
2472	141 
2473	31 
2474	46 
2475	129 
2476	205 
2477	125 
2478	28 
2479	198 
2480	217 
2481	182 
2482	136 
2483	60 
2484	166 
2485	165 
2486	142 143 
2487	31 
2488	105 129 
2489	170 
2490	212 
2491	40 
2492	146 
2493	19 
2494	137 
2495	156 
2496	66 
2497	58 
2498	181 
2499	167 
2500	15 
2501	60 
2502	160 
2503	186 
2504	201 
2505	37 
2506	80 
2507	66 
2508	134 
2509	189 
2510	44 
2511	221 
2512	45 
2513	121 190 
2514	60 
2515	126 
2516	71 
2517	45 
2518	57 142 
2519	166 
2520	17 66 
2521	68 221 
2522	84 
2523	146 
2524	211 
2525	204 
2526	214 
2527	113 
2528	112 
2529	80 
2530	123 
2531	45 166 
2532	139 
2533	206 
2534	63 107 
2535	84 
2536	68 
2537	185 
2538	32 
2539	177 
2540	84 
2541	179 
2542	87 
2543	213 
2544	92 
2545	117 
2546	87 
2547	193 198 
2548	45 
2549	107 
2550	89 
2551	78 
2552	144 
2553	141 
2554	136 
2555	121 
2556	207 
2557	66 131 
2558	129 
2559	63 
2560	183 214 
2561	30 201 
2562	127 
2563	194 
2564	147 
2565	122 
2566	171 
2567	147 
2568	109 
2569	203 
2570	102 
2571	136 
2572	49 
2573	180 
2574	16 
2575	94 
2576	183 
2577	139 
2578	221 
2579	175 207 
2580	76 
2581	56 
2582	136 
2583	68 
2584	142 
2585	164 225 
2586	198 
2587	34 
2588	21 
2589	37 
2590	183 
2591	151 
2592	146 
2593	196 
2594	149 
2595	21 
2596	31 185 
2597	161 
2598	214 
2599	160 192 
2600	53 82 
2601	213 
2602	92 
2603	73 
2604	97 
2605	223 
2606	53 
2607	221 
2608	19 
2609	130 
2610	53 
2611	142 
2612	121 
2613	198 
2614	47 
2615	199 
2616	213 
2617	63 
2618	76 
2619	187 
2620	84 
2621	199 
2622	207 
2623	71 
2624	85 
2625	209 
2626	138 
2627	91 208 
2628	132 
2629	154 
2630	225 
2631	176 
2632	136 
2633	158 
2634	131 
2635	121 203 
2636	139 
2637	205 
2638	205 
2639	15 
2640	72 214 
2641	122 
2642	74 
2643	24 
2644	181 
2645	58 
2646	215 
2647	186 
2648	164 
2649	79 
2650	123 
2651	114 136 
2652	79 
2653	123 
2654	163 
2655	135 
2656	8 95 
2657	82 
2658	126 
2659	102 
2660	121 
2661	6 
2662	9 
2663	49 
2664	38 
2665	110 
2666	63 
2667	122 
2668	192 
2669	183 
2670	187 
2671	38 
2672	109 
2673	21 
2674	56 
2675	122 
2676	55 
2677	110 118 
2678	64 213 
2679	193 
2680	41 
2681	26 
2682	210 
2683	178 
2684	96 
2685	46 
2686	198 
2687	184 
2688	44 
2689	57 85 
2690	183 
2691	21 
2692	103 223 
2693	199 
2694	16 
2695	107 
2696	86 
2697	80 
2698	177 
2699	43 
2700	162 
2701	58 
2702	174 
2703	204 
2704	43 
2705	38 
2706	175 
2707	123 
2708	201 
2709	21 
2710	60 
2711	175 
2712	15 222 
2713	178 
2714	89 
2715	185 
2716	68 
2717	167 
2718	178 
2719	184 185 
2720	206 
2721	158 
2722	102 
2723	118 
2724	28 
2725	18 
2726	55 91 
2727	84 
2728	56 216 
2729	85 
2730	23 
2731	225 
2732	189 
2733	202 
2734	168 
2735	58 
2736	214 
2737	201 
2738	160 
2739	178 
2740	210 
2741	180 
2742	136 
2743	110 
2744	120 
2745	57 89 
2746	71 
2747	149 
2748	78 
2749	190 
2750	9 
2751	33 
2752	180 
2753	182 
2754	125 
2755	107 
2756	53 
2757	38 
2758	31 46 
2759	184 
2760	91 
2761	167 
2762	42 118 
2763	180 
2764	67 
2765	71 
2766	210 
2767	147 
2768	20 
2769	5 
2770	202 
2771	122 
2772	80 
2773	221 
2774	121 
2775	71 140 
2776	21 
2777	19 
2778	107 
2779	115 
2780	177 
2781	154 
2782	10 80 
2783	45 
2784	81 
2785	197 
2786	129 
2787	28 
2788	155 
2789	133 
2790	19 139 
2791	128 
2792	142 
2793	164 
2794	167 
2795	173 
2796	207 
2797	84 
2798	43 84 
2799	117 
2800	83 
2801	60 
2802	10 
2803	221 
2804	153 
2805	171 
2806	6 105 
2807	131 
2808	175 
2809	136 186 
2810	167 
2811	210 
2812	57 
2813	99 
2814	134 
2815	33 
2816	209 
2817	118 121 
2818	137 166 
2819	190 
2820	204 
2821	128 
2822	155 
2823	11 36 
2824	95 
2825	14 
2826	74 
2827	21 171 
2828	146 
2829	71 
2830	2 32 
2831	139 199 
2832	146 
2833	137 
2834	61 
2835	20 
2836	50 
2837	80 
2838	20 
2839	49 131 
2840	117 
2841	79 
2842	79 
2843	103 
2844	50 
2845	84 
2846	186 
2847	39 
2848	171 
2849	104 
2850	189 
2851	109 
2852	207 
2853	60 
2854	150 
2855	160 
2856	27 
2857	82 
2858	131 
2859	63 186 
2860	61 
2861	102 
2862	143 
2863	55 
2864	115 
2865	112 
2866	187 
2867	139 
2868	72 
2869	32 
2870	119 
2871	136 196 
2872	112 
2873	211 
2874	133 
2875	159 
2876	21 
2877	54 
2878	129 
2879	110 
2880	84 
2881	140 
2882	145 
2883	13 
2884	224 
2885	70 
2886	203 
2887	38 
2888	87 
2889	182 
2890	143 222 
2891	151 
2892	19 
2893	203 
2894	116 
2895	207 
2896	183 
2897	194 
2898	4 
2899	80 166 
2900	167 
2901	25 57 
2902	120 
2903	142 
2904	175 207 
2905	196 
2906	93 
2907	41 
2908	225 
2909	14 
2910	139 
2911	54 
2912	42 
2913	164 
2914	23 213 
2915	107 190 
2916	30 
2917	19 185 
2918	41 
2919	173 
2920	130 
2921	121 
2922	211 
2923	207 
2924	115 
2925	82 
2926	215 
2927	44 
2928	167 
2929	200 
2930	137 
2931	32 
2932	18 
2933	87 
2934	126 
2935	130 
2936	184 
2937	115 
2938	215 
2939	213 
2940	53 
2941	30 
2942	83 
2943	5 
2944	13 
2945	7 
2946	39 
2947	88 190 
2948	15 
2949	172 
2950	2 
2951	189 
2952	139 
2953	34 
2954	13 
2955	211 
2956	121 
2957	129 
2958	180 
2959	121 
2960	119 
2961	165 
2962	207 
2963	189 
2964	30 
2965	80 206 
2966	190 
2967	16 
2968	168 
2969	23 
2970	154 
2971	25 
2972	37 
2973	126 
2974	142 
2975	202 
2976	102 138 
2977	21 
2978	11 
2979	45 
2980	56 
2981	90 
2982	50 
2983	104 
2984	8 
2985	78 
2986	175 
2987	40 174 
2988	140 
2989	205 
2990	69 
2991	207 
2992	196 
2993	176 
2994	111 
2995	188 
2996	66 
2997	215 
2998	31 126 
2999	190 
3000	190 
3001	184 
3002	181 
3003	149 
3004	24 
3005	172 
3006	68 
3007	213 
3008	141 
3009	78 
3010	24 
3011	221 
3012	203 
3013	193 
3014	216 
3015	158 
3016	135 
3017	48 
3018	80 
3019	181 
3020	167 
3021	208 
3022	146 
3023	185 
3024	80 
3025	101 
3026	87 
3027	52 
3028	8 
3029	199 
3030	142 
3031	107 
3032	5 
3033	57 
3034	108 
3035	90 
3036	97 
3037	150 
3038	19 
3039	113 
3040	107 
3041	205 
3042	185 
3043	150 
3044	157 
3045	201 
3046	38 
3047	19 
3048	92 
3049	19 
3050	59 
3051	57 
3052	65 
3053	192 
3054	57 
3055	177 
3056	159 195 
3057	90 
3058	183 
3059	110 
3060	197 
3061	56 212 
3062	92 
3063	191 
3064	69 
3065	75 
3066	168 
3067	75 
3068	60 
3069	104 
3070	23 
3071	159 
3072	76 
3073	213 
3074	82 
3075	23 
3076	77 
3077	212 
3078	133 
3079	84 
3080	146 
3081	44 
3082	46 
3083	203 
3084	21 
3085	200 
3086	79 
3087	15 
3088	33 
3089	136 
3090	56 
3091	50 
3092	30 45 
3093	64 
3094	194 
3095	73 
3096	94 
3097	56 
3098	163 
3099	85 
3100	76 
3101	60 
3102	126 
3103	75 
3104	43 
3105	78 217 
3106	22 
3107	71 
3108	102 
3109	211 
3110	2 45 
3111	185 
3112	124 
3113	22 
3114	85 
3115	37 
3116	205 
3117	205 
3118	220 
3119	36 
3120	210 
3121	92 
3122	186 
3123	106 
3124	208 
3125	16 113 
3126	18 
3127	211 
3128	53 
3129	217 
3130	5 
3131	106 
3132	212 
3133	106 
3134	90 
3135	90 
3136	192 
3137	75 
3138	118 190 
3139	85 
3140	221 
3141	6 
3142	154 
3143	5 49 
3144	180 
3145	207 
3146	59 
3147	53 
3148	221 
3149	16 
3150	201 
3151	5 
3152	21 
3153	201 
3154	214 
3155	205 
3156	185 
3157	19 
3158	59 
3159	26 
3160	162 
3161	45 
3162	131 134 
3163	171 
3164	146 210 
3165	61 
3166	38 
3167	139 
3168	37 
3169	140 
3170	45 
3171	191 
3172	16 150 
3173	221 
3174	123 
3175	15 
3176	185 
3177	73 
3178	38 217 
3179	49 
3180	105 181 
3181	224 
3182	134 
3183	176 
3184	80 
3185	191 193 
3186	20 
3187	149 
3188	99 
3189	14 
3190	35 
3191	85 
3192	15 33 
3193	166 
3194	21 171 
3195	152 
3196	137 
3197	190 
3198	146 
3199	79 
3200	109 
3201	211 
3202	50 
3203	205 
3204	44 
3205	35 
3206	158 
3207	151 
3208	10 
3209	186 
3210	196 
3211	154 
3212	30 69 
3213	112 189 
3214	149 
3215	43 
3216	21 
3217	201 
3218	15 
3219	53 
3220	198 
3221	87 111 
3222	88 
3223	103 
3224	208 
3225	12 
3226	218 
3227	221 
3228	200 
3229	8 
3230	225 
3231	148 
3232	33 
3233	159 
3234	64 
3235	142 
3236	217 
3237	159 
3238	113 
3239	9 
3240	138 
3241	84 185 
3242	217 
3243	12 
3244	98 167 
3245	175 
3246	121 
3247	16 108 
3248	78 86 
3249	133 
3250	86 
3251	133 
3252	165 
3253	125 
3254	125 
3255	39 
3256	207 
3257	57 
3258	31 
3259	185 
3260	223 
3261	152 185 
3262	116 
3263	139 
3264	30 
3265	208 
3266	94 
3267	143 
3268	15 
3269	104 
3270	184 
3271	136 
3272	136 
3273	62 
3274	56 
3275	53 185 
3276	167 
3277	130 
3278	38 116 
3279	64 
3280	11 
3281	125 
3282	93 
3283	3 44 
3284	139 
3285	59 
3286	108 
3287	154 
3288	63 
3289	118 
3290	166 
3291	176 
3292	112 
3293	115 
3294	202 
3295	103 
3296	150 
3297	76 
3298	52 
3299	187 
3300	149 
3301	155 
3302	13 
3303	187 
3304	62 
3305	193 
3306	38 
3307	212 
3308	79 
3309	1 
3310	225 
3311	225 
3312	161 
3313	142 
3314	52 
3315	38 
3316	9 
3317	107 
3318	75 102 
3319	16 
3320	40 
3321	31 
3322	137 
3323	131 
3324	195 
3325	164 
3326	185 
3327	13 
3328	211 
3329	201 
3330	71 
3331	11 
3332	55 
3333	101 
3334	83 163 
3335	162 
3336	20 
3337	224 
3338	211 
3339	46 
3340	15 
3341	73 
3342	97 
3343	48 
3344	190 
3345	114 
3346	1 
3347	188 
3348	223 
3349	31 
3350	17 
3351	213 
3352	175 
3353	26 
3354	223 
3355	126 
3356	22 
3357	121 176 
3358	211 
3359	197 
3360	22 
3361	224 
3362	217 
3363	108 
3364	153 
3365	7 
3366	166 
3367	18 
3368	42 223 
3369	168 
3370	44 
3371	71 
3372	159 
3373	52 
3374	23 141 
3375	195 
3376	219 
3377	208 
3378	35 63 
3379	160 
3380	138 
3381	18 
3382	132 
3383	136 
3384	202 
3385	173 
3386	62 
3387	124 179 
3388	157 
3389	164 
3390	139 
3391	218 
3392	188 
3393	223 
3394	181 
3395	15 
3396	180 
3397	47 
3398	87 
3399	206 
3400	142 184 
3401	147 183 
3402	31 
3403	144 155 
3404	133 
3405	89 
3406	75 
3407	183 
3408	36 
3409	216 
3410	33 
3411	67 
3412	112 
3413	188 
3414	146 
3415	7 
3416	41 
3417	197 
3418	221 
3419	88 
3420	97 
3421	55 
3422	27 
3423	57 
3424	90 
3425	179 
3426	50 
3427	47 
3428	186 
3429	183 
3430	118 
3431	53 
3432	178 
3433	10 
3434	51 
3435	8 117 
3436	181 
3437	201 210 
3438	100 
3439	117 
3440	106 
3441	59 
3442	125 
3443	143 
3444	198 
3445	161 
3446	177 
3447	82 
3448	9 
3449	77 
3450	55 
3451	62 
3452	166 
3453	136 
3454	50 
3455	186 
3456	107 
3457	30 
3458	5 154 
3459	219 
3460	190 
3461	85 
3462	160 
3463	49 
3464	177 
3465	37 
3466	154 
3467	18 173 
3468	199 
3469	61 
3470	120 
3471	70 
3472	120 
3473	49 
3474	158 
3475	181 
3476	201 
3477	66 
3478	122 
3479	207 
3480	142 
3481	197 
3482	93 
3483	150 
3484	79 
3485	84 
3486	50 
3487	94 
3488	212 
3489	21 
3490	66 
3491	72 
3492	46 
3493	53 
3494	185 
3495	60 
3496	152 
3497	122 
3498	96 
3499	111 
3500	179 
3501	15 
3502	188 
3503	120 
3504	210 
3505	76 
3506	177 
3507	98 
3508	117 
3509	21 
3510	5 
3511	86 
3512	41 
3513	140 
3514	183 
3515	156 158 
3516	122 
3517	36 
3518	89 136 
3519	75 
3520	132 
3521	14 
3522	123 
3523	64 
3524	205 
3525	33 
3526	172 
3527	55 151 
3528	159 
3529	166 206 
3530	148 
3531	207 
3532	91 
3533	107 
3534	186 
3535	165 
3536	177 
3537	50 
3538	21 
3539	115 
3540	136 
3541	136 205 
3542	202 
3543	225 
3544	140 
3545	97 
3546	220 
3547	66 
3548	84 
3549	144 
3550	13 
3551	127 
3552	212 
3553	11 
3554	102 187 
3555	186 
3556	159 
3557	163 
3558	105 
3559	139 
3560	54 
3561	145 
3562	30 192 
3563	202 
3564	89 
3565	43 
3566	128 
3567	157 
3568	166 
3569	207 
3570	74 
3571	15 
3572	64 
3573	146 
3574	150 
3575	197 
3576	136 
3577	90 
3578	116 
3579	74 
3580	132 
3581	35 
3582	78 
3583	31 
3584	52 
3585	15 
3586	5 
3587	110 164 
3588	205 
3589	61 152 
3590	38 
3591	142 
3592	129 
3593	222 
3594	112 
3595	170 
3596	153 
3597	160 
3598	38 
3599	79 
3600	119 
3601	102 
3602	166 
3603	72 
3604	218 
3605	95 
3606	142 
3607	28 
3608	75 
3609	216 
3610	64 102 
3611	47 
3612	28 
3613	225 
3614	219 
3615	112 
3616	100 
3617	151 
3618	144 
3619	2 
3620	48 
3621	118 
3622	195 
3623	195 
3624	135 
3625	146 
3626	153 
3627	129 
3628	34 165 
3629	102 
3630	18 
3631	54 
3632	117 
3633	161 
3634	43 
3635	84 138 
3636	195 
3637	216 
3638	183 
3639	216 
3640	45 
3641	26 
3642	114 
3643	127 
3644	176 
3645	65 
3646	32 
3647	160 
3648	131 
3649	45 
3650	102 
3651	166 
3652	77 
3653	155 
3654	205 219 
3655	63 
3656	201 
3657	57 
3658	111 
3659	120 
3660	198 
3661	101 
3662	115 
3663	5 
3664	186 
3665	98 
3666	155 
3667	85 
3668	10 
3669	118 
3670	139 
3671	43 
3672	172 
3673	30 32 
3674	123 
3675	145 
3676	62 
3677	71 
3678	55 
3679	29 
3680	60 
3681	14 206 
3682	216 
3683	224 
3684	141 
3685	105 
3686	139 
3687	56 63 
3688	112 
3689	4 
3690	223 
3691	59 
3692	162 
3693	171 
3694	187 
3695	196 
3696	151 
3697	174 
3698	90 
3699	15 195 
3700	116 
3701	88 
3702	127 
3703	169 
3704	15 
3705	170 
3706	82 
3707	53 
3708	45 
3709	12 
3710	58 
3711	26 
3712	4 
3713	61 
3714	175 
3715	224 
3716	104 
3717	217 
3718	46 
3719	159 
3720	91 
3721	125 
3722	117 
3723	105 
3724	175 
3725	132 
3726	60 
3727	195 
3728	173 
3729	179 
3730	222 
3731	11 
3732	118 
3733	30 
3734	96 110 
3735	205 
3736	207 
3737	141 
3738	123 
3739	71 
3740	81 
3741	85 
3742	12 
3743	50 
3744	12 
3745	175 
3746	44 
3747	112 
3748	59 
3749	64 106 
3750	137 
3751	225 
3752	72 
3753	205 
3754	116 
3755	108 
3756	43 
3757	106 
3758	221 
3759	85 
3760	3 
3761	176 
3762	221 
3763	41 
3764	213 
3765	3 
3766	114 
3767	225 
3768	97 
3769	206 
3770	70 
3771	82 
3772	154 
3773	56 174 
3774	6 
3775	43 
3776	49 
3777	50 
3778	45 
3779	75 
3780	220 
3781	2 
3782	166 
3783	173 
3784	117 
3785	33 
3786	175 
3787	176 
3788	141 
3789	96 
3790	118 
3791	63 
3792	198 
3793	136 
3794	185 
3795	74 
3796	114 
3797	79 
3798	21 
3799	108 218 
3800	162 
3801	160 
3802	222 
3803	115 
3804	126 
3805	189 
3806	166 
3807	199 
3808	166 
3809	45 
3810	175 
3811	41 
3812	152 
3813	112 
3814	49 
3815	41 
3816	34 59 
3817	24 
3818	125 
3819	153 
3820	49 
3821	34 
3822	88 
3823	6 211 
3824	16 55 
3825	14 
3826	116 
3827	81 
3828	80 
3829	110 
3830	162 
3831	15 
3832	122 
3833	13 
3834	169 
3835	90 179 
3836	6 
3837	32 
3838	53 
3839	58 
3840	162 
3841	75 
3842	13 
3843	58 
3844	34 
3845	220 
3846	185 
3847	164 
3848	63 104 
3849	85 
3850	76 129 
3851	210 
3852	82 
3853	155 
3854	155 
3855	15 
3856	115 
3857	140 180 
3858	107 
3859	186 
3860	155 
3861	192 
3862	220 
3863	216 
3864	5 8 
3865	39 
3866	85 
3867	17 
3868	32 
3869	158 
3870	158 
3871	207 
3872	202 
3873	142 
3874	200 
3875	190 
3876	34 
3877	192 
3878	37 
3879	12 
3880	158 
3881	169 
3882	15 
3883	63 
3884	181 
3885	65 
3886	166 
3887	57 
3888	13 
3889	69 
3890	224 
3891	34 46 
3892	19 
3893	88 
3894	17 97 
3895	112 
3896	30 
3897	103 
3898	51 
3899	88 
3900	154 
3901	13 
3902	164 
3903	26 105 
3904	64 
3905	41 
3906	14 
3907	104 
3908	75 
3909	207 
3910	194 
3911	82 
3912	197 
3913	29 175 
3914	172 
3915	3 
3916	72 154 
3917	151 
3918	162 
3919	112 220 
3920	168 
3921	38 
3922	19 
3923	148 
3924	31 112 
3925	130 172 
3926	16 
3927	56 
3928	214 
3929	193 
3930	190 
3931	101 
3932	35 
3933	59 
3934	212 
3935	15 201 
3936	145 
3937	90 168 
3938	204 
3939	33 
3940	200 
3941	15 
3942	174 
3943	150 
3944	114 
3945	171 
3946	198 
3947	22 
3948	26 
3949	209 
3950	118 
3951	183 
3952	139 
3953	58 
3954	40 
3955	55 
3956	36 56 
3957	25 
3958	195 
3959	177 
3960	182 
3961	50 
3962	1 
3963	21 
3964	61 
3965	138 
3966	82 
3967	43 50 
3968	148 
3969	199 
3970	5 
3971	164 
3972	71 
3973	58 
3974	37 
3975	129 
3976	72 
3977	225 
3978	5 221 
3979	225 
3980	33 
3981	45 
3982	209 214 
3983	32 
3984	80 
3985	52 
3986	193 
3987	182 
3988	76 
3989	9 
3990	64 
3991	85 91 
3992	45 
3993	102 
3994	45 
3995	6 
3996	191 
3997	15 
3998	85 
3999	172 
4000	209 
4001	43 
4002	6 
4003	28 
4004	175 
4005	136 
4006	146 167 
4007	206 
4008	124 
4009	90 
4010	217 
4011	171 
4012	93 
4013	163 
4014	215 
4015	140 
4016	137 
4017	75 
4018	177 
4019	135 
4020	220 
4021	45 
4022	174 
4023	214 
4024	85 
4025	22 66 
4026	32 
4027	59 163 
4028	33 
4029	131 
4030	123 
4031	4 
4032	157 
4033	34 
4034	122 
4035	185 
4036	207 
4037	214 
4038	1 
4039	166 
4040	169 
4041	118 
4042	189 
4043	168 
4044	86 
4045	80 
4046	154 
4047	167 
4048	142 
4049	102 
4050	105 
4051	117 
4052	141 187 
4053	204 
4054	190 
4055	22 
4056	46 
4057	214 
4058	189 
4059	137 
4060	142 164 
4061	118 
4062	204 
4063	172 
4064	57 
4065	205 
4066	216 
4067	125 
4068	5 
4069	23 
4070	55 223 
4071	16 96 
4072	206 
4073	129 
4074	149 
4075	97 
4076	137 
4077	172 
4078	19 
4079	195 
4080	4 23 
4081	144 
4082	38 
4083	83 
4084	42 
4085	28 34 
4086	79 
4087	137 
4088	108 
4089	186 
4090	171 
4091	61 
4092	90 
4093	185 
4094	70 
4095	64 
4096	225 
4097	166 
4098	38 
4099	186 
4100	92 
4101	5 
4102	16 146 
4103	154 166 
4104	178 
4105	144 
4106	147 
4107	5 
4108	92 
4109	150 
4110	56 
4111	192 
4112	155 
4113	167 
4114	202 
4115	85 175 
4116	183 
4117	49 
4118	123 
4119	126 
4120	211 
4121	107 
4122	19 
4123	31 
4124	80 
4125	154 
4126	90 
4127	74 
4128	113 
4129	17 
4130	167 
4131	51 
4132	38 
4133	85 
4134	84 
4135	85 
4136	163 
4137	173 
4138	199 
4139	132 
4140	160 
4141	48 
4142	56 
4143	117 
4144	90 168 
4145	158 
4146	201 
4147	181 
4148	186 
4149	145 
4150	192 
4151	97 
4152	159 
4153	106 
4154	156 
4155	171 
4156	31 
4157	134 
4158	133 
4159	107 
4160	61 
4161	18 
4162	123 
4163	70 
4164	160 
4165	34 
4166	58 
4167	75 
4168	86 
4169	129 172 
4170	113 
4171	92 
4172	53 171 
4173	110 
4174	181 
4175	35 
4176	171 
4177	45 
4178	35 
4179	66 221 
4180	19 212 
4181	5 158 
4182	106 
4183	21 107 
4184	151 
4185	147 
4186	197 
4187	205 
4188	209 
4189	137 
4190	4 
4191	215 
4192	7 
4193	98 116 
4194	58 
4195	11 94 
4196	23 
4197	74 
4198	147 
4199	142 
4200	186 
4201	44 
4202	102 
4203	49 
4204	172 
4205	206 
4206	41 
4207	10 
4208	9 
4209	167 
4210	197 
4211	206 
4212	67 
4213	71 
4214	3 164 
4215	118 
4216	77 
4217	180 
4218	41 
4219	145 
4220	17 
4221	13 
4222	56 
4223	45 
4224	160 
4225	103 
4226	141 
4227	146 
4228	69 
4229	2 
4230	15 
4231	57 
4232	35 216 
4233	172 
4234	31 142 
4235	39 
4236	221 
4237	101 158 
4238	185 209 
4239	164 
4240	131 
4241	1 
4242	190 
4243	149 
4244	80 
4245	155 
4246	154 
4247	217 
4248	38 
4249	112 
4250	121 
4251	159 
4252	177 
4253	104 
4254	53 
4255	30 
4256	107 
4257	206 
4258	203 
4259	123 
4260	43 
4261	132 166 
4262	137 
4263	13 
4264	18 
4265	18 
4266	79 
4267	22 135 
4268	198 
4269	193 212 
4270	38 214 
4271	45 
4272	149 
4273	138 
4274	217 
4275	6 
4276	198 
4277	131 
4278	211 
4279	118 
4280	177 
4281	31 
4282	211 
4283	164 
4284	30 
4285	21 
4286	46 
4287	95 99 
4288	88 
4289	117 
4290	130 
4291	11 
4292	185 
4293	66 
4294	21 
4295	129 
4296	47 
4297	107 
4298	212 
4299	141 
4300	15 
4301	225 
4302	53 
4303	146 
4304	221 
4305	62 
4306	71 
4307	46 
4308	4 
4309	181 
4310	28 184 
4311	112 
4312	33 
4313	66 
4314	92 
4315	92 
4316	164 
4317	162 
4318	164 
4319	58 
4320	195 
4321	50 
4322	72 
4323	131 
4324	145 
4325	116 
4326	125 
4327	18 
4328	117 186 
4329	225 
4330	85 
4331	185 
4332	193 
4333	164 
4334	217 
4335	55 
4336	205 
4337	79 
4338	31 
4339	67 
4340	33 
4341	158 
4342	53 182 
4343	164 
4344	139 151 
4345	31 
4346	47 
4347	152 
4348	95 
4349	130 
4350	166 
4351	141 
4352	74 
4353	164 
4354	190 
4355	147 214 
4356	31 
4357	136 
4358	150 
4359	58 
4360	103 
4361	28 
4362	176 
4363	92 
4364	177 
4365	130 
4366	184 
4367	63 
4368	39 
4369	199 
4370	212 
4371	81 
4372	80 
4373	116 
4374	23 
4375	110 
4376	120 130 
4377	82 
4378	171 
4379	57 181 
4380	80 
4381	41 121 
4382	110 
4383	200 
4384	90 106 
4385	160 
4386	79 
4387	103 
4388	225 
4389	39 158 
4390	51 
4391	28 
4392	14 
4393	31 
4394	160 
4395	49 
4396	21 
4397	106 
4398	81 
4399	59 
4400	142 
4401	83 163 
4402	21 
4403	82 
4404	206 
4405	35 
4406	56 
4407	34 
4408	76 
4409	146 
4410	204 
4411	189 
4412	53 
4413	32 
4414	68 
4415	104 
4416	198 
4417	46 
4418	169 
4419	105 
4420	22 50 
4421	14 
4422	225 
4423	109 212 
4424	74 
4425	83 
4426	45 175 
4427	192 
4428	51 76 
4429	167 
4430	149 
4431	39 147 
4432	30 
4433	7 
4434	207 
4435	88 
4436	195 
4437	25 129 
4438	72 
4439	101 
4440	43 
4441	75 
4442	85 147 
4443	186 
4444	150 
4445	201 225 
4446	53 
4447	149 164 
4448	76 
4449	3 140 
4450	38 
4451	164 
4452	130 157 
4453	43 
4454	201 
4455	17 
4456	76 
4457	78 179 
4458	64 
4459	30 
4460	223 
4461	149 
4462	56 
4463	206 
4464	225 
4465	209 
4466	172 
4467	161 
4468	121 
4469	121 
4470	80 
4471	14 
4472	142 
4473	204 
4474	142 
4475	49 
4476	175 
4477	216 
4478	48 
4479	117 
4480	5 
4481	41 57 
4482	169 
4483	6 
4484	193 
4485	204 
4486	159 
4487	211 
4488	150 
4489	30 
4490	92 
4491	199 
4492	159 
4493	177 
4494	115 
4495	30 139 
4496	204 
4497	142 
4498	136 
4499	104 
4500	47 
4501	13 
4502	180 
4503	41 
4504	58 
4505	21 
4506	212 
4507	2 
4508	30 
4509	82 
4510	53 
4511	71 
4512	8 
4513	185 
4514	159 
4515	17 
4516	44 
4517	71 
4518	110 
4519	51 
4520	13 
4521	180 
4522	6 
4523	3 
4524	55 
4525	11 
4526	102 162 
4527	16 190 
4528	19 
4529	211 
4530	92 
4531	69 
4532	103 
4533	195 
4534	122 
4535	57 
4536	182 
4537	6 225 
4538	85 
4539	84 
4540	121 
4541	136 
4542	9 
4543	58 170 
4544	64 
4545	192 198 
4546	211 
4547	88 
4548	192 
4549	31 
4550	29 116 
4551	156 
4552	58 
4553	13 
4554	67 
4555	155 
4556	101 
4557	142 
4558	17 
4559	60 
4560	157 
4561	212 
4562	101 
4563	192 
4564	129 151 
4565	160 
4566	190 
4567	46 138 
4568	88 
4569	212 
4570	85 
4571	118 
4572	34 
4573	46 
4574	84 
4575	110 
4576	107 156 
4577	200 
4578	207 
4579	45 
4580	118 
4581	13 
4582	163 
4583	121 183 
4584	103 
4585	106 116 
4586	75 
4587	155 
4588	167 
4589	50 90 
4590	49 
4591	19 
4592	204 
4593	225 
4594	139 
4595	154 
4596	190 
4597	129 
4598	107 
4599	75 
4600	137 
4601	53 125 
4602	224 
4603	106 
4604	195 
4605	160 
4606	150 
4607	17 
4608	13 
4609	139 
4610	122 154 
4611	217 
4612	207 
4613	225 
4614	138 218 
4615	11 
4616	17 
4617	79 131 
4618	140 
4619	16 
4620	142 
4621	90 
4622	190 
4623	35 
4624	126 
4625	53 
4626	31 
4627	89 
4628	44 206 
4629	193 
4630	177 
4631	192 
4632	217 
4633	84 
4634	131 
4635	217 
4636	76 
4637	201 
4638	11 166 
4639	31 
4640	85 
4641	56 
4642	90 
4643	192 
4644	121 
4645	35 
4646	162 
4647	45 
4648	103 
4649	55 151 
4650	6 69 
4651	126 
4652	162 
4653	84 
4654	103 
4655	21 
4656	83 
4657	214 
4658	175 
4659	3 161 
4660	214 
4661	46 
4662	53 
4663	112 
4664	66 
4665	28 
4666	38 
4667	21 
4668	50 
4669	123 
4670	184 
4671	53 
4672	217 
4673	89 
4674	15 
4675	105 
4676	140 
4677	136 
4678	72 
4679	15 
4680	57 
4681	85 
4682	31 
4683	59 
4684	126 201 
4685	212 
4686	136 
4687	75 
4688	82 
4689	177 
4690	206 
4691	52 213 
4692	19 
4693	19 
4694	58 
4695	34 138 
4696	181 
4697	207 
4698	3 138 
4699	142 
4700	72 
4701	201 
4702	137 
4703	59 
4704	190 
4705	180 
4706	183 
4707	104 
4708	196 212 
4709	185 
4710	141 
4711	74 
4712	164 
4713	223 
4714	190 
4715	50 
4716	102 
4717	180 
4718	85 
4719	164 
4720	190 225 
4721	55 
4722	34 
4723	207 
4724	146 
4725	33 
4726	160 
4727	11 131 
4728	69 
4729	59 110 
4730	16 
4731	136 
4732	147 
4733	201 
4734	56 
4735	212 
4736	171 
4737	50 
4738	72 
4739	38 
4740	53 
4741	15 
4742	137 
4743	190 
4744	15 
4745	31 
4746	14 191 
4747	112 
4748	142 
4749	205 
4750	5 
4751	139 
4752	57 138 
4753	141 167 
4754	131 
4755	52 200 
4756	158 
4757	11 
4758	125 
4759	167 
4760	76 
4761	131 
4762	61 
4763	38 
4764	115 
4765	5 85 
4766	201 
4767	69 
4768	19 78 
4769	112 
4770	15 
4771	84 
4772	15 
4773	44 
4774	129 
4775	183 
4776	107 
4777	155 
4778	190 
4779	199 
4780	199 
4781	19 
4782	50 
4783	150 
4784	30 
4785	166 
4786	55 
4787	125 
4788	84 116 
4789	115 
4790	112 
4791	53 
4792	11 
4793	103 
4794	166 
4795	212 
4796	206 
4797	13 
4798	129 
4799	183 
4800	83 
4801	118 
4802	56 
4803	183 
4804	56 
4805	190 
4806	58 
4807	126 
4808	71 
4809	69 
4810	53 
4811	116 
4812	159 
4813	5 
4814	55 
4815	56 
4816	136 
4817	115 123 
4818	107 
4819	221 
4820	115 
4821	69 
4822	62 161 
4823	32 214 
4824	175 
4825	49 190 
4826	177 
4827	207 
4828	83 
4829	175 
4830	201 
4831	166 
4832	60 
4833	69 
4834	201 
4835	141 
4836	217 
4837	54 209 
4838	57 
4839	175 
4840	137 
4841	157 175 
4842	225 
4843	212 
4844	172 
4845	17 
4846	115 
4847	71 
4848	71 
4849	64 
4850	141 
4851	118 
4852	21 
4853	115 
4854	207 
4855	131 
4856	129 
4857	180 
4858	17 
4859	103 
4860	83 
4861	41 212 
4862	198 
4863	159 
4864	58 
4865	225 
4866	84 
4867	150 202 
4868	69 
4869	85 
4870	123 
4871	17 
4872	211 
4873	59 121 
4874	15 
4875	45 
4876	85 
4877	90 
4878	217 
4879	64 
4880	43 
4881	146 
4882	167 
4883	66 
4884	17 182 
4885	80 
4886	131 
4887	217 
4888	211 
4889	84 
4890	43 
4891	55 
4892	131 
4893	221 
4894	225 
4895	180 
4896	158 
4897	126 
4898	85 
4899	21 
4900	162 
4901	80 
4902	31 
4903	85 
4904	184 225 
4905	221 
4906	60 149 
4907	107 
4908	136 206 
4909	126 
4910	49 
4911	46 
4912	34 
4913	30 
4914	211 
4915	186 
4916	55 
4917	13 
4918	121 
4919	21 
4920	64 
4921	20 88 
4922	167 
4923	190 
4924	150 
4925	150 171 
4926	158 176 
4927	207 
4928	58 
4929	225 
4930	45 
4931	85 
4932	66 
4933	112 
4934	41 
4935	175 
4936	61 65 
4937	198 216 
4938	50 144 
4939	185 
4940	31 189 
4941	154 
4942	55 
4943	225 
4944	13 
4945	154 
4946	69 
4947	56 71 
4948	13 
4949	110 
4950	30 
4951	126 
4952	115 
4953	20 214 
4954	69 
4955	115 
4956	48 61 
4957	166 
4958	30 34 
4959	137 
4960	121 
4961	221 
4962	186 
4963	61 
4964	185 
4965	180 
4966	221 
4967	41 
4968	38 
4969	127 225 
4970	56 
4971	180 
4972	121 
4973	5 206 
4974	14 101 
4975	15 
4976	221 
4977	53 
4978	121 211 
4979	30 
4980	16 147 
4981	121 
4982	225 
4983	132 212 
4984	166 218 
4985	139 
4986	225 
4987	139 
4988	5 
4989	121 
4990	63 166 
4991	34 
4992	118 
4993	46 
4994	164 
4995	158 
4996	30 
4997	136 
4998	51 217 
4999	190 
5000	56 
