1 4930
2 4838
3 4860
4 4991
5 4337
6 3004
7 4781
8 4952
9 2156 4367
10 4991
11 3465
12 4920
13 4935
14 4843
15 4738
16 4536
17 4993
18 3631
19 4216
20 4413
21 4848
22 4952
23 4975
24 4989
25 4430
26 4992
27 4933
28 4959
29 4430
30 4832
31 4759
32 4942
33 4870
34 4418
35 4378 4730
36 1812 4948
37 4959
38 3827
39 4749
40 2551
41 4881
42 4759
43 948
44 4411
45 4942
46 3532
47 4582
48 4928
49 4730
50 3631 4012
51 4930
52 4835
53 4993
54 4582
55 4798
56 4411
57 4568
58 4777
59 4716
60 4551
61 4965
62 3096 3643
63 3535
64 4730
65 4711
66 4519
67 4689
68 4871
69 4965
70 4881
71 4618
72 4924
73 4991
74 4871
75 4877
76 4844
77 4582
78 4418
79 4670
80 2856
81 4898
82 4910
83 4989
84 4930
85 4870
86 3631
87 4687
88 4924
89 4985
90 4554
91 4954
92 4892
93 4798
94 3862
95 4881
96 4716
97 4924
98 4730
99 4968
100 4713
101 4713
102 4982
103 4627
104 4192
105 4484
106 4997
107 4892
108 4928
109 4959
110 4730
111 4871
112 4933
113 4930
114 3695
115 4014
116 3004
117 4675
118 4737
119 4928
120 4383
121 4811
122 4910
123 4932
124 4738
125 1741
126 4834
127 4966
128 4151
129 4930
130 4378
131 4536
132 4834
133 4554
134 4966
135 4994
136 4675
137 1812
138 4985
139 4951
140 4716
141 4919
142 4128
143 4975
144 4796
145 4919
146 4999
147 4952
148 3827
149 3783
150 4675
151 4901
152 3996
153 4512
154 4993
155 4512
156 4860
157 4985
158 4796
159 4887
160 4034
161 4843
162 4798
163 4392
164 4964
165 4643
166 4932
167 4034
168 4418
169 4844
170 4749
171 3016
172 4523
173 4551
174 4811 4949
175 4781
176 4959
177 3619
178 4158
179 4997
180 4834
181 3705
182 4919
183 4957
184 4963
185 4725
186 4305
187 4737
188 4726
189 4665
190 4844
191 4838
192 4954
193 4308
194 4484
195 4660
196 4703
197 4870
198 4920
199 4848
200 4966
201 4995
202 4337
203 3764
204 4994
205 4192
206 4844
207 4465
208 4887
209 3182
210 4465
211 4995
212 4568
213 4989
214 4962
215 4560
216 4337
217 4707
218 4957
219 4716
220 4919
221 4560 4995
222 4848
223 4725
224 4900
225 4792
226 4932
227 4627
228 3377
229 4982
230 4832
231 4920
232 3742
233 3432 4798 4962
234 4689
235 4383
236 4930
237 4924
238 4560
239 4645 4966
240 4967
241 4730
242 4907
243 4957
244 4749
245 3764
246 3862
247 4699
248 4713
249 4994
250 4880
251 4880
252 4012
253 4811
254 4670
255 4968
256 4982
257 4603
258 4568
259 4738
260 4732
261 3812
262 4968
263 4081
264 4675
265 4413
266 4952
267 3182 4533
268 4737
269 2684
270 3200
271 4977
272 4889
273 4792
274 4966
275 2485 3535
276 4378
277 4892
278 4933
279 3619
280 4088
281 4859
282 4989
283 4959
284 3006
285 3094
286 3605
287 4014
288 4483
289 4688
290 4989
291 4848
292 3658
293 4930
294 4919
295 4043
296 4796
297 4887
298 2813
299 4999
300 4924
301 3377
302 3812
303 3729
304 4158 4862
305 3619
306 4008
307 4959
308 4779
309 3377 4759
310 4963
311 4798
312 4043 4490 4759
313 4665
314 4843 4900 4902
315 4928
316 4258
317 4965
318 4707
319 4860
320 4967
321 4034
322 4798
323 4977
324 4688
325 4699
326 4959
327 4898
328 4542
329 4484
330 4993
331 4796
332 4803
333 4928
334 4139
335 3408 4378
336 3377
337 4012
338 4920
339 4084
340 4877
341 3341
342 4991
343 5000
344 4993
345 3341
346 4478
347 4877
348 3094
349 4979
350 4592
351 2813
352 2856
353 4935
354 4696
355 4483
356 3796
357 4902
358 2216
359 3377
360 4383
361 4500
362 4732
363 4512
364 4957
365 4871
366 4523
367 3665
368 4168 4959
369 4519
370 3631
371 4759
372 4935
373 4862
374 4989
375 4964
376 4811
377 4994
378 4378
379 3619
380 4870
381 4965
382 4738
383 4887
384 3532
385 4900
386 4779
387 4378
388 4957
389 4556
390 4952
391 3377
392 4781
393 2870
394 4859
395 4964
396 4759
397 4962
398 4901
399 3812
400 4848
401 4730
402 4418
403 4877
404 4941
405 4367 4979
406 4392
407 4991
408 4675
409 4725
410 4479
411 4892
412 4900
413 4383
414 4760 4835 4930
415 4151
416 4773
417 3812
418 4871
419 3026
420 4467
421 3695
422 4479
423 4979
424 4699
425 4781 4932
426 4862
427 4954
428 4919
429 4975
430 4877
431 4378
432 4859
433 4966
434 4870
435 4988
436 4645
437 4860
438 4749
439 4523
440 3954
441 4860
442 4994
443 4484
444 4991
445 3314
446 4088
447 3408
448 3665
449 4859
450 3026
451 4512
452 3535
453 3885
454 4889
455 3226
456 4838
457 4967
458 4965
459 2870
460 4914
461 4758
462 4792
463 3605
464 4161
465 4192
466 4811
467 4618
468 4627
469 4871
470 4796
471 4871
472 4467
473 4997
474 4308
475 4932
476 4151
477 3096
478 4848
479 4773
480 4941
481 3665
482 4592
483 4392
484 4219
485 4952
486 4418
487 4962
488 4022
489 3443
490 4084
491 4948
492 4043
493 4930
494 4898
495 4477
496 4967
497 4887
498 4951
499 4881
500 3695 4411
501 3783 4711
502 4418
503 5000
504 4241
505 4168
506 4465
507 3996
508 4941
509 4779
510 4665
511 4392
512 4901
513 4618
514 4965
515 4965
516 4843
517 4602
518 4881
519 3679
520 4995
521 4413
522 4305 4932
523 4519
524 4645
525 4887
526 4962
527 4982
528 4927
529 3796
530 3026
531 4860
532 3827
533 4832 4898
534 4898
535 4901
536 3954
537 4161
538 4992
539 4779
540 4560
541 4881
542 4838
543 4862
544 3730
545 4844
546 3659
547 4665
548 4948
549 4749
550 4863
551 3535
552 4966
553 4992
554 4898
555 3742
556 3336 4660
557 3459
558 4758
559 4012
560 4367
561 4792
562 4991
563 4889
564 4378
565 4798
566 4935
567 4914
568 4848
569 4568
570 4979
571 4738
572 4932
573 4627
574 4870
575 4484
576 4798
577 3004
578 4192
579 3004
580 4948
581 4477
582 4889
583 4848
584 2791
585 3377
586 4964
587 4991
588 4889
589 3605
590 4889
591 4977
592 4941
593 2866 4478
594 4933
595 4881
596 4949
597 4088
598 4603
599 4979
600 4863
601 4871
602 4834
603 4796
604 4738
605 4994
606 3954
607 4012
608 4889
609 4995
610 4992
611 4949
612 4951
613 4989
614 4796
615 3954
616 4660
617 4378
618 3094
619 4688
620 4779
621 4952
622 4665
623 4716
624 3443
625 3827
626 4902
627 4968
628 4779
629 3631
630 4411
631 4012 4989
632 4798
633 4707
634 4863
635 4930
636 4877
637 4367
638 4979
639 4919
640 4979
641 4383
642 4568
643 4362
644 4880
645 4977
646 3812
647 2216
648 4618
649 4880
650 4941
651 4834
652 4758
653 4512
654 4660
655 4512
656 4975
657 4935
658 4834
659 4305
660 4967
661 3182 4730
662 4932
663 4988
664 4994
665 4889
666 2791
667 4835
668 4927
669 4919
670 4542
671 3004
672 4378
673 4966
674 1662
675 4860
676 4907
677 4966
678 2156
679 4959
680 3827
681 4210
682 4796 4901
683 4959
684 4022
685 4930
686 3996
687 4392
688 1741
689 4963
690 4081
691 4951
692 4798
693 4554
694 4832
695 3729
696 4920
697 4542 4941
698 4862
699 2866
700 3827
701 4737
702 4900
703 4618
704 4084
705 4034
706 4963
707 4034
708 4982
709 4034
710 3094
711 4834
712 4478
713 4192
714 2672
715 4835
716 4699
717 4484
718 4732
719 4941
720 4696
721 4871
722 2485
723 4963
724 4716
725 4965
726 3605
727 4759 4932
728 4954
729 4902
730 4707
731 4941
732 4835
733 4871
734 4582
735 4055
736 4900
737 4834
738 4997
739 3605
740 5000
741 4907
742 4985
743 4128
744 4216
745 4759
746 4758
747 4889
748 4975
749 4603
750 4832
751 4603
752 4088
753 4192
754 4689
755 2856 4411
756 4308
757 4645
758 3643
759 3643
760 4843
761 4860
762 4907
763 4139
764 4999
765 4979
766 4726
767 4467
768 4703
769 4988
770 3616
771 4602
772 4560
773 4985
774 4012
775 3408
776 4084
777 4989
778 3200
779 4985
780 4952
781 4979
782 4699
783 4979
784 4660
785 3532
786 4660
787 4892
788 4859
789 4792
790 4760
791 4880
792 4430
793 3679
794 3827
795 4991
796 4713
797 4192
798 4887
799 4081
800 4952
801 2856
802 4362
803 4738
804 4966
805 4216
806 4703
807 2156
808 4711
809 4699
810 4927
811 4889
812 4512
813 3314
814 4392 4713
815 4716
816 3016
817 4870
818 3679
819 4999
820 3954
821 4781
822 4773
823 3432
824 2216
825 3659
826 4902
827 4542
828 4792
829 4859
830 4832
831 4210
832 4645
833 4490
834 4992
835 4963
836 4759
837 3705
838 4963
839 3341
840 3465
841 4965
842 4924
843 4603
844 4832
845 3432
846 3783
847 4914
848 4860
849 2684
850 4675
851 4730 4933
852 4954
853 4645
854 4554
855 3459
856 4737
857 4848
858 4128
859 4835
860 4660
861 4988
862 3443
863 4777
864 4962
865 4862
866 3314
867 4907
868 4881
869 4737
870 4999
871 4192
872 4084
873 3658
874 4920
875 4660
876 4618
877 4554
878 4992
879 3226
880 4483
881 4689
882 4413
883 4860
884 5000
885 4949
886 4781
887 4930
888 3954
889 4910
890 4675
891 4732
892 4966
893 4941
894 4430
895 4997
896 4660
897 4954
898 4993
899 3827
900 4392
901 4967
902 4207
903 4094
904 4834
905 4959
906 4707
907 4985
908 4478
909 4892
910 4920
911 4900
912 3742
913 3408
914 4716
915 4760
916 4982
917 4930
918 2672 3200
919 4968
920 4158
921 4216
922 4900
923 4927
924 4536
925 4902
926 4781
927 4963
928 4602
929 4949
930 4995
931 4008
932 4792
933 4997
934 4877
935 4941
936 4993
937 4941
938 4954
939 4781
940 4411
941 4844
942 4760
943 4889
944 4942
945 4952
946 4732
947 3764
948 948
949 4759
950 4367
951 4519
952 4968
953 4533
954 4892
955 4713
956 4933
957 4985
958 4870 4999
959 4383
960 3631
961 4901
962 4952
963 4235
964 4043
965 4523
966 4749
967 4843
968 4689
969 5000
970 4963
971 4877
972 4643
973 4977
974 4863
975 4999
976 4737
977 4988
978 4696 4992
979 4542
980 4430
981 4932
982 4781
983 4954
984 4392 4948
985 4860
986 4848
987 4902
988 4941
989 3729
990 4930
991 4730
992 4308
993 4957
994 4568
995 4889
996 4952
997 4954
998 4843
999 4737
1000 4749
1001 4168
1002 4959
1003 4556
1004 4989
1005 3341
1006 4862
1007 4168
1008 4465
1009 4383
1010 5000
1011 4942
1012 3096
1013 4995
1014 4989
1015 3619 4781
1016 4365
1017 4430
1018 4985
1019 4670
1020 3729
1021 4777
1022 4935
1023 4467
1024 3006
1025 4880
1026 4949
1027 2870
1028 2813
1029 4951
1030 4901
1031 4760
1032 4919
1033 4907
1034 4954
1035 4362
1036 4995
1037 4935
1038 4993
1039 4924
1040 4928
1041 4556
1042 4892
1043 4942
1044 4902
1045 4008
1046 4975 4988
1047 3742
1048 4860
1049 2216
1050 4975
1051 4337
1052 4910
1053 4796
1054 4430
1055 4892
1056 4008
1057 4959
1058 4942
1059 4967
1060 4478
1061 4997
1062 4995
1063 4959
1064 4919
1065 4832
1066 4554
1067 4523
1068 4235
1069 4759
1070 4500
1071 4737
1072 4645
1073 3851
1074 4094
1075 4618
1076 4627
1077 4151
1078 3314
1079 4670
1080 4392
1081 3182
1082 4781
1083 4924
1084 4737
1085 4792
1086 4378
1087 4392
1088 4465
1089 4968
1090 4982
1091 4870
1092 4703
1093 4954
1094 3006
1095 1741
1096 4378
1097 4759
1098 4014
1099 4968
1100 4556
1101 3705
1102 4935
1103 4374
1104 4935
1105 4848
1106 4914
1107 4951
1108 4699
1109 4758
1110 4967
1111 4759
1112 4901
1113 4207
1114 3796
1115 4834
1116 4536
1117 4964
1118 4957
1119 4914
1120 4881
1121 4210 4523
1122 4014
1123 4991
1124 4991
1125 4959
1126 4738
1127 4738
1128 4924
1129 4760
1130 3796
1131 4168 4862
1132 4977
1133 4737
1134 4627
1135 4834
1136 4834
1137 3408
1138 4796
1139 3796
1140 4999
1141 4592
1142 4760
1143 4967
1144 3665
1145 4862
1146 4954
1147 3200
1148 5000
1149 3659
1150 4490
1151 4907
1152 4378
1153 4618
1154 4957
1155 4935
1156 4844
1157 4689
1158 4551
1159 4982
1160 4207 4796
1161 4942
1162 3605 4512
1163 4730
1164 4568
1165 4993
1166 4924
1167 4948
1168 4951
1169 4738
1170 1662
1171 4687
1172 4949
1173 3729
1174 2856
1175 4920
1176 4954
1177 4835
1178 4863
1179 4999
1180 4660
1181 4880
1182 4258
1183 4235
1184 4949
1185 4490
1186 4968
1187 4645
1188 4533
1189 4942
1190 4957
1191 4759
1192 4942
1193 4687
1194 4860
1195 4910
1196 4542
1197 4034
1198 4811
1199 4924
1200 3616
1201 4207
1202 4871
1203 4959
1204 3885
1205 4759
1206 4192
1207 4935
1208 4889
1209 4977
1210 4536
1211 4738
1212 4994
1213 2856
1214 4954
1215 4860
1216 4860
1217 4942
1218 4989
1219 4949
1220 4467
1221 3783
1222 3616
1223 2684
1224 4966
1225 4161
1226 4924
1227 4966
1228 4977
1229 4034
1230 4773
1231 4207
1232 3341
1233 4308
1234 4993
1235 4999
1236 3016
1237 4859
1238 2866
1239 3619
1240 4675
1241 3006
1242 4985
1243 4603
1244 4411
1245 4383 4737
1246 4863
1247 4919
1248 4411
1249 4490 5000
1250 4759
1251 4536
1252 4008
1253 4994
1254 3665
1255 4932
1256 4935
1257 4835
1258 2791
1259 3948
1260 4392
1261 3764
1262 4554
1263 4732
1264 4478
1265 3851
1266 4008
1267 4949
1268 4968
1269 4627
1270 3658
1271 3923
1272 4703
1273 4989
1274 4161
1275 4863
1276 4699
1277 4688
1278 4773
1279 4308
1280 4725
1281 4835
1282 3631
1283 4924
1284 4920
1285 4871
1286 4835
1287 4900
1288 4602
1289 4962
1290 3465
1291 4758
1292 4949
1293 2216 4964
1294 4711
1295 4392
1296 4935
1297 4554
1298 4834
1299 3695 4337
1300 4968
1301 4834
1302 4602
1303 4901
1304 4582
1305 4838 4907
1306 4989
1307 4088
1308 4985
1309 4935
1310 4994
1311 4914
1312 4711
1313 3729
1314 4927
1315 4902
1316 3626
1317 4889
1318 3626
1319 4979
1320 4241
1321 4383
1322 4999
1323 4627
1324 4484
1325 4008
1326 4711
1327 4081
1328 4942
1329 3336
1330 5000
1331 4241
1332 1662
1333 4367
1334 4308
1335 4957
1336 4688
1337 3659
1338 4675
1339 4362
1340 4796 4995
1341 3532
1342 4935
1343 4968
1344 4848
1345 4383
1346 4803
1347 4430
1348 4942
1349 4094
1350 4930
1351 4699
1352 4927
1353 4977
1354 3616
1355 4967
1356 4997
1357 4992
1358 4991
1359 2813
1360 4863
1361 1741
1362 4991
1363 3616
1364 4554
1365 4043
1366 4560
1367 3605
1368 2866
1369 4914
1370 4210
1371 3443
1372 4898
1373 4963
1374 4022
1375 4602
1376 3336
1377 4043
1378 4582
1379 4500
1380 4993
1381 4992
1382 4832
1383 4843
1384 4877
1385 4781
1386 4967
1387 3658
1388 4954
1389 4796
1390 4500
1391 4536
1392 4843
1393 4094
1394 4995
1395 4902
1396 4803
1397 4184
1398 4568
1399 4699
1400 4660
1401 4337
1402 3377
1403 4602
1404 4383 4758
1405 4796
1406 3443
1407 4707 4963
1408 4991
1409 4877
1410 4670
1411 4982
1412 4168
1413 3392
1414 4962
1415 4963
1416 3240
1417 3200
1418 4968
1419 4933
1420 3619
1421 4235
1422 4779
1423 4964
1424 4602 4901
1425 4880
1426 4556
1427 4901
1428 4241
1429 3643
1430 4760
1431 4777
1432 4151
1433 3827
1434 4982
1435 4848
1436 4241
1437 4758
1438 4988
1439 4965
1440 2813
1441 4932
1442 4977
1443 4832
1444 3827
1445 4957
1446 4952
1447 4467
1448 3626 4834
1449 4988
1450 4687
1451 4749
1452 4603
1453 4483
1454 4687
1455 4997
1456 4707
1457 4954
1458 4689
1459 4688
1460 4796
1461 4732
1462 4889
1463 3432
1464 4835
1465 4551
1466 4907
1467 4713
1468 4479
1469 3605
1470 4898
1471 4582
1472 4959
1473 4962
1474 4995
1475 4901
1476 4930
1477 4696
1478 3341
1479 4982
1480 3730
1481 4484
1482 4378
1483 4933
1484 4889
1485 4898
1486 4995
1487 4161
1488 4699
1489 4871
1490 4860
1491 4901
1492 3226
1493 4959
1494 4536
1495 3885
1496 4898
1497 4602
1498 5000
1499 3226
1500 4959
1501 4777
1502 4997
1503 4258
1504 4796
1505 4055
1506 3659
1507 4992
1508 2684
1509 4975
1510 4965
1511 4305 4948
1512 4665
1513 4241
1514 4512
1515 4900
1516 4844
1517 4930
1518 4994
1519 4985
1520 4968
1521 2551
1522 4959
1523 4560
1524 4924
1525 4008
1526 4991
1527 4161
1528 4512
1529 4959
1530 4383
1531 4993
1532 4844
1533 3376
1534 4863
1535 4910
1536 4952
1537 4483
1538 4500
1539 4991
1540 3616
1541 4519
1542 3658
1543 4012
1544 4362
1545 4995
1546 4887
1547 4210 4889
1548 4951
1549 4927
1550 2684
1551 3532
1552 4999
1553 4848
1554 4533
1555 4732
1556 4512
1557 4977
1558 4910
1559 4957
1560 4716
1561 4207
1562 4927
1563 4716
1564 4932
1565 4645
1566 4365
1567 4207
1568 3948
1569 4959
1570 4887
1571 4798
1572 3885
1573 3096
1574 4859
1575 4862
1576 4928
1577 4930
1578 3643
1579 4914
1580 4696
1581 4989
1582 4781
1583 3812
1584 4995
1585 4184
1586 4378
1587 4977
1588 4924
1589 4523
1590 4932
1591 4192
1592 4924
1593 4993
1594 4798
1595 4843
1596 4877
1597 3812
1598 4959
1599 4992
1600 4901
1601 4844
1602 4965
1603 4777
1604 4977
1605 4490
1606 3314
1607 3730
1608 4988
1609 4542
1610 4219
1611 4362
1612 4952
1613 4696
1614 4798
1615 4618
1616 4523
1617 4892
1618 4713
1619 4880
1620 4490
1621 4951
1622 3314
1623 4835
1624 4979
1625 4645
1626 4870
1627 3016
1628 4965
1629 4811
1630 4235
1631 3182
1632 4411 4924
1633 4992
1634 4687
1635 4952
1636 4725
1637 3182
1638 4860 4965
1639 4932
1640 4781
1641 4832
1642 4022
1643 4034
1644 4930
1645 4957
1646 4592
1647 4838
1648 4892
1649 4811
1650 4703
1651 4935
1652 4966
1653 4519
1654 4758
1655 3605
1656 4758
1657 4859
1658 4910
1659 4975
1660 4730
1661 4411 4962
1662 1662
1663 4216
1664 4803
1665 4602
1666 4413
1667 4689
1668 4892
1669 4999
1670 4948
1671 4889
1672 4948
1673 4994
1674 4478
1675 4465
1676 4726
1677 4900
1678 3923
1679 4660
1680 4413
1681 4966
1682 2866
1683 4711
1684 4993
1685 4948
1686 3996
1687 3377
1688 4901
1689 4989
1690 4907
1691 4871
1692 4993
1693 4670
1694 3377
1695 3812
1696 4997
1697 4999
1698 4860
1699 4689 4942
1700 4523
1701 4927
1702 4168
1703 5000
1704 3532
1705 4860
1706 4618
1707 4910
1708 4859
1709 4536
1710 4995
1711 3764
1712 3619
1713 4158
1714 4216
1715 4645
1716 4977
1717 4618
1718 4941
1719 4012
1720 4758 4979
1721 4034
1722 4975
1723 3658 4139
1724 2866
1725 3182 4942
1726 4988
1727 4759
1728 4963
1729 4378
1730 3812
1731 4184
1732 4951
1733 4985
1734 4418
1735 4533
1736 4551
1737 4696
1738 2856
1739 2672 3665
1740 4725
1741 1741
1742 3783
1743 4975
1744 4835
1745 4964
1746 3443
1747 4887
1748 4948
1749 4949
1750 3465
1751 4161
1752 4920
1753 4737
1754 4959
1755 3665
1756 4932
1757 4952
1758 4627
1759 4773
1760 3679
1761 4963
1762 4957
1763 3532
1764 4881
1765 4941 4979
1766 4862
1767 4942
1768 4989
1769 4675
1770 4084
1771 4993
1772 4941
1773 4602
1774 2791
1775 4924
1776 4811
1777 4411
1778 4161 4985
1779 4034
1780 4963
1781 4660
1782 4161
1783 4919
1784 3730
1785 4556
1786 4962
1787 4008
1788 3026
1789 4043
1790 4732
1791 4927
1792 4889
1793 3948
1794 4902
1795 4991
1796 4773
1797 3006
1798 4898
1799 4963
1800 4192
1801 4467
1802 4235 4985
1803 4932
1804 4989
1805 4430
1806 4887
1807 4479
1808 4862
1809 4871
1810 4880
1811 4582
1812 1812 3443 4843
1813 4962
1814 4413
1815 4392
1816 4988
1817 4954
1818 4781
1819 4184
1820 4568
1821 4907 4979
1822 4948
1823 2870
1824 4962
1825 3827
1826 2856
1827 3376
1828 4533
1829 4542
1830 3827
1831 4968
1832 4560
1833 4737 4796
1834 4699
1835 4935
1836 4219
1837 4992
1838 4993
1839 4914
1840 4184
1841 4935
1842 3705
1843 4738
1844 4965
1845 4838
1846 4670
1847 4859
1848 5000
1849 4781
1850 4862
1851 3432
1852 4995
1853 3392
1854 4832
1855 4411
1856 4848
1857 4014
1858 4962
1859 4465
1860 4932
1861 4759
1862 4999
1863 4725
1864 4665
1865 3408
1866 4964
1867 4928
1868 4900
1869 4484
1870 4887
1871 4184
1872 4901
1873 4696
1874 3730
1875 4568
1876 4959
1877 3679
1878 4777
1879 4081
1880 4383
1881 4500
1882 3004
1883 4219
1884 3096
1885 2672 3665
1886 4781
1887 4968
1888 4760
1889 3705
1890 4367
1891 4779
1892 4568
1893 4843
1894 4696
1895 3016
1896 4094
1897 4798
1898 4643
1899 4536
1900 4665
1901 4977
1902 4216
1903 4844
1904 4378
1905 3619
1906 4902
1907 4627
1908 3764
1909 4430
1910 4900
1911 3619 4084
1912 2684
1913 4966
1914 4551
1915 4759
1916 4966
1917 4367
1918 4941
1919 4759 4844
1920 4977
1921 4374
1922 4305
1923 4749
1924 4832
1925 4034 4556
1926 4880
1927 4688
1928 4995
1929 4927
1930 4603
1931 3341
1932 2866
1933 4241
1934 4951
1935 4881
1936 4760
1937 4892
1938 4707
1939 2813
1940 4556
1941 4949
1942 4556
1943 4951
1944 4988
1945 4556
1946 4964 4977
1947 4989
1948 4991
1949 4843
1950 4910
1951 4523
1952 4985
1953 4843
1954 4948
1955 3705
1956 4711
1957 4993
1958 4779 4952
1959 4863
1960 4848
1961 3631
1962 4749
1963 4948
1964 4993
1965 4952
1966 4392
1967 3827
1968 4568
1969 3376
1970 4835
1971 4919
1972 4959
1973 4952
1974 3923
1975 4014
1976 4949
1977 3658
1978 4675
1979 4392
1980 4932
1981 4843
1982 4554
1983 4779
1984 4798
1985 4992
1986 3796
1987 4900
1988 3626
1989 4699
1990 4479
1991 4773
1992 4859
1993 4989
1994 4962
1995 3631
1996 2813
1997 4933
1998 4848
1999 3006
2000 4907
2001 4603
2002 4374
2003 4713
2004 4880
2005 3619
2006 4337 4560 4968
2007 4688
2008 4084
2009 2870
2010 4726
2011 4933
2012 4551
2013 4959
2014 4928
2015 4689
2016 4988
2017 4688
2018 4985
2019 3695
2020 4928
2021 4551
2022 3923
2023 4951
2024 4860
2025 4151
2026 4924
2027 4979
2028 4413
2029 4997
2030 4241
2031 4158 4777
2032 4418
2033 4914
2034 3827 4919
2035 4519
2036 4843
2037 4411
2038 4798
2039 3885
2040 4919
2041 4924
2042 4592
2043 4378
2044 4988
2045 4500
2046 5000
2047 4834
2048 4954
2049 3377 4834
2050 4094
2051 2870 4924
2052 4965
2053 4835 4954
2054 4713
2055 3619
2056 4975
2057 4967
2058 4603
2059 4777
2060 4871
2061 4907
2062 4977
2063 4008
2064 4892
2065 4907
2066 4602
2067 4967 4982
2068 4832
2069 4952
2070 4898
2071 4985
2072 4835
2073 4798
2074 4835
2075 4627
2076 4997
2077 4554
2078 4699
2079 3665 4500
2080 4337
2081 4963 4975
2082 4942
2083 4932
2084 4870
2085 4949
2086 4920
2087 4892
2088 3729
2089 4968
2090 4696
2091 4952
2092 4210
2093 4738
2094 4337
2095 3532
2096 4713
2097 3026 4519
2098 3885
2099 4862
2100 4979
2101 4161 4773
2102 4843
2103 3862
2104 4665
2105 4834
2106 4759
2107 4139
2108 4012
2109 4128
2110 2485 3535
2111 4258
2112 4602
2113 4713
2114 4533
2115 4910
2116 4660
2117 3659
2118 4964
2119 4963
2120 4835
2121 3783
2122 4210
2123 3377 4726
2124 3996 4989
2125 4365
2126 5000
2127 4889
2128 4758
2129 4968
2130 4898
2131 3535
2132 4711
2133 3643
2134 4964
2135 4848
2136 4483
2137 3376 3459
2138 4995
2139 4687
2140 4219
2141 4870
2142 4948
2143 4963
2144 4737
2145 4964
2146 4022
2147 4959
2148 4645
2149 4832
2150 3948
2151 4128
2152 4688
2153 4478
2154 4898
2155 4887
2156 2156
2157 4688 4999
2158 4834
2159 3200 4924
2160 4551 4699
2161 4696
2162 4979
2163 3665
2164 4838 4941
2165 3432 4219
2166 4975
2167 4568
2168 4519
2169 4675 4919
2170 4726
2171 4235
2172 4798
2173 4560
2174 4962
2175 3729
2176 4975
2177 4963
2178 4699
2179 4392
2180 4991
2181 3679
2182 4930
2183 4542
2184 4988
2185 4418
2186 4992
2187 4688
2188 4902
2189 4834
2190 4551
2191 4337
2192 4838
2193 4716
2194 4967
2195 4967
2196 4703
2197 4128
2198 4942
2199 4901
2200 4413
2201 4995
2202 4374
2203 4383
2204 4964
2205 4920
2206 4932
2207 4738
2208 4963
2209 4542
2210 4935
2211 5000
2212 4716
2213 4870 4979
2214 4043
2215 4362 4910
2216 2216
2217 4378
2218 4703
2219 4560
2220 4216
2221 4901
2222 3742
2223 4999
2224 4483
2225 4892
2226 4993
2227 4948
2228 4732
2229 4523
2230 4798
2231 4670
2232 3096
2233 4954
2234 4365
2235 4519
2236 4907
2237 3658
2238 4968
2239 4927
2240 4957
2241 4670
2242 4898
2243 4927
2244 4055 4977
2245 3923
2246 4995
2247 3851
2248 4863
2249 4966
2250 3812
2251 4627
2252 4900
2253 4484
2254 4967
2255 4959
2256 5000
2257 4523
2258 4933
2259 4965
2260 3626
2261 4192
2262 4919
2263 4781
2264 3996
2265 4933
2266 4759
2267 4258
2268 3432
2269 4034
2270 4258
2271 4500
2272 4834
2273 4192
2274 4935
2275 4977
2276 3679 4660
2277 3392
2278 4951
2279 4094 4887
2280 3619
2281 4863
2282 4643
2283 3729 4844
2284 4378
2285 4959
2286 4907
2287 4627
2288 4034
2289 4901
2290 3376 3459
2291 3729
2292 4749
2293 4088
2294 4967
2295 4781
2296 4965
2297 4871
2298 4773
2299 4900
2300 4713
2301 4860
2302 4523
2303 4834
2304 2870
2305 4843
2306 4948
2307 4966
2308 3796
2309 4871
2310 4568
2311 4988
2312 4959
2313 4665
2314 4478
2315 4568
2316 4948
2317 4901
2318 4870
2319 4758
2320 2870
2321 4418 4919
2322 4483 4979
2323 3314 4892
2324 4603
2325 4924
2326 4378
2327 4848
2328 3619
2329 4568
2330 3764
2331 4484
2332 4992
2333 4928
2334 3665
2335 4928
2336 4811
2337 4161
2338 4999
2339 4880
2340 4711
2341 4418
2342 4844
2343 4967
2344 4308
2345 2791
2346 4759
2347 4699
2348 4479
2349 4792
2350 4951
2351 4951
2352 3742
2353 4392
2354 4843
2355 3006
2356 3026
2357 4305
2358 4964
2359 4796
2360 4963 4993
2361 4043
2362 4844
2363 4942
2364 3923
2365 4966
2366 4962
2367 4985
2368 4834
2369 4832
2370 4924
2371 4305
2372 4933
2373 4523 4889 4932
2374 4749
2375 4933
2376 4477
2377 4519 4592
2378 4941
2379 4582
2380 4965
2381 4707
2382 4975
2383 3314
2384 4910
2385 4877
2386 3240 4523
2387 4835 4932
2388 4582
2389 5000
2390 3200
2391 4991
2392 3665
2393 3619
2394 4392 4556
2395 4848
2396 4512
2397 4792
2398 4556
2399 4627
2400 3314
2401 4992
2402 3996
2403 3616
2404 3392
2405 2866
2406 4551
2407 4556
2408 4935
2409 4968
2410 4848
2411 4988
2412 4924
2413 4665
2414 3796
2415 4949
2416 4991
2417 4392
2418 3996
2419 4560
2420 4707
2421 4533 4643
2422 4088
2423 2866
2424 4932
2425 4465
2426 4689
2427 4949
2428 4716
2429 4168 4738
2430 2216
2431 4927
2432 4863
2433 3948
2434 4258
2435 4519 4696
2436 3923
2437 4993
2438 3465
2439 4985
2440 4844
2441 4862
2442 4942
2443 3643
2444 3240
2445 4941
2446 4964
2447 3006
2448 4982
2449 4773
2450 4967
2451 4383
2452 4627
2453 4554
2454 4560
2455 4834
2456 4992
2457 4418
2458 4967
2459 4832
2460 4975
2461 4870
2462 3200 3729 4168
2463 4920
2464 4862
2465 4034
2466 4930
2467 4730
2468 4985
2469 3465
2470 4012
2471 4716
2472 4835
2473 4902
2474 4993
2475 4798
2476 4749
2477 4758
2478 4665
2479 4862
2480 4887
2481 4536
2482 4997
2483 4832
2484 4957
2485 2485
2486 3443 4699
2487 4902
2488 4798
2489 3705
2490 4843
2491 3954
2492 4881
2493 4781
2494 4959
2495 4551
2496 4932
2497 4928
2498 4696
2499 4759
2500 4975
2501 4832
2502 4726
2503 4962
2504 4834
2505 3465
2506 4901
2507 4932
2508 3182
2509 4411
2510 4773
2511 4966
2512 4930
2513 4989
2514 4832
2515 4951
2516 4848
2517 4930
2518 4838
2519 4957
2520 4871 4932
2521 3006
2522 4889
2523 4881
2524 4914
2525 4592
2526 4660
2527 4128
2528 4933
2529 4901
2530 4870
2531 4930 4957
2532 4985
2533 4796
2534 4367 4907
2535 4889
2536 3006
2537 4964
2538 4413
2539 4689
2540 4889
2541 3729
2542 3026
2543 3764
2544 4490
2545 4479
2546 3026
2547 4484
2548 4930
2549 4907
2550 4627
2551 2551
2552 4081
2553 4835
2554 4997
2555 4989
2556 4927
2557 4892 4932
2558 4798
2559 2156 4367 4660 4889
2560 4660 4803
2561 4979
2562 3643
2563 3094
2564 4732
2565 4034
2566 4378
2567 4732
2568 3200
2569 4258
2570 4716
2571 4997
2572 4910
2573 4965
2574 4730
2575 3096
2576 4803
2577 4985
2578 4966
2579 4927 4935
2580 4760
2581 5000
2582 4997
2583 3006
2584 4699
2585 4982 4994
2586 4862
2587 4991
2588 4919
2589 3465
2590 4803
2591 4184 4942
2592 4881
2593 3695
2594 4430
2595 4919
2596 4902 4964
2597 4467
2598 4660
2599 4643 4726
2600 4688 4977
2601 3764
2602 4490
2603 3341
2604 4151
2605 4713
2606 4977
2607 4966
2608 4781
2609 4365
2610 4977
2611 4699
2612 4989
2613 4862
2614 4500
2615 4779
2616 3764
2617 2156 4367 4645
2618 4760
2619 2866
2620 4889
2621 4779
2622 4927
2623 4848
2624 4898
2625 4465
2626 4838
2627 3377 3532
2628 4139
2629 4941
2630 4982
2631 4362
2632 4997
2633 4995
2634 4892
2635 4258 4989
2636 4985
2637 4749
2638 4749
2639 4975
2640 4738
2641 4034
2642 4711
2643 3004
2644 4696
2645 4928
2646 4014
2647 4962
2648 4994
2649 4337
2650 4870
2651 3796 4997
2652 4337
2653 4870
2654 4582
2655 3016
2656 4512
2657 4688
2658 4951
2659 4716
2660 4989
2661 4483
2662 4542
2663 4910
2664 4968
2665 4949
2666 4367
2667 4034
2668 4643
2669 4803
2670 2866
2671 4968
2672 3200
2673 4919
2674 5000
2675 4034
2676 4942
2677 4949
2678 4920
2679 4484
2680 4967
2681 3948
2682 3851
2683 3432
2684 2684
2685 4993
2686 4862
2687 4670
2688 4773
2689 4838
2690 4803
2691 4919
2692 4713 4859
2693 4779
2694 4730
2695 4907
2696 4168
2697 4901
2698 4689
2699 4880
2700 4900
2701 4928
2702 4022
2703 4592
2704 4880
2705 4968
2706 4935
2707 4870
2708 4834
2709 4919
2710 4832
2711 4935
2712 3730 4975
2713 3432
2714 4627
2715 4964
2716 3006
2717 4759
2718 3432
2719 4670 4964
2720 4796
2721 4995
2722 4716
2723 4992
2724 4665
2725 4161
2726 3532 4942
2727 4889
2728 5000
2729 4898
2730 4374
2731 4982
2732 4411
2733 4924
2734 4043
2735 4928
2736 4660
2737 4834
2738 4726
2739 3432
2740 3851
2741 4965
2742 4997
2743 4949
2744 3659
2745 4838
2746 4848
2747 4430
2748 2551 4158 4168
2749 4999
2750 4542
2751 4725
2752 4965
2753 4536
2754 4758
2755 4907
2756 4977
2757 4968
2758 4902 4993
2759 4670
2760 3532
2761 4759
2762 4084
2763 4965
2764 4554
2765 4848
2766 3851
2767 4732
2768 3336
2769 4988
2770 4924
2771 4034
2772 4901
2773 4966
2774 4989
2775 4618 4848
2776 4919
2777 4781
2778 4907
2779 4952
2780 4689
2781 4941
2782 4207
2783 4930
2784 3827
2785 4210
2786 4798
2787 4665
2788 4777
2789 4158
2790 4781 4985
2791 2791
2792 4699
2793 4994
2794 4759
2795 3783
2796 4927
2797 4889
2798 4880
2799 4479
2800 4860
2801 4832
2802 4207
2803 4966
2804 3626
2805 4378
2806 4483 4675
2807 4892
2808 4935
2809 4962 4997
2810 4759
2811 3851
2812 4838
2813 2813
2814 3182
2815 4725
2816 4465
2817 4989 4992
2818 4957 4959
2819 4999
2820 4592
2821 2791
2822 4777
2823 3408 4792
2824 3605
2825 4392
2826 4711
2827 4919
2828 4881
2829 4848
2830 3619 4413
2831 4779 4985
2832 4881
2833 4959
2834 4963
2835 3336
2836 4737
2837 4901
2838 3336
2839 4892 4910
2840 4479
2841 4337
2842 4337
2843 4859
2844 4737
2845 4889
2846 4962
2847 4235
2848 4378
2849 4707
2850 4411
2851 3200
2852 4927
2853 4832
2854 4924
2855 4726
2856 2856
2857 4688
2858 4892
2859 4367 4962
2860 4963
2861 4716
2862 3443
2863 4942
2864 4952
2865 4933
2866 2866
2867 4985
2868 4738
2869 4413
2870 2870
2871 4997
2872 4933
2873 4914
2874 4158
2875 4863
2876 4919
2877 3631
2878 4798
2879 4949
2880 4889
2881 4618
2882 4219
2883 4948
2884 4602
2885 4094
2886 4258
2887 4968
2888 3026
2889 4536
2890 3443 3730
2891 4184
2892 4781
2893 4258
2894 4811
2895 4927
2896 4803
2897 3094
2898 4308
2899 4901 4957
2900 4759
2901 2216 4838
2902 3659
2903 4699
2904 4927 4935
2905 3695
2906 4012
2907 4967
2908 4982
2909 4392
2910 4985
2911 3631
2912 4084
2913 4994
2914 3764 4374
2915 4907 4999
2916 4979
2917 4781 4964
2918 4967
2919 3783
2920 4365
2921 4989
2922 4914
2923 4927
2924 4952
2925 4688
2926 4014
2927 4773
2928 4759
2929 4383
2930 4959
2931 4413
2932 4161
2933 3026
2934 4951
2935 4365
2936 4670
2937 4952
2938 4014
2939 3764
2940 4977
2941 4979
2942 4860
2943 4988
2944 4948
2945 4192
2946 4235
2947 4568 4999
2948 4975
2949 4844
2950 3619
2951 4411
2952 4985
2953 4991
2954 4948
2955 4914
2956 4989
2957 4798
2958 4965
2959 4989
2960 2870
2961 3535
2962 4927
2963 4411
2964 4979
2965 4901
2966 4999
2967 4730
2968 4043
2969 4374
2970 4941
2971 2216
2972 3465
2973 4951
2974 4699
2975 4924
2976 4716
2977 4919
2978 4792
2979 4930
2980 5000
2981 4877
2982 4737
2983 4707
2984 4512
2985 3729
2986 4935
2987 3954 4022
2988 4618
2989 4749
2990 4954
2991 4927
2992 3695
2993 4362
2994 3658
2995 3392
2996 4932
2997 4014
2998 4902 4951
2999 4999
3000 4999
3001 4670
3002 4696
3003 4430
3004 3004
3005 4844
3006 3006
3007 3764
3008 4835
3009 2551 3729
3010 3004
3011 4966
3012 4258
3013 4484
3014 4477
3015 4995
3016 3016
3017 4478
3018 4901
3019 4696
3020 4759
3021 3377
3022 4881
3023 4964
3024 4901
3025 4556
3026 3026
3027 3314
3028 4512
3029 4779
3030 4699
3031 4907
3032 4988
3033 4838
3034 4088
3035 4877
3036 4151
3037 4924
3038 4781
3039 4128
3040 4907
3041 4749
3042 4964
3043 4924
3044 4560
3045 4834
3046 4968
3047 4781
3048 4490
3049 4781
3050 4703
3051 4838
3052 3885
3053 4643
3054 4838
3055 4689
3056 4863
3057 4877
3058 4803
3059 4949
3060 4210
3061 4843 5000
3062 4490
3063 3996
3064 4954
3065 4687
3066 4043
3067 4687
3068 4832
3069 4707
3070 4374
3071 4863
3072 4760
3073 3764
3074 4688
3075 4374
3076 4216
3077 4843
3078 4158
3079 4889
3080 4881
3081 4773
3082 4993
3083 4258
3084 4919
3085 4383
3086 4337
3087 4975
3088 4725
3089 4997
3090 5000
3091 4737
3092 4930 4979
3093 4920
3094 3094
3095 3341
3096 3096
3097 5000
3098 4582
3099 4898
3100 4760
3101 4832
3102 4951
3103 4687
3104 4880
3105 3729 4887
3106 4055
3107 4848
3108 4716
3109 4914
3110 3619
3111 4964
3112 4008
3113 4055
3114 4898
3115 3465
3116 4749
3117 4749
3118 3862
3119 3408
3120 3851
3121 4490
3122 4962
3123 4603
3124 3377
3125 4128 4730
3126 4161
3127 4914
3128 4977
3129 4887
3130 4988
3131 4603
3132 4843
3133 4603
3134 4877
3135 4877
3136 4643
3137 4687
3138 4992 4999
3139 4898
3140 4966
3141 4483
3142 4941
3143 4910 4988
3144 4965
3145 4927
3146 4703
3147 4977
3148 4966
3149 4730
3150 4834
3151 4988
3152 4919
3153 4834
3154 4660
3155 4749
3156 4964
3157 4781
3158 4703
3159 3948
3160 4900
3161 4930
3162 3182 4892
3163 4378
3164 3851 4881
3165 4963
3166 4968
3167 4985
3168 3465
3169 4618
3170 4930
3171 3996
3172 4730 4924
3173 4966
3174 4870
3175 4975
3176 4964
3177 3341
3178 4887 4968
3179 4910
3180 4675 4696
3181 4602
3182 3182
3183 4362
3184 4901
3185 3996 4484
3186 3336
3187 4430
3188 2813
3189 4392 4556
3190 4645
3191 4898
3192 4725 4975
3193 4957
3194 4378 4919
3195 3812
3196 4959
3197 4999
3198 4881
3199 4337
3200 3200
3201 4914
3202 4737
3203 4749
3204 4773
3205 4645
3206 4995
3207 4184
3208 4207
3209 4962
3210 3695
3211 4941
3212 4954 4979
3213 4411 4933
3214 4430
3215 4880
3216 4919
3217 4834
3218 4975
3219 4977
3220 4862
3221 3026 3658
3222 4568
3223 4859
3224 3377
3225 3742
3226 3226
3227 4966
3228 4383
3229 4512
3230 4982
3231 3923
3232 4725
3233 4863
3234 4920
3235 4699
3236 4887
3237 4863
3238 4128
3239 4542
3240 3240 4838
3241 4889 4964
3242 4887
3243 3742
3244 3665 4759
3245 4935
3246 4989
3247 4088 4730
3248 4168
3249 4158
3250 4168
3251 4158
3252 2485 3535
3253 4758
3254 4758
3255 4235
3256 4927
3257 4838
3258 4902
3259 4964
3260 4713
3261 3812 4964
3262 4811
3263 4985
3264 4979
3265 3377
3266 3096
3267 3443
3268 4975
3269 4707
3270 4670
3271 4997
3272 4997
3273 4305
3274 5000
3275 4964 4977
3276 4759
3277 4365
3278 4811 4968
3279 4920
3280 4792
3281 4758
3282 4012
3283 4523 4773
3284 4985
3285 4703
3286 4088
3287 4941
3288 4367
3289 4992
3290 4957
3291 4362
3292 4933
3293 4952
3294 4924
3295 4859
3296 4924
3297 4760
3298 3314
3299 2866
3300 4430
3301 4777
3302 4948
3303 2866
3304 4305
3305 4484
3306 4968
3307 4843
3308 4337
3309 4241
3310 4982
3311 4982
3312 4467
3313 4699
3314 3314
3315 4968
3316 4542
3317 4907
3318 4687 4716
3319 4730
3320 3954
3321 4902
3322 4959
3323 4892
3324 4533
3325 4994
3326 4964
3327 4948
3328 4914
3329 4834
3330 4848
3331 4792
3332 4942
3333 4556
3334 4860
3335 4900
3336 3336
3337 4602
3338 4914
3339 4993
3340 4975
3341 3341
3342 4151
3343 4478
3344 4999
3345 3796
3346 4241
3347 3392
3348 4713
3349 4902
3350 4871
3351 3764
3352 4935
3353 3948
3354 4713
3355 4951
3356 4055
3357 4362 4989
3358 4914
3359 4210
3360 4055
3361 4602
3362 4887
3363 4088
3364 3626
3365 1662 4192
3366 4957
3367 4161
3368 4084 4713
3369 4043
3370 4773
3371 4848
3372 4863
3373 3314
3374 4374 4835
3375 4533
3376 1741 3376
3377 3377
3378 4645
3379 4726
3380 4523 4838
3381 4161
3382 4139
3383 4997
3384 4924
3385 3783
3386 4305
3387 3729 4008
3388 4560
3389 4994
3390 4985
3391 3226
3392 3392
3393 4713
3394 4696
3395 4975
3396 4965
3397 4500
3398 3026
3399 4796
3400 4670 4699
3401 4732 4803
3402 4902
3403 4081 4777
3404 4158
3405 4627
3406 4687
3407 4803
3408 3408
3409 4477
3410 4725
3411 4554
3412 4933
3413 3392
3414 4881
3415 4192
3416 4967
3417 4210
3418 4966
3419 4568
3420 4151
3421 4942
3422 2856
3423 4838
3424 4877
3425 3729
3426 4737
3427 4500
3428 4962
3429 4803
3430 4992
3431 4977
3432 3432
3433 4207
3434 4519
3435 4479 4512
3436 4696
3437 3851 4834
3438 3616
3439 4479
3440 4603
3441 4703
3442 4758
3443 3443
3444 4862
3445 4467
3446 4689
3447 4688
3448 4542
3449 4216
3450 4942
3451 4305
3452 4957
3453 4997
3454 4737
3455 4962
3456 4907
3457 4979
3458 4941 4988
3459 1741 3459
3460 4999
3461 4898
3462 4726
3463 4910
3464 4689
3465 3465
3466 4941
3467 3783 4161
3468 4779
3469 4963
3470 3659
3471 4094
3472 3659
3473 4910
3474 4995
3475 4696
3476 4834
3477 4932
3478 4034
3479 4927
3480 4699
3481 4210
3482 4012
3483 4924
3484 4337
3485 4889
3486 4737
3487 3096
3488 4843
3489 4919
3490 4932
3491 4738
3492 4993
3493 4977
3494 4964
3495 4832
3496 3812
3497 4034
3498 2684
3499 3658
3500 3729
3501 4975
3502 3392
3503 3659
3504 3851
3505 4760
3506 4689
3507 3665
3508 4479
3509 4919
3510 4988
3511 4168
3512 4967
3513 4618
3514 4803
3515 4551 4995
3516 4034
3517 3408
3518 4627 4997
3519 4687
3520 4139
3521 4392 4556
3522 4870
3523 4920
3524 4749
3525 4725
3526 4844
3527 4184 4942
3528 4863
3529 4796 4957
3530 3923
3531 4927
3532 3532
3533 4907
3534 4962
3535 2485 3535
3536 4689
3537 4737
3538 4919
3539 4952
3540 4997
3541 4749 4997
3542 4924
3543 4982
3544 4618
3545 4151
3546 3862
3547 4932
3548 4889
3549 4081
3550 4948
3551 3643
3552 4843
3553 4792
3554 2866 4716
3555 4962
3556 4863
3557 4582
3558 4675
3559 4985
3560 3631
3561 4219
3562 4643 4979
3563 4924
3564 4627
3565 4880
3566 2791
3567 4560
3568 4957
3569 4927
3570 4711
3571 4975
3572 4920
3573 4881
3574 4924
3575 4210
3576 4997
3577 4877
3578 4811
3579 4711
3580 4139
3581 4645
3582 2551
3583 4902
3584 3314
3585 4975
3586 4988
3587 4949 4994
3588 4749
3589 3812 4963
3590 4968
3591 4699
3592 4798
3593 3730
3594 4933
3595 3705
3596 3626
3597 4726
3598 4968
3599 4337
3600 2870
3601 4716
3602 4957
3603 4738
3604 3226
3605 3605
3606 4699
3607 4665
3608 4687
3609 4477
3610 4716 4920
3611 4500
3612 4665
3613 4982
3614 3376 3459
3615 4933
3616 3616
3617 4184
3618 4081
3619 3619
3620 4478
3621 4992
3622 4533
3623 4533
3624 3016
3625 4881
3626 3626
3627 4798
3628 3535 4991
3629 4716
3630 4161
3631 3631
3632 4479
3633 4467
3634 4880
3635 4889
3636 4533
3637 4477
3638 4803
3639 4477
3640 4930
3641 3948
3642 3796
3643 3643
3644 4362
3645 3885
3646 4413
3647 4726
3648 4892
3649 4930
3650 4716
3651 4957
3652 4216
3653 4777
3654 3459 4749
3655 4367
3656 4834
3657 4838
3658 3658
3659 3659
3660 4862
3661 4556
3662 4952
3663 4988
3664 4962
3665 3665
3666 4777
3667 4898
3668 4207
3669 4992
3670 4985
3671 4880
3672 4844
3673 4413 4979
3674 4870
3675 4219
3676 4305
3677 4848
3678 4942
3679 3679
3680 4832
3681 4392 4556 4796
3682 4477
3683 4602
3684 4835
3685 4675
3686 4985
3687 4367 5000
3688 4933
3689 4308
3690 4713
3691 4703
3692 4900
3693 4378
3694 2866
3695 3695
3696 4184
3697 4022
3698 4877
3699 4533 4975
3700 4811
3701 4568
3702 3643
3703 4418
3704 4975
3705 3705
3706 4688
3707 4977
3708 4930
3709 3742
3710 4928
3711 3948
3712 4308
3713 4963
3714 4935
3715 4602
3716 4707
3717 4887
3718 4993
3719 4863
3720 3532
3721 4758
3722 4479
3723 4675
3724 4935
3725 4139
3726 4832
3727 4533
3728 3783
3729 3729
3730 3730
3731 4792
3732 4992
3733 4979
3734 2684 4949
3735 4749
3736 4927
3737 4835
3738 4870
3739 4848
3740 3827
3741 4898
3742 3742
3743 4737
3744 3742
3745 4935
3746 4773
3747 4933
3748 4703
3749 4603 4920
3750 4959
3751 4982
3752 4738
3753 4749
3754 4811
3755 4088
3756 4880
3757 4603
3758 4966
3759 4898
3760 4523
3761 4362
3762 4966
3763 4967
3764 3764
3765 4523
3766 3796
3767 4982
3768 4151
3769 4796
3770 4094
3771 4688
3772 4941
3773 4022 5000
3774 4483
3775 4880
3776 4910
3777 4737
3778 4930
3779 4687
3780 3862
3781 3619
3782 4957
3783 3783
3784 4479
3785 4725
3786 4935
3787 4362
3788 4835
3789 2684
3790 4992
3791 4367
3792 4862
3793 4997
3794 4964
3795 4711
3796 3796
3797 4337
3798 4919
3799 3226 4088
3800 4900
3801 4726
3802 3730
3803 4952
3804 4951
3805 4411
3806 4957
3807 4779
3808 4957
3809 4930
3810 4935
3811 4967
3812 3812
3813 4933
3814 4910
3815 4967
3816 4703 4991
3817 3004
3818 4758
3819 3626
3820 4910
3821 4991
3822 4568
3823 4483 4914
3824 4730 4942
3825 4392 4556
3826 4811
3827 3827
3828 4901
3829 4949
3830 4900
3831 4975
3832 4034
3833 4948
3834 4418
3835 3729 4877
3836 4483
3837 4413
3838 4977
3839 4928
3840 4900
3841 4687
3842 4948
3843 4928
3844 4991
3845 3862
3846 4964
3847 4994
3848 2156 4707
3849 4898
3850 4760 4798
3851 3851
3852 4688
3853 4777
3854 4777
3855 4975
3856 4952
3857 4618 4965
3858 4907
3859 4962
3860 4777
3861 4643
3862 3862
3863 4477
3864 4512 4988
3865 4235
3866 4898
3867 4871
3868 4413
3869 4995
3870 4995
3871 4927
3872 4924
3873 4699
3874 4383
3875 4999
3876 4991
3877 4643
3878 3465
3879 3742
3880 4995
3881 4418
3882 4975
3883 4367
3884 4696
3885 3885
3886 4957
3887 4838
3888 4948
3889 4954
3890 4602
3891 4991 4993
3892 4781
3893 4568
3894 4151 4871
3895 4933
3896 4979
3897 4859
3898 4519
3899 4568
3900 4941
3901 4948
3902 4994
3903 3948 4675
3904 4920
3905 4967
3906 4392
3907 4707
3908 4687
3909 4927
3910 3094
3911 4688
3912 4210
3913 3679 4935
3914 4844
3915 4523
3916 4738 4941
3917 4184
3918 4900
3919 3862 4933
3920 4043
3921 4968
3922 4781
3923 3923
3924 4902 4933
3925 4365 4844
3926 4730
3927 5000
3928 4660
3929 4484
3930 4999
3931 4556
3932 4645
3933 4703
3934 4843
3935 4834 4975
3936 4219
3937 4043 4877
3938 4592
3939 4725
3940 4383
3941 4975
3942 4022
3943 4924
3944 3796
3945 4378
3946 4862
3947 4055
3948 3948
3949 4465
3950 4992
3951 4803
3952 4985
3953 4928
3954 3954
3955 4942
3956 3408 5000
3957 2216
3958 4533
3959 4689
3960 4536
3961 4737
3962 4241
3963 4919
3964 4963
3965 4523
3966 4688
3967 4737 4880
3968 3923
3969 4779
3970 4988
3971 4994
3972 4848
3973 4928
3974 3465
3975 4798
3976 4738
3977 4982
3978 4966 4988
3979 4982
3980 4725
3981 4930
3982 4465 4660
3983 4413
3984 4901
3985 3314
3986 4484
3987 4536
3988 4760
3989 4542
3990 4920
3991 3532 4898
3992 4930
3993 4716
3994 4930
3995 4483
3996 3996
3997 4975
3998 4898
3999 4844
4000 4465
4001 4880
4002 4483
4003 4665
4004 4935
4005 4997
4006 4759 4881
4007 4796
4008 4008
4009 4877
4010 4887
4011 4378
4012 4012
4013 4582
4014 4014
4015 4618
4016 4959
4017 4687
4018 4689
4019 3016
4020 3862
4021 4930
4022 4022
4023 4660
4024 4898
4025 4055 4932
4026 4413
4027 4582 4703
4028 4725
4029 4892
4030 4870
4031 4308
4032 4560
4033 4991
4034 4034
4035 4964
4036 4927
4037 4660
4038 4241
4039 4957
4040 4418
4041 4992
4042 4411
4043 4043
4044 4168
4045 4901
4046 4941
4047 4759
4048 4699
4049 4716
4050 4675
4051 4479
4052 2866 4835
4053 4592
4054 4999
4055 4055
4056 4993
4057 4660
4058 4411
4059 4959
4060 4699 4994
4061 4992
4062 4592
4063 4844
4064 4838
4065 4749
4066 4477
4067 4758
4068 4988
4069 4374
4070 4713 4942
4071 2684 4730
4072 4796
4073 4798
4074 4430
4075 4151
4076 4959
4077 4844
4078 4781
4079 4533
4080 4308 4374
4081 4081
4082 4968
4083 4860
4084 4084
4085 4665 4991
4086 4337
4087 4959
4088 4088
4089 4962
4090 4378
4091 4963
4092 4877
4093 4964
4094 4094
4095 4920
4096 4982
4097 4957
4098 4968
4099 4962
4100 4490
4101 4988
4102 4730 4881
4103 4941 4957
4104 3432
4105 4081
4106 4732
4107 4988
4108 4490
4109 4924
4110 5000
4111 4643
4112 4777
4113 4759
4114 4924
4115 4898 4935
4116 4803
4117 4910
4118 4870
4119 4951
4120 4914
4121 4907
4122 4781
4123 4902
4124 4901
4125 4941
4126 4877
4127 4711
4128 4128
4129 4871
4130 4759
4131 4519
4132 4968
4133 4898
4134 4889
4135 4898
4136 4582
4137 3783
4138 4779
4139 4139
4140 4726
4141 4478
4142 5000
4143 4479
4144 4043 4877
4145 4995
4146 4834
4147 4696
4148 4962
4149 4219
4150 4643
4151 4151
4152 4863
4153 4603
4154 4551
4155 4378
4156 4902
4157 3182
4158 4158
4159 4907
4160 4963
4161 4161
4162 4870
4163 4094
4164 4726
4165 4991
4166 4928
4167 4687
4168 4168
4169 4798 4844
4170 4128
4171 4490
4172 4378 4977
4173 4949
4174 4696
4175 4645
4176 4378
4177 4930
4178 4645
4179 4932 4966
4180 4781 4843
4181 4988 4995
4182 4603
4183 4907 4919
4184 4184
4185 4732
4186 4210
4187 4749
4188 4465
4189 4959
4190 4308
4191 4014
4192 4192
4193 3665 4811
4194 4928
4195 3096 4792
4196 4374
4197 4711
4198 4732
4199 4699
4200 4962
4201 4773
4202 4716
4203 4910
4204 4844
4205 4796
4206 4967
4207 4207
4208 4542
4209 4759
4210 4210
4211 4796
4212 4554
4213 4848
4214 4523 4994
4215 4992
4216 4216
4217 4965
4218 4967
4219 4219
4220 4871
4221 4948
4222 5000
4223 4930
4224 4726
4225 4859
4226 4835
4227 4881
4228 4954
4229 3619
4230 4975
4231 4838
4232 4477 4645
4233 4844
4234 4699 4902
4235 4235
4236 4966
4237 4556 4995
4238 4465 4964
4239 4994
4240 4892
4241 4241
4242 4999
4243 4430
4244 4901
4245 4777
4246 4941
4247 4887
4248 4968
4249 4933
4250 4989
4251 4863
4252 4689
4253 4707
4254 4977
4255 4979
4256 4907
4257 4796
4258 4258
4259 4870
4260 4880
4261 4139 4957
4262 4959
4263 4948
4264 4161
4265 4161
4266 4337
4267 3016 4055
4268 4862
4269 4484 4843
4270 4660 4968
4271 4930
4272 4430
4273 4523 4838
4274 4887
4275 4483
4276 4862
4277 4892
4278 4914
4279 4992
4280 4689
4281 4902
4282 4914
4283 4994
4284 4979
4285 4919
4286 4993
4287 2813 3605
4288 4568
4289 4479
4290 4365
4291 4792
4292 4964
4293 4932
4294 4919
4295 4798
4296 4500
4297 4907
4298 4843
4299 4835
4300 4975
4301 4982
4302 4977
4303 4881
4304 4966
4305 4305
4306 4848
4307 4993
4308 4308
4309 4696
4310 4665 4670
4311 4933
4312 4725
4313 4932
4314 4490
4315 4490
4316 4994
4317 4900
4318 4994
4319 4928
4320 4533
4321 4737
4322 4738
4323 4892
4324 4219
4325 4811
4326 4758
4327 4161
4328 4479 4962
4329 4982
4330 4898
4331 4964
4332 4484
4333 4994
4334 4887
4335 4942
4336 4749
4337 4337
4338 4902
4339 4554
4340 4725
4341 4995
4342 4536 4977
4343 4994
4344 4184 4985
4345 4902
4346 4500
4347 3812
4348 3605
4349 4365
4350 4957
4351 4835
4352 4711
4353 4994
4354 4999
4355 4660 4732
4356 4902
4357 4997
4358 4924
4359 4928
4360 4859
4361 4665
4362 4362
4363 4490
4364 4689
4365 4365
4366 4670
4367 4367
4368 4235
4369 4779
4370 4843
4371 3827
4372 4901
4373 4811
4374 4374
4375 4949
4376 3659 4365
4377 4688
4378 4378
4379 4696 4838
4380 4901
4381 4967 4989
4382 4949
4383 4383
4384 4603 4877
4385 4726
4386 4337
4387 4859
4388 4982
4389 4235 4995
4390 4519
4391 4665
4392 4392
4393 4902
4394 4726
4395 4910
4396 4919
4397 4603
4398 3827
4399 4703
4400 4699
4401 4582 4860
4402 4919
4403 4688
4404 4796
4405 4645
4406 5000
4407 4991
4408 4760
4409 4881
4410 4592
4411 4411
4412 4977
4413 4413
4414 3006
4415 4707
4416 4862
4417 4993
4418 4418
4419 4675
4420 4055 4737
4421 4392 4556
4422 4982
4423 3200 4843
4424 4711
4425 4860
4426 4930 4935
4427 4643
4428 4519 4760
4429 4759
4430 4430
4431 4235 4732
4432 4979
4433 1662 4192
4434 4927
4435 4568
4436 4533
4437 2216 4798
4438 4738
4439 4556
4440 4880
4441 4687
4442 4732 4898
4443 4962
4444 4924
4445 4834 4982
4446 4977
4447 4430 4994
4448 4760
4449 4523 4618
4450 4968
4451 4994
4452 4365 4560
4453 4880
4454 4834
4455 4871
4456 4760
4457 2551 3729
4458 4920
4459 4979
4460 4713
4461 4430
4462 5000
4463 4796
4464 4982
4465 4465
4466 4844
4467 4467
4468 4989
4469 4989
4470 4901
4471 4392
4472 4699
4473 4592
4474 4699
4475 4910
4476 4935
4477 4477
4478 4478
4479 4479
4480 4988
4481 4838 4967
4482 4418
4483 4483
4484 4484
4485 4592
4486 4863
4487 4914
4488 4924
4489 4979
4490 4490
4491 4779
4492 4863
4493 4689
4494 4952
4495 4979 4985
4496 4592
4497 4699
4498 4997
4499 4707
4500 4500
4501 4948
4502 4965
4503 4967
4504 4928
4505 4919
4506 4843
4507 3619
4508 4979
4509 4688
4510 4977
4511 4848
4512 4512
4513 4964
4514 4863
4515 4871
4516 4773
4517 4848
4518 4949
4519 4519
4520 4948
4521 4965
4522 4483
4523 4523
4524 4942
4525 4792
4526 4716 4900
4527 4730 4999
4528 4781
4529 4914
4530 4490
4531 4954
4532 4859
4533 4533
4534 4034
4535 4838
4536 4536
4537 4483 4982
4538 4898
4539 4889
4540 4989
4541 4997
4542 4542
4543 3705 4928
4544 4920
4545 4643 4862
4546 4914
4547 4568
4548 4643
4549 4902
4550 3679 4811
4551 4551
4552 4928
4553 4948
4554 4554
4555 4777
4556 4556
4557 4699
4558 4871
4559 4832
4560 4560
4561 4843
4562 4556
4563 4643
4564 4184 4798
4565 4726
4566 4999
4567 4523 4838 4993
4568 4568
4569 4843
4570 4898
4571 4992
4572 4991
4573 4993
4574 4889
4575 4949
4576 4551 4907
4577 4383
4578 4927
4579 4930
4580 4992
4581 4948
4582 4582
4583 4803 4989
4584 4859
4585 4603 4811
4586 4687
4587 4777
4588 4759
4589 4737 4877
4590 4910
4591 4781
4592 4592
4593 4982
4594 4985
4595 4941
4596 4999
4597 4798
4598 4907
4599 4687
4600 4959
4601 4758 4977
4602 4602
4603 4603
4604 4533
4605 4726
4606 4924
4607 4871
4608 4948
4609 4985
4610 4034 4941
4611 4887
4612 4927
4613 4982
4614 3226 4523 4838
4615 4792
4616 4871
4617 4337 4892
4618 4618
4619 4730
4620 4699
4621 4877
4622 4999
4623 4645
4624 4951
4625 4977
4626 4902
4627 4627
4628 4773 4796
4629 4484
4630 4689
4631 4643
4632 4887
4633 4889
4634 4892
4635 4887
4636 4760
4637 4834
4638 4792 4957
4639 4902
4640 4898
4641 5000
4642 4877
4643 4643
4644 4989
4645 4645
4646 4900
4647 4930
4648 4859
4649 4184 4942
4650 4483 4954
4651 4951
4652 4900
4653 4889
4654 4859
4655 4919
4656 4860
4657 4660
4658 4935
4659 4467 4523
4660 4660
4661 4993
4662 4977
4663 4933
4664 4932
4665 4665
4666 4968
4667 4919
4668 4737
4669 4870
4670 4670
4671 4977
4672 4887
4673 4627
4674 4975
4675 4675
4676 4618
4677 4997
4678 4738
4679 4975
4680 4838
4681 4898
4682 4902
4683 4703
4684 4834 4951
4685 4843
4686 4997
4687 4687
4688 4688
4689 4689
4690 4796
4691 3314 3764
4692 4781
4693 4781
4694 4928
4695 3240 4523 4838 4991
4696 4696
4697 4927
4698 4523
4699 4699
4700 4738
4701 4834
4702 4959
4703 4703
4704 4999
4705 4965
4706 4803
4707 4707
4708 3695 4843
4709 4964
4710 4835
4711 4711
4712 4994
4713 4713
4714 4999
4715 4737
4716 4716
4717 4965
4718 4898
4719 4994
4720 4982 4999
4721 4942
4722 4991
4723 4927
4724 4881
4725 4725
4726 4726
4727 4792 4892
4728 4954
4729 4703 4949
4730 4730
4731 4997
4732 4732
4733 4834
4734 5000
4735 4843
4736 4378
4737 4737
4738 4738
4739 4968
4740 4977
4741 4975
4742 4959
4743 4999
4744 4975
4745 4902
4746 3996 4392
4747 4933
4748 4699
4749 4749
4750 4988
4751 4985
4752 4523 4838
4753 4759 4835
4754 4892
4755 3314 4383
4756 4995
4757 4792
4758 4758
4759 4759
4760 4760
4761 4892
4762 4963
4763 4968
4764 4952
4765 4898 4988
4766 4834
4767 4954
4768 2551 3729 4781
4769 4933
4770 4975
4771 4889
4772 4975
4773 4773
4774 4798
4775 4803
4776 4907
4777 4777
4778 4999
4779 4779
4780 4779
4781 4781
4782 4737
4783 4924
4784 4979
4785 4957
4786 4942
4787 4758
4788 4811 4889
4789 4952
4790 4933
4791 4977
4792 4792
4793 4859
4794 4957
4795 4843
4796 4796
4797 4948
4798 4798
4799 4803
4800 4860
4801 4992
4802 5000
4803 4803
4804 5000
4805 4999
4806 4928
4807 4951
4808 4848
4809 4954
4810 4977
4811 4811
4812 4863
4813 4988
4814 4942
4815 5000
4816 4997
4817 4870 4952
4818 4907
4819 4966
4820 4952
4821 4954
4822 4305 4467
4823 4413 4660
4824 4935
4825 4910 4999
4826 4689
4827 4927
4828 4860
4829 4935
4830 4834
4831 4957
4832 4832
4833 4954
4834 4834
4835 4835
4836 4887
4837 3631 4465
4838 4838
4839 4935
4840 4959
4841 4560 4935
4842 4982
4843 4843
4844 4844
4845 4871
4846 4952
4847 4848
4848 4848
4849 4920
4850 4835
4851 4992
4852 4919
4853 4952
4854 4927
4855 4892
4856 4798
4857 4965
4858 4871
4859 4859
4860 4860
4861 4843 4967
4862 4862
4863 4863
4864 4928
4865 4982
4866 4889
4867 4924
4868 4954
4869 4898
4870 4870
4871 4871
4872 4914
4873 4703 4989
4874 4975
4875 4930
4876 4898
4877 4877
4878 4887
4879 4920
4880 4880
4881 4881
4882 4759
4883 4932
4884 4536 4871
4885 4901
4886 4892
4887 4887
4888 4914
4889 4889
4890 4880
4891 4942
4892 4892
4893 4966
4894 4982
4895 4965
4896 4995
4897 4951
4898 4898
4899 4919
4900 4900
4901 4901
4902 4902
4903 4898
4904 4670 4982
4905 4966
4906 4430 4832
4907 4907
4908 4796 4997
4909 4951
4910 4910
4911 4993
4912 4991
4913 4979
4914 4914
4915 4962
4916 4942
4917 4948
4918 4989
4919 4919
4920 4920
4921 3336 4568
4922 4759
4923 4999
4924 4924
4925 4378 4924
4926 4362 4995
4927 4927
4928 4928
4929 4982
4930 4930
4931 4898
4932 4932
4933 4933
4934 4967
4935 4935
4936 3885 4963
4937 4477 4862
4938 4081 4737
4939 4964
4940 4411 4902
4941 4941
4942 4942
4943 4982
4944 4948
4945 4941
4946 4954
4947 4848 5000
4948 4948
4949 4949
4950 4979
4951 4951
4952 4952
4953 3336 4660 4732
4954 4954
4955 4952
4956 4478 4963
4957 4957
4958 4979 4991
4959 4959
4960 4989
4961 4966
4962 4962
4963 4963
4964 4964
4965 4965
4966 4966
4967 4967
4968 4968
4969 3643 4982
4970 5000
4971 4965
4972 4989
4973 4796 4988
4974 4392 4556
4975 4975
4976 4966
4977 4977
4978 4914 4989
4979 4979
4980 4730 4732
4981 4989
4982 4982
4983 4139 4843
4984 3226 4957
4985 4985
4986 4982
4987 4985
4988 4988
4989 4989
4990 4367 4957
4991 4991
4992 4992
4993 4993
4994 4994
4995 4995
4996 4979
4997 4997
4998 4519 4887
4999 4999
5000 5000
