1	71 
2	37 
3	19 
4	56 
5	40 
6	36 
7	66 
8	112 
9	73 
10	107 
11	110 
12	82 91 
13	112 
14	53 
15	48 
16	21 
17	34 
18	67 
19	84 
20	38 
21	105 
22	112 
23	17 
24	86 
25	63 
26	98 
27	115 
28	63 
29	21 
30	58 
31	41 
32	31 
33	45 
34	47 
35	103 
36	53 
37	44 
38	110 
39	16 
40	46 
41	102 
42	88 
43	15 38 
44	91 
45	31 
46	21 
47	68 
48	27 
49	85 
50	15 67 
51	75 
52	15 30 
53	75 
54	60 
55	14 
56	7 79 
57	105 
58	58 
59	97 
60	16 
61	13 
62	33 
63	115 
64	13 35 
65	23 
66	14 
67	21 
68	90 
69	91 
70	8 
71	36 
72	30 
73	22 
74	53 
75	39 
76	83 
77	34 
78	101 
79	5 
80	28 
81	71 
82	8 
83	30 
84	15 
85	89 
86	11 
87	59 67 
88	43 
89	49 
90	13 
91	46 
92	85 
93	71 
94	22 
95	104 
96	69 
97	53 
98	53 
99	14 
100	55 
101	59 
102	27 
103	115 
104	58 
105	21 28 
106	50 
107	60 
108	98 
109	71 
110	30 
111	2 
112	28 
113	17 
114	37 
115	65 
116	102 
117	58 
118	112 
119	91 
120	107 
121	57 
122	55 
123	71 
124	2 
125	30 
126	38 
127	84 
128	78 85 
129	44 
130	91 
131	38 
132	88 
133	113 
134	49 
135	110 
136	112 
137	3 
138	65 
139	92 
140	33 
141	11 102 
142	112 
143	59 
144	61 
145	46 
146	5 
147	49 
148	34 
149	34 
150	38 
151	19 61 
152	89 
153	46 
154	21 
155	55 112 
156	12 
157	110 
158	80 
159	10 
160	16 
161	13 107 
162	42 
163	44 
164	23 
165	3 
166	81 
167	52 
168	31 
169	108 
170	38 
171	83 
172	13 
173	86 
174	10 
175	3 
176	53 
177	86 
178	26 
179	69 
180	15 
181	99 
182	30 57 
183	17 
184	45 
185	115 
186	38 
187	80 
188	30 
189	98 
190	110 
191	50 
192	37 53 
193	31 
194	66 
195	78 
196	61 
197	109 
198	14 22 
199	106 
200	32 
201	102 
202	17 
203	49 
204	32 
205	79 
206	56 
207	14 
208	22 
209	30 
210	65 
211	39 
212	24 93 
213	53 
214	39 
215	18 
216	72 
217	34 
218	3 
219	14 
220	9 
221	95 
222	41 
223	33 
224	112 
225	83 
226	85 
227	46 
228	55 
229	18 
230	30 
231	31 
232	106 
233	83 
234	115 
235	49 
236	52 
237	60 
238	45 
239	110 
240	29 
241	37 
242	102 
243	21 
244	59 
245	15 
246	13 
247	107 
248	30 
249	53 
250	88 
251	34 
252	76 
253	91 
254	56 
255	45 
256	53 
257	46 
258	98 
259	66 
260	54 
261	16 
262	6 
263	17 89 
264	75 
265	19 59 
266	64 
267	80 
268	38 
269	66 
270	89 
271	11 
272	3 
273	67 
274	83 
275	50 
276	32 
277	18 
278	85 
279	93 
280	73 
281	47 93 
282	115 
283	1 
284	48 
285	63 
286	44 
287	67 
288	81 
289	92 
290	115 
291	58 
292	28 
293	21 
294	14 
295	60 
296	112 
297	106 
298	72 
299	35 
300	110 
301	88 
302	22 
303	84 
304	90 
305	27 
306	16 
307	86 
308	68 112 
309	99 
310	74 
311	81 
312	20 
313	54 
314	104 
315	19 
316	69 
317	21 
318	57 
319	34 
320	105 
321	2 
322	100 
323	13 46 
324	43 
325	86 
326	56 
327	13 
328	6 
329	84 
330	53 
331	31 
332	112 
333	100 
334	19 
335	41 
336	109 
337	80 
338	35 
339	107 
340	45 106 
341	107 
342	61 
343	15 
344	83 
345	16 
346	45 
347	56 
348	45 
349	55 
350	106 
351	3 
352	33 
353	31 
354	102 
355	34 
356	71 
357	103 
358	15 
359	15 
360	56 
361	91 
362	107 
363	8 
364	84 
365	50 
366	24 101 
367	43 94 
368	53 
369	6 
370	96 
371	60 
372	17 
373	76 
374	110 
375	88 
376	64 
377	58 
378	14 
379	84 
380	90 
381	57 
382	46 
383	30 
384	101 
385	19 
386	83 
387	57 
388	80 
389	44 
390	51 
391	24 
392	106 
393	41 
394	11 
395	18 
396	38 
397	108 
398	15 
399	26 
400	38 
401	55 
402	102 
403	45 
404	6 
405	7 
406	35 
407	88 
408	25 
409	44 
410	80 
411	85 
412	34 
413	22 
414	37 
415	7 
416	83 
417	23 77 
418	101 
419	8 
420	92 
421	84 
422	16 81 
423	27 
424	67 
425	50 
426	107 
427	48 92 
428	30 
429	35 
430	102 104 
431	69 
432	61 
433	66 
434	82 
435	96 
436	49 
437	95 
438	41 
439	55 
440	10 
441	35 
442	18 
443	8 64 
444	83 
445	101 
446	46 
447	51 
448	102 
449	66 
450	2 17 
451	36 103 
452	103 
453	21 
454	101 
455	49 
456	33 
457	44 
458	42 
459	97 
460	41 
461	89 
462	84 
463	38 
464	40 
465	79 84 
466	1 
467	27 
468	53 
469	21 
470	32 
471	107 
472	6 42 
473	61 
474	14 
475	1 
476	61 
477	16 
478	79 
479	97 
480	58 
481	34 
482	106 
483	17 
484	64 
485	114 
486	56 
487	7 115 
488	81 
489	65 
490	69 
491	50 
492	41 
493	72 
494	85 
495	84 
496	80 
497	49 
498	55 
499	55 
500	92 
501	31 
502	43 89 
503	69 
504	29 112 
505	49 56 
506	64 
507	43 
508	41 
509	8 
510	83 
511	15 
512	45 
513	90 
514	56 
515	46 
516	106 
517	47 71 
518	85 
519	83 
520	18 
521	17 
522	34 
523	58 
524	109 
525	85 
526	30 76 
527	112 
528	33 
529	100 
530	31 
531	32 
532	41 
533	28 
534	51 87 
535	2 
536	28 
537	53 
538	14 
539	2 
540	37 
541	80 
542	81 
543	72 
544	30 
545	42 61 
546	10 
547	82 
548	16 
549	74 
550	28 
551	33 84 
552	91 
553	56 
554	102 
555	58 
556	15 19 
557	80 
558	113 
559	15 
560	69 
561	53 
562	51 
563	63 
564	55 
565	79 
566	45 
567	61 
568	49 
569	102 
570	56 
571	29 41 
572	7 78 
573	46 
574	71 
575	107 
576	17 46 
577	25 
578	49 
579	80 
580	53 
581	11 35 
582	4 
583	67 
584	66 
585	14 
586	45 
587	62 
588	4 
589	19 73 
590	12 
591	28 
592	45 
593	50 
594	25 
595	60 
596	58 
597	18 
598	38 
599	2 27 
600	84 
601	66 
602	22 
603	57 
604	57 
605	43 
606	2 
607	44 
608	45 
609	115 
610	79 
611	15 71 
612	66 
613	38 
614	45 
615	92 
616	85 
617	110 
618	74 
619	20 
620	107 
621	25 26 
622	41 
623	103 
624	41 
625	38 
626	35 
627	1 
628	49 
629	52 
630	66 
631	49 105 
632	8 
633	30 
634	60 
635	112 
636	88 
637	21 
638	14 
639	15 
640	34 
641	14 
642	78 
643	81 84 
644	16 84 
645	112 
646	25 
647	58 
648	22 
649	34 
650	21 64 
651	89 
652	3 
653	67 
654	43 
655	104 
656	76 
657	114 
658	83 103 
659	106 
660	42 
661	2 
662	30 
663	30 61 
664	91 
665	61 
666	90 
667	21 105 
668	15 
669	52 
670	71 
671	85 
672	76 
673	34 
674	45 
675	16 
676	55 
677	84 
678	115 
679	72 
680	82 
681	63 
682	30 
683	102 
684	16 
685	17 42 
686	65 
687	66 
688	6 
689	110 
690	55 
691	19 
692	64 
693	35 
694	49 
695	20 
696	46 
697	47 
698	1 
699	45 
700	65 
701	63 
702	38 
703	35 
704	50 
705	17 
706	46 
707	17 52 
708	17 
709	2 
710	41 
711	108 
712	86 
713	71 
714	36 
715	11 
716	107 
717	58 
718	24 
719	35 
720	50 
721	71 
722	24 
723	45 
724	33 
725	79 
726	15 56 
727	13 
728	97 
729	96 
730	78 
731	98 
732	46 
733	94 
734	59 
735	45 
736	93 
737	18 
738	87 
739	13 
740	9 
741	50 
742	46 
743	39 
744	53 74 
745	17 
746	58 
747	29 
748	94 
749	66 
750	80 
751	13 
752	41 
753	56 
754	49 
755	23 
756	21 82 
757	53 
758	88 
759	55 
760	88 
761	81 
762	9 
763	115 
764	85 
765	50 
766	13 
767	28 
768	50 
769	114 
770	88 
771	83 
772	110 
773	115 
774	21 
775	82 
776	59 
777	14 
778	69 
779	48 
780	13 
781	83 
782	55 79 
783	111 
784	62 
785	1 
786	62 
787	49 
788	13 
789	35 
790	83 
791	43 
792	22 
793	48 
794	6 
795	68 
796	72 
797	60 
798	30 
799	85 
800	80 
801	74 
802	11 70 
803	33 46 
804	41 
805	53 
806	10 
807	68 
808	25 59 
809	93 
810	9 
811	8 
812	71 
813	13 
814	111 
815	58 
816	14 
817	19 
818	105 
819	55 
820	72 
821	67 
822	76 
823	20 
824	114 
825	58 
826	85 
827	7 
828	6 
829	31 
830	43 
831	90 
832	35 
833	100 
834	2 
835	45 
836	31 
837	18 
838	115 
839	44 
840	38 
841	4 
842	66 
843	44 
844	38 
845	13 
846	4 11 
847	75 
848	43 
849	21 92 
850	11 
851	112 
852	98 
853	11 
854	19 46 
855	105 
856	53 
857	33 
858	64 
859	5 
860	92 112 
861	71 
862	88 
863	21 
864	64 
865	25 
866	47 67 
867	22 
868	55 
869	7 
870	8 
871	103 
872	63 
873	38 
874	79 
875	6 
876	38 
877	54 80 
878	15 
879	1 
880	78 
881	58 
882	41 
883	114 
884	64 
885	74 
886	13 
887	7 
888	15 
889	71 
890	64 
891	42 
892	56 
893	103 107 
894	16 28 
895	31 
896	101 
897	59 
898	51 
899	51 
900	95 
901	19 
902	89 
903	101 
904	103 
905	64 112 
906	36 
907	85 
908	54 
909	82 
910	44 
911	61 
912	61 
913	85 
914	16 
915	72 
916	51 
917	44 
918	48 
919	55 
920	53 
921	9 106 
922	105 
923	29 
924	98 
925	11 45 
926	75 
927	84 
928	30 
929	38 
930	41 
931	2 
932	71 
933	76 
934	79 
935	21 
936	38 
937	85 
938	38 
939	17 
940	67 
941	20 31 
942	93 
943	45 66 
944	87 
945	96 
946	66 
947	6 66 
948	21 
949	13 
950	74 
951	3 31 
952	49 
953	104 
954	80 
955	58 
956	57 
957	66 
958	1 
959	56 
960	1 
961	31 
962	28 
963	17 
964	33 
965	53 
966	40 
967	83 
968	58 76 
969	15 17 
970	16 17 
971	79 
972	72 
973	84 
974	31 
975	41 
976	46 
977	90 
978	94 
979	40 
980	47 
981	55 
982	34 
983	114 
984	107 
985	45 
986	43 
987	79 
988	33 
989	64 
990	44 
991	27 
992	75 
993	26 
994	19 
995	50 
996	37 
997	88 
998	60 
999	70 
1000	100 
1001	68 
1002	58 
1003	5 
1004	61 
1005	80 
1006	103 
1007	69 
1008	100 
1009	2 
1010	24 
1011	57 
1012	24 39 
1013	15 
1014	43 
1015	13 71 
1016	46 
1017	25 
1018	94 
1019	85 
1020	38 
1021	39 
1022	2 
1023	112 
1024	16 
1025	37 
1026	15 
1027	57 
1028	30 
1029	85 
1030	49 
1031	29 
1032	35 
1033	3 39 
1034	57 
1035	69 
1036	107 
1037	18 
1038	85 
1039	12 
1040	72 94 
1041	12 
1042	14 
1043	38 
1044	107 
1045	18 
1046	21 
1047	101 
1048	45 
1049	80 
1050	90 
1051	51 
1052	102 
1053	43 
1054	64 
1055	16 44 
1056	95 
1057	23 
1058	4 
1059	46 55 
1060	107 
1061	14 
1062	2 75 
1063	34 
1064	32 
1065	9 
1066	25 
1067	108 
1068	103 
1069	53 
1070	46 
1071	84 
1072	109 
1073	85 
1074	82 
1075	102 
1076	66 
1077	85 
1078	43 
1079	49 
1080	16 
1081	27 
1082	90 
1083	31 
1084	63 
1085	34 
1086	1 4 
1087	42 
1088	18 
1089	32 
1090	98 
1091	38 
1092	82 
1093	62 
1094	32 33 
1095	17 
1096	53 
1097	81 
1098	30 
1099	36 
1100	107 
1101	14 
1102	44 
1103	98 
1104	15 
1105	47 
1106	66 
1107	64 
1108	39 
1109	47 
1110	34 
1111	38 
1112	67 
1113	19 
1114	84 
1115	28 
1116	111 
1117	41 
1118	52 
1119	78 
1120	19 
1121	114 
1122	61 
1123	13 64 
1124	74 
1125	88 
1126	5 
1127	104 110 
1128	53 89 
1129	15 
1130	8 
1131	36 
1132	102 
1133	64 
1134	14 
1135	4 
1136	79 
1137	16 
1138	50 
1139	64 
1140	53 
1141	83 
1142	21 
1143	38 
1144	45 
1145	51 
1146	111 
1147	60 
1148	31 
1149	46 
1150	85 
1151	34 
1152	19 
1153	29 88 
1154	58 
1155	103 
1156	62 
1157	54 
1158	61 
1159	33 57 
1160	68 
1161	44 
1162	97 
1163	7 
1164	80 85 
1165	51 
1166	67 
1167	58 
1168	111 
1169	82 
1170	89 
1171	34 39 
1172	15 
1173	28 
1174	49 
1175	66 
1176	43 
1177	86 
1178	66 
1179	28 
1180	12 
1181	102 
1182	52 
1183	55 
1184	71 
1185	46 
1186	38 
1187	114 
1188	46 
1189	39 
1190	30 113 
1191	3 21 
1192	85 
1193	69 
1194	113 
1195	60 
1196	5 
1197	19 
1198	76 
1199	75 
1200	80 
1201	61 
1202	103 
1203	59 
1204	17 
1205	88 
1206	81 
1207	3 65 
1208	17 
1209	77 
1210	100 
1211	50 
1212	4 
1213	69 
1214	91 
1215	21 
1216	62 
1217	19 48 
1218	44 
1219	73 
1220	4 
1221	9 
1222	95 
1223	97 
1224	17 
1225	86 
1226	105 
1227	83 
1228	6 
1229	102 
1230	109 
1231	95 
1232	13 
1233	50 
1234	58 
1235	27 52 
1236	64 
1237	69 
1238	102 
1239	38 
1240	43 
1241	84 
1242	102 
1243	56 
1244	17 
1245	17 
1246	58 
1247	34 
1248	112 
1249	102 
1250	78 
1251	81 
1252	86 
1253	23 27 
1254	16 
1255	113 
1256	71 
1257	66 
1258	83 
1259	53 
1260	45 
1261	30 
1262	38 
1263	83 
1264	49 
1265	55 
1266	7 74 
1267	41 
1268	43 51 
1269	113 
1270	104 
1271	53 
1272	55 
1273	45 
1274	107 
1275	85 
1276	45 
1277	110 
1278	32 
1279	38 
1280	44 
1281	57 
1282	53 57 
1283	71 
1284	93 
1285	89 
1286	13 
1287	19 
1288	1 
1289	76 
1290	10 
1291	71 
1292	43 46 
1293	42 
1294	32 
1295	38 
1296	71 
1297	112 
1298	101 
1299	53 71 
1300	42 
1301	33 56 
1302	15 
1303	60 
1304	34 
1305	34 
1306	14 
1307	65 
1308	7 
1309	8 10 
1310	2 
1311	54 
1312	73 
1313	54 
1314	75 
1315	112 
1316	88 
1317	42 
1318	84 
1319	75 
1320	7 45 
1321	69 
1322	86 
1323	76 
1324	24 
1325	101 
1326	77 
1327	62 
1328	31 
1329	63 
1330	21 
1331	80 
1332	66 
1333	91 
1334	105 
1335	109 
1336	84 
1337	17 
1338	62 
1339	27 
1340	72 
1341	20 
1342	88 
1343	19 
1344	50 
1345	97 
1346	19 
1347	15 
1348	18 
1349	31 
1350	102 
1351	89 
1352	13 
1353	38 
1354	27 
1355	72 104 
1356	108 
1357	16 
1358	30 
1359	46 
1360	8 96 
1361	106 
1362	60 
1363	110 
1364	41 76 
1365	60 
1366	60 
1367	17 
1368	98 
1369	93 
1370	61 
1371	16 
1372	90 
1373	84 
1374	56 
1375	38 
1376	85 
1377	50 
1378	66 
1379	40 
1380	1 
1381	4 
1382	4 
1383	52 
1384	78 
1385	70 115 
1386	112 
1387	8 
1388	25 
1389	15 
1390	80 
1391	59 
1392	113 
1393	4 
1394	39 61 
1395	43 
1396	13 
1397	72 
1398	30 
1399	1 69 
1400	28 
1401	80 
1402	71 
1403	98 
1404	17 
1405	82 
1406	61 
1407	108 
1408	6 
1409	62 
1410	84 
1411	84 
1412	69 
1413	2 
1414	6 
1415	6 
1416	114 
1417	84 
1418	6 
1419	20 
1420	72 
1421	69 
1422	19 
1423	41 85 
1424	45 
1425	50 
1426	107 
1427	7 
1428	74 101 
1429	49 
1430	53 
1431	110 
1432	97 
1433	83 
1434	85 
1435	30 
1436	17 
1437	16 
1438	113 
1439	109 
1440	18 
1441	62 
1442	46 
1443	16 71 
1444	4 
1445	14 
1446	67 110 
1447	30 
1448	76 
1449	38 
1450	45 
1451	33 112 
1452	85 
1453	38 
1454	106 
1455	85 
1456	79 
1457	103 
1458	13 
1459	74 
1460	69 
1461	41 
1462	7 
1463	19 43 
1464	20 
1465	89 
1466	49 
1467	59 62 
1468	20 
1469	61 
1470	102 
1471	16 
1472	103 
1473	79 
1474	62 94 
1475	77 
1476	41 
1477	82 
1478	113 
1479	106 
1480	73 
1481	74 
1482	13 15 
1483	38 
1484	95 
1485	78 
1486	88 
1487	93 
1488	32 
1489	16 
1490	8 
1491	53 
1492	92 
1493	79 
1494	107 
1495	30 
1496	54 
1497	54 
1498	68 79 
1499	107 
1500	52 91 
1501	36 80 
1502	17 
1503	20 
1504	37 
1505	107 
1506	102 
1507	30 
1508	90 
1509	47 
1510	67 
1511	9 
1512	60 
1513	88 
1514	91 
1515	11 
1516	69 
1517	17 
1518	38 
1519	59 
1520	76 
1521	14 
1522	51 
1523	41 69 
1524	75 
1525	7 
1526	48 55 
1527	58 
1528	55 87 
1529	26 
1530	7 
1531	46 
1532	20 
1533	107 
1534	29 
1535	60 
1536	9 
1537	103 
1538	74 
1539	7 
1540	76 
1541	85 98 
1542	71 90 
1543	7 102 
1544	103 
1545	23 
1546	60 
1547	11 
1548	106 
1549	9 
1550	56 
1551	30 
1552	40 86 
1553	88 103 
1554	99 
1555	13 98 
1556	56 
1557	82 
1558	101 
1559	56 
1560	85 
1561	28 
1562	16 
1563	55 
1564	115 
1565	106 
1566	53 
1567	114 
1568	56 
1569	19 
1570	19 
1571	23 
1572	89 
1573	76 
1574	3 
1575	9 
1576	45 
1577	83 
1578	2 
1579	48 
1580	74 
1581	63 
1582	7 104 
1583	104 
1584	52 
1585	53 79 
1586	4 
1587	71 107 
1588	106 
1589	21 
1590	26 
1591	90 
1592	49 
1593	21 30 
1594	112 
1595	76 
1596	34 59 
1597	19 84 
1598	40 102 
1599	7 
1600	44 
1601	79 
1602	80 
1603	34 
1604	76 
1605	17 55 
1606	6 
1607	105 
1608	115 
1609	30 
1610	29 
1611	60 
1612	40 
1613	87 
1614	76 
1615	27 80 
1616	28 55 
1617	28 
1618	53 
1619	78 
1620	50 
1621	7 55 
1622	8 
1623	103 
1624	69 
1625	107 
1626	9 
1627	17 
1628	84 
1629	16 
1630	106 
1631	83 
1632	104 
1633	13 
1634	66 68 
1635	53 61 
1636	69 112 
1637	76 
1638	113 
1639	71 107 
1640	12 
1641	37 
1642	5 99 
1643	89 
1644	25 33 
1645	103 
1646	31 
1647	44 
1648	16 
1649	77 
1650	79 
1651	34 
1652	85 110 
1653	90 92 
1654	69 
1655	76 
1656	100 
1657	105 
1658	25 
1659	106 
1660	108 
1661	95 
1662	14 
1663	59 
1664	76 
1665	50 
1666	6 
1667	79 
1668	110 
1669	62 71 
1670	107 
1671	84 
1672	114 
1673	65 
1674	32 
1675	28 
1676	46 
1677	28 
1678	15 
1679	1 
1680	89 
1681	72 
1682	105 
1683	66 
1684	94 
1685	108 
1686	34 
1687	104 
1688	2 
1689	37 
1690	65 
1691	53 
1692	108 
1693	55 
1694	18 
1695	71 
1696	107 
1697	58 
1698	107 
1699	42 113 
1700	74 
1701	53 
1702	17 
1703	64 90 
1704	82 
1705	81 
1706	55 
1707	53 
1708	60 
1709	5 
1710	63 
1711	56 
1712	11 
1713	18 
1714	90 
1715	59 
1716	52 
1717	96 
1718	67 
1719	64 
1720	110 
1721	50 92 
1722	80 
1723	18 
1724	68 101 
1725	48 
1726	70 89 
1727	18 
1728	109 
1729	59 
1730	48 
1731	106 
1732	19 
1733	10 
1734	19 
1735	83 
1736	8 
1737	18 
1738	32 
1739	19 
1740	15 
1741	72 
1742	21 
1743	75 
1744	27 80 
1745	93 104 
1746	16 64 
1747	79 
1748	80 84 
1749	100 
1750	17 
1751	63 
1752	50 
1753	80 
1754	87 
1755	57 
1756	33 53 
1757	79 
1758	36 
1759	29 
1760	16 
1761	66 
1762	80 
1763	9 56 
1764	55 
1765	28 
1766	64 
1767	43 
1768	85 
1769	72 85 
1770	9 
1771	57 66 
1772	46 73 
1773	71 
1774	21 
1775	36 
1776	41 
1777	43 
1778	107 
1779	3 57 
1780	13 23 
1781	15 
1782	71 
1783	28 
1784	19 
1785	38 43 
1786	110 
1787	44 
1788	21 
1789	31 
1790	88 
1791	23 
1792	105 
1793	89 
1794	99 
1795	64 70 
1796	107 
1797	34 
1798	19 
1799	106 
1800	49 56 
1801	47 
1802	53 
1803	15 
1804	115 
1805	107 
1806	43 
1807	18 76 
1808	46 
1809	104 
1810	85 
1811	98 
1812	19 
1813	56 
1814	67 
1815	55 
1816	40 
1817	69 
1818	15 
1819	63 
1820	97 
1821	64 
1822	53 
1823	72 
1824	89 
1825	61 
1826	47 
1827	63 
1828	80 
1829	53 
1830	69 
1831	98 
1832	100 
1833	91 
1834	56 
1835	52 
1836	115 
1837	42 
1838	81 
1839	55 
1840	103 
1841	78 
1842	15 
1843	97 
1844	111 
1845	53 
1846	48 
1847	81 
1848	9 
1849	38 
1850	84 
1851	73 
1852	43 
1853	61 
1854	107 
1855	80 
1856	102 
1857	63 
1858	38 
1859	28 
1860	15 
1861	11 
1862	31 
1863	10 
1864	115 
1865	82 
1866	66 101 
1867	81 
1868	33 
1869	92 
1870	13 
1871	40 
1872	38 
1873	50 
1874	45 
1875	30 
1876	56 
1877	111 
1878	112 
1879	85 
1880	61 
1881	45 
1882	42 
1883	111 
1884	45 
1885	59 
1886	90 
1887	53 
1888	110 
1889	69 
1890	84 
1891	45 
1892	92 
1893	105 
1894	94 
1895	41 84 
1896	56 
1897	5 
1898	43 
1899	61 
1900	59 
1901	90 
1902	26 
1903	108 
1904	46 
1905	21 
1906	22 
1907	110 
1908	69 
1909	37 
1910	114 
1911	112 
1912	75 
1913	88 
1914	61 
1915	17 71 
1916	77 94 
1917	69 
1918	75 
1919	106 
1920	54 
1921	5 
1922	48 
1923	71 
1924	58 
1925	16 
1926	46 
1927	57 
1928	97 
1929	12 
1930	107 
1931	45 
1932	15 
1933	96 
1934	46 
1935	69 
1936	98 
1937	105 
1938	113 
1939	31 
1940	62 
1941	84 
1942	49 
1943	112 
1944	71 112 
1945	71 105 
1946	93 
1947	49 
1948	105 
1949	106 
1950	53 
1951	38 
1952	85 
1953	33 
1954	13 
1955	31 
1956	112 
1957	90 
1958	56 
1959	2 
1960	67 
1961	32 
1962	52 
1963	75 
1964	6 
1965	114 
1966	38 
1967	8 
1968	24 
1969	68 91 
1970	46 
1971	87 
1972	79 
1973	5 115 
1974	71 
1975	109 
1976	110 
1977	5 39 
1978	109 
1979	77 
1980	60 
1981	39 
1982	80 
1983	84 
1984	4 
1985	20 
1986	69 
1987	33 
1988	44 64 
1989	63 
1990	61 
1991	31 104 
1992	85 
1993	9 
1994	28 
1995	21 
1996	90 
1997	18 
1998	83 
1999	96 
2000	96 
2001	111 
2002	26 
2003	102 
2004	22 
2005	113 
2006	56 
2007	31 
2008	41 
2009	81 
2010	63 
2011	46 
2012	114 
2013	50 
2014	53 
2015	97 
2016	17 
2017	97 
2018	48 
2019	76 
2020	53 
2021	37 
2022	14 108 
2023	21 
2024	14 15 
2025	98 
2026	22 
2027	3 
2028	88 
2029	80 
2030	3 
2031	30 
2032	79 88 
2033	102 
2034	28 115 
2035	115 
2036	21 
2037	103 
2038	44 
2039	82 
2040	64 
2041	88 
2042	75 
2043	13 
2044	75 
2045	20 
2046	11 49 
2047	7 52 
2048	20 
2049	18 
2050	84 
2051	84 
2052	59 
2053	110 
2054	90 
2055	87 
2056	70 
2057	95 
2058	64 
2059	57 
2060	110 
2061	31 
2062	49 
2063	91 
2064	4 
2065	87 
2066	78 
2067	85 
2068	43 
2069	28 
2070	6 
2071	67 71 
2072	56 
2073	81 
2074	31 61 
2075	30 
2076	21 
2077	56 
2078	4 
2079	32 
2080	84 
2081	6 
2082	58 
2083	78 
2084	11 
2085	9 
2086	84 
2087	43 
2088	30 
2089	67 
2090	97 
2091	58 
2092	108 
2093	15 
2094	19 
2095	88 
2096	38 
2097	46 
2098	84 
2099	31 
2100	55 98 
2101	112 
2102	49 
2103	61 
2104	83 
2105	104 
2106	75 104 
2107	88 
2108	73 
2109	34 
2110	92 
2111	33 
2112	53 83 
2113	115 
2114	72 
2115	7 
2116	93 
2117	77 
2118	86 108 
2119	92 
2120	6 
2121	21 
2122	49 
2123	72 
2124	26 50 
2125	61 
2126	31 
2127	41 108 
2128	83 
2129	100 
2130	19 
2131	63 
2132	64 
2133	30 
2134	49 
2135	41 78 
2136	46 
2137	107 
2138	107 
2139	49 
2140	83 
2141	96 
2142	16 
2143	92 
2144	33 
2145	56 
2146	43 
2147	3 
2148	73 
2149	21 
2150	60 
2151	75 
2152	84 
2153	5 
2154	91 
2155	74 
2156	19 
2157	60 
2158	70 
2159	69 
2160	35 
2161	83 
2162	18 
2163	18 
2164	81 
2165	72 
2166	20 
2167	47 71 
2168	79 
2169	56 105 
2170	68 
2171	84 
2172	111 
2173	47 
2174	97 
2175	84 
2176	84 
2177	53 
2178	80 
2179	3 
2180	79 
2181	36 
2182	92 
2183	28 
2184	21 
2185	23 80 
2186	21 
2187	42 
2188	113 
2189	43 79 
2190	22 
2191	18 
2192	82 
2193	114 
2194	46 
2195	17 34 
2196	51 
2197	26 
2198	16 
2199	79 
2200	13 
2201	107 
2202	40 
2203	18 
2204	16 
2205	6 
2206	38 
2207	113 115 
2208	62 
2209	51 
2210	53 
2211	44 
2212	66 
2213	71 
2214	15 
2215	14 
2216	107 
2217	58 88 
2218	14 
2219	14 
2220	10 
2221	51 
2222	86 
2223	114 
2224	102 
2225	81 
2226	38 
2227	41 
2228	68 
2229	112 
2230	19 
2231	10 
2232	48 
2233	10 
2234	69 
2235	44 
2236	82 
2237	63 
2238	57 
2239	84 
2240	91 
2241	16 
2242	109 
2243	59 
2244	41 
2245	83 92 
2246	54 
2247	92 
2248	38 
2249	60 
2250	81 113 
2251	51 
2252	17 
2253	110 
2254	67 
2255	42 
2256	14 
2257	70 
2258	15 
2259	8 
2260	112 
2261	45 
2262	78 
2263	82 
2264	82 
2265	30 34 
2266	83 101 
2267	44 
2268	98 
2269	39 55 
2270	61 
2271	82 
2272	80 
2273	24 
2274	3 
2275	50 59 
2276	30 80 
2277	115 
2278	115 
2279	80 
2280	14 
2281	2 
2282	19 
2283	55 
2284	89 
2285	48 
2286	34 
2287	30 48 
2288	39 
2289	85 
2290	90 
2291	1 
2292	66 
2293	50 
2294	38 
2295	55 56 
2296	38 
2297	19 
2298	41 
2299	110 
2300	35 
2301	115 
2302	85 
2303	80 
2304	55 
2305	78 
2306	16 18 
2307	41 
2308	26 
2309	115 
2310	51 
2311	31 
2312	45 
2313	60 
2314	83 
2315	106 
2316	115 
2317	89 
2318	71 
2319	39 
2320	72 
2321	98 
2322	65 
2323	29 
2324	45 
2325	51 
2326	85 
2327	77 
2328	49 
2329	80 
2330	51 
2331	71 
2332	51 
2333	79 
2334	60 66 
2335	5 
2336	14 
2337	104 
2338	80 
2339	50 
2340	102 
2341	67 
2342	75 105 
2343	46 
2344	69 
2345	19 53 
2346	31 
2347	55 
2348	59 67 
2349	90 
2350	24 
2351	38 
2352	21 
2353	14 
2354	21 
2355	38 
2356	88 
2357	72 
2358	55 
2359	103 
2360	75 
2361	8 
2362	92 105 
2363	2 
2364	41 
2365	41 65 
2366	7 
2367	2 
2368	72 
2369	47 58 
2370	55 
2371	86 
2372	80 
2373	27 
2374	71 
2375	7 
2376	50 
2377	30 
2378	45 
2379	112 
2380	79 
2381	15 
2382	115 
2383	24 
2384	34 
2385	31 
2386	112 
2387	56 
2388	22 51 
2389	110 
2390	15 
2391	100 
2392	21 
2393	19 
2394	81 
2395	107 
2396	55 
2397	28 
2398	21 
2399	85 
2400	104 
2401	48 
2402	33 
2403	23 
2404	55 
2405	45 
2406	29 56 
2407	112 
2408	82 
2409	74 
2410	31 64 
2411	67 
2412	87 
2413	71 
2414	9 
2415	109 
2416	16 
2417	23 
2418	83 
2419	48 
2420	78 
2421	43 
2422	57 
2423	31 
2424	3 
2425	45 
2426	21 
2427	53 
2428	21 
2429	8 
2430	85 
2431	112 
2432	102 
2433	19 
2434	56 
2435	4 
2436	69 
2437	89 
2438	17 
2439	34 
2440	28 52 
2441	107 
2442	7 
2443	14 
2444	60 
2445	10 
2446	49 
2447	66 
2448	107 
2449	58 
2450	7 
2451	81 115 
2452	80 
2453	13 
2454	51 
2455	53 
2456	55 
2457	11 
2458	19 
2459	67 
2460	31 
2461	99 
2462	61 
2463	7 85 
2464	88 
2465	75 
2466	114 
2467	2 
2468	85 
2469	15 
2470	21 
2471	47 
2472	112 
2473	55 
2474	33 
2475	106 
2476	109 
2477	38 
2478	19 
2479	74 
2480	105 
2481	66 
2482	13 
2483	17 70 
2484	43 58 
2485	107 
2486	69 
2487	115 
2488	44 114 
2489	41 
2490	87 
2491	56 107 
2492	41 
2493	58 
2494	14 
2495	101 
2496	8 
2497	36 
2498	34 
2499	66 
2500	33 
2501	34 
2502	34 
2503	31 
2504	57 
2505	27 
2506	53 
2507	30 
2508	53 
2509	75 
2510	75 
2511	16 
2512	31 
2513	93 
2514	15 
2515	28 
2516	56 
2517	22 
2518	115 
2519	80 
2520	60 
2521	11 
2522	81 
2523	19 
2524	31 
2525	47 
2526	61 
2527	103 
2528	45 
2529	26 
2530	52 
2531	57 
2532	96 
2533	15 
2534	31 
2535	66 
2536	9 72 
2537	104 
2538	33 70 
2539	19 66 
2540	4 
2541	4 
2542	56 
2543	57 
2544	56 
2545	57 
2546	28 
2547	61 
2548	38 
2549	39 
2550	69 
2551	50 
2552	15 
2553	16 
2554	98 
2555	82 
2556	34 
2557	31 
2558	65 
2559	46 51 
2560	7 
2561	77 
2562	13 110 
2563	92 
2564	34 
2565	11 49 
2566	89 
2567	58 
2568	6 49 
2569	50 
2570	33 
2571	88 
2572	102 
2573	70 
2574	59 
2575	10 
2576	2 
2577	60 
2578	50 
2579	23 
2580	38 
2581	85 
2582	83 
2583	82 
2584	34 
2585	46 
2586	13 
2587	69 
2588	34 
2589	53 
2590	51 112 
2591	58 
2592	23 86 
2593	34 
2594	75 
2595	34 83 
2596	28 
2597	21 
2598	49 
2599	49 
2600	62 
2601	5 82 
2602	88 
2603	112 
2604	25 
2605	95 
2606	78 
2607	26 97 
2608	69 
2609	58 
2610	43 89 
2611	97 
2612	66 
2613	63 
2614	16 
2615	60 
2616	85 
2617	72 
2618	115 
2619	106 
2620	30 76 
2621	89 
2622	46 
2623	90 
2624	91 
2625	89 
2626	15 
2627	19 
2628	48 
2629	89 
2630	30 
2631	115 
2632	75 
2633	43 
2634	53 
2635	31 
2636	11 
2637	69 
2638	61 
2639	50 
2640	52 
2641	54 
2642	15 
2643	40 
2644	49 
2645	34 
2646	102 
2647	110 
2648	90 
2649	95 
2650	49 
2651	41 
2652	80 
2653	6 
2654	84 
2655	15 
2656	112 
2657	109 
2658	19 
2659	46 
2660	110 
2661	103 
2662	70 
2663	84 
2664	60 
2665	73 78 
2666	101 
2667	44 
2668	81 
2669	112 
2670	19 
2671	26 
2672	17 
2673	115 
2674	76 
2675	31 
2676	65 
2677	15 92 
2678	66 
2679	59 63 
2680	103 
2681	53 
2682	101 
2683	28 
2684	89 
2685	50 
2686	68 
2687	66 
2688	55 
2689	74 
2690	61 
2691	105 
2692	85 
2693	45 
2694	58 
2695	37 
2696	18 
2697	6 
2698	102 
2699	48 
2700	73 
2701	63 77 
2702	48 
2703	80 
2704	50 
2705	109 
2706	71 
2707	10 25 
2708	97 
2709	69 
2710	21 
2711	38 
2712	78 79 
2713	15 
2714	36 95 
2715	110 
2716	109 
2717	101 
2718	13 
2719	21 
2720	75 
2721	38 106 
2722	43 
2723	110 
2724	84 
2725	53 
2726	10 
2727	112 
2728	11 
2729	2 46 
2730	57 
2731	88 
2732	3 
2733	74 81 
2734	80 
2735	81 101 
2736	111 
2737	115 
2738	84 
2739	82 
2740	19 
2741	28 
2742	52 
2743	111 
2744	21 
2745	13 
2746	38 
2747	29 
2748	15 
2749	91 
2750	67 
2751	67 
2752	38 
2753	30 
2754	93 
2755	54 
2756	41 
2757	24 28 
2758	15 
2759	4 
2760	75 
2761	53 
2762	64 
2763	19 
2764	30 
2765	101 103 
2766	63 
2767	49 
2768	85 
2769	23 
2770	102 
2771	63 112 
2772	43 
2773	34 
2774	53 
2775	101 
2776	32 47 
2777	45 84 
2778	57 
2779	15 
2780	3 
2781	68 
2782	90 
2783	46 
2784	35 80 
2785	59 
2786	8 
2787	55 85 
2788	81 
2789	54 
2790	46 
2791	94 
2792	46 
2793	79 
2794	95 
2795	68 
2796	81 
2797	71 
2798	110 
2799	21 
2800	64 
2801	102 
2802	83 
2803	93 
2804	80 
2805	61 
2806	65 
2807	73 
2808	21 
2809	80 
2810	80 
2811	99 
2812	61 
2813	55 
2814	75 
2815	59 
2816	56 
2817	71 
2818	38 
2819	105 
2820	38 
2821	50 
2822	69 
2823	82 
2824	32 
2825	41 
2826	98 
2827	115 
2828	52 
2829	48 
2830	7 
2831	14 
2832	89 
2833	1 
2834	82 
2835	110 
2836	18 
2837	105 
2838	59 
2839	71 
2840	112 
2841	61 
2842	71 
2843	3 
2844	4 
2845	69 
2846	112 
2847	80 
2848	84 
2849	21 
2850	60 
2851	72 
2852	32 
2853	16 
2854	50 
2855	6 
2856	41 
2857	83 
2858	69 
2859	80 
2860	84 
2861	45 
2862	84 
2863	31 
2864	110 
2865	44 
2866	90 
2867	58 
2868	19 
2869	59 
2870	53 
2871	75 
2872	69 
2873	15 
2874	12 
2875	73 
2876	109 
2877	59 
2878	45 
2879	73 
2880	46 
2881	38 
2882	17 
2883	64 
2884	71 
2885	21 31 
2886	36 
2887	114 
2888	94 
2889	45 
2890	71 
2891	13 
2892	13 
2893	76 
2894	90 
2895	98 
2896	72 
2897	30 115 
2898	13 
2899	95 
2900	69 
2901	61 
2902	115 
2903	62 
2904	92 
2905	38 
2906	54 68 
2907	16 
2908	38 
2909	15 
2910	3 
2911	38 
2912	92 
2913	57 
2914	70 
2915	50 
2916	34 59 
2917	110 
2918	53 
2919	68 77 
2920	61 
2921	19 
2922	25 
2923	94 
2924	47 102 
2925	55 
2926	46 
2927	34 
2928	97 
2929	35 
2930	45 
2931	91 
2932	12 
2933	103 
2934	7 82 
2935	14 
2936	8 
2937	30 
2938	72 
2939	9 
2940	31 
2941	17 18 
2942	92 
2943	115 
2944	61 
2945	64 
2946	105 
2947	78 
2948	113 
2949	56 
2950	71 
2951	83 
2952	63 
2953	81 
2954	46 
2955	50 
2956	55 
2957	34 
2958	93 
2959	103 
2960	104 
2961	31 
2962	87 
2963	21 
2964	46 
2965	78 
2966	15 
2967	68 
2968	34 
2969	88 
2970	33 
2971	114 
2972	30 
2973	21 60 
2974	56 
2975	98 
2976	37 
2977	79 
2978	76 
2979	4 
2980	21 
2981	59 103 
2982	94 
2983	66 
2984	9 
2985	13 38 
2986	41 93 
2987	102 
2988	110 
2989	105 
2990	60 
2991	32 101 
2992	51 
2993	110 
2994	104 
2995	63 
2996	6 
2997	34 
2998	35 
2999	36 
3000	29 30 
3001	31 
3002	7 
3003	55 
3004	98 
3005	47 
3006	60 
3007	71 
3008	92 
3009	14 
3010	70 
3011	91 
3012	104 
3013	15 
3014	113 
3015	17 
3016	72 
3017	79 
3018	46 
3019	82 
3020	3 76 
3021	85 89 
3022	74 
3023	84 
3024	107 
3025	77 
3026	90 
3027	72 
3028	64 
3029	58 80 
3030	45 90 
3031	34 
3032	19 
3033	77 
3034	14 
3035	95 
3036	111 
3037	46 
3038	86 
3039	88 
3040	85 
3041	86 
3042	50 66 
3043	39 
3044	53 
3045	68 
3046	80 
3047	14 
3048	80 
3049	69 
3050	56 
3051	74 
3052	31 
3053	1 
3054	27 
3055	50 
3056	90 
3057	105 
3058	55 
3059	60 
3060	25 75 
3061	21 
3062	56 
3063	58 81 
3064	83 
3065	66 
3066	77 
3067	13 
3068	57 
3069	69 
3070	52 
3071	30 
3072	38 
3073	100 
3074	26 
3075	76 
3076	21 
3077	21 92 
3078	71 
3079	89 
3080	90 
3081	56 
3082	55 
3083	39 
3084	51 
3085	63 107 
3086	5 66 
3087	106 
3088	14 
3089	45 82 
3090	76 
3091	34 
3092	71 
3093	85 
3094	82 
3095	17 
3096	88 
3097	13 
3098	82 
3099	108 
3100	103 
3101	4 
3102	41 
3103	15 
3104	44 
3105	9 
3106	53 
3107	66 71 
3108	69 
3109	74 
3110	56 
3111	41 50 
3112	55 83 
3113	51 
3114	110 
3115	60 
3116	7 21 
3117	5 
3118	13 105 
3119	96 
3120	71 
3121	45 
3122	31 59 
3123	55 
3124	45 
3125	45 
3126	115 
3127	45 
3128	111 
3129	109 
3130	48 
3131	21 
3132	101 
3133	52 70 
3134	115 
3135	44 
3136	107 
3137	44 
3138	38 
3139	89 104 
3140	104 
3141	50 
3142	53 
3143	16 
3144	59 
3145	49 
3146	84 
3147	38 
3148	106 
3149	68 
3150	53 76 
3151	84 
3152	56 
3153	43 
3154	103 
3155	35 
3156	32 
3157	67 
3158	41 
3159	57 
3160	38 
3161	8 
3162	95 
3163	115 
3164	35 
3165	11 
3166	110 
3167	84 
3168	41 
3169	21 
3170	95 
3171	34 58 
3172	45 
3173	92 
3174	21 
3175	43 
3176	112 
3177	58 
3178	106 
3179	99 
3180	78 
3181	62 
3182	80 
3183	45 
3184	83 
3185	14 108 
3186	98 
3187	86 
3188	48 
3189	74 
3190	45 
3191	53 
3192	15 
3193	50 
3194	112 
3195	41 
3196	15 
3197	15 
3198	38 
3199	76 
3200	8 
3201	17 
3202	56 
3203	48 
3204	80 
3205	115 
3206	60 106 
3207	95 
3208	103 
3209	103 
3210	68 83 
3211	106 
3212	94 
3213	32 
3214	90 
3215	14 
3216	11 
3217	64 97 
3218	30 
3219	50 
3220	100 
3221	88 
3222	72 
3223	70 
3224	55 
3225	38 
3226	86 
3227	102 
3228	44 
3229	56 
3230	103 
3231	34 
3232	76 80 
3233	102 
3234	38 
3235	53 
3236	107 
3237	21 
3238	6 
3239	95 
3240	1 
3241	87 
3242	73 
3243	75 
3244	56 
3245	32 
3246	16 
3247	19 
3248	58 
3249	79 
3250	41 
3251	60 
3252	11 
3253	2 
3254	34 
3255	9 
3256	17 
3257	2 
3258	53 
3259	114 
3260	53 99 
3261	31 
3262	6 
3263	112 
3264	14 56 
3265	11 
3266	64 
3267	38 41 
3268	31 
3269	31 101 
3270	93 
3271	102 
3272	50 
3273	14 
3274	30 38 
3275	12 
3276	81 
3277	6 
3278	15 
3279	65 
3280	60 
3281	35 
3282	65 84 
3283	104 
3284	35 
3285	83 
3286	101 
3287	115 
3288	15 103 
3289	93 
3290	38 
3291	75 
3292	34 
3293	49 
3294	71 
3295	14 
3296	73 
3297	85 
3298	85 
3299	60 
3300	50 
3301	44 59 
3302	56 
3303	39 
3304	87 
3305	110 
3306	58 
3307	20 89 
3308	33 
3309	43 
3310	53 
3311	61 
3312	44 
3313	26 48 
3314	33 
3315	57 
3316	84 
3317	75 
3318	32 
3319	49 
3320	37 56 
3321	37 
3322	32 
3323	72 
3324	84 
3325	44 105 
3326	53 
3327	68 
3328	14 78 
3329	102 
3330	103 
3331	92 
3332	30 
3333	53 
3334	66 
3335	83 
3336	46 
3337	104 
3338	29 
3339	15 
3340	59 
3341	45 
3342	37 
3343	28 
3344	90 
3345	71 
3346	5 
3347	112 
3348	37 
3349	93 
3350	46 
3351	45 
3352	13 
3353	23 
3354	83 
3355	69 115 
3356	16 
3357	24 
3358	46 
3359	58 
3360	44 
3361	14 
3362	7 
3363	75 
3364	17 
3365	53 
3366	19 21 
3367	34 
3368	45 
3369	62 
3370	110 
3371	30 113 
3372	64 
3373	39 
3374	28 82 
3375	98 
3376	33 
3377	26 
3378	107 113 
3379	19 
3380	23 
3381	84 
3382	66 
3383	60 
3384	66 
3385	56 
3386	20 71 
3387	21 
3388	87 
3389	112 
3390	53 
3391	84 
3392	32 
3393	19 
3394	17 
3395	46 
3396	79 
3397	114 
3398	41 
3399	63 
3400	80 
3401	16 72 
3402	28 
3403	115 
3404	82 
3405	38 
3406	43 83 
3407	75 
3408	75 
3409	30 93 
3410	104 
3411	20 
3412	71 
3413	89 
3414	35 
3415	29 
3416	6 
3417	72 
3418	72 
3419	110 
3420	115 
3421	57 
3422	79 
3423	48 
3424	6 
3425	11 
3426	3 
3427	99 
3428	84 88 
3429	89 
3430	45 
3431	59 
3432	29 
3433	86 
3434	89 
3435	11 
3436	72 
3437	13 
3438	43 
3439	45 
3440	45 
3441	11 
3442	88 
3443	68 
3444	32 
3445	101 
3446	15 
3447	68 
3448	64 
3449	15 
3450	64 
3451	47 
3452	110 
3453	14 
3454	58 
3455	43 
3456	89 
3457	84 
3458	107 
3459	55 
3460	85 
3461	46 
3462	3 60 
3463	90 
3464	73 
3465	78 
3466	23 
3467	47 
3468	45 
3469	61 
3470	88 
3471	74 
3472	61 
3473	49 
3474	115 
3475	63 
3476	110 
3477	11 
3478	66 
3479	34 
3480	55 
3481	15 
3482	35 
3483	31 106 
3484	15 
3485	15 
3486	8 
3487	9 
3488	21 51 
3489	82 
3490	96 
3491	41 
3492	41 
3493	74 
3494	105 
3495	65 
3496	12 
3497	80 107 
3498	61 
3499	58 78 
3500	66 
3501	45 
3502	19 
3503	56 62 
3504	17 
3505	90 107 
3506	57 
3507	110 
3508	82 
3509	67 
3510	34 
3511	47 
3512	23 
3513	27 
3514	41 
3515	13 
3516	113 
3517	18 95 
3518	79 
3519	10 
3520	31 
3521	58 
3522	96 
3523	58 
3524	102 
3525	50 
3526	64 
3527	45 
3528	93 
3529	57 
3530	90 
3531	66 
3532	64 
3533	55 90 
3534	41 
3535	115 
3536	54 
3537	93 
3538	49 
3539	11 84 
3540	85 
3541	38 
3542	107 
3543	103 
3544	46 
3545	93 107 
3546	70 
3547	81 
3548	83 
3549	38 61 
3550	24 
3551	44 
3552	46 
3553	69 
3554	88 
3555	56 
3556	107 
3557	15 
3558	16 
3559	26 
3560	35 
3561	88 
3562	17 
3563	51 
3564	108 
3565	43 
3566	69 
3567	62 
3568	51 
3569	45 
3570	57 
3571	26 
3572	69 
3573	50 66 
3574	32 
3575	14 
3576	74 
3577	75 
3578	42 
3579	106 
3580	112 
3581	56 
3582	106 
3583	64 
3584	99 
3585	45 
3586	82 
3587	56 
3588	58 
3589	61 
3590	45 
3591	43 
3592	80 
3593	34 
3594	84 
3595	84 
3596	103 
3597	78 84 
3598	103 
3599	101 
3600	45 
3601	38 
3602	69 
3603	57 
3604	30 
3605	44 
3606	30 
3607	12 47 
3608	45 
3609	112 
3610	83 
3611	2 
3612	115 
3613	39 
3614	87 
3615	6 
3616	80 
3617	36 
3618	58 
3619	98 
3620	41 
3621	88 
3622	13 
3623	36 52 
3624	92 
3625	114 
3626	9 
3627	17 
3628	14 
3629	61 
3630	37 
3631	53 
3632	31 
3633	111 
3634	93 
3635	111 
3636	27 
3637	22 60 
3638	55 
3639	96 
3640	88 
3641	55 
3642	43 
3643	69 
3644	13 
3645	98 
3646	33 
3647	111 
3648	88 
3649	90 
3650	60 
3651	53 
3652	4 
3653	7 
3654	41 
3655	90 
3656	35 
3657	36 
3658	115 
3659	97 
3660	85 
3661	53 
3662	70 
3663	47 74 
3664	63 
3665	99 
3666	14 
3667	15 
3668	15 52 
3669	30 
3670	66 
3671	56 
3672	82 
3673	5 
3674	113 
3675	41 
3676	114 
3677	72 
3678	11 
3679	53 76 
3680	53 
3681	19 
3682	11 
3683	16 
3684	75 
3685	18 
3686	18 
3687	45 
3688	103 
3689	24 101 
3690	54 
3691	105 
3692	85 
3693	60 
3694	66 
3695	101 
3696	19 110 
3697	77 
3698	6 115 
3699	15 
3700	37 
3701	11 
3702	102 
3703	17 93 
3704	100 
3705	87 
3706	46 
3707	38 
3708	56 
3709	63 
3710	61 
3711	67 
3712	100 
3713	84 
3714	60 
3715	112 
3716	102 
3717	83 
3718	101 
3719	90 
3720	64 
3721	44 
3722	38 
3723	115 
3724	20 
3725	7 
3726	85 
3727	51 97 
3728	45 
3729	72 
3730	13 
3731	79 
3732	110 
3733	30 
3734	9 98 
3735	35 
3736	106 
3737	61 
3738	43 
3739	108 
3740	14 
3741	30 
3742	61 
3743	55 
3744	34 
3745	49 
3746	52 90 
3747	7 
3748	89 
3749	21 
3750	35 
3751	14 
3752	41 
3753	70 
3754	105 
3755	82 
3756	58 
3757	52 
3758	2 115 
3759	55 
3760	95 102 
3761	6 
3762	19 
3763	102 
3764	104 
3765	63 
3766	54 
3767	49 79 
3768	89 
3769	2 
3770	64 89 
3771	65 
3772	61 
3773	58 
3774	46 115 
3775	75 
3776	13 
3777	64 
3778	41 
3779	72 
3780	84 
3781	57 
3782	8 
3783	63 
3784	15 
3785	71 
3786	52 
3787	103 
3788	75 
3789	14 
3790	21 
3791	60 
3792	54 
3793	98 
3794	76 
3795	92 
3796	91 
3797	14 
3798	102 
3799	50 
3800	2 
3801	37 
3802	41 55 
3803	12 
3804	15 
3805	24 91 
3806	71 
3807	115 
3808	101 
3809	107 112 
3810	95 
3811	55 
3812	88 
3813	84 
3814	9 
3815	98 
3816	99 
3817	64 
3818	104 
3819	21 
3820	102 
3821	110 
3822	80 
3823	69 
3824	85 
3825	35 
3826	41 
3827	23 
3828	63 
3829	82 
3830	43 
3831	55 
3832	57 
3833	33 
3834	107 
3835	69 
3836	45 
3837	102 
3838	79 
3839	77 
3840	90 
3841	97 
3842	90 
3843	10 
3844	88 
3845	31 
3846	32 
3847	43 
3848	65 
3849	80 
3850	75 
3851	62 
3852	101 
3853	45 66 
3854	13 
3855	7 
3856	39 
3857	66 
3858	64 77 
3859	72 
3860	112 
3861	59 
3862	35 
3863	72 
3864	13 43 
3865	32 
3866	99 
3867	100 
3868	35 
3869	59 
3870	11 
3871	55 97 
3872	53 
3873	83 
3874	20 
3875	30 
3876	107 
3877	96 
3878	107 
3879	97 103 
3880	52 
3881	33 
3882	57 64 
3883	5 
3884	85 
3885	96 
3886	38 
3887	9 
3888	60 
3889	53 
3890	95 
3891	90 
3892	58 
3893	10 56 
3894	112 
3895	99 
3896	99 
3897	39 
3898	7 
3899	55 
3900	1 108 
3901	107 
3902	76 
3903	26 
3904	56 57 
3905	30 
3906	90 
3907	56 
3908	47 
3909	108 
3910	82 
3911	57 
3912	65 
3913	10 
3914	13 
3915	53 
3916	105 
3917	21 34 
3918	80 
3919	32 
3920	21 
3921	13 
3922	41 
3923	72 
3924	18 
3925	72 
3926	83 
3927	57 
3928	89 
3929	11 
3930	45 
3931	21 
3932	37 
3933	72 
3934	87 
3935	17 
3936	73 
3937	107 
3938	21 
3939	36 
3940	52 82 
3941	50 
3942	34 
3943	69 
3944	62 
3945	64 
3946	52 
3947	58 
3948	83 
3949	5 
3950	115 
3951	22 
3952	32 77 
3953	31 
3954	19 
3955	55 
3956	92 107 
3957	45 
3958	40 
3959	103 
3960	15 96 
3961	87 
3962	94 
3963	21 
3964	88 
3965	22 
3966	50 
3967	102 
3968	52 
3969	37 
3970	18 
3971	75 
3972	48 
3973	95 108 
3974	41 
3975	43 
3976	90 
3977	28 
3978	51 
3979	89 
3980	3 
3981	1 
3982	110 
3983	50 
3984	108 
3985	38 
3986	91 
3987	24 105 
3988	33 56 
3989	57 
3990	90 
3991	55 
3992	101 
3993	43 
3994	12 
3995	3 
3996	32 
3997	103 
3998	41 
3999	21 82 
4000	61 
4001	32 
4002	92 
4003	87 
4004	25 68 
4005	7 
4006	115 
4007	20 
4008	53 
4009	90 
4010	70 109 
4011	56 
4012	61 
4013	69 
4014	85 
4015	90 
4016	21 
4017	102 
4018	55 
4019	34 46 
4020	79 
4021	115 
4022	94 
4023	74 
4024	72 
4025	57 
4026	21 
4027	85 
4028	50 63 
4029	35 
4030	40 
4031	93 
4032	69 
4033	110 114 
4034	59 
4035	53 88 
4036	17 
4037	23 
4038	13 
4039	55 
4040	17 
4041	42 
4042	21 
4043	89 
4044	71 80 
4045	45 
4046	34 104 
4047	55 
4048	46 
4049	105 
4050	87 
4051	30 
4052	81 
4053	45 
4054	63 
4055	103 
4056	109 
4057	2 57 
4058	43 
4059	75 
4060	62 
4061	68 
4062	8 
4063	10 
4064	4 
4065	19 
4066	102 
4067	8 
4068	46 
4069	60 
4070	90 
4071	2 
4072	71 
4073	10 
4074	84 
4075	43 
4076	46 
4077	107 
4078	71 
4079	80 
4080	11 
4081	10 
4082	86 
4083	85 
4084	60 
4085	52 
4086	108 
4087	105 
4088	87 
4089	80 
4090	18 
4091	45 
4092	67 
4093	35 
4094	7 
4095	6 
4096	90 
4097	84 
4098	32 
4099	85 
4100	66 
4101	63 
4102	107 
4103	33 
4104	21 
4105	71 
4106	79 
4107	103 
4108	49 
4109	47 
4110	8 
4111	90 
4112	34 115 
4113	1 54 
4114	38 
4115	106 
4116	13 
4117	75 
4118	55 
4119	12 
4120	46 
4121	51 
4122	74 
4123	9 
4124	56 
4125	97 
4126	98 
4127	13 
4128	15 
4129	46 108 
4130	37 
4131	25 
4132	45 
4133	7 
4134	44 
4135	15 56 
4136	53 
4137	25 
4138	102 
4139	68 
4140	60 
4141	50 
4142	83 
4143	73 
4144	30 59 
4145	15 106 
4146	112 
4147	114 
4148	38 
4149	56 
4150	89 
4151	74 
4152	30 107 
4153	63 
4154	112 
4155	54 102 
4156	106 
4157	110 
4158	91 
4159	83 
4160	30 
4161	80 
4162	30 
4163	49 
4164	21 
4165	19 
4166	55 
4167	19 
4168	15 
4169	61 64 
4170	46 
4171	50 
4172	77 
4173	100 
4174	72 
4175	66 105 
4176	1 
4177	16 60 
4178	17 
4179	80 
4180	91 
4181	60 
4182	46 
4183	69 
4184	13 
4185	19 
4186	82 
4187	102 
4188	71 
4189	68 
4190	2 
4191	62 
4192	63 69 
4193	34 
4194	45 71 
4195	84 
4196	1 
4197	105 
4198	113 
4199	85 
4200	38 
4201	76 
4202	65 
4203	72 
4204	30 
4205	31 
4206	12 
4207	56 
4208	23 
4209	11 21 
4210	41 
4211	77 
4212	66 
4213	90 
4214	53 
4215	28 
4216	96 
4217	53 
4218	39 
4219	26 
4220	21 
4221	98 
4222	34 
4223	12 
4224	112 
4225	85 
4226	69 
4227	82 
4228	15 
4229	13 
4230	37 
4231	34 
4232	103 
4233	63 
4234	111 
4235	54 
4236	3 
4237	108 
4238	59 
4239	31 
4240	69 
4241	64 
4242	63 
4243	18 84 
4244	35 
4245	64 
4246	81 
4247	38 
4248	78 
4249	23 
4250	2 
4251	49 
4252	50 
4253	102 
4254	17 
4255	110 
4256	42 
4257	86 97 
4258	106 
4259	112 
4260	109 
4261	104 
4262	21 
4263	94 
4264	113 
4265	106 
4266	77 
4267	101 
4268	84 
4269	6 
4270	104 
4271	95 
4272	5 
4273	69 
4274	115 
4275	115 
4276	89 
4277	76 
4278	54 
4279	23 
4280	14 
4281	102 
4282	95 
4283	41 62 
4284	92 
4285	74 
4286	16 
4287	90 
4288	55 82 
4289	53 
4290	64 
4291	60 
4292	50 
4293	89 
4294	40 
4295	3 
4296	55 
4297	79 
4298	5 
4299	56 
4300	107 
4301	55 
4302	14 
4303	108 
4304	95 
4305	53 
4306	64 
4307	12 
4308	56 
4309	31 
4310	7 
4311	96 
4312	90 
4313	105 
4314	31 32 
4315	45 
4316	42 76 
4317	15 
4318	19 
4319	35 88 
4320	22 
4321	30 
4322	43 
4323	30 
4324	71 
4325	26 
4326	106 
4327	22 89 
4328	31 
4329	77 115 
4330	106 
4331	100 
4332	76 
4333	58 
4334	110 
4335	39 50 
4336	34 85 
4337	52 
4338	38 
4339	109 
4340	34 
4341	93 
4342	28 
4343	42 
4344	9 
4345	66 
4346	17 
4347	60 
4348	27 
4349	30 
4350	55 
4351	39 
4352	13 83 
4353	68 
4354	102 
4355	46 
4356	85 
4357	107 
4358	25 
4359	19 
4360	17 29 
4361	17 
4362	63 
4363	2 9 
4364	109 
4365	60 
4366	80 
4367	11 
4368	16 
4369	44 
4370	115 
4371	7 
4372	104 
4373	63 
4374	58 
4375	71 
4376	66 
4377	58 
4378	35 
4379	33 110 
4380	87 
4381	13 
4382	71 
4383	29 
4384	31 
4385	93 
4386	21 
4387	89 
4388	71 
4389	49 
4390	41 
4391	69 
4392	5 82 
4393	71 
4394	34 64 
4395	73 
4396	103 
4397	51 
4398	105 
4399	72 
4400	56 
4401	58 
4402	16 
4403	83 
4404	97 
4405	84 
4406	39 
4407	15 
4408	107 
4409	70 
4410	68 
4411	69 
4412	106 
4413	30 
4414	3 10 
4415	30 36 
4416	71 
4417	36 88 
4418	115 
4419	47 
4420	74 
4421	114 
4422	49 
4423	86 
4424	26 
4425	18 
4426	37 
4427	13 61 
4428	16 
4429	19 
4430	11 
4431	66 
4432	102 
4433	88 
4434	47 
4435	85 
4436	1 
4437	13 
4438	23 
4439	85 
4440	98 
4441	115 
4442	72 
4443	50 
4444	74 
4445	3 
4446	105 
4447	111 
4448	2 
4449	4 
4450	91 
4451	91 
4452	103 
4453	115 
4454	81 
4455	84 
4456	100 
4457	21 
4458	79 
4459	99 
4460	60 
4461	45 
4462	24 
4463	82 
4464	88 
4465	56 
4466	107 
4467	73 
4468	53 
4469	70 
4470	35 70 
4471	30 43 
4472	15 
4473	112 
4474	14 
4475	97 
4476	17 
4477	40 
4478	74 
4479	107 
4480	4 49 
4481	40 
4482	15 
4483	30 
4484	36 
4485	58 
4486	115 
4487	39 115 
4488	66 
4489	11 
4490	85 
4491	64 
4492	45 
4493	54 
4494	66 
4495	33 
4496	82 
4497	110 
4498	43 60 
4499	112 
4500	103 
4501	82 
4502	20 
4503	89 100 
4504	31 
4505	59 
4506	14 
4507	99 
4508	41 
4509	32 71 
4510	19 
4511	103 
4512	19 
4513	81 
4514	92 
4515	50 
4516	50 
4517	21 
4518	67 
4519	45 75 
4520	93 
4521	45 91 
4522	28 
4523	15 48 
4524	19 66 
4525	57 
4526	37 
4527	17 115 
4528	46 
4529	70 
4530	11 
4531	8 
4532	104 
4533	1 
4534	27 
4535	39 
4536	64 
4537	11 
4538	15 
4539	8 
4540	96 
4541	38 
4542	8 
4543	53 
4544	63 
4545	72 
4546	78 
4547	22 
4548	90 92 
4549	16 
4550	80 87 
4551	104 
4552	112 
4553	21 
4554	108 
4555	61 
4556	109 
4557	80 
4558	76 
4559	9 
4560	12 
4561	1 
4562	79 
4563	13 
4564	10 
4565	13 
4566	114 
4567	63 
4568	88 
4569	85 
4570	104 
4571	76 
4572	72 
4573	38 
4574	31 
4575	102 
4576	112 
4577	34 
4578	46 
4579	69 
4580	102 
4581	58 
4582	102 
4583	12 
4584	31 
4585	42 
4586	13 106 
4587	79 
4588	67 
4589	77 
4590	93 
4591	115 
4592	49 
4593	54 
4594	51 
4595	4 
4596	33 
4597	59 85 
4598	84 
4599	49 
4600	15 19 
4601	12 
4602	32 45 
4603	49 
4604	108 
4605	52 
4606	66 
4607	30 
4608	114 
4609	64 
4610	110 
4611	34 49 
4612	97 
4613	50 73 
4614	31 81 
4615	85 
4616	15 
4617	30 
4618	31 
4619	80 
4620	61 
4621	12 
4622	21 
4623	83 
4624	105 
4625	73 
4626	107 
4627	5 
4628	64 
4629	109 
4630	46 72 
4631	63 69 
4632	88 
4633	85 
4634	30 85 
4635	61 
4636	32 
4637	32 
4638	56 
4639	23 
4640	79 
4641	50 85 
4642	44 
4643	18 
4644	10 
4645	29 
4646	115 
4647	94 
4648	92 
4649	31 59 
4650	97 
4651	56 
4652	6 
4653	93 
4654	61 
4655	64 
4656	56 
4657	61 
4658	40 85 
4659	58 90 
4660	111 
4661	80 
4662	5 
4663	115 
4664	55 
4665	80 
4666	32 52 
4667	21 
4668	83 
4669	14 
4670	99 
4671	98 
4672	91 
4673	4 
4674	38 
4675	8 
4676	82 
4677	19 
4678	35 
4679	80 
4680	85 
4681	22 
4682	18 
4683	61 
4684	75 
4685	39 108 
4686	3 
4687	84 
4688	95 
4689	16 
4690	107 
4691	90 
4692	31 
4693	74 
4694	57 
4695	78 
4696	44 
4697	115 
4698	2 
4699	57 
4700	52 
4701	28 
4702	50 
4703	14 
4704	40 107 
4705	16 
4706	72 
4707	16 
4708	34 
4709	56 
4710	67 
4711	2 
4712	23 
4713	54 
4714	77 
4715	9 
4716	22 96 
4717	32 
4718	107 
4719	86 
4720	54 
4721	90 
4722	19 
4723	72 
4724	90 
4725	87 90 
4726	109 
4727	47 
4728	72 
4729	110 
4730	13 
4731	50 
4732	33 
4733	110 
4734	15 48 
4735	61 
4736	104 
4737	38 
4738	86 
4739	17 
4740	21 
4741	92 
4742	5 
4743	44 58 
4744	47 
4745	72 
4746	85 
4747	3 
4748	69 
4749	85 
4750	85 
4751	6 
4752	104 
4753	99 102 
4754	6 
4755	83 
4756	59 
4757	65 
4758	61 
4759	2 
4760	43 
4761	106 
4762	88 
4763	52 
4764	82 
4765	56 
4766	14 
4767	89 
4768	83 
4769	18 112 
4770	56 
4771	53 
4772	84 
4773	47 59 
4774	58 
4775	30 
4776	80 
4777	103 
4778	59 
4779	34 
4780	14 
4781	18 
4782	14 
4783	75 
4784	19 
4785	43 
4786	76 
4787	103 
4788	49 
4789	45 88 
4790	72 
4791	41 
4792	44 
4793	11 107 
4794	70 
4795	62 
4796	16 
4797	112 
4798	41 
4799	6 
4800	82 
4801	26 
4802	95 
4803	10 
4804	6 
4805	49 
4806	64 66 
4807	60 
4808	98 
4809	33 63 
4810	61 
4811	5 
4812	14 104 
4813	74 
4814	85 
4815	60 
4816	11 63 
4817	62 
4818	107 
4819	77 
4820	103 
4821	53 
4822	62 
4823	21 
4824	104 
4825	41 
4826	30 53 
4827	13 
4828	59 
4829	30 
4830	49 
4831	30 
4832	84 
4833	90 
4834	43 
4835	115 
4836	45 
4837	53 89 
4838	60 72 
4839	21 
4840	17 
4841	84 
4842	44 
4843	71 103 
4844	87 
4845	44 
4846	56 
4847	31 
4848	49 
4849	61 
4850	50 
4851	2 84 
4852	60 
4853	24 57 
4854	11 
4855	115 
4856	58 
4857	45 
4858	110 
4859	33 
4860	17 
4861	8 
4862	30 
4863	80 
4864	74 
4865	12 29 
4866	78 
4867	83 
4868	104 
4869	50 
4870	101 
4871	12 47 
4872	103 
4873	69 
4874	28 
4875	71 
4876	45 
4877	18 
4878	13 
4879	61 
4880	34 
4881	13 
4882	97 
4883	61 
4884	13 
4885	28 115 
4886	35 94 
4887	69 
4888	76 
4889	61 
4890	15 
4891	114 
4892	63 
4893	92 
4894	31 
4895	64 84 
4896	32 
4897	74 
4898	37 
4899	55 88 
4900	38 
4901	78 
4902	30 
4903	115 
4904	52 
4905	56 
4906	101 
4907	11 
4908	15 
4909	61 
4910	74 
4911	26 74 
4912	41 
4913	13 
4914	8 
4915	92 
4916	21 
4917	31 
4918	46 
4919	11 
4920	102 
4921	112 
4922	46 53 
4923	103 
4924	106 
4925	115 
4926	51 
4927	30 
4928	30 
4929	110 
4930	112 
4931	115 
4932	44 47 
4933	90 
4934	45 
4935	33 
4936	71 
4937	45 
4938	4 
4939	2 
4940	85 
4941	112 
4942	15 36 
4943	63 
4944	9 
4945	104 
4946	45 
4947	11 
4948	50 
4949	19 
4950	85 
4951	80 
4952	56 
4953	21 
4954	99 110 
4955	34 
4956	112 
4957	84 
4958	40 92 
4959	110 
4960	58 
4961	88 
4962	47 
4963	89 
4964	71 
4965	43 
4966	51 
4967	63 
4968	44 
4969	19 
4970	84 
4971	45 
4972	34 
4973	76 
4974	81 
4975	82 
4976	14 
4977	34 108 
4978	81 
4979	51 
4980	21 
4981	107 
4982	35 
4983	71 
4984	85 
4985	71 
4986	57 
4987	71 
4988	35 
4989	74 
4990	13 115 
4991	112 
4992	38 
4993	19 
4994	41 
4995	84 
4996	15 90 
4997	30 
4998	57 
4999	21 
5000	44 
