1	7 
2	34 
3	4 
4	23 
5	8 15 33 
6	42 
7	6 14 41 
8	22 
9	14 
10	33 
11	16 
12	35 
13	7 
14	24 
15	21 
16	34 
17	4 
18	7 29 43 
19	11 
20	9 
21	6 
22	22 
23	24 
24	12 
25	23 
26	40 
27	27 
28	37 
29	28 39 40 
30	2 
31	26 
32	42 
33	6 
34	20 
35	35 
36	15 
37	25 
38	37 
39	14 
40	23 
41	14 
42	6 
43	34 
44	6 
45	33 
46	27 
47	7 
48	38 
49	1 
50	27 
51	21 
52	1 15 41 
53	24 
54	9 
55	29 
56	34 
57	16 
58	25 
59	34 
60	11 21 25 
61	21 
62	31 
63	31 
64	22 
65	16 
66	31 
67	32 
68	18 25 43 
69	41 
70	29 
71	43 
72	39 
73	35 
74	7 
75	2 27 29 
76	43 
77	14 
78	43 
79	12 
80	9 
81	35 
82	3 
83	25 
84	11 
85	19 
86	1 
87	29 
88	43 
89	7 
90	36 
91	31 
92	34 
93	33 
94	2 
95	22 
96	15 
97	38 
98	33 
99	33 
100	40 
101	20 
102	12 14 38 
103	14 
104	23 
105	19 
106	32 34 43 
107	29 
108	3 
109	9 
110	19 
111	11 
112	6 
113	7 
114	40 
115	43 
116	12 
117	37 
118	27 
119	11 
120	7 32 40 
121	29 
122	18 
123	27 
124	26 27 43 
125	37 
126	42 
127	7 
128	17 
129	21 
130	10 
131	23 26 29 
132	15 
133	38 
134	13 
135	6 
136	21 34 36 
137	10 
138	21 
139	41 
140	6 12 18 
141	6 
142	20 
143	7 
144	3 16 21 
145	27 
146	25 
147	43 
148	30 
149	15 
150	29 
151	29 
152	9 
153	44 
154	3 
155	20 
156	33 
157	18 
158	1 
159	44 
160	12 
161	29 
162	19 
163	31 
164	31 
165	7 
166	7 
167	21 
168	43 
169	21 
170	37 
171	11 19 33 
172	21 
173	33 
174	34 
175	26 
176	34 
177	15 26 33 
178	32 
179	9 
180	11 
181	17 
182	11 19 44 
183	44 
184	19 
185	33 
186	37 
187	13 
188	34 
189	43 
190	6 
191	33 
192	7 
193	18 
194	37 
195	18 
196	27 
197	7 
198	7 
199	10 
200	37 
201	21 
202	25 
203	31 
204	41 
205	33 
206	18 
207	5 
208	35 
209	37 
210	22 33 37 
211	37 
212	33 
213	34 
214	15 
215	2 
216	15 
217	33 
218	7 
219	35 
220	21 
221	28 
222	6 
223	15 42 44 
224	43 
225	20 
226	34 
227	3 12 19 
228	44 
229	28 
230	8 
231	12 
232	21 
233	31 
234	36 
235	44 
236	33 
237	5 
238	27 
239	43 
240	14 
241	28 
242	5 
243	13 
244	22 
245	44 
246	36 
247	18 
248	13 
249	21 
250	38 
251	33 
252	12 
253	2 
254	25 
255	35 
256	25 
257	11 
258	6 
259	15 
260	36 
261	9 
262	10 
263	7 
264	42 
265	18 
266	15 
267	28 
268	26 
269	15 
270	12 26 28 
271	18 
272	26 
273	38 
274	14 17 23 
275	34 
276	27 
277	14 
278	29 
279	15 
280	21 
281	13 
282	1 
283	4 
284	29 
285	22 
286	28 
287	7 
288	28 
289	12 
290	6 10 19 
291	6 
292	44 
293	7 
294	17 
295	12 
296	7 12 34 
297	21 
298	25 
299	12 
300	39 
301	35 
302	39 
303	39 
304	37 
305	1 16 34 
306	18 
307	28 
308	41 
309	38 
310	15 26 35 
311	1 
312	7 21 29 
313	14 
314	26 
315	12 
316	17 
317	1 
318	4 
319	14 
320	18 
321	11 
322	10 
323	25 
324	8 
325	18 
326	25 
327	37 
328	5 
329	18 
330	20 
331	38 
332	30 
333	2 12 23 
334	12 
335	33 
336	4 
337	1 
338	2 
339	13 
340	40 
341	33 
342	35 
343	25 
344	3 
345	7 
346	1 
347	15 
348	20 28 42 
349	11 
350	12 
351	12 
352	29 
353	6 
354	19 23 42 
355	28 
356	37 
357	12 
358	1 
359	1 14 21 
360	26 
361	25 
362	34 
363	11 33 37 
364	10 
365	31 
366	8 25 28 
367	22 
368	35 
369	27 
370	15 
371	44 
372	28 
373	41 
374	32 
375	15 29 38 
376	23 
377	29 
378	37 
379	24 
380	37 
381	40 
382	19 
383	18 
384	33 
385	15 
386	6 
387	17 
388	15 
389	20 
390	6 
391	14 
392	17 
393	44 
394	34 
395	4 
396	8 
397	13 
398	37 
399	15 26 35 
400	29 
401	22 
402	35 
403	27 
404	43 
405	3 37 39 
406	6 
407	33 
408	34 
409	15 
410	22 
411	39 
412	19 
413	35 
414	16 
415	35 
416	12 
417	4 
418	14 
419	6 
420	4 
421	14 
422	40 
423	12 
424	6 
425	16 
426	37 
427	1 
428	39 
429	30 
430	1 
431	27 
432	31 
433	21 
434	26 
435	7 
436	37 
437	11 
438	19 
439	21 
440	24 
441	15 
442	3 12 33 
443	6 
444	29 
445	25 
446	12 
447	38 
448	22 
449	2 29 31 
450	6 
451	25 
452	34 
453	37 
454	32 
455	28 29 41 
456	3 
457	7 
458	12 
459	2 
460	3 
461	15 
462	7 25 33 
463	19 
464	44 
465	14 
466	2 
467	26 
468	26 
469	8 
470	18 
471	12 
472	9 
473	34 
474	25 
475	10 
476	15 
477	43 
478	8 
479	37 
480	4 
481	16 
482	43 
483	27 
484	31 
485	25 
486	8 
487	26 
488	34 
489	7 
490	23 
491	25 
492	12 
493	7 
494	12 
495	44 
496	6 
497	36 
498	43 
499	28 
500	28 
501	12 
502	18 
503	33 
504	6 20 27 
505	43 
506	34 
507	27 
508	41 
509	43 
510	32 
511	2 
512	44 
513	6 
514	26 
515	14 
516	43 
517	44 
518	31 
519	11 25 34 
520	39 
521	32 
522	24 
523	19 
524	42 
525	28 
526	6 
527	19 25 41 
528	7 18 24 
529	4 26 35 
530	1 
531	9 
532	24 
533	7 
534	26 
535	43 
536	39 
537	4 9 14 
538	18 
539	26 
540	41 
541	40 
542	19 
543	18 
544	18 
545	33 
546	34 
547	21 
548	27 
549	13 
550	26 
551	14 
552	42 
553	10 
554	37 
555	9 
556	43 
557	7 22 27 
558	34 
559	44 
560	19 
561	3 
562	17 
563	35 
564	33 
565	32 
566	40 
567	2 
568	30 
569	25 
570	9 
571	11 
572	27 
573	6 
574	15 22 40 
575	37 
576	13 
577	17 
578	18 
579	5 
580	33 
581	20 
582	42 
583	8 
584	31 
585	6 
586	12 
587	25 29 31 
588	21 
589	40 
590	21 28 44 
591	12 
592	42 
593	37 
594	7 
595	8 18 25 
596	1 21 23 
597	34 
598	23 
599	3 
600	5 16 26 
601	32 35 39 
602	13 
603	17 
604	23 25 26 
605	14 
606	38 
607	34 
608	38 
609	35 
610	18 
611	42 
612	23 
613	24 
614	12 
615	33 
616	25 
617	43 
618	6 
619	33 
620	14 18 39 
621	26 
622	42 
623	21 
624	23 
625	16 18 27 
626	18 
627	8 
628	37 
629	28 
630	17 
631	13 
632	28 
633	28 
634	21 
635	9 
636	15 
637	44 
638	2 
639	27 
640	12 
641	2 
642	32 
643	11 
644	43 
645	42 
646	9 
647	7 
648	27 
649	19 
650	20 
651	34 
652	11 
653	20 
654	36 
655	7 31 36 
656	11 
657	15 
658	1 11 39 
659	14 17 33 
660	4 
661	38 
662	39 
663	9 
664	30 
665	26 29 32 
666	28 
667	21 
668	4 
669	28 
670	38 
671	2 7 16 
672	24 
673	6 
674	14 
675	43 
676	2 19 43 
677	31 
678	27 
679	27 
680	2 
681	34 
682	5 6 23 
683	43 
684	21 26 37 
685	43 
686	14 
687	4 
688	37 
689	44 
690	31 
691	28 
692	29 
693	37 
694	22 
695	1 
696	31 
697	27 
698	30 
699	22 
700	17 
701	43 
702	31 
703	6 
704	4 
705	6 
706	38 
707	24 
708	37 
709	5 14 35 
710	21 
711	21 
712	22 
713	33 
714	11 
715	6 
716	34 
717	38 
718	18 
719	1 
720	5 
721	16 
722	41 
723	32 
724	2 
725	26 
726	16 
727	19 
728	15 
729	3 15 21 
730	40 
731	5 
732	6 
733	1 
734	1 
735	16 18 22 
736	26 
737	11 
738	30 
739	14 
740	19 
741	28 
742	6 13 35 
743	34 
744	15 
745	21 
746	22 
747	7 
748	18 
749	1 20 22 
750	25 
751	11 
752	30 
753	29 
754	14 
755	26 
756	10 
757	8 
758	2 
759	12 
760	11 
761	27 
762	31 
763	19 
764	20 
765	24 
766	26 
767	30 
768	6 
769	10 37 43 
770	7 
771	14 
772	42 
773	15 
774	15 
775	41 
776	29 
777	2 
778	1 
779	43 
780	32 
781	19 
782	1 
783	30 
784	28 
785	44 
786	29 
787	36 
788	3 
789	17 
790	18 
791	1 27 39 
792	14 
793	13 
794	6 
795	15 
796	26 
797	1 
798	3 
799	34 
800	22 
801	32 
802	26 
803	9 
804	35 
805	43 
806	22 
807	1 25 31 
808	12 
809	29 
810	37 
811	11 
812	15 
813	33 
814	44 
815	3 
816	3 15 18 
817	1 
818	38 
819	22 
820	3 
821	6 14 18 
822	1 
823	3 
824	5 
825	29 
826	38 
827	34 
828	40 
829	7 19 27 
830	17 
831	21 
832	43 
833	28 
834	18 
835	25 
836	39 
837	22 
838	34 
839	20 
840	15 
841	9 
842	28 
843	19 
844	25 
845	23 
846	12 22 37 
847	40 
848	25 37 38 
849	7 
850	6 14 29 
851	12 14 37 
852	34 
853	34 
854	40 
855	28 
856	12 
857	14 
858	18 
859	8 
860	11 
861	37 
862	17 
863	25 
864	37 
865	10 
866	12 
867	29 
868	44 
869	43 
870	12 
871	15 
872	4 
873	18 
874	14 
875	15 
876	18 
877	43 
878	16 
879	21 
880	44 
881	37 
882	34 
883	44 
884	7 
885	32 33 37 
886	18 23 43 
887	17 
888	28 
889	3 
890	1 7 31 
891	18 
892	14 21 32 
893	14 
894	9 
895	20 
896	33 
897	32 
898	27 
899	4 
900	33 
901	33 
902	40 
903	21 
904	14 
905	18 37 39 
906	3 
907	19 
908	28 
909	40 
910	31 
911	15 
912	32 
913	21 
914	39 
915	20 
916	12 
917	31 
918	6 
919	31 
920	15 
921	2 
922	23 
923	1 
924	19 
925	3 
926	19 
927	1 
928	7 
929	14 15 18 
930	33 
931	22 
932	21 
933	6 
934	18 
935	38 
936	26 
937	6 
938	33 
939	18 
940	33 
941	7 28 38 
942	43 
943	11 18 26 
944	3 
945	2 
946	2 
947	44 
948	2 
949	27 
950	37 
951	6 11 18 
952	34 
953	3 
954	37 
955	12 
956	3 9 12 
957	18 
958	26 
959	33 
960	14 
961	14 
962	26 
963	1 
964	21 
965	14 
966	7 
967	18 
968	11 
969	6 
970	7 
971	26 
972	29 
973	1 
974	1 
975	1 21 28 
976	20 31 36 
977	7 
978	6 
979	5 11 27 
980	19 
981	37 
982	18 
983	10 12 25 
984	25 
985	15 
986	6 9 19 
987	37 
988	28 
989	15 
990	28 
991	15 
992	12 
993	11 28 44 
994	26 
995	12 15 22 
996	28 29 44 
997	14 
998	14 
999	37 
1000	7 
