1 1000
2 952
3 899
4 922
5 757 804
6 772
7 722
8 931
9 998
10 959
11 721
12 804 894
13 1000
14 765
15 964
16 952
17 899
18 952
19 968
20 894
21 969
22 931
23 765
24 992
25 922
26 909
27 949
28 999
29 836 947 990
30 948
31 994
32 772
33 969
34 976
35 804
36 991
37 984
38 999
39 998
40 922
41 998
42 969
43 952
44 969
45 959
46 949
47 1000
48 935
49 973
50 949
51 964
52 959 991
53 765
54 894
55 867
56 952
57 721
58 984
59 952
60 952 984
61 964
62 910
63 910
64 931
65 721
66 910
67 912
68 942 984
69 722
70 867
71 942
72 836
73 804
74 1000
75 952
76 942
77 998
78 942
79 992
80 894
81 804
82 944
83 984
84 968 994
85 980
86 973
87 867
88 942
89 1000
90 910
91 910
92 952
93 959
94 948
95 931
96 991
97 935
98 959
99 959
100 909
101 976
102 991 992 998
103 998
104 922
105 980
106 942 952 991
107 867
108 944
109 894
110 980
111 968
112 969
113 1000
114 909
115 942
116 992
117 999
118 949
119 968
120 783
121 867
122 967
123 949
124 922 990 994
125 999
126 772
127 1000
128 887
129 964
130 756
131 922 992
132 899 991 998
133 935
134 793
135 969
136 949 952 964
137 984
138 964
139 722
140 976 992
141 969
142 976
143 1000
144 270
145 949
146 984
147 942
148 783
149 991
150 867
151 867
152 894
153 947
154 944
155 976
156 959
157 967
158 973
159 947
160 992
161 867
162 980
163 910
164 910
165 1000
166 1000
167 964
168 942
169 964
170 999
171 935 959 968
172 964
173 959
174 952
175 994
176 952
177 912
178 912
179 894
180 968 999
181 887
182 947 999
183 947
184 980
185 959
186 999
187 793
188 952
189 942
190 969
191 959
192 1000
193 967
194 999
195 967
196 949
197 1000
198 1000
199 756
200 999
201 964
202 984
203 910
204 722
205 959
206 967
207 720 793
208 804
209 999
210 952 969
211 999
212 959
213 952
214 991
215 948
216 991
217 959
218 1000
219 804
220 964
221 990
222 969
223 772 1000
224 942
225 976
226 952
227 980 990
228 947 968
229 990
230 757
231 992
232 964
233 910
234 654
235 947
236 959
237 720
238 949
239 942
240 998
241 990
242 720
243 793
244 931
245 947
246 654
247 967
248 793
249 964
250 935
251 959
252 947 990 992
253 948
254 984
255 804
256 984
257 968
258 969
259 991
260 654
261 894
262 756
263 1000
264 772
265 967
266 991
267 990
268 994
269 991
270 270
271 967
272 994
273 935
274 887 967
275 952
276 949
277 998
278 867
279 991
280 964
281 793
282 973
283 899
284 867
285 931
286 990
287 1000
288 990
289 992
290 969 984
291 969
292 947
293 1000
294 887
295 992
296 952 1000
297 964
298 984
299 992
300 836
301 804
302 836
303 836
304 999
305 969
306 967
307 990
308 722
309 935
310 793 804 964
311 973
312 867 952 964
313 998
314 994
315 992
316 887
317 973
318 899
319 998
320 967
321 968
322 984
323 984
324 757
325 967
326 984
327 999
328 720
329 967
330 976
331 935
332 783
333 948
334 992
335 959
336 899
337 973
338 948
339 793
340 909
341 959
342 804
343 984
344 944
345 1000
346 973
347 991
348 772 931
349 968
350 992
351 992
352 867
353 969
354 772 922 973
355 990
356 999
357 992
358 973
359 973
360 994
361 984
362 952
363 968
364 756
365 910
366 757
367 931
368 804
369 949
370 991
371 947
372 990
373 722
374 912
375 912 935
376 922
377 867
378 999
379 765
380 999
381 909
382 980
383 967
384 959
385 991
386 969
387 887
388 991
389 976
390 969
391 998
392 887
393 947
394 952
395 899
396 757
397 793
398 999
399 991
400 867
401 931
402 804
403 949
404 942
405 944
406 969
407 959
408 952
409 991
410 931
411 836
412 980
413 804
414 721
415 804
416 992
417 899
418 998
419 969
420 899
421 998
422 909
423 992
424 969
425 721
426 999
427 973
428 836
429 783
430 973
431 949
432 910
433 964
434 994
435 1000
436 999
437 968
438 980
439 964
440 765
441 991
442 944 992
443 969
444 867
445 984
446 992
447 935
448 931
449 948
450 969
451 984
452 952
453 999
454 912
455 990
456 944
457 1000
458 992 999
459 948
460 944
461 991
462 1000
463 980
464 947
465 998
466 948
467 994
468 994
469 757
470 967
471 992
472 894
473 952
474 984
475 756
476 991
477 942
478 757
479 999
480 899
481 721
482 942
483 949
484 910
485 984
486 757
487 994
488 952
489 1000
490 922
491 984
492 992
493 1000
494 992
495 947
496 969
497 654
498 942
499 990
500 990
501 992
502 967
503 959
504 969 976
505 942
506 952
507 949
508 722
509 942
510 912
511 948
512 947
513 969
514 994
515 998
516 942
517 947
518 910
519 968 984
520 836
521 912
522 765
523 980
524 772
525 990
526 969
527 980 984
528 967 1000
529 899 994
530 973
531 894
532 765
533 1000
534 994
535 942
536 836
537 894 899
538 967
539 994
540 722
541 909
542 980
543 967
544 967
545 959
546 952
547 964
548 949
549 793
550 994
551 998
552 772
553 756
554 999
555 894
556 942
557 931 1000
558 952
559 947
560 980
561 944
562 887
563 804
564 959
565 912
566 909
567 948
568 783
569 984
570 894
571 968
572 949
573 969
574 909 991
575 999
576 793
577 887
578 967
579 720
580 959
581 976
582 772
583 757
584 910
585 969
586 992
587 867 910 984
588 964
589 909
590 947 964 990
591 992
592 772
593 999
594 1000
595 757 967 984
596 964 973
597 952
598 922
599 944
600 720 721 994
601 804 836 912
602 793
603 887
604 922 984 994
605 998
606 935
607 952
608 935
609 804
610 967
611 772
612 922
613 765
614 992
615 959
616 984
617 942
618 969
619 959
620 836 967 998
621 994
622 772
623 964
624 922
625 721 949 967
626 967
627 757
628 999
629 990
630 887
631 793
632 990
633 990
634 964
635 894
636 991
637 947
638 948
639 949
640 992
641 948
642 912
643 968
644 942
645 772
646 894
647 1000
648 949
649 980
650 976
651 952
652 968
653 976
654 654
655 910 1000
656 968
657 991
658 836 968 973
659 887 959 998
660 899
661 935
662 836
663 894
664 783
665 867 912 994
666 990
667 964
668 899
669 990
670 935
671 721 948 1000
672 765
673 969
674 998
675 942
676 942 948 980
677 910
678 949
679 949
680 948
681 952
682 720 922 969
683 942
684 964 994 999
685 942
686 998
687 899
688 999
689 947
690 910
691 990
692 867
693 999
694 931
695 973
696 910
697 949
698 783
699 931
700 887
701 942
702 910
703 969
704 899
705 969
706 935
707 765
708 999
709 720 804 998
710 964
711 964
712 931
713 959
714 968
715 969
716 952
717 935
718 967
719 973
720 720
721 721
722 722
723 912
724 948
725 994
726 721
727 980
728 991
729 944 991
730 909
731 720
732 969
733 973
734 973
735 721 931 967
736 994
737 968
738 783
739 998
740 980
741 990
742 793 969
743 952
744 991
745 964
746 931
747 1000
748 967
749 931 973 976
750 984
751 968
752 783
753 867
754 998
755 994
756 756
757 757
758 948
759 992
760 968
761 949
762 910
763 980
764 976
765 765
766 994
767 783
768 969
769 942 984 999
770 1000
771 998
772 772
773 991
774 991
775 722
776 867
777 948
778 973
779 942
780 912
781 980
782 973
783 783
784 990
785 947
786 867
787 654 910
788 944
789 887
790 967
791 836 949 973
792 998
793 793
794 969
795 991
796 994
797 973
798 944
799 952
800 931
801 912
802 994
803 894
804 804
805 942
806 931
807 910 973 984
808 992
809 867
810 999
811 968
812 991
813 959
814 947
815 944
816 944 967 991
817 973
818 935
819 931
820 944
821 967 969 998
822 973
823 944
824 720
825 867
826 935
827 952
828 909
829 949 980 1000
830 887
831 964
832 942
833 990
834 967
835 984
836 836
837 931
838 952
839 976
840 991
841 894
842 990
843 980
844 984
845 922
846 931 992 999
847 909
848 935 984 999
849 1000
850 867 969 998
851 992 998 999
852 952
853 952
854 909
855 990
856 992
857 998
858 967
859 757
860 968
861 999
862 887
863 984
864 999
865 756 984
866 992
867 867
868 947
869 942
870 992
871 991
872 899
873 967
874 998
875 991
876 967
877 942
878 721
879 964
880 947
881 999
882 952
883 947
884 1000
885 912 959 999
886 922 942 967
887 887
888 990
889 944
890 910 973 1000
891 967
892 912 964 998
893 998
894 894
895 976
896 959
897 912
898 949
899 899
900 959
901 959
902 909
903 964
904 998
905 836 967 999
906 944
907 980
908 990
909 909
910 910
911 991
912 912
913 964
914 836
915 976
916 992
917 910
918 969
919 910
920 991
921 948
922 922
923 973
924 980
925 944
926 980
927 973
928 1000
929 967 991 998
930 959
931 931
932 964
933 969
934 967
935 935
936 994
937 969
938 959
939 967
940 959
941 935 990 1000
942 942
943 967 968 991 994
944 944
945 948
946 948
947 947
948 948
949 949
950 999
951 967 968 969
952 952
953 944
954 999
955 992
956 894 944 992
957 967
958 994
959 959
960 998
961 998
962 994
963 973
964 964
965 998
966 1000
967 967
968 968 999
969 969
970 1000
971 994
972 867 990
973 973
974 973 999
975 964 973 990
976 654 910 976
977 1000
978 969
979 720 949 968
980 980
981 999
982 967
983 756 984 992
984 984
985 991
986 894 969 980
987 999
988 990
989 991
990 990
991 991
992 992
993 947 968 990 1000
994 994
995 931 991 992
996 867 947 990
997 998
998 998
999 999
1000 1000
