1 972
2 829
3 491
4 978
5 975
6 955
7 963
8 962
9 961
10 705
11 1000
12 982
13 964
14 992
15 718
16 992
17 943
18 962
19 961
20 978
21 807
22 995
23 994
24 978
25 943
26 962
27 968
28 992
29 995
30 975
31 994
32 978
33 950
34 428
35 964
36 997
37 982
38 592
39 986
40 999 1000
41 963
42 448
43 995
44 592
45 955
46 1000
47 997
48 963
49 962
50 995
51 1000
52 428 961
53 772
54 992
55 978
56 997
57 561
58 909
59 995
60 968
61 968
62 997
63 561
64 964
65 950
66 972
67 428
68 963
69 968
70 964 992
71 986
72 950
73 999
74 871
75 978
76 863
77 561
78 976
79 994
80 999
81 561
82 962
83 718
84 955
85 705
86 986
87 789
88 994
89 943
90 997
91 975
92 448
93 920
94 975
95 997
96 863
97 976
98 968
99 992
100 491
101 976
102 982
103 789
104 997
105 968
106 955
107 448
108 994
109 955
110 962
111 975
112 997
113 999
114 986
115 986
116 491
117 644
118 983
119 448
120 983
121 705 968
122 705
123 961
124 730
125 448
126 863
127 986
128 561
129 995
130 976
131 994
132 909
133 561
134 999
135 999
136 961
137 961
138 961
139 955
140 961
141 975
142 978
143 829
144 491
145 771
146 863
147 892
148 428
149 807
150 995
151 1000
152 976
153 995
154 428 726
155 975
156 968
157 976
158 999
159 983
160 955
161 1000
162 807
163 978
164 1000
165 986
166 972
167 943
168 1000
169 950
170 950
171 807
172 561 975
173 982
174 644
175 1000
176 863 995
177 997
178 992
179 983
180 999
181 955
182 982
183 997
184 955
185 961
186 994
187 718
188 994
189 964
190 765
191 992
192 718
193 1000
194 962
195 995
196 943
197 995
198 978
199 943
200 561 964
201 730
202 871
203 975
204 789
205 789
206 644
207 978
208 772
209 972
210 963
211 983
212 955
213 1000
214 995
215 994
216 999
217 976
218 892
219 986
220 961
221 592
222 994
223 726 972
224 992
225 992
226 992
227 892
228 807
229 995
230 995
231 982
232 943 983
233 986
234 963
235 1000
236 978
237 1000
238 976
239 999
240 871
241 955
242 997
243 892
244 978
245 955
246 997
247 871
248 992
249 644
250 978
251 730 765
252 1000
253 995
254 992
255 730
256 789 964
257 972
258 997
259 999
260 644
261 955
262 997
263 968
264 986
265 975
266 765
267 978
268 561
269 983
270 863
271 962
272 961
273 997
274 997
275 428
276 892
277 448
278 807
279 976
280 976
281 983
282 997
283 983
284 992
285 964
286 428 772 999
287 839
288 955
289 983
290 920
291 920
292 992
293 561
294 561
295 983
296 968
297 983
298 975
299 705 765
300 726
301 968
302 963
303 943
304 892 972
305 978
306 871
307 968
308 1000
309 978
310 789
311 968
312 428
313 644
314 986
315 950
316 718
317 995
318 968
319 1000
320 718
321 999
322 807
323 871
324 964
325 968
326 863
327 978
328 920
329 978
330 976
331 997
332 718
333 968
334 1000
335 871
336 995
337 730
338 863
339 962
340 961
341 950
342 992
343 999
344 962
345 964
346 999
347 428
348 428 771
349 829
350 718
351 975
352 968
353 829
354 976
355 961
356 978
357 705
358 968
359 1000
360 962
361 992
362 997
363 972
364 428
365 950
366 961
367 972
368 962
369 999
370 992
371 999
372 995
373 975
374 962
375 972
376 943
377 1000
378 961
379 978
380 963
381 961
382 428 920 961
383 992
384 561
385 943
386 491
387 997
388 871
389 999
390 789
391 839
392 726
393 428
394 972
395 983
396 892
397 1000
398 561
399 765
400 983
401 968
402 994
403 718 968
404 1000
405 448
406 972
407 982
408 920
409 972
410 730
411 807
412 983
413 968
414 909
415 975 995
416 943
417 976
418 963 997
419 765
420 976
421 963
422 909
423 1000
424 982
425 994
426 968
427 718
428 428
429 983
430 961
431 995
432 975
433 976
434 982
435 986
436 962
437 978
438 829
439 968
440 975
441 955 978
442 829
443 986 995
444 718
445 963
446 718
447 975 995
448 448
449 1000
450 961
451 718
452 997
453 999
454 976
455 644
456 726
457 772
458 997
459 982
460 829
461 994
462 726 909
463 986
464 982
465 994
466 975
467 829
468 789
469 994
470 978
471 994
472 718
473 982
474 961
475 983 995
476 978
477 978
478 1000
479 992
480 428 771
481 964
482 807
483 975
484 892
485 491
486 972
487 943
488 955
489 592
490 986
491 491 592
492 961
493 592 1000
494 995
495 863
496 972
497 772
498 772 994
499 968
500 871
501 644
502 999
503 976
504 997
505 920 972
506 992
507 968
508 892
509 955
510 976
511 999
512 1000
513 983
514 644
515 863 920
516 871
517 975
518 972
519 943
520 962
521 982
522 561
523 871
524 964
525 730
526 961
527 839
528 992
529 994
530 999
531 839
532 491
533 943 978
534 772
535 955
536 997
537 994
538 964
539 978
540 1000
541 943
542 992
543 955
544 994
545 839
546 999
547 999
548 963
549 644
550 978
551 995
552 428
553 968
554 807
555 943
556 995
557 955
558 892
559 950
560 968
561 561
562 730
563 1000
564 992
565 726
566 995
567 964
568 972
569 992 994
570 644
571 976
572 964
573 961
574 986
575 995 1000
576 994
577 961
578 994
579 955
580 961
581 871
582 982
583 997
584 976
585 994
586 983
587 909
588 730
589 962
590 428
591 428 972
592 592
593 975
594 964
595 986
596 839
597 976
598 968
599 726
600 644
601 909
602 950
603 992
604 978
605 995
606 972
607 705
608 963
609 999
610 789
611 975
612 807
613 962
614 950
615 705
616 955
617 730 1000
618 726
619 950
620 839
621 592 1000
622 986
623 972
624 968
625 975
626 978
627 968
628 765
629 999
630 982
631 997
632 962
633 986
634 992
635 982
636 909
637 992
638 997
639 992
640 995
641 992
642 995
643 975
644 644
645 807 997
646 807
647 999
648 1000
649 909
650 1000
651 961
652 962
653 997
654 992
655 992
656 986
657 982
658 789
659 972
660 705
661 920
662 871
663 863
664 986
665 983
666 730
667 1000
668 994
669 807
670 975
671 909
672 983
673 963
674 994
675 963
676 863
677 829
678 968 982
679 986
680 992
681 983
682 789
683 961
684 983
685 772 950
686 995
687 950 978
688 963 982
689 968 992
690 807
691 909 972
692 718
693 892
694 829
695 829
696 920
697 976
698 997
699 995
700 963
701 999
702 428
703 968
704 726
705 705
706 892
707 962
708 978
709 561
710 718
711 730
712 978
713 975
714 718
715 964
716 955
717 963
718 718
719 986
720 994
721 1000
722 448 995
723 718
724 807
725 718
726 726
727 871
728 730
729 962
730 730
731 964
732 995
733 961
734 964
735 982
736 975 986
737 955
738 976
739 961 992
740 963 964
741 976
742 964
743 997
744 983
745 909
746 999
747 950
748 829
749 997
750 964
751 976
752 955
753 994
754 955
755 976
756 1000
757 976 986
758 963
759 807
760 950
761 920
762 950
763 968
764 975
765 765
766 975
767 705
768 962
769 982
770 978
771 428 964
772 772
773 982
774 978
775 999
776 863
777 994
778 962 986
779 839
780 999
781 1000
782 718 962
783 961
784 982 986
785 968
786 986
787 807
788 428 961
789 789
790 863
791 999
792 1000
793 428
794 428
795 982
796 972
797 997
798 909 995
799 943
800 963
801 1000
802 975
803 995
804 863
805 871
806 994
807 807
808 705
809 997
810 920
811 982
812 839
813 976
814 997
815 997
816 986
817 997
818 983
819 943
820 978
821 978
822 839 968
823 892
824 975
825 920
826 975
827 994
828 428 963
829 829
830 871
831 968
832 983
833 1000
834 871 997
835 983
836 491 994
837 807
838 961
839 839
840 961
841 962
842 995
843 968
844 975
845 992
846 995
847 983
848 994
849 963
850 920
851 968
852 892
853 983 994
854 863
855 992
856 975 978
857 950 983
858 730 962
859 997
860 839 950
861 976
862 961
863 863
864 976
865 807 950
866 962
867 962
868 561 961
869 448 995
870 975
871 871
872 909
873 892
874 968
875 972
876 994
877 1000
878 964 976
879 955
880 943
881 992
882 964 978
883 963
884 999
885 955
886 995
887 975
888 943
889 1000
890 955
891 964
892 892
893 839 994
894 968
895 994
896 992
897 978
898 1000
899 962
900 1000
901 964
902 920
903 909
904 968
905 972
906 994
907 950
908 962
909 909
910 962
911 964
912 962
913 920 999
914 986
915 994
916 992
917 772 950
918 982
919 983
920 920
921 963 968
922 961
923 986
924 997
925 992
926 995
927 976
928 995
929 994
930 999
931 978
932 975
933 995
934 999
935 982
936 995
937 807 950
938 982
939 972
940 978
941 962
942 997
943 943
944 997
945 986
946 992
947 968
948 962
949 978
950 950
951 992
952 983
953 994
954 995
955 955
956 997
957 986
958 975 983
959 997
960 961 978
961 961
962 962
963 963
964 964 992
965 968
966 995
967 976
968 968
969 975
970 978
971 982
972 972
973 950 994
974 978
975 975
976 976
977 975
978 978
979 992
980 863 962
981 986
982 982
983 983
984 994
985 999
986 986
987 983
988 909 964 992
989 1000
990 999
991 964 992
992 992
993 995
994 994
995 995
996 1000
997 997
998 871 968
999 999
1000 1000
