1	23 
2	20 
3	9 
4	37 
5	23 
6	42 
7	23 
8	27 
9	22 
10	10 
11	19 
12	21 
13	31 
14	36 
15	16 
16	37 
17	5 
18	34 
19	24 
20	25 
21	9 
22	37 
23	24 
24	3 43 
25	43 
26	14 
27	5 
28	36 
29	16 
30	18 
31	5 
32	1 11 
33	43 
34	36 
35	11 
36	30 
37	30 
38	36 
39	40 
40	5 
41	34 
42	31 
43	39 
44	39 
45	43 
46	14 
47	17 25 
48	21 
49	7 
50	3 
51	25 
52	31 
53	42 
54	33 
55	14 
56	9 
57	4 32 
58	33 
59	2 
60	35 
61	19 
62	1 
63	40 
64	33 
65	42 
66	5 
67	11 
68	6 
69	31 
70	26 
71	32 
72	21 
73	13 
74	9 
75	9 
76	36 
77	36 
78	23 
79	35 
80	15 
81	17 
82	9 
83	25 
84	8 
85	17 
86	36 
87	15 
88	37 
89	31 
90	2 14 
91	26 
92	37 
93	25 
94	20 
95	27 
96	4 
97	6 
98	9 
99	40 
100	11 
101	29 
102	15 
103	23 
104	8 
105	43 
106	31 
107	5 
108	25 
109	11 
110	16 
111	14 
112	25 
113	15 
114	8 
115	1 
116	22 
117	27 
118	25 
119	8 
120	8 
121	28 
122	17 
123	5 
124	8 12 
125	3 
126	27 
127	7 
128	11 
129	42 
130	26 32 
131	26 
132	13 
133	6 
134	20 
135	27 
136	6 
137	22 
138	40 
139	29 
140	13 36 
141	9 
142	11 42 
143	26 
144	26 
145	16 
146	24 
147	10 
148	28 
149	13 
150	11 
151	34 
152	39 
153	18 
154	19 
155	17 
156	22 
157	13 
158	14 
159	8 
160	33 
161	14 
162	8 
163	28 
164	29 
165	26 
166	9 
167	18 
168	20 
169	39 
170	35 
171	9 
172	17 
173	42 
174	3 
175	5 
176	26 
177	19 
178	22 
179	17 
180	7 10 
181	33 
182	31 
183	40 
184	1 
185	37 
186	12 
187	36 
188	29 
189	3 
190	22 
191	27 
192	33 
193	14 
194	42 
195	26 
196	27 40 
197	23 
198	8 
199	23 
200	4 
201	2 
202	3 
203	8 
204	38 
205	14 
206	33 
207	23 
208	24 
209	40 
210	22 
211	22 
212	39 
213	6 28 
214	23 26 
215	7 
216	39 
217	19 
218	6 
219	40 
220	25 
221	11 
222	16 
223	2 
224	22 
225	9 
226	10 
227	10 15 
228	8 
229	28 41 
230	30 
231	19 
232	21 
233	4 
234	31 
235	36 
236	25 
237	40 
238	11 
239	12 
240	1 
241	8 
242	3 
243	1 
244	15 19 
245	32 
246	19 
247	28 
248	35 
249	33 
250	16 
251	12 
252	23 35 
253	11 
254	7 
255	13 
256	41 
257	29 
258	32 
259	14 
260	19 
261	24 
262	30 
263	26 
264	26 
265	28 
266	12 
267	6 14 
268	19 38 
269	26 
270	39 
271	11 
272	40 
273	33 
274	18 38 
275	19 
276	25 
277	7 
278	11 
279	2 
280	14 
281	25 
282	31 
283	10 
284	8 
285	9 
286	9 
287	26 
288	25 
289	5 
290	23 28 
291	18 25 
292	33 
293	8 
294	20 
295	14 
296	4 
297	11 
298	26 
299	25 
300	14 
301	2 
302	28 
303	43 
304	40 
305	29 
306	41 
307	36 
308	25 
309	5 
310	42 
311	42 
312	39 
313	7 43 
314	18 42 
315	19 
316	7 
317	22 
318	38 
319	16 
320	11 
321	28 
322	33 
323	33 
324	7 
325	33 
326	14 
327	37 
328	6 
329	29 
330	1 
331	17 
332	12 
333	28 
334	7 
335	27 
336	17 
337	19 
338	16 
339	14 
340	40 
341	22 
342	8 
343	7 22 
344	9 
345	11 39 
346	15 
347	12 
348	10 40 
349	42 
350	6 
351	39 
352	42 
353	40 
354	35 
355	16 
356	31 
357	33 
358	26 
359	15 
360	11 
361	23 
362	36 
363	28 
364	11 
365	36 
366	14 
367	10 
368	23 
369	6 
370	16 
371	19 31 
372	9 
373	6 
374	33 
375	27 
376	9 
377	40 
378	26 
379	19 
380	26 
381	25 
382	26 
383	29 
384	8 
385	19 
386	2 33 
387	17 
388	7 
389	32 
390	14 
391	10 
392	42 
393	14 
394	23 41 
395	36 
396	23 
397	28 
398	1 
399	43 
400	33 
401	21 
402	3 
403	40 
404	8 
405	3 
406	15 31 
407	8 29 
408	16 
409	12 20 
410	37 
411	3 
412	3 
413	9 
414	13 
415	40 
416	25 
417	14 
418	6 
419	27 
420	13 
421	11 
422	13 
423	26 
424	43 
425	24 
426	38 
427	10 
428	5 
429	19 
430	23 
431	40 
432	6 
433	40 
434	14 28 
435	14 
436	4 28 
437	40 
438	9 
439	8 
440	26 
441	33 
442	10 38 
443	14 16 
444	12 39 
445	17 
446	21 
447	2 
448	8 
449	32 
450	2 
451	27 
452	18 41 
453	40 
454	32 
455	19 
456	43 
457	1 
458	10 
459	3 
460	11 
461	2 39 
462	36 
463	38 
464	22 
465	29 
466	17 
467	14 
468	4 
469	3 
470	17 
471	37 
472	21 
473	16 
474	10 36 
475	17 
476	28 
477	31 
478	26 
479	4 
480	42 
481	10 
482	16 
483	18 
484	9 42 
485	10 
486	13 
487	26 
488	8 
489	31 
490	41 
491	16 
492	33 
493	13 
494	32 
495	16 
496	26 
497	27 32 
498	26 
499	40 
500	34 
501	42 
502	6 
503	39 
504	37 
505	41 
506	18 
507	4 
508	40 
509	2 
510	15 
511	38 
512	3 
513	11 
514	42 
515	35 
516	22 
517	36 
518	31 
519	16 
520	35 
521	34 
522	10 
523	40 
524	10 
525	4 
526	11 
527	29 
528	20 
529	10 24 
530	38 
531	23 
532	11 
533	10 14 
534	31 
535	27 
536	38 
537	3 42 
538	18 34 
539	41 
540	39 
541	22 
542	20 
543	5 
544	11 
545	2 
546	22 
547	29 
548	37 
549	36 
550	16 
551	36 
552	25 
553	3 
554	31 
555	42 
556	22 
557	10 
558	17 
559	25 
560	30 
561	32 
562	34 36 
563	19 
564	39 
565	4 
566	11 
567	36 
568	7 
569	6 
570	32 
571	5 25 
572	6 
573	24 
574	36 
575	40 
576	15 
577	5 
578	36 
579	36 
580	18 
581	17 18 
582	4 
583	37 
584	9 
585	29 
586	21 40 
587	3 27 
588	28 
589	39 
590	28 
591	1 
592	3 33 
593	2 
594	34 
595	3 
596	17 
597	32 
598	40 
599	21 
600	8 
601	8 
602	36 
603	39 
604	36 
605	33 
606	27 
607	34 
608	25 
609	17 40 
610	27 
611	21 
612	42 
613	30 
614	7 
615	36 
616	25 
617	13 
618	10 
619	41 
620	15 
621	8 
622	10 
623	12 24 
624	35 
625	12 
626	8 
627	4 
628	22 
629	17 
630	17 
631	22 42 
632	33 
633	37 
634	11 
635	32 
636	37 
637	17 
638	8 
639	3 
640	13 
641	10 
642	11 
643	28 30 
644	25 
645	10 
646	22 
647	21 
648	23 
649	39 
650	27 
651	26 
652	27 
653	38 
654	20 
655	31 
656	32 
657	19 
658	30 
659	26 
660	28 
661	28 
662	33 
663	31 
664	32 
665	3 
666	6 
667	6 
668	20 
669	9 
670	23 
671	8 
672	34 
673	26 
674	36 
675	16 
676	40 
677	8 
678	17 
679	21 23 
680	20 
681	18 
682	6 
683	37 
684	7 
685	27 
686	23 
687	5 
688	37 
689	14 20 
690	22 
691	39 
692	7 
693	17 
694	6 
695	12 
696	7 
697	6 
698	20 
699	7 
700	37 
701	6 
702	16 28 
703	29 
704	13 16 
705	23 
706	10 40 
707	36 
708	21 
709	13 
710	8 
711	20 
712	27 
713	19 
714	18 
715	22 
716	4 
717	40 
718	5 
719	8 19 
720	9 
721	4 34 
722	10 
723	43 
724	26 
725	29 
726	22 41 
727	41 
728	3 
729	37 
730	29 30 
731	18 
732	19 
733	42 
734	7 
735	6 25 
736	5 
737	29 
738	8 
739	17 32 
740	23 
741	8 26 
742	33 
743	4 
744	22 
745	13 
746	23 
747	34 
748	28 
749	8 40 
750	6 13 
751	13 
752	22 
753	36 
754	43 
755	34 38 
756	8 
757	4 16 
758	20 
759	39 
760	37 
761	20 
762	31 
763	33 
764	16 
765	17 
766	33 
767	28 
768	33 
769	36 
770	42 
771	20 
772	37 
773	11 
774	43 
775	41 
776	19 
777	4 
778	17 
779	15 
780	28 
781	40 
782	9 10 
783	33 38 
784	23 
785	9 
786	39 
787	5 
788	37 
789	42 
790	5 
791	32 
792	10 
793	26 
794	26 
795	39 
796	16 
797	26 
798	31 
799	37 
800	7 17 
801	4 
802	40 
803	33 
804	6 
805	28 
806	3 
807	10 
808	9 18 
809	36 
810	31 
811	26 
812	23 
813	28 
814	38 41 
815	37 
816	18 
817	14 
818	11 
819	18 
820	10 
821	13 
822	14 
823	25 
824	14 
825	27 
826	3 
827	25 
828	16 
829	37 
830	27 
831	6 
832	23 
833	19 
834	11 
835	14 
836	22 
837	26 
838	25 
839	16 
840	28 
841	16 
842	19 
843	40 
844	4 
845	11 
846	40 
847	3 
848	27 
849	26 
850	22 
851	23 
852	19 
853	32 
854	36 
855	18 32 
856	24 33 
857	36 
858	36 
859	27 
860	8 19 
861	39 
862	20 
863	9 
864	40 
865	17 18 
866	17 
867	26 
868	8 
869	19 
870	33 
871	39 
872	23 
873	16 
874	13 
875	33 
876	25 
877	23 
878	8 
879	22 
880	42 
881	23 
882	8 
883	19 
884	28 
885	10 
886	28 
887	16 
888	31 
889	8 
890	33 
891	27 
892	14 
893	29 
894	4 
895	16 
896	32 39 
897	29 31 
898	16 
899	28 
900	22 
901	4 33 
902	28 
903	10 
904	25 
905	31 
906	4 
907	22 
908	6 
909	33 
910	10 
911	23 
912	28 
913	8 
914	11 
915	22 40 
916	22 
917	5 20 
918	9 
919	19 
920	14 
921	32 
922	13 
923	8 
924	36 
925	14 37 
926	23 
927	19 
928	11 
929	27 
930	40 
931	9 
932	33 
933	36 
934	10 
935	11 
936	26 
937	19 
938	14 19 
939	17 
940	9 
941	19 
942	26 
943	30 40 
944	17 
945	3 
946	17 30 
947	23 
948	20 35 
949	8 
950	33 
951	9 
952	36 
953	33 
954	22 
955	14 
956	17 
957	36 
958	10 
959	25 
960	28 
961	9 
962	16 
963	22 
964	25 
965	9 
966	9 
967	28 
968	16 
969	17 
970	33 
971	33 
972	40 
973	24 26 
974	9 
975	11 
976	3 28 
977	14 
978	5 8 
979	11 
980	26 
981	28 
982	11 
983	11 
984	31 38 
985	36 
986	33 
987	11 
988	2 27 
989	33 
990	27 37 
991	8 
992	40 
993	8 
994	8 
995	33 
996	36 
997	1 9 
998	36 
999	36 
1000	19 36 
