1000
4901
1	143
1	872
1	926
1	947
2	409
2	654
2	862
2	917
3	718
3	965
3	966
3	974
4	688
4	700
4	829
4	990
5	207
5	872
5	926
5	947
6	517
6	770
6	789
6	880
7	368
7	877
7	881
7	926
8	848
8	859
8	929
8	988
9	210
9	907
9	954
9	1000
10	419
10	910
10	934
10	958
11	732
11	776
11	852
11	941
12	48
12	472
12	611
12	693
13	534
13	569
13	655
13	905
14	985
14	996
14	998
14	999
15	839
15	887
15	898
15	968
16	729
16	799
16	815
16	990
17	571
17	577
17	790
17	978
18	500
18	562
18	672
18	747
19	208
19	425
19	856
19	973
20	150
20	559
20	959
20	964
21	961
21	965
21	966
21	974
22	424
22	772
22	829
22	990
23	261
23	573
23	856
23	973
24	754
24	774
24	945
24	976
25	162
25	424
25	723
25	774
26	440
26	467
26	824
26	977
27	566
27	687
27	787
27	917
28	985
28	996
28	998
28	999
29	841
29	873
29	962
29	968
30	167
30	819
30	855
30	1000
31	718
31	736
31	814
31	922
32	457
32	983
32	987
32	997
33	456
33	723
33	754
33	774
34	306
34	996
34	998
34	999
35	975
35	982
35	983
35	987
36	658
36	943
36	944
36	946
37	375
37	613
37	943
37	946
38	985
38	996
38	998
38	999
39	915
39	930
39	981
39	992
40	718
40	736
40	917
40	978
41	594
41	672
41	747
41	755
42	477
42	663
42	798
42	984
43	503
43	691
43	786
43	861
44	649
44	759
44	861
44	887
45	503
45	723
45	754
45	774
46	773
46	892
46	920
46	977
47	597
47	944
47	959
47	969
48	12
48	599
48	611
48	865
49	277
49	530
49	568
49	692
50	182
50	826
50	945
50	976
51	823
51	827
51	959
51	964
52	762
52	810
52	888
52	984
53	631
53	770
53	789
53	880
54	953
54	970
54	986
54	995
55	892
55	920
55	977
55	993
56	507
56	961
56	966
56	974
57	855
57	894
57	906
57	921
58	800
58	953
58	971
58	995
59	90
59	545
59	593
59	988
60	354
60	520
60	624
60	948
61	919
61	927
61	937
61	941
62	457
62	591
62	683
62	997
63	864
63	915
63	972
63	992
64	855
64	986
64	989
64	995
65	310
65	612
65	753
65	880
66	175
66	787
66	790
66	978
67	970
67	982
67	983
67	987
68	97
68	728
68	804
68	908
69	173
69	888
69	905
69	984
70	673
70	811
70	973
70	980
71	664
71	791
71	853
71	921
72	524
72	611
72	647
72	708
73	420
73	709
73	716
73	922
74	961
74	965
74	966
74	974
75	677
75	951
75	966
75	974
76	985
76	996
76	998
76	999
77	990
77	996
77	998
77	999
78	207
78	361
78	911
78	913
79	204
79	515
79	624
79	948
80	359
80	576
80	620
80	779
81	693
81	841
81	865
81	956
82	940
82	965
82	966
82	974
83	733
83	823
83	959
83	964
84	869
84	949
84	991
84	994
85	939
85	944
85	956
85	969
86	985
86	996
86	998
86	999
87	113
87	346
87	620
87	779
88	700
88	799
88	815
88	999
89	489
89	762
89	905
89	985
90	59
90	955
90	977
90	988
91	195
91	837
91	936
91	980
92	185
92	729
92	760
92	815
93	276
93	416
93	876
93	959
94	528
94	666
94	862
94	952
95	218
95	419
95	929
95	988
96	507
96	627
96	844
96	906
97	68
97	267
97	350
97	831
98	940
98	965
98	966
98	974
99	353
99	930
99	972
99	992
100	975
100	982
100	983
100	987
101	137
101	703
101	893
101	897
102	406
102	576
102	620
102	779
103	705
103	784
103	832
103	911
104	923
104	949
104	993
104	994
105	456
105	723
105	754
105	774
106	493
106	554
106	888
106	984
107	577
107	687
107	787
107	978
108	672
108	706
108	959
108	964
109	795
109	982
109	983
109	987
110	796
110	887
110	962
110	968
111	366
111	955
111	977
111	998
112	838
112	904
112	959
112	964
113	87
113	605
113	620
113	779
114	949
114	991
114	993
114	994
115	240
115	330
115	515
115	997
116	541
116	594
116	715
116	963
117	825
117	891
117	896
117	990
118	838
118	904
118	959
118	964
119	913
119	991
119	993
119	994
120	891
120	991
120	993
120	994
121	809
121	960
121	967
121	981
122	866
122	939
122	944
122	969
123	687
123	718
123	790
123	917
124	266
124	695
124	993
124	994
125	639
125	847
125	945
125	976
126	181
126	830
126	848
126	929
127	684
127	692
127	696
127	699
128	975
128	982
128	983
128	987
129	236
129	349
129	537
129	789
130	849
130	921
130	953
130	980
131	144
131	849
131	901
131	980
132	617
132	751
132	874
132	922
133	418
133	682
133	804
133	908
134	528
134	680
134	758
134	862
135	554
135	830
135	929
135	990
136	697
136	701
136	933
136	960
137	101
137	907
137	954
137	963
138	717
138	843
138	972
138	992
139	547
139	585
139	725
139	893
140	259
140	874
140	922
140	999
141	951
141	961
141	974
141	975
142	733
142	972
142	982
142	987
143	1
143	263
143	797
143	980
144	131
144	659
144	936
144	980
145	828
145	839
145	887
145	962
146	208
146	573
146	856
146	973
147	622
147	792
147	934
147	958
148	805
148	899
148	967
148	981
149	745
149	821
149	874
149	922
150	20
150	982
150	983
150	987
151	607
151	672
151	721
151	963
152	589
152	861
152	871
152	916
153	506
153	731
153	816
153	865
154	842
154	852
154	937
154	941
155	558
155	939
155	944
155	969
156	329
156	879
156	954
156	963
157	751
157	873
157	874
157	922
158	450
158	824
158	835
158	977
159	949
159	991
159	993
159	994
160	970
160	986
160	989
160	995
161	824
161	925
161	955
161	977
162	25
162	868
162	993
162	994
163	902
163	911
163	960
163	981
164	547
164	703
164	737
164	893
165	598
165	942
165	973
165	980
166	961
166	965
166	966
166	974
167	30
167	231
167	291
167	816
168	680
168	711
168	771
168	862
169	351
169	589
169	786
169	958
170	248
170	520
170	624
170	948
171	951
171	961
171	965
171	974
172	466
172	866
172	956
172	969
173	69
173	514
173	770
173	789
174	639
174	643
174	847
174	945
175	66
175	309
175	687
175	978
176	796
176	797
176	849
176	942
177	713
177	919
177	938
177	1000
178	414
178	907
178	954
178	963
179	739
179	865
179	969
179	980
180	215
180	684
180	804
180	885
181	126
181	986
181	989
181	995
182	50
182	663
182	810
182	897
183	749
183	864
183	972
183	992
184	243
184	752
184	789
184	997
185	92
185	788
185	829
185	990
186	332
186	625
186	695
186	956
187	985
187	996
187	998
187	999
188	305
188	443
188	893
188	897
189	459
189	826
189	857
189	945
190	916
190	954
190	962
190	963
191	859
191	891
191	956
191	990
192	971
192	986
192	989
192	995
193	423
193	817
193	920
193	977
194	349
194	631
194	880
194	957
195	91
195	298
195	724
195	980
196	237
196	848
196	929
196	992
197	812
197	851
197	872
197	947
198	226
198	949
198	991
198	993
199	812
199	851
199	881
199	947
200	777
200	894
200	901
200	906
201	279
201	301
201	447
201	988
202	665
202	826
202	945
202	997
203	710
203	978
203	991
203	994
204	79
204	530
204	814
204	984
205	469
205	822
205	955
205	977
206	415
206	971
206	989
206	995
207	5
207	78
207	832
207	947
208	19
208	146
208	856
208	973
209	415
209	930
209	972
209	992
210	9
210	879
210	963
210	977
211	850
211	900
211	963
211	973
212	691
212	759
212	795
212	871
213	701
213	908
213	912
213	981
214	531
214	936
214	947
214	980
215	180
215	316
215	734
215	953
216	540
216	795
216	861
216	871
217	883
217	937
217	941
217	982
218	95
218	369
218	572
218	701
219	353
219	433
219	943
219	992
220	339
220	838
220	876
220	964
221	975
221	982
221	983
221	987
222	828
222	873
222	962
222	968
223	447
223	450
223	509
223	988
224	879
224	900
224	954
224	963
225	951
225	961
225	965
225	974
226	198
226	910
226	934
226	958
227	510
227	779
227	820
227	903
227	927
228	497
228	621
228	923
228	991
228	994
229	727
229	775
229	960
229	967
229	981
230	560
230	658
230	776
230	943
230	946
231	167
231	852
231	937
231	941
231	1000
232	401
232	446
232	599
232	708
232	871
233	245
233	801
233	844
233	894
233	906
234	489
234	534
234	769
234	905
234	984
235	947
235	985
235	996
235	998
235	999
236	129
236	823
236	904
236	959
236	964
237	196
237	671
237	943
237	972
237	992
238	975
238	979
238	982
238	983
238	987
239	266
239	347
239	623
239	625
239	695
240	115
240	292
240	398
240	591
240	997
241	923
241	949
241	991
241	993
241	994
242	512
242	587
242	847
242	945
242	976
243	184
243	330
243	457
243	591
243	997
244	346
244	359
244	455
244	779
244	927
245	233
245	449
245	664
245	853
245	921
246	852
246	869
246	919
246	927
246	937
247	585
247	813
247	960
247	967
247	981
248	170
248	515
248	520
248	624
248	948
249	544
249	950
249	986
249	989
249	995
250	764
250	895
250	898
250	962
250	968
251	266
251	347
251	444
251	623
251	625
252	520
252	740
252	881
252	947
252	948
253	435
253	975
253	982
253	983
253	987
254	324
254	696
254	699
254	734
254	943
255	696
255	745
255	821
255	874
255	922
256	619
256	726
256	727
256	775
256	814
257	585
257	725
257	730
257	893
257	973
258	389
258	791
258	853
258	896
258	921
259	140
259	892
259	925
259	955
259	977
260	776
260	869
260	927
260	941
260	1000
261	23
261	529
261	573
261	856
261	973
262	560
262	658
262	943
262	946
262	981
263	143
263	565
263	936
263	942
263	980
264	811
264	849
264	867
264	942
264	980
265	660
265	902
265	912
265	976
265	981
266	124
266	239
266	251
266	601
266	695
267	97
267	572
267	667
267	835
267	977
268	536
268	843
268	852
268	927
268	984
269	298
269	837
269	849
269	936
269	980
270	405
270	503
270	540
270	649
270	871
271	975
271	979
271	982
271	983
271	987
272	499
272	930
272	943
272	972
272	992
273	970
273	971
273	986
273	989
273	995
274	442
274	681
274	714
274	769
274	984
275	776
275	833
275	842
275	852
275	927
276	93
276	876
276	904
276	939
276	964
277	49
277	316
277	334
277	568
277	614
278	975
278	979
278	982
278	983
278	987
279	201
279	447
279	545
279	961
279	988
280	636
280	822
280	835
280	955
280	977
281	291
281	904
281	947
281	959
281	964
282	534
282	590
282	888
282	905
282	984
283	524
283	782
283	903
283	910
283	958
284	889
284	923
284	991
284	993
284	994
285	914
285	951
285	961
285	965
285	974
286	951
286	961
286	965
286	966
286	974
287	382
287	651
287	837
287	942
287	973
288	644
288	876
288	904
288	959
288	964
289	428
289	736
289	787
289	790
289	978
290	911
290	947
290	967
290	971
290	981
291	167
291	281
291	681
291	948
291	964
292	240
292	970
292	986
292	989
292	995
293	889
293	949
293	991
293	993
293	994
294	668
294	711
294	761
294	771
294	862
295	817
295	892
295	920
295	955
295	977
296	716
296	743
296	801
296	844
296	906
297	975
297	979
297	982
297	983
297	987
298	195
298	269
298	849
298	942
298	980
299	416
299	827
299	838
299	959
299	964
300	441
300	817
300	920
300	955
300	977
301	201
301	509
301	545
301	593
301	988
302	960
302	967
302	970
302	976
302	981
303	424
303	723
303	754
303	774
303	987
304	425
304	843
304	930
304	972
304	992
305	188
305	465
305	737
305	893
305	897
306	34
306	539
306	727
306	775
306	814
307	957
307	985
307	996
307	998
307	999
308	827
308	838
308	876
308	959
308	964
309	175
309	687
309	787
309	917
309	978
310	65
310	349
310	514
310	770
310	816
311	340
311	555
311	631
311	789
311	880
312	444
312	649
312	795
312	871
312	896
313	692
313	723
313	734
313	774
313	800
314	555
314	816
314	819
314	865
314	880
315	719
315	852
315	869
315	883
315	902
316	215
316	277
316	614
316	684
316	699
317	900
317	907
317	916
317	954
317	963
318	426
318	653
318	783
318	814
318	984
319	764
319	839
319	887
319	962
319	968
320	813
320	975
320	982
320	983
320	987
321	764
321	886
321	899
321	960
321	981
322	953
322	970
322	986
322	989
322	995
323	953
323	970
323	986
323	989
323	995
324	254
324	343
324	388
324	614
324	699
325	970
325	971
325	986
325	989
325	995
326	822
326	835
326	920
326	955
326	977
327	583
327	700
327	772
327	799
327	829
328	373
328	502
328	526
328	697
328	908
329	156
329	527
329	737
329	893
329	897
330	115
330	243
330	398
330	591
330	997
331	765
331	767
331	939
331	944
331	969
332	186
332	444
332	580
332	625
332	695
333	767
333	819
333	886
333	967
333	981
334	277
334	568
334	614
334	800
334	966
335	759
335	830
335	929
335	988
335	990
336	391
336	765
336	939
336	956
336	969
337	883
337	919
337	937
337	941
337	1000
338	796
338	873
338	898
338	962
338	968
339	220
339	822
339	920
339	925
339	977
340	311
340	781
340	915
340	972
340	992
341	879
341	916
341	937
341	954
341	963
342	677
342	949
342	991
342	993
342	994
343	324
343	436
343	699
343	954
343	963
344	940
344	951
344	966
344	969
344	974
345	506
345	564
345	795
345	975
345	987
346	87
346	244
346	510
346	576
346	779
347	239
347	251
347	625
347	695
347	928
348	722
348	930
348	935
348	958
348	992
349	129
349	194
349	310
349	655
349	880
350	97
350	804
350	831
350	908
350	949
351	169
351	786
351	795
351	861
351	871
352	555
352	612
352	733
352	880
352	999
353	99
353	219
353	846
353	864
353	992
354	60
354	515
354	624
354	948
354	989
355	685
355	764
355	828
355	841
355	968
356	518
356	762
356	798
356	888
356	984
357	950
357	953
357	970
357	986
357	995
358	553
358	659
358	867
358	942
358	980
359	80
359	244
359	510
359	576
359	620
360	975
360	982
360	983
360	987
360	996
361	78
361	832
361	851
361	877
361	911
362	898
362	985
362	996
362	998
362	999
363	840
363	899
363	960
363	967
363	981
364	975
364	979
364	982
364	983
364	987
365	952
365	985
365	996
365	998
365	999
366	111
366	822
366	938
366	955
366	977
367	807
367	873
367	885
367	903
367	958
368	7
368	812
368	872
368	926
368	947
369	218
369	667
369	694
369	750
369	831
370	592
370	828
370	841
370	895
370	968
371	663
371	833
371	883
371	905
371	941
372	940
372	961
372	965
372	966
372	974
373	328
373	682
373	697
373	908
373	935
374	950
374	971
374	986
374	989
374	995
375	37
375	497
375	712
375	825
375	988
376	951
376	961
376	965
376	966
376	974
377	437
377	802
377	955
377	972
377	992
378	423
378	724
378	867
378	973
378	980
379	833
379	927
379	937
379	941
379	1000
380	423
380	659
380	729
380	867
380	936
381	823
381	838
381	876
381	959
381	964
382	287
382	794
382	867
382	936
382	980
383	527
383	725
383	730
383	737
383	893
384	700
384	913
384	991
384	993
384	994
385	641
385	883
385	937
385	941
385	1000
386	880
386	988
386	989
386	995
387	558
387	778
387	944
387	956
387	969
388	324
388	692
388	696
388	772
388	800
389	258
389	430
389	853
389	896
389	921
390	824
390	892
390	920
390	955
390	977
391	336
391	485
391	820
391	934
391	958
392	501
392	690
392	733
392	770
392	789
393	824
393	892
393	920
393	955
393	977
394	726
394	775
394	877
394	906
394	947
395	952
395	985
395	996
395	998
395	999
396	686
396	784
396	911
396	926
396	947
397	840
397	899
397	960
397	967
397	981
398	240
398	330
398	457
398	591
398	997
399	456
399	723
399	754
399	774
399	881
400	953
400	971
400	986
400	989
400	995
401	232
401	586
401	611
401	647
401	708
402	553
402	728
402	806
402	945
402	976
403	523
403	676
403	931
403	972
403	992
404	878
404	971
404	991
404	993
404	994
405	270
405	806
405	826
405	847
405	945
406	102
406	510
406	779
406	888
406	905
407	737
407	893
407	930
407	991
407	993
407	994
408	550
408	741
408	873
408	895
408	962
408	968
409	2
409	623
409	625
409	654
409	695
409	758
410	471
410	504
410	688
410	772
410	815
410	990
411	592
411	790
411	806
411	847
411	945
411	976
412	595
412	665
412	728
412	806
412	847
412	976
413	940
413	951
413	961
413	965
413	966
413	974
414	178
414	704
414	750
414	821
414	874
414	922
415	206
415	209
415	598
415	846
415	972
415	992
416	93
416	299
416	644
416	904
416	918
416	964
417	920
417	925
417	938
417	955
417	977
417	995
418	133
418	569
418	694
418	831
418	908
418	935
419	10
419	95
419	610
419	859
419	891
419	988
420	73
420	617
420	745
420	751
420	874
420	922
421	811
421	975
421	979
421	982
421	983
421	987
422	486
422	709
422	745
422	751
422	874
422	922
423	193
423	378
423	380
423	659
423	724
423	980
424	22
424	25
424	303
424	723
424	754
424	774
425	19
425	304
425	573
425	623
425	856
425	973
426	318
426	463
426	536
426	653
426	826
426	984
427	522
427	645
427	807
427	910
427	934
427	958
428	289
428	718
428	736
428	790
428	950
428	978
429	732
429	776
429	833
429	938
429	986
429	1000
430	389
430	531
430	832
430	851
430	877
430	926
431	575
431	846
431	864
431	876
431	930
431	992
432	569
432	667
432	682
432	750
432	831
432	908
433	219
433	781
433	864
433	930
433	972
433	992
434	881
434	884
434	892
434	938
434	955
434	967
435	253
435	817
435	835
435	920
435	955
435	977
436	343
436	801
436	894
436	906
436	967
436	981
437	377
437	598
437	697
437	749
437	972
437	992
438	940
438	951
438	961
438	965
438	966
438	974
439	621
439	868
439	882
439	913
439	993
439	994
440	26
440	794
440	797
440	942
440	973
440	980
441	300
441	970
441	971
441	986
441	989
441	995
442	274
442	536
442	792
442	934
442	958
442	984
443	188
443	828
443	892
443	955
443	968
443	977
444	251
444	312
444	332
444	503
444	563
444	695
445	707
445	778
445	800
445	944
445	956
445	969
446	232
446	599
446	647
446	679
446	708
446	786
447	201
447	223
447	279
447	450
447	545
447	988
448	882
448	913
448	923
448	949
448	991
448	993
449	245
449	561
449	597
449	791
449	896
449	921
450	158
450	223
450	447
450	509
450	593
450	988
451	825
451	830
451	867
451	891
451	929
451	990
452	505
452	506
452	647
452	731
452	775
452	819
453	575
453	781
453	846
453	864
453	930
453	992
454	597
454	656
454	791
454	853
454	921
454	983
455	244
455	713
455	833
455	852
455	883
455	941
456	33
456	105
456	399
456	561
456	754
456	774
457	32
457	62
457	243
457	398
457	591
457	997
458	474
458	557
458	792
458	885
458	903
458	910
459	189
459	639
459	826
459	847
459	945
459	976
460	928
460	975
460	979
460	982
460	983
460	987
461	509
461	564
461	593
461	617
461	871
461	988
462	550
462	985
462	996
462	998
462	999
462	1000
463	426
463	511
463	536
463	653
463	780
463	984
464	631
464	850
464	900
464	916
464	954
464	963
465	305
465	527
465	725
465	782
465	893
465	897
466	172
466	637
466	939
466	944
466	956
466	969
467	26
467	817
467	835
467	892
467	955
467	977
468	627
468	716
468	844
468	894
468	901
468	906
469	205
469	595
469	665
469	847
469	945
469	976
470	765
470	866
470	939
470	944
470	956
470	969
471	410
471	583
471	760
471	788
471	815
471	844
472	12
472	599
472	611
472	647
472	708
472	893
473	519
473	751
473	828
473	873
473	898
473	962
474	458
474	792
474	885
474	894
474	996
474	999
475	630
475	778
475	939
475	944
475	956
475	969
476	644
476	886
476	912
476	960
476	967
476	981
477	42
477	518
477	798
477	810
477	888
477	905
478	651
478	794
478	936
478	942
478	973
478	980
479	565
479	716
479	743
479	844
479	894
479	906
480	484
480	612
480	733
480	774
480	789
480	880
481	722
481	792
481	807
481	820
481	910
481	958
482	662
482	887
482	895
482	898
482	962
482	968
483	580
483	581
483	731
483	816
483	819
483	985
484	480
484	770
484	880
484	951
484	966
484	974
485	391
485	618
485	851
485	885
485	903
485	910
486	422
486	493
486	640
486	709
486	745
486	922
487	793
487	797
487	837
487	936
487	942
487	980
488	817
488	868
488	913
488	991
488	993
488	994
489	89
489	234
489	655
489	888
489	897
489	984
490	505
490	619
490	727
490	775
490	814
490	836
491	704
491	836
491	841
491	898
491	962
491	968
492	950
492	970
492	971
492	986
492	989
492	995
493	106
493	486
493	617
493	640
493	821
493	922
494	656
494	739
494	853
494	855
494	864
494	921
495	796
495	839
495	898
495	962
495	968
495	971
496	673
496	719
496	811
496	849
496	973
496	980
497	228
497	375
497	891
497	896
497	921
497	990
498	793
498	837
498	867
498	936
498	942
498	973
499	272
499	508
499	676
499	930
499	972
499	992
500	18
500	521
500	594
500	672
500	747
500	899
501	392
501	678
501	733
501	770
501	789
501	880
502	328
502	701
502	735
502	804
502	831
502	908
503	43
503	45
503	270
503	444
503	649
503	795
503	861
504	410
504	683
504	760
504	788
504	799
504	925
504	990
505	452
505	490
505	539
505	619
505	727
505	775
505	814
506	153
506	345
506	452
506	580
506	714
506	816
506	819
507	56
507	96
507	565
507	777
507	801
507	844
507	906
508	499
508	770
508	802
508	843
508	930
508	972
508	992
509	223
509	301
509	450
509	461
509	545
509	593
509	988
510	227
510	346
510	359
510	406
510	576
510	620
510	779
511	463
511	530
511	537
511	653
511	783
511	814
511	984
512	242
512	728
512	806
512	826
512	882
512	945
512	976
513	928
513	975
513	979
513	982
513	983
513	987
513	990
514	173
514	310
514	537
514	733
514	770
514	880
514	997
515	79
515	115
515	248
515	354
515	520
515	624
515	948
516	556
516	646
516	879
516	907
516	916
516	954
516	963
517	6
517	957
517	985
517	996
517	998
517	999
517	1000
518	356
518	477
518	655
518	798
518	888
518	905
518	984
519	473
519	642
519	873
519	887
519	895
519	962
519	968
520	60
520	170
520	248
520	252
520	515
520	624
520	948
521	500
521	538
521	594
521	607
521	672
521	747
521	886
522	427
522	618
522	792
522	885
522	903
522	910
522	958
523	403
523	598
523	781
523	843
523	846
523	972
523	992
524	72
524	283
524	807
524	903
524	910
524	934
524	958
525	582
525	743
525	797
525	801
525	844
525	894
525	906
526	328
526	928
526	975
526	979
526	982
526	983
526	987
527	329
527	383
527	465
527	703
527	737
527	893
527	997
528	94
528	134
528	654
528	761
528	771
528	862
528	948
529	261
529	573
529	704
529	903
529	934
529	958
529	973
530	49
530	204
530	511
530	653
530	783
530	814
530	984
531	214
531	430
531	576
531	705
531	812
531	926
531	947
532	798
532	928
532	975
532	979
532	982
532	983
532	987
533	845
533	885
533	892
533	934
533	938
533	958
533	977
534	13
534	234
534	282
534	798
534	810
534	905
534	984
535	685
535	848
535	859
535	891
535	929
535	988
535	990
536	268
536	426
536	442
536	463
536	755
536	920
536	984
537	129
537	511
537	514
537	665
537	789
537	945
537	976
538	521
538	580
538	607
538	714
538	755
538	819
538	913
539	306
539	505
539	619
539	695
539	726
539	727
539	775
540	216
540	270
540	589
540	691
540	786
540	861
540	871
541	116
541	752
541	798
541	879
541	907
541	954
541	963
542	654
542	698
542	758
542	761
542	862
542	917
542	948
543	687
543	718
543	787
543	790
543	917
543	942
543	978
544	249
544	928
544	975
544	979
544	982
544	983
544	987
545	59
545	279
545	301
545	447
545	509
545	593
545	988
546	631
546	690
546	836
546	900
546	915
546	916
546	963
547	139
547	164
547	585
547	725
547	737
547	893
547	897
548	606
548	633
548	683
548	688
548	772
548	815
548	990
549	850
549	952
549	957
549	985
549	996
549	998
549	999
550	408
550	462
550	841
550	873
550	895
550	962
550	968
551	869
551	933
551	957
551	985
551	996
551	998
551	999
552	816
552	827
552	838
552	876
552	904
552	959
552	964
553	358
553	402
553	595
553	728
553	806
553	945
553	976
554	106
554	135
554	798
554	810
554	897
554	905
554	984
555	311
555	314
555	352
555	612
555	733
555	789
555	880
556	516
556	745
556	850
556	900
556	916
556	954
556	963
557	458
557	820
557	885
557	910
557	934
557	958
557	997
558	155
558	387
558	866
558	939
558	946
558	956
558	969
559	20
559	838
559	858
559	876
559	904
559	959
559	964
560	230
560	262
560	613
560	658
560	840
560	943
560	946
561	449
561	456
561	570
561	635
561	791
561	853
561	921
562	18
562	607
562	747
562	889
562	996
562	998
562	999
563	444
563	869
563	919
563	927
563	937
563	938
563	1000
564	345
564	461
564	589
564	759
564	795
564	861
564	871
565	263
565	479
565	507
565	582
565	777
565	894
565	906
566	27
566	928
566	935
566	975
566	979
566	982
566	983
566	987
567	812
567	933
567	952
567	957
567	985
567	996
567	998
567	999
568	49
568	277
568	334
568	692
568	696
568	699
568	734
568	800
569	13
569	418
569	432
569	666
569	667
569	682
569	694
569	831
570	561
570	597
570	635
570	656
570	664
570	853
570	921
570	928
571	17
571	736
571	790
571	904
571	951
571	959
571	964
571	978
572	218
572	267
572	628
572	694
572	697
572	804
572	831
572	908
573	23
573	146
573	261
573	425
573	529
573	715
573	856
573	973
574	893
574	952
574	957
574	985
574	996
574	998
574	999
574	1000
575	431
575	453
575	802
575	843
575	864
575	930
575	972
575	992
576	80
576	102
576	346
576	359
576	510
576	531
576	620
576	779
577	17
577	107
577	687
577	787
577	790
577	917
577	976
577	978
578	771
578	933
578	952
578	957
578	985
578	996
578	998
578	999
579	645
579	933
579	952
579	957
579	985
579	996
579	998
579	999
580	332
580	483
580	506
580	538
580	681
580	816
580	819
580	855
581	483
581	816
581	819
581	855
581	939
581	944
581	956
581	969
582	525
582	565
582	627
582	721
582	777
582	801
582	894
582	906
583	327
583	471
583	760
583	787
583	788
583	799
583	829
583	990
584	918
584	940
584	951
584	961
584	965
584	966
584	974
584	997
585	139
585	247
585	257
585	547
585	703
585	737
585	893
585	897
586	401
586	647
586	679
586	708
586	802
586	938
586	972
586	992
587	242
587	685
587	826
587	929
587	945
587	976
587	988
587	990
588	805
588	866
588	899
588	902
588	912
588	967
588	976
588	981
589	152
589	169
589	540
589	564
589	603
589	861
589	871
589	896
590	282
590	780
590	884
590	902
590	912
590	960
590	976
590	981
591	62
591	240
591	243
591	330
591	398
591	457
591	875
591	997
592	370
592	411
592	728
592	945
592	976
592	986
592	989
592	995
593	59
593	301
593	450
593	461
593	509
593	545
593	988
593	994
594	41
594	116
594	500
594	521
594	607
594	672
594	747
594	755
595	412
595	469
595	553
595	728
595	806
595	838
595	847
595	945
596	693
596	800
596	866
596	876
596	939
596	946
596	956
596	969
597	47
597	449
597	454
597	570
597	791
597	853
597	896
597	921
598	165
598	415
598	437
598	523
598	717
598	802
598	972
598	992
599	48
599	232
599	446
599	472
599	611
599	647
599	708
599	803
600	601
600	860
600	878
600	923
600	949
600	991
600	993
600	994
601	266
601	600
601	878
601	913
601	949
601	991
601	993
601	994
602	933
602	952
602	957
602	985
602	996
602	998
602	999
602	1000
603	589
603	691
603	759
603	786
603	859
603	861
603	871
603	896
604	779
604	933
604	952
604	957
604	985
604	996
604	998
604	999
605	113
605	950
605	953
605	970
605	971
605	986
605	989
605	995
606	548
606	825
606	848
606	859
606	891
606	929
606	988
606	990
607	151
607	521
607	538
607	562
607	594
607	721
607	747
607	809
608	616
608	823
608	827
608	838
608	904
608	937
608	959
608	964
609	778
609	843
609	857
609	866
609	956
609	969
609	972
609	992
610	419
610	825
610	859
610	891
610	929
610	988
610	990
610	996
611	12
611	48
611	72
611	401
611	472
611	599
611	647
611	708
612	65
612	352
612	480
612	555
612	733
612	770
612	789
612	880
613	37
613	560
613	643
613	658
613	730
613	840
613	943
613	946
614	277
614	316
614	324
614	334
614	684
614	699
614	721
614	734
615	933
615	934
615	952
615	957
615	985
615	996
615	998
615	999
616	608
616	747
616	823
616	827
616	876
616	904
616	959
616	964
617	132
617	420
617	461
617	493
617	640
617	821
617	874
617	922
618	485
618	522
618	641
618	903
618	910
618	934
618	958
618	973
619	256
619	490
619	505
619	539
619	727
619	768
619	775
619	814
620	80
620	87
620	102
620	113
620	359
620	510
620	576
620	779
621	228
621	439
621	651
621	749
621	868
621	991
621	993
621	994
622	147
622	722
622	807
622	885
622	910
622	934
622	955
622	958
623	239
623	251
623	409
623	425
623	625
623	856
623	973
624	60
624	79
624	170
624	248
624	354
624	515
624	520
624	948
625	186
625	239
625	251
625	332
625	347
625	409
625	623
625	695
626	705
626	738
626	878
626	889
626	949
626	991
626	993
626	994
627	96
627	468
627	582
627	716
627	801
627	894
627	901
627	906
628	572
628	752
628	850
628	879
628	900
628	907
628	954
628	963
629	693
629	778
629	919
629	939
629	944
629	946
629	956
629	969
630	475
630	678
630	693
630	735
630	778
630	866
630	944
630	969
631	53
631	194
631	311
631	464
631	546
631	836
631	900
631	918
632	649
632	950
632	953
632	970
632	971
632	986
632	989
632	995
633	548
633	636
633	658
633	729
633	760
633	772
633	829
633	990
634	886
634	914
634	928
634	935
634	975
634	979
634	982
634	983
634	987
635	561
635	570
635	656
635	791
635	827
635	853
635	855
635	896
635	921
636	280
636	633
636	729
636	760
636	772
636	815
636	829
636	925
636	990
637	466
637	765
637	865
637	866
637	870
637	939
637	944
637	946
637	956
638	677
638	738
638	913
638	923
638	949
638	991
638	993
638	994
638	996
639	125
639	174
639	459
639	665
639	728
639	806
639	826
639	847
639	945
640	486
640	493
640	617
640	709
640	750
640	751
640	821
640	895
640	922
641	385
641	618
641	645
641	807
641	820
641	885
641	903
641	934
641	958
642	519
642	914
642	928
642	935
642	975
642	979
642	982
642	983
642	987
643	174
643	613
643	730
643	912
643	943
643	946
643	960
643	967
643	981
644	288
644	416
644	476
644	823
644	827
644	876
644	904
644	959
644	964
645	427
645	579
645	641
645	706
645	722
645	792
645	903
645	934
645	958
646	516
646	788
646	836
646	850
646	900
646	915
646	916
646	954
646	963
647	72
647	401
647	446
647	452
647	472
647	586
647	599
647	611
647	679
648	746
648	770
648	784
648	872
648	877
648	881
648	911
648	926
648	947
649	44
649	270
649	312
649	503
649	632
649	691
649	786
649	861
649	896
650	712
650	815
650	830
650	848
650	859
650	891
650	929
650	988
650	990
651	287
651	478
651	621
651	793
651	794
651	867
651	936
651	942
651	980
652	685
652	795
652	825
652	830
652	848
652	891
652	929
652	988
652	990
653	318
653	426
653	463
653	511
653	530
653	657
653	755
653	783
653	984
654	2
654	409
654	528
654	542
654	689
654	698
654	862
654	948
654	958
655	13
655	349
655	489
655	518
655	762
655	810
655	888
655	905
655	984
656	454
656	494
656	570
656	635
656	664
656	791
656	853
656	896
656	921
657	653
657	860
657	869
657	919
657	927
657	937
657	938
657	941
657	1000
658	36
658	230
658	262
658	560
658	613
658	633
658	730
658	943
658	946
659	144
659	358
659	380
659	423
659	797
659	811
659	837
659	936
659	983
660	265
660	780
660	807
660	884
660	899
660	912
660	960
660	967
660	981
661	884
661	886
661	898
661	902
661	912
661	960
661	967
661	976
661	981
662	482
662	932
662	950
662	953
662	970
662	971
662	986
662	989
662	995
663	42
663	182
663	371
663	762
663	810
663	830
663	888
663	905
663	984
664	71
664	245
664	570
664	656
664	739
664	853
664	855
664	921
664	994
665	202
665	412
665	469
665	537
665	639
665	826
665	844
665	847
665	945
666	94
666	569
666	667
666	694
666	697
666	701
666	804
666	831
666	908
667	267
667	369
667	432
667	569
667	666
667	682
667	694
667	831
667	908
668	294
668	698
668	711
668	761
668	771
668	773
668	862
668	917
668	948
669	866
669	918
669	940
669	951
669	961
669	965
669	966
669	974
669	997
670	679
670	746
670	851
670	872
670	877
670	881
670	926
670	947
670	985
671	237
671	868
671	878
671	882
671	949
671	978
671	991
671	993
671	994
672	18
672	41
672	108
672	151
672	500
672	521
672	594
672	721
672	747
673	70
673	496
673	724
673	740
673	811
673	936
673	942
673	980
673	993
674	878
674	933
674	952
674	957
674	985
674	996
674	998
674	999
674	1000
675	796
675	828
675	841
675	873
675	895
675	898
675	955
675	962
675	968
676	403
676	499
676	843
676	846
676	864
676	885
676	943
676	972
676	992
677	75
677	342
677	638
677	878
677	889
677	913
677	991
677	993
677	994
678	501
678	630
678	693
678	865
678	866
678	944
678	946
678	956
678	969
679	446
679	586
679	647
679	670
679	708
679	791
679	877
679	881
679	911
680	134
680	168
680	758
680	761
680	771
680	862
680	917
680	948
680	985
681	274
681	291
681	580
681	714
681	731
681	808
681	816
681	819
681	865
682	133
682	373
682	432
682	569
682	667
682	701
682	730
682	804
682	908
683	62
683	504
683	548
683	700
683	729
683	788
683	799
683	829
683	925
684	127
684	180
684	316
684	614
684	692
684	696
684	734
684	785
684	800
685	355
685	535
685	587
685	652
685	825
685	830
685	848
685	859
685	929
686	396
686	740
686	784
686	812
686	881
686	911
686	926
686	947
686	978
687	27
687	107
687	123
687	175
687	309
687	543
687	577
687	968
687	978
688	4
688	410
688	548
688	700
688	729
688	802
688	815
688	925
688	990
689	654
689	771
689	822
689	828
689	917
689	938
689	948
689	955
689	977
690	392
690	546
690	744
690	752
690	850
690	907
690	916
690	954
690	963
691	43
691	212
691	540
691	603
691	649
691	759
691	795
691	825
691	861
692	49
692	127
692	313
692	388
692	568
692	684
692	696
692	699
692	734
692	920
693	12
693	81
693	596
693	629
693	630
693	678
693	765
693	939
693	956
693	969
694	369
694	418
694	569
694	572
694	666
694	667
694	735
694	804
694	908
694	959
695	124
695	186
695	239
695	266
695	332
695	347
695	409
695	444
695	539
695	625
696	127
696	254
696	255
696	388
696	568
696	684
696	692
696	699
696	734
696	800
697	136
697	328
697	373
697	437
697	572
697	666
697	750
697	804
697	831
697	908
698	542
698	654
698	668
698	758
698	761
698	771
698	862
698	917
698	948
698	953
699	127
699	254
699	316
699	324
699	343
699	568
699	614
699	692
699	696
699	734
700	4
700	88
700	327
700	384
700	683
700	688
700	772
700	788
700	829
700	990
701	136
701	213
701	218
701	502
701	666
701	682
701	804
701	831
701	908
701	915
702	831
702	839
702	841
702	887
702	902
702	960
702	962
702	968
702	976
702	981
703	101
703	164
703	527
703	585
703	725
703	730
703	737
703	854
703	893
703	897
704	414
704	491
704	529
704	751
704	821
704	874
704	895
704	922
704	962
704	968
705	103
705	531
705	626
705	740
705	832
705	872
705	877
705	881
705	911
705	926
706	108
706	645
706	802
706	807
706	864
706	903
706	934
706	958
706	972
706	992
707	445
707	924
707	933
707	952
707	957
707	985
707	996
707	998
707	999
707	1000
708	72
708	232
708	401
708	446
708	472
708	586
708	599
708	611
708	679
708	948
709	73
709	422
709	486
709	640
709	745
709	751
709	821
709	874
709	922
709	926
710	203
710	878
710	882
710	913
710	923
710	967
710	978
710	991
710	993
710	994
711	168
711	294
711	668
711	758
711	761
711	771
711	862
711	905
711	917
711	948
712	375
712	650
712	830
712	848
712	859
712	891
712	901
712	929
712	988
712	990
713	177
713	455
713	778
713	842
713	852
713	883
713	919
713	927
713	937
713	1000
714	274
714	506
714	538
714	681
714	731
714	816
714	819
714	855
714	865
714	958
715	116
715	573
715	744
715	752
715	836
715	900
715	907
715	916
715	954
715	963
716	73
716	296
716	468
716	479
716	627
716	743
716	777
716	844
716	894
716	901
717	138
717	598
717	781
717	846
717	864
717	930
717	943
717	972
717	986
717	992
718	3
718	31
718	40
718	123
718	428
718	543
718	736
718	790
718	917
718	978
719	315
719	496
719	842
719	882
719	913
719	919
719	927
719	978
719	991
719	993
720	863
720	918
720	931
720	940
720	951
720	961
720	965
720	966
720	974
720	995
720	997
721	151
721	582
721	607
721	614
721	672
721	747
721	755
721	757
721	777
721	801
721	901
722	348
722	481
722	622
722	645
722	782
722	792
722	820
722	903
722	910
722	934
722	989
723	25
723	33
723	45
723	105
723	303
723	313
723	399
723	424
723	747
723	754
723	774
724	195
724	378
724	423
724	673
724	837
724	849
724	858
724	867
724	936
724	942
724	980
725	139
725	257
725	383
725	465
725	547
725	703
725	730
725	860
725	893
725	897
725	961
726	256
726	394
726	539
726	727
726	775
726	836
726	850
726	907
726	929
726	954
726	963
727	229
727	256
727	306
727	490
727	505
727	539
727	619
727	726
727	775
727	799
727	814
728	68
728	402
728	412
728	512
728	553
728	592
728	595
728	639
728	806
728	847
728	945
729	16
729	92
729	380
729	633
729	636
729	683
729	688
729	799
729	815
729	925
729	990
730	257
730	383
730	613
730	643
730	658
730	682
730	703
730	725
730	893
730	943
730	946
731	153
731	452
731	483
731	681
731	714
731	808
731	816
731	819
731	847
731	855
731	865
732	11
732	429
732	776
732	833
732	842
732	883
732	927
732	937
732	941
732	980
732	1000
733	83
733	142
733	352
733	392
733	480
733	501
733	514
733	555
733	612
733	770
733	880
734	215
734	254
734	313
734	568
734	614
734	684
734	692
734	696
734	699
734	800
734	940
735	502
735	630
735	694
735	804
735	823
735	827
735	831
735	904
735	908
735	959
735	964
736	31
736	40
736	289
736	428
736	571
736	718
736	787
736	790
736	917
736	978
736	998
737	164
737	305
737	329
737	383
737	407
737	527
737	547
737	585
737	703
737	893
737	981
738	626
738	638
738	849
738	860
738	868
738	889
738	923
738	949
738	991
738	993
738	994
739	179
739	494
739	664
739	791
739	855
739	921
739	939
739	944
739	956
739	969
739	998
740	252
740	673
740	686
740	705
740	784
740	832
740	851
740	877
740	911
740	926
740	947
741	408
741	794
741	797
741	837
741	923
741	936
741	978
741	980
741	991
741	993
741	994
742	760
742	890
742	909
742	932
742	950
742	953
742	970
742	971
742	986
742	989
742	995
743	296
743	479
743	525
743	716
743	757
743	777
743	801
743	844
743	879
743	894
743	906
744	690
744	715
744	836
744	850
744	879
744	900
744	907
744	916
744	954
744	963
744	993
745	149
745	255
745	420
745	422
745	486
745	556
745	709
745	751
745	821
745	874
745	922
746	648
746	670
746	812
746	832
746	851
746	872
746	881
746	911
746	926
746	947
746	965
747	18
747	41
747	500
747	521
747	562
747	594
747	607
747	616
747	672
747	721
747	723
747	755
748	767
748	780
748	805
748	884
748	886
748	899
748	902
748	940
748	960
748	967
748	976
748	981
749	183
749	437
749	621
749	781
749	889
749	930
749	939
749	949
749	991
749	992
749	993
749	994
750	369
750	414
750	432
750	640
750	697
750	821
750	831
750	874
750	908
750	922
750	951
750	996
751	132
751	157
751	420
751	422
751	473
751	640
751	704
751	709
751	745
751	821
751	874
751	922
752	184
752	541
752	628
752	690
752	715
752	836
752	879
752	900
752	907
752	916
752	932
752	954
753	65
753	854
753	858
753	924
753	933
753	952
753	957
753	985
753	996
753	998
753	999
753	1000
754	24
754	33
754	45
754	105
754	303
754	399
754	424
754	456
754	723
754	774
754	817
754	854
755	41
755	536
755	538
755	594
755	653
755	721
755	747
755	783
755	814
755	942
755	969
755	984
756	868
756	878
756	882
756	884
756	889
756	923
756	931
756	949
756	978
756	991
756	993
756	994
757	721
757	743
757	764
757	777
757	839
757	844
757	894
757	898
757	906
757	936
757	962
757	968
758	134
758	409
758	542
758	680
758	698
758	711
758	761
758	862
758	917
758	948
758	949
758	959
759	44
759	212
759	335
759	564
759	603
759	691
759	786
759	795
759	861
759	871
759	896
759	961
760	92
760	471
760	504
760	583
760	633
760	636
760	742
760	788
760	799
760	829
760	925
760	990
761	294
761	528
761	542
761	668
761	680
761	698
761	711
761	758
761	771
761	862
761	948
761	962
762	52
762	89
762	356
762	655
762	663
762	798
762	810
762	838
762	888
762	897
762	905
762	984
763	837
763	875
763	890
763	909
763	932
763	950
763	953
763	970
763	971
763	986
763	989
763	995
764	250
764	319
764	321
764	355
764	757
764	796
764	873
764	887
764	895
764	898
764	962
764	968
765	331
765	336
765	470
765	637
765	693
765	866
765	910
765	939
765	944
765	946
765	956
765	969
766	793
766	875
766	890
766	909
766	932
766	950
766	953
766	970
766	971
766	986
766	989
766	995
767	331
767	333
767	748
767	840
767	884
767	886
767	899
767	902
767	912
767	960
767	967
767	981
768	619
768	870
768	875
768	890
768	909
768	932
768	950
768	953
768	970
768	971
768	986
768	989
768	995
769	234
769	274
769	854
769	858
769	924
769	933
769	952
769	957
769	985
769	996
769	998
769	999
769	1000
770	6
770	53
770	173
770	310
770	392
770	484
770	501
770	508
770	514
770	612
770	648
770	733
770	880
771	168
771	294
771	528
771	578
771	668
771	680
771	689
771	698
771	711
771	761
771	862
771	917
771	948
772	22
772	327
772	388
772	410
772	548
772	633
772	636
772	700
772	799
772	815
772	829
772	925
772	990
773	46
773	668
773	818
773	834
773	845
773	914
773	928
773	935
773	975
773	979
773	982
773	983
773	987
774	24
774	25
774	33
774	45
774	105
774	303
774	313
774	399
774	424
774	456
774	480
774	723
774	754
775	229
775	256
775	306
775	394
775	452
775	490
775	505
775	539
775	619
775	726
775	727
775	814
775	994
776	11
776	230
776	260
776	275
776	429
776	732
776	842
776	869
776	883
776	919
776	927
776	937
776	1000
777	200
777	507
777	565
777	582
777	716
777	721
777	743
777	757
777	801
777	823
777	844
777	894
777	901
778	387
778	445
778	475
778	609
778	629
778	630
778	713
778	866
778	939
778	944
778	946
778	956
778	969
779	80
779	87
779	102
779	113
779	227
779	244
779	346
779	406
779	510
779	576
779	604
779	620
779	851
780	463
780	590
780	660
780	748
780	813
780	847
780	886
780	899
780	902
780	912
780	960
780	967
780	981
781	340
781	433
781	453
781	523
781	717
781	749
781	802
781	843
781	846
781	903
781	930
781	972
781	992
782	283
782	465
782	722
782	820
782	869
782	885
782	910
782	940
782	951
782	961
782	965
782	966
782	974
783	318
783	511
783	530
783	653
783	755
783	814
783	950
783	970
783	971
783	984
783	986
783	989
783	995
784	103
784	396
784	648
784	686
784	740
784	787
784	851
784	872
784	877
784	881
784	911
784	926
784	947
785	684
785	863
785	918
785	931
785	940
785	951
785	961
785	965
785	966
785	974
785	997
786	43
786	169
786	351
786	446
786	540
786	603
786	649
786	759
786	795
786	861
786	871
786	896
786	995
787	27
787	66
787	107
787	289
787	309
787	543
787	577
787	583
787	736
787	784
787	790
787	917
787	978
788	185
788	471
788	504
788	583
788	646
788	683
788	700
788	760
788	799
788	815
788	829
788	925
788	990
789	6
789	53
789	129
789	173
789	184
789	311
789	392
789	480
789	501
789	537
789	555
789	612
789	880
790	17
790	66
790	123
790	289
790	411
790	428
790	543
790	571
790	577
790	718
790	736
790	787
790	917
790	978
791	71
791	258
791	449
791	454
791	561
791	597
791	635
791	656
791	679
791	739
791	853
791	855
791	896
791	921
792	147
792	442
792	458
792	474
792	481
792	522
792	645
792	722
792	839
792	885
792	903
792	910
792	934
792	958
793	487
793	498
793	651
793	766
793	794
793	797
793	811
793	837
793	867
793	882
793	936
793	942
793	973
793	980
794	382
794	440
794	478
794	651
794	741
794	793
794	811
794	837
794	867
794	911
794	932
794	942
794	973
794	980
795	109
795	212
795	216
795	312
795	345
795	351
795	503
795	564
795	652
795	691
795	759
795	786
795	871
795	896
796	110
796	176
796	338
796	495
796	675
796	764
796	828
796	839
796	887
796	895
796	898
796	960
796	962
796	968
797	143
797	176
797	440
797	487
797	525
797	659
797	741
797	793
797	849
797	867
797	936
797	942
797	973
797	980
798	42
798	356
798	477
798	518
798	532
798	534
798	541
798	554
798	762
798	810
798	888
798	897
798	905
798	984
799	16
799	88
799	327
799	504
799	583
799	683
799	727
799	729
799	760
799	772
799	788
799	829
799	925
799	990
800	58
800	313
800	334
800	388
800	445
800	568
800	596
800	684
800	696
800	734
800	939
800	944
800	956
800	969
801	233
801	296
801	436
801	507
801	525
801	582
801	627
801	721
801	743
801	777
801	844
801	894
801	901
801	906
802	377
802	508
802	575
802	586
802	598
802	688
802	706
802	781
802	843
802	846
802	864
802	915
802	930
802	992
803	599
803	870
803	875
803	890
803	909
803	932
803	950
803	953
803	970
803	971
803	986
803	989
803	995
804	68
804	133
804	180
804	350
804	502
804	572
804	666
804	682
804	694
804	697
804	701
804	735
804	831
804	908
805	148
805	588
805	748
805	813
805	840
805	884
805	886
805	899
805	912
805	943
805	960
805	967
805	976
805	981
806	402
806	405
806	411
806	412
806	512
806	553
806	595
806	639
806	728
806	826
806	847
806	945
806	949
806	976
807	367
807	427
807	481
807	524
807	622
807	641
807	660
807	706
807	820
807	885
807	903
807	910
807	934
807	958
808	681
808	731
808	816
808	819
808	823
808	855
808	865
808	940
808	951
808	961
808	965
808	966
808	974
808	997
809	121
809	607
809	854
809	857
809	858
809	924
809	933
809	952
809	957
809	985
809	996
809	998
809	999
809	1000
810	52
810	182
810	477
810	534
810	554
810	655
810	663
810	762
810	798
810	888
810	897
810	905
810	978
810	984
811	70
811	264
811	421
811	496
811	659
811	673
811	793
811	794
811	849
811	867
811	875
811	942
811	973
811	980
812	197
812	199
812	368
812	531
812	567
812	686
812	746
812	821
812	832
812	851
812	872
812	877
812	926
812	947
813	247
813	320
813	780
813	805
813	840
813	884
813	886
813	899
813	902
813	912
813	960
813	967
813	976
813	981
814	31
814	204
814	256
814	306
814	318
814	490
814	505
814	511
814	530
814	619
814	727
814	755
814	775
814	783
814	984
815	16
815	88
815	92
815	410
815	471
815	548
815	636
815	650
815	688
815	729
815	772
815	788
815	829
815	934
815	990
816	153
816	167
816	310
816	314
816	483
816	506
816	552
816	580
816	581
816	681
816	714
816	731
816	808
816	819
816	865
817	193
817	295
817	300
817	435
817	467
817	488
817	754
817	822
817	824
817	835
817	892
817	920
817	925
817	955
817	977
818	773
818	834
818	845
818	914
818	928
818	935
818	954
818	975
818	979
818	982
818	983
818	987
819	30
819	314
819	333
819	452
819	483
819	506
819	538
819	580
819	581
819	681
819	714
819	731
819	808
819	816
819	855
820	227
820	391
820	481
820	557
820	641
820	722
820	782
820	807
820	885
820	903
820	910
820	934
820	958
820	964
820	976
821	149
821	255
821	414
821	493
821	617
821	640
821	704
821	709
821	745
821	750
821	751
821	812
821	874
821	922
821	994
822	205
822	280
822	326
822	339
822	366
822	689
822	817
822	824
822	835
822	892
822	920
822	938
822	955
822	977
822	980
823	51
823	83
823	236
823	381
823	608
823	616
823	644
823	735
823	777
823	808
823	838
823	876
823	904
823	959
823	964
824	26
824	158
824	161
824	390
824	393
824	817
824	822
824	835
824	892
824	920
824	925
824	938
824	955
824	976
824	977
825	117
825	375
825	451
825	606
825	610
825	652
825	685
825	691
825	830
825	848
825	859
825	891
825	929
825	988
825	990
826	50
826	189
826	202
826	405
826	426
826	459
826	512
826	587
826	639
826	665
826	806
826	847
826	904
826	945
826	976
827	51
827	299
827	308
827	552
827	608
827	616
827	635
827	644
827	735
827	838
827	876
827	904
827	937
827	959
827	964
828	145
828	222
828	355
828	370
828	443
828	473
828	675
828	689
828	796
828	839
828	841
828	887
828	895
828	898
828	962
828	968
829	4
829	22
829	185
829	327
829	583
829	633
829	636
829	683
829	700
829	760
829	772
829	788
829	799
829	815
829	923
829	925
830	126
830	135
830	335
830	451
830	650
830	652
830	663
830	685
830	712
830	825
830	848
830	859
830	891
830	929
830	988
830	990
831	97
831	350
831	369
831	418
831	432
831	502
831	569
831	572
831	666
831	667
831	697
831	701
831	702
831	735
831	750
831	804
832	103
832	207
832	361
832	430
832	705
832	740
832	746
832	812
832	872
832	877
832	878
832	881
832	911
832	926
832	947
832	1000
833	275
833	371
833	379
833	429
833	455
833	732
833	842
833	852
833	869
833	919
833	927
833	937
833	938
833	946
833	979
833	1000
834	773
834	818
834	845
834	914
834	928
834	935
834	965
834	975
834	979
834	982
834	983
834	984
834	987
835	158
835	267
835	280
835	326
835	435
835	467
835	817
835	822
835	824
835	920
835	925
835	927
835	938
835	955
835	977
835	999
836	490
836	491
836	546
836	631
836	646
836	715
836	726
836	744
836	752
836	850
836	879
836	900
836	915
836	916
836	954
836	963
837	91
837	269
837	287
837	487
837	498
837	659
837	724
837	741
837	763
837	793
837	794
837	849
837	867
837	936
837	942
837	980
838	112
838	118
838	220
838	299
838	308
838	381
838	552
838	559
838	595
838	608
838	762
838	823
838	827
838	876
838	959
838	964
839	15
839	145
839	319
839	495
839	702
839	757
839	792
839	796
839	828
839	841
839	873
839	887
839	895
839	898
839	962
839	968
840	363
840	397
840	560
840	613
840	767
840	805
840	813
840	884
840	886
840	899
840	902
840	912
840	960
840	967
840	976
840	981
841	29
841	81
841	355
841	370
841	491
841	550
841	675
841	702
841	828
841	839
841	873
841	887
841	895
841	898
841	962
841	968
842	154
842	275
842	713
842	719
842	732
842	776
842	833
842	869
842	883
842	919
842	927
842	937
842	938
842	941
842	982
842	992
843	138
843	268
843	304
843	508
843	523
843	575
843	609
843	676
843	781
843	802
843	846
843	915
843	930
843	943
843	972
843	992
844	96
844	233
844	296
844	468
844	471
844	479
844	507
844	525
844	665
844	716
844	743
844	757
844	777
844	801
844	894
844	901
844	906
845	533
845	773
845	818
845	834
845	914
845	928
845	935
845	952
845	975
845	979
845	982
845	983
845	987
846	353
846	415
846	431
846	453
846	523
846	676
846	717
846	781
846	802
846	843
846	848
846	915
846	930
846	943
846	972
846	992
846	998
847	125
847	174
847	242
847	405
847	411
847	412
847	459
847	469
847	595
847	639
847	665
847	728
847	731
847	780
847	806
847	826
847	945
848	8
848	126
848	196
848	535
848	606
848	650
848	652
848	685
848	712
848	825
848	830
848	846
848	859
848	891
848	929
848	988
848	990
849	130
849	131
849	176
849	264
849	269
849	298
849	496
849	724
849	738
849	797
849	811
849	837
849	867
849	936
849	942
849	973
849	980
850	211
850	464
850	549
850	556
850	628
850	646
850	690
850	726
850	744
850	836
850	879
850	900
850	907
850	915
850	916
850	954
850	963
851	197
851	199
851	361
851	430
851	485
851	670
851	740
851	746
851	779
851	784
851	812
851	872
851	877
851	881
851	911
851	926
851	947
852	11
852	154
852	231
852	246
852	268
852	275
852	315
852	455
852	713
852	833
852	860
852	883
852	919
852	927
852	941
852	968
852	1000
853	71
853	245
853	258
853	389
853	454
853	494
853	561
853	570
853	597
853	635
853	656
853	664
853	791
853	855
853	892
853	905
853	921
854	703
854	753
854	754
854	769
854	809
854	857
854	858
854	924
854	933
854	952
854	957
854	985
854	996
854	998
854	999
854	1000
855	30
855	57
855	64
855	494
855	580
855	581
855	635
855	664
855	714
855	731
855	739
855	791
855	808
855	819
855	853
855	865
855	921
856	19
856	23
856	146
856	208
856	261
856	425
856	573
856	623
856	950
856	953
856	965
856	970
856	971
856	973
856	986
856	989
856	995
857	189
857	609
857	809
857	854
857	858
857	924
857	933
857	952
857	957
857	985
857	996
857	998
857	999
857	1000
858	559
858	724
858	753
858	769
858	809
858	854
858	857
858	924
858	933
858	952
858	957
858	985
858	996
858	998
858	999
858	1000
859	8
859	191
859	419
859	535
859	603
859	606
859	610
859	650
859	685
859	712
859	825
859	830
859	848
859	891
859	929
859	988
859	990
860	600
860	657
860	725
860	738
860	852
860	869
860	874
860	882
860	889
860	919
860	937
860	941
860	978
860	991
860	993
860	994
860	1000
861	43
861	44
861	152
861	216
861	351
861	503
861	540
861	564
861	589
861	603
861	649
861	691
861	759
861	786
861	871
861	896
861	974
862	2
862	94
862	134
862	168
862	294
862	528
862	542
862	654
862	668
862	680
862	698
862	711
862	758
862	761
862	771
862	889
862	948
862	966
863	720
863	785
863	918
863	931
863	940
863	951
863	961
863	965
863	966
863	974
863	989
863	992
863	997
864	63
864	183
864	353
864	431
864	433
864	453
864	494
864	575
864	676
864	706
864	717
864	802
864	915
864	930
864	943
864	972
864	987
864	992
865	48
865	81
865	153
865	179
865	314
865	637
865	678
865	681
865	714
865	731
865	808
865	816
865	855
865	939
865	946
865	956
865	969
865	979
866	122
866	172
866	470
866	558
866	588
866	596
866	609
866	630
866	637
866	669
866	678
866	765
866	778
866	939
866	944
866	946
866	956
866	969
867	264
867	358
867	378
867	380
867	382
867	451
867	498
867	651
867	724
867	793
867	794
867	797
867	811
867	837
867	849
867	936
867	942
867	980
868	162
868	439
868	488
868	621
868	671
868	738
868	756
868	878
868	882
868	889
868	897
868	913
868	923
868	949
868	978
868	991
868	993
868	994
869	84
869	246
869	260
869	315
869	551
869	563
869	657
869	776
869	782
869	833
869	842
869	860
869	883
869	919
869	927
869	937
869	941
869	1000
870	637
870	768
870	803
870	875
870	890
870	908
870	909
870	932
870	950
870	953
870	970
870	971
870	986
870	989
870	995
871	152
871	212
871	216
871	232
871	270
871	312
871	351
871	461
871	540
871	564
871	589
871	603
871	759
871	786
871	795
871	861
871	896
871	972
872	1
872	5
872	197
872	368
872	648
872	670
872	705
872	746
872	784
872	812
872	832
872	851
872	881
872	909
872	911
872	926
872	947
872	982
873	29
873	157
873	222
873	338
873	367
873	408
873	473
873	519
873	550
873	675
873	764
873	839
873	841
873	887
873	895
873	898
873	962
873	968
874	132
874	140
874	149
874	157
874	255
874	414
874	420
874	422
874	617
874	704
874	709
874	745
874	750
874	751
874	821
874	860
874	912
874	922
875	591
875	763
875	766
875	768
875	803
875	811
875	870
875	890
875	909
875	932
875	950
875	953
875	970
875	971
875	986
875	989
875	995
876	93
876	220
876	276
876	288
876	308
876	381
876	431
876	552
876	559
876	596
876	616
876	644
876	823
876	827
876	838
876	904
876	959
876	964
877	7
877	361
877	394
877	430
877	648
877	670
877	679
877	705
877	740
877	784
877	812
877	832
877	851
877	881
877	911
877	926
877	947
877	988
878	404
878	600
878	601
878	626
878	671
878	674
878	677
878	710
878	756
878	832
878	868
878	882
878	889
878	913
878	923
878	978
878	991
878	993
878	994
879	156
879	210
879	224
879	341
879	516
879	541
879	628
879	743
879	744
879	752
879	836
879	850
879	900
879	907
879	915
879	916
879	954
879	963
879	975
880	6
880	53
880	65
880	194
880	311
880	314
880	349
880	352
880	386
880	480
880	484
880	501
880	514
880	555
880	612
880	733
880	770
880	789
880	974
881	7
881	199
881	252
881	399
881	434
881	648
881	670
881	679
881	686
881	705
881	746
881	784
881	832
881	851
881	872
881	877
881	911
881	926
881	947
882	439
882	448
882	512
882	671
882	710
882	719
882	756
882	793
882	860
882	868
882	878
882	889
882	913
882	923
882	949
882	978
882	991
882	993
882	994
883	217
883	315
883	337
883	371
883	385
883	455
883	713
883	732
883	776
883	842
883	852
883	869
883	919
883	929
883	937
883	938
883	940
883	941
883	1000
884	434
884	590
884	660
884	661
884	748
884	756
884	767
884	805
884	813
884	840
884	886
884	899
884	902
884	912
884	960
884	967
884	970
884	976
884	981
885	180
885	367
885	458
885	474
885	485
885	522
885	533
885	557
885	622
885	641
885	676
885	782
885	792
885	807
885	820
885	903
885	910
885	958
885	1000
886	321
886	333
886	476
886	521
886	634
886	661
886	748
886	767
886	780
886	805
886	813
886	840
886	884
886	899
886	902
886	960
886	967
886	976
886	981
887	15
887	44
887	110
887	145
887	319
887	482
887	519
887	702
887	764
887	796
887	828
887	839
887	841
887	873
887	888
887	895
887	898
887	962
887	968
888	52
888	69
888	106
888	282
888	356
888	406
888	477
888	489
888	518
888	655
888	663
888	762
888	798
888	810
888	887
888	897
888	905
888	958
888	984
889	284
889	293
889	562
889	626
889	677
889	738
889	749
889	756
889	860
889	862
889	868
889	878
889	882
889	913
889	923
889	949
889	978
889	991
889	993
889	994
890	742
890	763
890	766
890	768
890	803
890	870
890	875
890	909
890	919
890	932
890	944
890	950
890	953
890	970
890	971
890	986
890	989
890	995
891	117
891	120
891	191
891	419
891	451
891	497
891	535
891	606
891	610
891	650
891	652
891	712
891	825
891	830
891	848
891	859
891	929
891	967
891	988
891	990
892	46
892	55
892	259
892	295
892	390
892	393
892	434
892	443
892	467
892	533
892	817
892	822
892	824
892	853
892	920
892	925
892	938
892	955
892	975
892	977
893	101
893	139
893	164
893	188
893	257
893	305
893	329
893	383
893	407
893	465
893	472
893	527
893	547
893	574
893	585
893	703
893	725
893	730
893	737
893	897
894	57
894	200
894	233
894	436
894	468
894	474
894	479
894	525
894	565
894	582
894	627
894	716
894	743
894	757
894	777
894	801
894	844
894	901
894	906
894	938
895	250
895	370
895	408
895	482
895	519
895	550
895	640
895	675
895	704
895	764
895	796
895	828
895	839
895	841
895	873
895	887
895	898
895	944
895	962
895	968
896	117
896	258
896	312
896	389
896	449
896	497
896	589
896	597
896	603
896	635
896	649
896	656
896	759
896	786
896	791
896	795
896	861
896	871
896	921
896	924
897	101
897	182
897	188
897	305
897	329
897	465
897	489
897	547
897	554
897	585
897	703
897	725
897	762
897	798
897	810
897	868
897	888
897	893
897	905
897	926
897	984
898	15
898	250
898	338
898	362
898	473
898	482
898	491
898	495
898	661
898	675
898	757
898	764
898	796
898	828
898	839
898	841
898	873
898	887
898	895
898	962
898	968
899	148
899	321
899	363
899	397
899	500
899	588
899	660
899	748
899	767
899	780
899	805
899	813
899	840
899	884
899	886
899	902
899	912
899	956
899	960
899	967
899	981
900	211
900	224
900	317
900	464
900	546
900	556
900	628
900	631
900	646
900	715
900	744
900	752
900	836
900	850
900	879
900	907
900	915
900	916
900	933
900	954
900	963
901	131
901	200
901	468
901	627
901	712
901	716
901	721
901	777
901	801
901	844
901	894
901	906
901	909
901	932
901	950
901	953
901	970
901	971
901	986
901	989
901	995
902	163
902	265
902	315
902	588
902	590
902	661
902	702
902	748
902	767
902	780
902	813
902	840
902	884
902	886
902	899
902	912
902	960
902	964
902	967
902	976
902	981
903	227
903	283
903	367
903	458
903	485
903	522
903	524
903	529
903	618
903	641
903	645
903	706
903	722
903	781
903	792
903	807
903	820
903	885
903	911
903	934
903	958
904	112
904	118
904	236
904	276
904	281
904	288
904	416
904	552
904	559
904	571
904	608
904	616
904	644
904	735
904	823
904	826
904	827
904	876
904	912
904	959
904	964
905	13
905	69
905	89
905	234
905	282
905	371
905	406
905	477
905	518
905	534
905	554
905	655
905	663
905	711
905	762
905	798
905	810
905	853
905	888
905	897
905	984
906	57
906	96
906	200
906	233
906	296
906	394
906	436
906	468
906	479
906	507
906	525
906	565
906	582
906	627
906	743
906	757
906	801
906	844
906	894
906	901
906	997
907	9
907	137
907	178
907	317
907	516
907	541
907	628
907	690
907	715
907	726
907	744
907	752
907	850
907	879
907	900
907	909
907	915
907	916
907	954
907	963
907	992
908	68
908	133
908	213
908	328
908	350
908	373
908	418
908	432
908	502
908	572
908	666
908	667
908	682
908	694
908	697
908	701
908	735
908	750
908	804
908	870
908	954
909	742
909	763
909	766
909	768
909	803
909	870
909	872
909	875
909	890
909	901
909	907
909	932
909	950
909	953
909	970
909	971
909	986
909	989
909	995
910	10
910	226
910	283
910	427
910	458
910	481
910	485
910	522
910	524
910	557
910	618
910	622
910	722
910	765
910	782
910	792
910	807
910	820
910	885
910	930
910	934
910	958
911	78
911	103
911	163
911	290
911	361
911	396
911	648
911	679
911	686
911	705
911	740
911	746
911	784
911	794
911	832
911	851
911	872
911	877
911	881
911	903
911	926
911	947
912	213
912	265
912	476
912	588
912	590
912	643
912	660
912	661
912	767
912	780
912	805
912	813
912	840
912	874
912	884
912	899
912	902
912	904
912	960
912	967
912	976
912	981
913	78
913	119
913	384
913	439
913	448
913	488
913	538
913	601
913	638
913	677
913	710
913	719
913	868
913	878
913	882
913	889
913	923
913	949
913	978
913	991
913	993
913	994
914	285
914	634
914	642
914	773
914	818
914	834
914	845
914	915
914	928
914	935
914	975
914	979
914	982
914	983
914	987
915	39
915	63
915	340
915	546
915	646
915	701
915	802
915	836
915	843
915	846
915	850
915	864
915	879
915	900
915	907
915	914
915	916
915	943
915	954
915	963
915	972
915	992
916	152
916	190
916	317
916	341
916	464
916	516
916	546
916	556
916	646
916	690
916	715
916	744
916	752
916	836
916	850
916	879
916	900
916	907
916	915
916	919
916	954
916	963
917	2
917	27
917	40
917	123
917	309
917	542
917	543
917	577
917	668
917	680
917	689
917	698
917	711
917	718
917	736
917	758
917	771
917	787
917	790
917	948
917	952
917	978
917	988
918	416
918	584
918	631
918	669
918	720
918	785
918	863
918	931
918	940
918	951
918	961
918	965
918	966
918	974
918	997
919	61
919	177
919	246
919	337
919	563
919	629
919	657
919	713
919	719
919	776
919	833
919	842
919	852
919	860
919	869
919	883
919	890
919	916
919	927
919	937
919	938
919	941
919	1000
920	46
920	55
920	193
920	295
920	300
920	326
920	339
920	390
920	393
920	417
920	435
920	536
920	692
920	817
920	822
920	824
920	835
920	892
920	925
920	938
920	955
920	977
920	984
921	57
921	71
921	130
921	245
921	258
921	389
921	449
921	454
921	494
921	497
921	561
921	570
921	597
921	635
921	656
921	664
921	739
921	791
921	853
921	855
921	896
921	924
921	927
922	31
922	73
922	132
922	140
922	149
922	157
922	255
922	414
922	420
922	422
922	486
922	493
922	617
922	640
922	704
922	709
922	745
922	750
922	751
922	821
922	874
922	932
922	979
923	104
923	228
923	241
923	284
923	448
923	600
923	638
923	710
923	738
923	741
923	756
923	829
923	868
923	878
923	882
923	889
923	913
923	949
923	968
923	978
923	991
923	993
923	994
924	707
924	753
924	769
924	809
924	854
924	857
924	858
924	896
924	921
924	931
924	933
924	952
924	957
924	985
924	996
924	998
924	999
924	1000
925	161
925	259
925	339
925	417
925	504
925	636
925	683
925	688
925	729
925	760
925	772
925	788
925	799
925	817
925	824
925	829
925	835
925	892
925	920
925	950
925	955
925	977
925	990
925	994
926	1
926	5
926	7
926	368
926	396
926	430
926	531
926	648
926	670
926	686
926	705
926	709
926	740
926	746
926	784
926	812
926	832
926	851
926	872
926	877
926	881
926	897
926	911
926	947
927	61
927	227
927	244
927	246
927	260
927	268
927	275
927	379
927	563
927	657
927	713
927	719
927	732
927	776
927	833
927	835
927	842
927	852
927	869
927	919
927	921
927	937
927	941
927	1000
928	347
928	460
928	513
928	526
928	532
928	544
928	566
928	570
928	634
928	642
928	773
928	818
928	834
928	845
928	914
928	935
928	975
928	979
928	982
928	983
928	987
929	8
929	95
929	126
929	135
929	196
929	335
929	451
929	535
929	587
929	606
929	610
929	650
929	652
929	685
929	712
929	726
929	825
929	830
929	848
929	859
929	883
929	891
929	988
929	990
930	39
930	99
930	209
930	272
930	304
930	348
930	407
930	431
930	433
930	453
930	499
930	508
930	575
930	717
930	749
930	781
930	802
930	843
930	846
930	864
930	910
930	943
930	972
930	992
931	403
931	720
931	756
931	785
931	863
931	918
931	924
931	940
931	951
931	961
931	965
931	966
931	974
931	997
932	662
932	742
932	752
932	763
932	766
932	768
932	794
932	803
932	870
932	875
932	890
932	901
932	909
932	922
932	950
932	953
932	970
932	971
932	986
932	989
932	995
933	136
933	551
933	567
933	578
933	579
933	602
933	604
933	615
933	674
933	707
933	753
933	769
933	809
933	854
933	857
933	858
933	900
933	924
933	952
933	957
933	985
933	996
933	998
933	999
933	1000
934	10
934	147
934	226
934	391
934	427
934	442
934	524
934	529
934	533
934	557
934	615
934	618
934	622
934	641
934	645
934	706
934	722
934	792
934	807
934	815
934	820
934	903
934	910
934	942
934	958
935	348
935	373
935	418
935	566
935	634
935	642
935	773
935	818
935	834
935	845
935	914
935	928
935	975
935	979
935	982
935	983
935	987
936	91
936	144
936	214
936	263
936	269
936	380
936	382
936	478
936	487
936	498
936	651
936	659
936	673
936	724
936	741
936	757
936	793
936	797
936	837
936	849
936	867
936	942
936	973
936	977
936	980
937	61
937	154
937	217
937	231
937	246
937	337
937	341
937	379
937	385
937	563
937	608
937	657
937	713
937	732
937	776
937	827
937	833
937	842
937	860
937	869
937	883
937	919
937	927
937	938
937	941
937	1000
938	177
938	366
938	417
938	429
938	434
938	533
938	563
938	586
938	657
938	689
938	822
938	824
938	833
938	835
938	842
938	883
938	892
938	894
938	919
938	920
938	937
938	941
938	955
938	977
938	993
938	1000
939	85
939	122
939	155
939	276
939	331
939	336
939	466
939	470
939	475
939	558
939	581
939	596
939	629
939	637
939	693
939	739
939	749
939	765
939	778
939	800
939	865
939	866
939	944
939	946
939	956
939	969
940	82
940	98
940	344
940	372
940	413
940	438
940	584
940	669
940	720
940	734
940	748
940	782
940	785
940	808
940	863
940	883
940	918
940	931
940	951
940	961
940	965
940	966
940	974
940	997
941	11
941	61
941	154
941	217
941	231
941	260
941	337
941	371
941	379
941	385
941	455
941	657
941	732
941	842
941	852
941	860
941	869
941	883
941	919
941	927
941	937
941	938
941	959
941	978
941	987
941	1000
942	165
942	176
942	263
942	264
942	287
942	298
942	358
942	440
942	478
942	487
942	498
942	543
942	651
942	673
942	724
942	755
942	793
942	794
942	797
942	811
942	837
942	849
942	867
942	934
942	936
942	973
942	980
943	36
943	37
943	219
943	230
943	237
943	254
943	262
943	272
943	560
943	613
943	643
943	658
943	676
943	717
943	730
943	805
943	843
943	846
943	864
943	915
943	930
943	946
943	972
943	991
943	992
944	36
944	47
944	85
944	122
944	155
944	331
944	387
944	445
944	466
944	470
944	475
944	581
944	629
944	630
944	637
944	678
944	739
944	765
944	778
944	800
944	866
944	890
944	895
944	939
944	946
944	956
944	969
945	24
945	50
945	125
945	174
945	189
945	202
945	242
945	402
945	405
945	411
945	459
945	469
945	512
945	537
945	553
945	587
945	592
945	595
945	639
945	665
945	728
945	806
945	826
945	847
945	963
945	976
945	983
946	36
946	37
946	230
946	262
946	558
946	560
946	596
946	613
946	629
946	637
946	643
946	658
946	678
946	730
946	765
946	778
946	833
946	865
946	866
946	939
946	943
946	944
946	956
946	960
946	969
946	991
947	1
947	5
947	197
947	199
947	207
947	214
947	235
947	252
947	281
947	290
947	368
947	394
947	396
947	531
947	648
947	670
947	686
947	740
947	746
947	784
947	812
947	832
947	851
947	872
947	877
947	881
947	911
947	926
948	60
948	79
948	170
948	248
948	252
948	291
948	354
948	515
948	520
948	528
948	542
948	624
948	654
948	668
948	680
948	689
948	698
948	708
948	711
948	758
948	761
948	771
948	862
948	917
948	957
949	84
949	104
949	114
949	159
949	198
949	241
949	293
949	342
949	350
949	448
949	600
949	601
949	626
949	638
949	671
949	738
949	749
949	756
949	758
949	806
949	868
949	882
949	889
949	913
949	923
949	978
949	991
949	993
949	994
950	249
950	357
950	374
950	428
950	492
950	605
950	632
950	662
950	742
950	763
950	766
950	768
950	783
950	803
950	856
950	870
950	875
950	890
950	901
950	909
950	925
950	932
950	953
950	970
950	971
950	986
950	989
950	995
950	999
951	75
951	141
951	171
951	225
951	285
951	286
951	344
951	376
951	413
951	438
951	484
951	571
951	584
951	669
951	720
951	750
951	782
951	785
951	808
951	863
951	918
951	931
951	940
951	961
951	965
951	966
951	974
951	997
951	999
952	94
952	365
952	395
952	549
952	567
952	574
952	578
952	579
952	602
952	604
952	615
952	674
952	707
952	753
952	769
952	809
952	845
952	854
952	857
952	858
952	917
952	924
952	933
952	957
952	985
952	996
952	998
952	999
952	1000
953	54
953	58
953	130
953	215
953	322
953	323
953	357
953	400
953	605
953	632
953	662
953	698
953	742
953	763
953	766
953	768
953	803
953	856
953	870
953	875
953	890
953	901
953	909
953	932
953	950
953	970
953	971
953	986
953	989
953	995
954	9
954	137
954	156
954	178
954	190
954	224
954	317
954	341
954	343
954	464
954	516
954	541
954	556
954	628
954	646
954	690
954	715
954	726
954	744
954	752
954	818
954	836
954	850
954	879
954	900
954	907
954	908
954	915
954	916
954	995
955	90
955	111
955	161
955	205
955	259
955	280
955	295
955	300
955	326
955	366
955	377
955	390
955	393
955	417
955	434
955	435
955	443
955	467
955	622
955	675
955	689
955	817
955	822
955	824
955	835
955	892
955	920
955	925
955	938
955	977
956	81
956	85
956	172
956	186
956	191
956	336
956	387
956	445
956	466
956	470
956	475
956	558
956	581
956	596
956	609
956	629
956	637
956	678
956	693
956	739
956	765
956	778
956	800
956	865
956	866
956	899
956	939
956	944
956	946
956	969
957	194
957	307
957	517
957	549
957	551
957	567
957	574
957	578
957	579
957	602
957	604
957	615
957	674
957	707
957	753
957	769
957	809
957	854
957	857
957	858
957	924
957	933
957	948
957	952
957	983
957	985
957	996
957	998
957	999
957	1000
958	10
958	147
958	169
958	226
958	283
958	348
958	367
958	391
958	427
958	442
958	481
958	522
958	524
958	529
958	533
958	557
958	618
958	622
958	641
958	645
958	654
958	706
958	714
958	792
958	807
958	820
958	885
958	888
958	903
958	910
958	934
959	20
959	47
959	51
959	83
959	93
959	108
959	112
959	118
959	236
959	281
959	288
959	299
959	308
959	381
959	552
959	559
959	571
959	608
959	616
959	644
959	694
959	735
959	758
959	823
959	827
959	838
959	876
959	904
959	941
959	964
959	973
960	121
960	136
960	163
960	229
960	247
960	302
960	321
960	363
960	397
960	476
960	590
960	643
960	660
960	661
960	702
960	748
960	767
960	780
960	796
960	805
960	813
960	840
960	884
960	886
960	899
960	902
960	912
960	946
960	967
960	976
960	981
961	21
961	56
961	74
961	141
961	166
961	171
961	225
961	279
961	285
961	286
961	372
961	376
961	413
961	438
961	584
961	669
961	720
961	725
961	759
961	782
961	785
961	808
961	863
961	918
961	931
961	940
961	951
961	965
961	966
961	974
961	997
962	29
962	110
962	145
962	190
962	222
962	250
962	319
962	338
962	408
962	473
962	482
962	491
962	495
962	519
962	550
962	675
962	702
962	704
962	757
962	761
962	764
962	796
962	828
962	839
962	841
962	873
962	887
962	895
962	898
962	968
962	972
963	116
963	137
963	151
963	156
963	178
963	190
963	210
963	211
963	224
963	317
963	341
963	343
963	464
963	516
963	541
963	546
963	556
963	628
963	646
963	690
963	715
963	726
963	744
963	836
963	850
963	879
963	900
963	907
963	915
963	916
963	945
963	992
964	20
964	51
964	83
964	108
964	112
964	118
964	220
964	236
964	276
964	281
964	288
964	291
964	299
964	308
964	381
964	416
964	552
964	559
964	571
964	608
964	616
964	644
964	735
964	820
964	823
964	827
964	838
964	876
964	902
964	904
964	959
964	974
965	3
965	21
965	74
965	82
965	98
965	166
965	171
965	225
965	285
965	286
965	372
965	376
965	413
965	438
965	584
965	669
965	720
965	746
965	782
965	785
965	808
965	834
965	856
965	863
965	918
965	931
965	940
965	951
965	961
965	966
965	974
965	997
966	3
966	21
966	56
966	74
966	75
966	82
966	98
966	166
966	286
966	334
966	344
966	372
966	376
966	413
966	438
966	484
966	584
966	669
966	720
966	782
966	785
966	808
966	862
966	863
966	918
966	931
966	940
966	951
966	961
966	965
966	974
966	986
966	997
967	121
967	148
967	229
967	247
967	290
967	302
967	333
967	363
967	397
967	434
967	436
967	476
967	588
967	643
967	660
967	661
967	710
967	748
967	767
967	780
967	805
967	813
967	840
967	884
967	886
967	891
967	899
967	902
967	912
967	960
967	976
967	981
967	990
968	15
968	29
968	110
968	222
968	250
968	319
968	338
968	355
968	370
968	408
968	443
968	482
968	491
968	495
968	519
968	550
968	675
968	687
968	702
968	704
968	757
968	764
968	796
968	828
968	839
968	841
968	852
968	873
968	887
968	895
968	898
968	923
968	962
968	1000
969	47
969	85
969	122
969	155
969	172
969	179
969	331
969	336
969	344
969	387
969	445
969	466
969	470
969	475
969	558
969	581
969	596
969	609
969	629
969	630
969	678
969	693
969	739
969	755
969	765
969	778
969	800
969	865
969	866
969	939
969	944
969	946
969	956
969	991
970	54
970	67
970	160
970	273
970	292
970	302
970	322
970	323
970	325
970	357
970	441
970	492
970	605
970	632
970	662
970	742
970	763
970	766
970	768
970	783
970	803
970	856
970	870
970	875
970	884
970	890
970	901
970	909
970	932
970	950
970	953
970	971
970	986
970	989
970	995
971	58
971	192
971	206
971	273
971	290
971	325
971	374
971	400
971	404
971	441
971	492
971	495
971	605
971	632
971	662
971	742
971	763
971	766
971	768
971	783
971	803
971	856
971	870
971	875
971	890
971	901
971	909
971	932
971	950
971	953
971	970
971	977
971	986
971	989
971	995
972	63
972	99
972	138
972	142
972	183
972	209
972	237
972	272
972	304
972	340
972	377
972	403
972	415
972	433
972	437
972	499
972	508
972	523
972	575
972	586
972	598
972	609
972	676
972	706
972	717
972	781
972	843
972	846
972	864
972	871
972	915
972	930
972	943
972	962
972	992
973	19
973	23
973	70
973	146
973	165
973	208
973	211
973	257
973	261
973	287
973	378
973	425
973	440
973	478
973	496
973	498
973	529
973	573
973	618
973	623
973	793
973	794
973	797
973	811
973	849
973	856
973	936
973	942
973	959
973	980
974	3
974	21
974	56
974	74
974	75
974	82
974	98
974	141
974	166
974	171
974	225
974	285
974	286
974	344
974	372
974	376
974	413
974	438
974	484
974	584
974	669
974	720
974	782
974	785
974	808
974	861
974	863
974	880
974	918
974	931
974	940
974	951
974	961
974	964
974	965
974	966
974	982
974	997
975	35
975	100
975	128
975	141
975	221
975	238
975	253
975	271
975	278
975	297
975	320
975	345
975	360
975	364
975	421
975	460
975	513
975	526
975	532
975	544
975	566
975	634
975	642
975	773
975	818
975	834
975	845
975	879
975	892
975	914
975	928
975	935
975	979
975	982
975	983
975	986
975	987
976	24
976	50
976	125
976	242
976	265
976	302
976	402
976	411
976	412
976	459
976	469
976	512
976	537
976	553
976	577
976	587
976	588
976	590
976	592
976	661
976	702
976	748
976	805
976	806
976	813
976	820
976	824
976	826
976	840
976	884
976	886
976	902
976	912
976	945
976	960
976	967
976	981
976	987
977	26
977	46
977	55
977	90
977	111
977	158
977	161
977	193
977	205
977	210
977	259
977	267
977	280
977	295
977	300
977	326
977	339
977	366
977	390
977	393
977	417
977	435
977	443
977	467
977	533
977	689
977	817
977	822
977	824
977	835
977	892
977	920
977	925
977	936
977	938
977	955
977	971
977	978
978	17
978	40
978	66
978	107
978	175
978	203
978	289
978	309
978	428
978	543
978	571
978	577
978	671
978	686
978	687
978	710
978	718
978	719
978	736
978	741
978	756
978	787
978	790
978	810
978	860
978	868
978	878
978	882
978	889
978	913
978	917
978	923
978	941
978	949
978	977
978	991
978	993
978	994
979	238
979	271
979	278
979	297
979	364
979	421
979	460
979	513
979	526
979	532
979	544
979	566
979	634
979	642
979	773
979	818
979	833
979	834
979	845
979	865
979	914
979	922
979	928
979	935
979	975
979	982
979	983
979	987
979	990
980	70
980	91
980	130
980	131
980	143
980	144
980	165
980	179
980	195
980	214
980	263
980	264
980	269
980	298
980	358
980	378
980	382
980	423
980	440
980	478
980	487
980	496
980	651
980	673
980	724
980	732
980	741
980	793
980	794
980	797
980	811
980	822
980	837
980	849
980	867
980	936
980	942
980	973
980	981
981	39
981	121
981	148
981	163
981	213
981	229
981	247
981	262
981	265
981	290
981	302
981	321
981	333
981	363
981	397
981	436
981	476
981	588
981	590
981	643
981	660
981	661
981	702
981	737
981	748
981	767
981	780
981	805
981	813
981	840
981	884
981	886
981	899
981	902
981	912
981	960
981	967
981	976
981	980
982	35
982	67
982	100
982	109
982	128
982	142
982	150
982	217
982	221
982	238
982	253
982	271
982	278
982	297
982	320
982	360
982	364
982	421
982	460
982	513
982	526
982	532
982	544
982	566
982	634
982	642
982	773
982	818
982	834
982	842
982	845
982	872
982	914
982	928
982	935
982	974
982	975
982	979
982	983
982	987
983	32
983	35
983	67
983	100
983	109
983	128
983	150
983	221
983	238
983	253
983	271
983	278
983	297
983	320
983	360
983	364
983	421
983	454
983	460
983	513
983	526
983	532
983	544
983	566
983	634
983	642
983	659
983	773
983	818
983	834
983	845
983	914
983	928
983	935
983	945
983	957
983	975
983	979
983	982
983	987
984	42
984	52
984	69
984	106
984	204
984	234
984	268
984	274
984	282
984	318
984	356
984	426
984	442
984	463
984	489
984	511
984	518
984	530
984	534
984	536
984	554
984	653
984	655
984	663
984	755
984	762
984	783
984	798
984	810
984	814
984	834
984	888
984	897
984	905
984	920
984	988
984	990
985	14
985	28
985	38
985	76
985	86
985	89
985	187
985	235
985	307
985	362
985	365
985	395
985	462
985	483
985	517
985	549
985	551
985	567
985	574
985	578
985	579
985	602
985	604
985	615
985	670
985	674
985	680
985	707
985	753
985	769
985	809
985	854
985	857
985	858
985	924
985	933
985	952
985	957
985	996
985	998
985	999
985	1000
986	54
986	64
986	160
986	181
986	192
986	249
986	273
986	292
986	322
986	323
986	325
986	357
986	374
986	400
986	429
986	441
986	492
986	592
986	605
986	632
986	662
986	717
986	742
986	763
986	766
986	768
986	783
986	803
986	856
986	870
986	875
986	890
986	901
986	909
986	932
986	950
986	953
986	966
986	970
986	971
986	975
986	989
986	995
987	32
987	35
987	67
987	100
987	109
987	128
987	142
987	150
987	221
987	238
987	253
987	271
987	278
987	297
987	303
987	320
987	345
987	360
987	364
987	421
987	460
987	513
987	526
987	532
987	544
987	566
987	634
987	642
987	773
987	818
987	834
987	845
987	864
987	914
987	928
987	935
987	941
987	975
987	976
987	979
987	982
987	983
987	998
988	8
988	59
988	90
988	95
988	201
988	223
988	279
988	301
988	335
988	375
988	386
988	419
988	447
988	450
988	461
988	509
988	535
988	545
988	587
988	593
988	606
988	610
988	650
988	652
988	712
988	825
988	830
988	848
988	859
988	877
988	891
988	917
988	929
988	984
988	989
988	990
989	64
989	160
989	181
989	192
989	206
989	249
989	273
989	292
989	322
989	323
989	325
989	354
989	374
989	386
989	400
989	441
989	492
989	592
989	605
989	632
989	662
989	722
989	742
989	763
989	766
989	768
989	783
989	803
989	856
989	863
989	870
989	875
989	890
989	901
989	909
989	932
989	950
989	953
989	970
989	971
989	986
989	988
989	995
990	4
990	16
990	22
990	77
990	117
990	135
990	185
990	191
990	335
990	410
990	451
990	497
990	504
990	513
990	535
990	548
990	583
990	587
990	606
990	610
990	633
990	636
990	650
990	652
990	688
990	700
990	712
990	729
990	760
990	772
990	788
990	799
990	815
990	825
990	830
990	848
990	859
990	891
990	925
990	929
990	967
990	979
990	984
990	988
991	84
991	114
991	119
991	120
991	159
991	198
991	203
991	228
991	241
991	284
991	293
991	342
991	384
991	404
991	407
991	448
991	488
991	600
991	601
991	621
991	626
991	638
991	671
991	677
991	710
991	719
991	738
991	741
991	749
991	756
991	860
991	868
991	878
991	882
991	889
991	913
991	923
991	943
991	946
991	949
991	969
991	978
991	993
991	994
991	995
992	39
992	63
992	99
992	138
992	183
992	196
992	209
992	219
992	237
992	272
992	304
992	340
992	348
992	353
992	377
992	403
992	415
992	431
992	433
992	437
992	453
992	499
992	508
992	523
992	575
992	586
992	598
992	609
992	676
992	706
992	717
992	749
992	781
992	802
992	842
992	843
992	846
992	863
992	864
992	907
992	915
992	930
992	943
992	963
992	972
993	55
993	104
993	114
993	119
993	120
993	124
993	159
993	162
993	198
993	241
993	284
993	293
993	342
993	384
993	404
993	407
993	439
993	448
993	488
993	600
993	601
993	621
993	626
993	638
993	671
993	673
993	677
993	710
993	719
993	738
993	741
993	744
993	749
993	756
993	860
993	868
993	878
993	882
993	889
993	913
993	923
993	938
993	949
993	978
993	991
993	994
994	84
994	104
994	114
994	119
994	120
994	124
994	159
994	162
994	203
994	228
994	241
994	284
994	293
994	342
994	384
994	404
994	407
994	439
994	488
994	593
994	600
994	601
994	621
994	626
994	638
994	664
994	671
994	677
994	710
994	738
994	741
994	749
994	756
994	775
994	821
994	860
994	868
994	878
994	882
994	889
994	913
994	923
994	925
994	949
994	978
994	991
994	993
995	54
995	58
995	64
995	160
995	181
995	192
995	206
995	249
995	273
995	292
995	322
995	323
995	325
995	357
995	374
995	386
995	400
995	417
995	441
995	492
995	592
995	605
995	632
995	662
995	720
995	742
995	763
995	766
995	768
995	783
995	786
995	803
995	856
995	870
995	875
995	890
995	901
995	909
995	932
995	950
995	953
995	954
995	970
995	971
995	986
995	989
995	991
996	14
996	28
996	34
996	38
996	76
996	77
996	86
996	187
996	235
996	307
996	360
996	362
996	365
996	395
996	462
996	474
996	517
996	549
996	551
996	562
996	567
996	574
996	578
996	579
996	602
996	604
996	610
996	615
996	638
996	674
996	707
996	750
996	753
996	769
996	809
996	854
996	857
996	858
996	924
996	933
996	952
996	957
996	985
996	998
996	999
996	1000
997	32
997	62
997	115
997	184
997	202
997	240
997	243
997	330
997	398
997	457
997	514
997	527
997	557
997	584
997	591
997	669
997	720
997	785
997	808
997	863
997	906
997	918
997	931
997	940
997	951
997	961
997	965
997	966
997	974
998	14
998	28
998	34
998	38
998	76
998	77
998	86
998	111
998	187
998	235
998	307
998	362
998	365
998	395
998	462
998	517
998	549
998	551
998	562
998	567
998	574
998	578
998	579
998	602
998	604
998	615
998	674
998	707
998	736
998	739
998	753
998	769
998	809
998	846
998	854
998	857
998	858
998	924
998	933
998	952
998	957
998	985
998	987
998	996
998	999
998	1000
999	14
999	28
999	34
999	38
999	76
999	77
999	86
999	88
999	140
999	187
999	235
999	307
999	352
999	362
999	365
999	395
999	462
999	474
999	517
999	549
999	551
999	562
999	567
999	574
999	578
999	579
999	602
999	604
999	615
999	674
999	707
999	753
999	769
999	809
999	835
999	854
999	857
999	858
999	924
999	933
999	950
999	951
999	952
999	957
999	985
999	996
999	998
999	1000
1000	9
1000	30
1000	177
1000	231
1000	260
1000	337
1000	379
1000	385
1000	429
1000	462
1000	517
1000	563
1000	574
1000	602
1000	657
1000	674
1000	707
1000	713
1000	732
1000	753
1000	769
1000	776
1000	809
1000	832
1000	833
1000	852
1000	854
1000	857
1000	858
1000	860
1000	869
1000	883
1000	885
1000	919
1000	924
1000	927
1000	933
1000	937
1000	938
1000	941
1000	952
1000	957
1000	968
1000	985
1000	996
1000	998
1000	999
