1 947
2 771
3 974
4 829
5 947
6 880
7 947
8 929
9 954
10 958
11 937
12 611
13 888
14 999
15 968
16 829
17 790
18 747
19 573
20 964
21 974
22 829
23 573
24 774
25 774
26 977
27 790
28 999
29 968
30 819
31 790
32 987
33 774
34 999
35 987
36 658 969
37 658
38 999
39 992
40 790
41 747
42 888
43 871
44 871
45 774
46 977
47 969
48 611
49 696
50 945
51 964
52 888
53 880
54 995
55 977
56 974
57 894
58 995
59 593
60 520
61 937
62 398
63 992
64 995
65 880
66 790
67 987
68 908
69 888
70 980
71 921
72 611
73 922
74 974
75 974
76 999
77 999
78 947
79 520
80 510
81 969
82 974
83 964
84 993
85 969
86 999
87 510
88 829
89 888
90 977
91 980
92 829
93 964
94 771
95 929
96 894
97 908
98 974
99 992
100 987
101 893
102 510
103 947
104 993
105 774
106 888
107 790
108 964
109 987
110 968
111 977
112 964
113 510
114 993
115 398
116 954
117 929
118 964
119 993
120 993
121 981
122 969
123 790
124 993
125 945
126 929
127 696
128 987
129 880
130 980
131 980
132 922
133 908
134 771
135 929
136 908
137 954
138 992
139 893
140 922
141 974
142 987
143 980
144 980
145 968
146 573
147 958
148 981
149 922
150 987
151 747
152 871
153 819
154 937
155 969
156 954
157 922
158 977
159 993
160 995
161 977
162 993
163 981
164 893
165 980
166 974
167 819
168 771
169 871
170 520
171 974
172 969
173 880
174 945
175 790
176 980
177 937
178 954
179 969
180 696
181 995
182 888
183 992
184 398
185 829
186 625
187 999
188 893
189 945
190 954
191 929
192 995
193 977
194 880
195 980
196 929
197 947
198 993
199 947
200 894
201 593
202 945
203 993
204 653
205 977
206 995
207 947
208 573
209 992
210 954
211 954
212 871
213 981
214 980
215 696
216 871
217 937
218 908
219 992
220 964
221 987
222 968
223 593
224 954
225 974
226 958
227 510 958
228 993
229 981
230 658
231 937
232 611
233 894
234 888
235 999
236 964
237 992
238 987
239 625
240 398
241 993
242 945
243 398
244 510
245 921
246 937
247 981
248 520
249 995
250 968
251 625
252 947
253 987
254 696
255 922
256 727
257 893
258 921
259 977
260 937
261 573
262 658
263 980
264 980
265 981
266 625
267 908
268 653 937
269 980
270 871
271 987
272 992
273 995
274 819 958
275 937
276 964
277 696
278 987
279 593
280 977
281 964
282 888
283 958
284 993
285 974
286 974
287 980
288 964
289 790
290 947 981
291 819 964
292 995
293 993
294 771
295 977
296 894
297 987
298 980
299 964
300 977
301 593
302 981
303 774
304 992
305 893
306 727
307 999
308 964
309 790
310 880
311 880
312 871
313 696 774
314 819 880
315 937
316 696
317 954
318 653
319 968
320 987
321 981
322 995
323 995
324 696
325 995
326 977
327 829
328 908
329 893
330 398
331 969
332 625
333 981
334 696
335 929
336 969
337 937
338 968
339 977
340 992
341 954
342 993
343 696 954
344 974
345 871 987
346 510
347 625
348 958 992
349 880
350 908
351 871
352 880
353 992
354 520
355 968
356 888
357 995
358 980
359 510
360 987
361 947
362 999
363 981
364 987
365 999
366 977
367 958
368 947
369 908
370 968
371 937
372 974
373 908
374 995
375 929
376 974
377 992
378 980
379 937
380 980
381 964
382 980
383 893
384 993
385 937
386 995
387 969
388 696
389 921
390 977
391 958
392 880
393 977
394 947
395 999
396 947
397 981
398 398
399 774
400 995
401 611
402 945
403 992
404 993
405 945
406 510
407 993
408 968
409 625
410 829
411 945
412 945
413 974
414 922
415 992
416 964
417 977
418 908
419 929
420 922
421 987
422 922
423 980
424 774
425 573 625
426 653
427 958
428 790
429 937
430 947
431 992
432 908
433 992
434 977 981
435 977
436 894 981
437 992
438 974
439 993
440 980
441 995
442 958
443 977
444 625
445 969
446 611
447 593
448 993
449 921
450 593
451 929
452 819
453 992
454 921
455 937
456 774
457 398
458 958
459 945
460 987
461 593 871
462 999
463 653
464 954
465 893
466 969
467 977
468 894
469 945
470 969
471 829
472 611
473 968
474 958 999
475 969
476 981
477 888
478 980
479 894
480 880
481 958
482 968
483 819
484 974
485 958
486 922
487 980
488 993
489 888
490 727
491 968
492 995
493 922
494 921
495 968
496 980
497 929
498 980
499 992
500 747
501 880
502 908
503 871
504 829
505 727
506 819
507 894
508 992
509 593
510 510
511 653
512 945
513 987
514 880
515 520
516 954
517 999
518 888
519 968
520 520
521 747
522 958
523 992
524 958
525 894
526 987
527 893
528 771
529 573 958
530 653
531 947
532 987
533 958 977
534 888
535 929
536 653
537 880 945
538 747 819
539 727
540 871
541 954
542 771
543 790
544 987
545 593
546 954
547 893
548 829
549 999
550 968
551 999
552 964
553 945
554 888
555 880
556 954
557 958
558 969
559 964
560 658
561 921
562 747 999
563 937
564 871
565 894
566 987
567 999
568 696
569 908
570 921
571 790 964
572 908
573 573
574 999
575 992
576 510
577 790
578 999
579 999
580 819
581 819 969
582 894
583 829
584 974
585 893
586 611 992
587 929 945
588 981
589 871
590 981
591 398
592 945 995
593 593
594 747
595 945
596 969
597 921
598 992
599 611
600 993
601 993
602 999
603 871
604 999
605 995
606 929
607 747
608 964
609 969 992
610 929
611 611
612 880
613 658 981
614 696
615 999
616 964
617 922
618 958
619 727
620 510
621 993
622 958
623 625
624 520
625 625
626 993
627 894
628 954
629 969
630 969
631 880 954
632 995
633 829
634 987
635 921
636 829
637 969
638 993
639 945
640 922
641 958
642 987
643 981
644 964
645 958
646 954
647 611
648 947
649 871
650 929
651 980
652 929
653 653
654 771
655 888
656 921
657 937
658 658
659 980
660 981
661 981
662 995
663 888
664 921
665 945
666 908
667 908
668 771
669 974
670 947
671 993
672 747
673 980
674 999
675 968
676 992
677 993
678 969
679 611 947
680 771
681 819
682 908
683 829
684 696
685 929
686 947
687 790
688 829
689 771 977
690 954
691 871
692 696
693 969
694 908
695 625
696 696
697 908
698 771
699 696
700 829
701 908
702 968 981
703 893
704 922 968
705 947
706 958 992
707 999
708 611
709 922
710 993
711 771
712 929
713 937
714 819
715 954
716 894
717 992
718 790
719 937 993
720 974
721 747 894
722 958
723 774
724 980
725 893
726 727 954
727 727
728 945
729 829
730 658 893
731 819
732 937
733 880
734 696
735 908 964
736 790
737 893
738 993
739 921 969
740 947
741 980 993
742 995
743 894
744 954
745 922
746 947
747 747
748 981
749 992 993
750 908 922
751 922
752 954
753 999
754 774
755 653 747
756 993
757 894 968
758 771
759 871
760 829
761 771
762 888
763 995
764 968
765 969
766 995
767 981
768 995
769 999
770 880
771 771
772 829
773 987
774 774
775 727
776 937
777 894
778 969
779 510
780 981
781 992
782 958 974
783 653 995
784 947
785 974
786 871
787 790
788 829
789 880
790 790
791 921
792 958
793 980
794 980
795 871
796 968
797 980
798 888
799 829
800 696 969
801 894
802 992
803 995
804 908
805 981
806 945
807 958
808 819 974
809 999
810 888
811 980
812 947
813 981
814 653 727
815 829
816 819
817 977
818 987
819 819
820 958
821 922
822 977
823 964
824 977
825 929
826 945
827 964
828 968
829 829
830 929
831 908
832 947
833 937
834 987
835 977
836 954
837 980
838 964
839 968
840 981
841 968
842 937
843 992
844 894
845 987
846 992
847 945
848 929
849 980
850 954
851 947
852 937
853 921
854 999
855 819 921
856 573 995
857 999
858 999
859 929
860 937 993
861 871
862 771
863 974
864 992
865 819 969
866 969
867 980
868 993
869 937
870 995
871 871
872 947
873 968
874 922
875 995
876 964
877 947
878 993
879 954
880 880
881 947
882 993
883 937
884 981
885 958
886 981
887 968
888 888
889 993
890 995
891 929
892 977
893 893
894 894
895 968
896 871 921
897 888 893
898 968
899 981
900 954
901 894 995
902 981
903 958
904 964
905 888
906 894
907 954
908 908
909 995
910 958
911 947
912 981
913 993
914 987
915 954 992
916 954
917 771 790
918 974
919 937
920 977
921 921
922 922
923 993
924 999
925 829 977
926 947
927 937
928 987
929 929
930 992
931 974
932 995
933 999
934 958
935 987
936 980
937 937
938 937 977
939 969
940 974
941 937
942 980
943 658 992
944 969
945 945
946 658 969
947 947
948 520 771
949 993
950 995
951 974
952 999
953 995
954 954
955 977
956 969
957 999
958 958
959 964
960 981
961 974
962 968
963 954
964 964
965 974
966 974
967 981
968 968
969 969
970 995
971 995
972 992
973 573 980
974 974
975 987
976 945 981
977 977
978 790 993
979 987
980 980
981 981
982 987
983 987
984 653 888
985 999
986 995
987 987
988 593 929
989 995
990 829 929
991 993
992 992
993 993
994 993
995 995
996 999
997 398 974
998 999
999 999
1000 937 999
