1	207 
2	242 
3	122 154 164 
4	197 
5	149 
6	185 
7	22 65 91 
8	227 
9	197 
10	31 
11	188 
12	211 
13	199 
14	243 
15	128 
16	68 
17	35 
18	64 
19	201 
20	86 
21	21 
22	105 137 185 
23	190 
24	45 
25	76 191 239 
26	182 
27	170 
28	204 
29	19 
30	83 
31	96 
32	21 
33	155 
34	126 
35	167 
36	110 
37	53 
38	231 
39	207 
40	220 
41	40 
42	117 
43	167 
44	112 
45	172 
46	186 
47	120 
48	140 
49	207 
50	66 
51	51 135 232 
52	199 
53	30 
54	45 
55	190 
56	226 
57	136 
58	96 
59	166 
60	175 
61	13 
62	177 
63	28 36 37 
64	199 200 245 
65	199 
66	19 
67	189 
68	9 
69	192 
70	220 
71	137 
72	129 
73	139 
74	94 
75	136 
76	98 
77	90 
78	9 
79	46 
80	44 
81	172 
82	33 
83	79 90 221 
84	43 
85	222 
86	167 
87	31 
88	3 
89	51 
90	18 131 225 
91	230 
92	239 
93	84 
94	115 142 160 
95	12 
96	189 
97	12 
98	41 
99	244 
100	197 
101	132 
102	242 
103	90 
104	189 205 207 
105	82 
106	173 
107	175 
108	236 
109	15 
110	53 
111	172 
112	10 
113	60 
114	213 
115	18 
116	64 
117	223 
118	69 100 224 
119	110 
120	45 
121	180 
122	2 
123	110 141 234 
124	45 116 137 
125	104 171 208 
126	197 
127	240 
128	176 
129	22 
130	166 
131	13 
132	30 
133	61 
134	72 
135	177 
136	109 
137	137 
138	118 
139	237 
140	13 84 237 
141	95 
142	240 
143	148 150 224 
144	103 
145	138 
146	100 
147	53 
148	157 
149	206 
150	70 
151	8 
152	55 
153	195 
154	68 
155	183 
156	186 
157	167 
158	92 
159	19 
160	170 
161	32 
162	164 
163	92 
164	53 
165	185 
166	15 
167	79 
168	205 
169	101 
170	138 
171	244 
172	80 
173	61 
174	54 
175	45 
176	129 
177	71 
178	69 
179	24 
180	186 
181	66 
182	51 
183	217 
184	83 159 238 
185	141 
186	56 
187	52 
188	159 
189	84 
190	199 
191	169 
192	105 
193	169 
194	217 
195	100 
196	1 
197	149 
198	160 
199	132 
200	140 
201	8 
202	80 
203	166 
204	189 
205	230 
206	34 
207	46 60 234 
208	187 
209	240 
210	185 
211	3 
212	212 
213	197 
214	61 
215	52 
216	243 
217	203 
218	239 
219	69 
220	238 
221	34 118 129 
222	161 
223	65 
224	240 
225	56 
226	23 
227	7 
228	245 
229	190 
230	41 
231	34 
232	232 
233	241 
234	182 
235	91 
236	131 
237	48 
238	118 
239	219 
240	4 
241	204 
242	167 
243	193 
244	48 
245	35 
246	212 
247	102 
248	115 
249	55 
250	48 
251	196 
252	142 
253	121 
254	72 
255	122 
256	139 
257	206 
258	44 
259	236 
260	95 
261	95 
262	58 
263	31 
264	34 71 93 
265	234 
266	167 
267	71 
268	15 
269	162 
270	180 
271	53 
272	226 
273	21 
274	142 
275	76 
276	154 
277	212 
278	13 141 229 
279	21 
280	243 
281	107 111 184 
282	236 
283	140 
284	138 
285	106 
286	7 
287	179 
288	226 
289	39 
290	64 
291	185 206 207 
292	140 
293	51 
294	139 157 214 
295	176 
296	84 85 166 
297	169 
298	213 
299	185 
300	193 
301	45 
302	121 141 151 
303	41 
304	31 
305	160 
306	101 
307	158 
308	201 
309	177 
310	163 
311	38 89 190 
312	200 208 237 
313	239 
314	13 80 91 
315	16 45 65 
316	141 
317	64 
318	47 
319	64 
320	95 
321	157 
322	142 
323	171 
324	144 
325	79 
326	144 
327	185 
328	136 
329	195 
330	57 
331	148 
332	52 
333	33 
334	124 
335	210 
336	41 
337	34 
338	141 
339	75 
340	235 
341	31 
342	5 85 89 
343	66 
344	224 
345	2 
346	55 122 221 
347	174 
348	11 83 212 
349	14 
350	13 
351	83 
352	236 
353	201 
354	8 
355	32 
356	78 
357	90 
358	85 
359	67 
360	183 
361	146 
362	137 
363	125 
364	53 
365	8 
366	43 
367	122 
368	91 
369	58 
370	2 51 205 
371	132 
372	53 
373	93 
374	112 
375	232 
376	237 
377	52 
378	166 
379	40 
380	187 
381	221 
382	119 
383	14 
384	31 
385	171 
386	159 
387	106 
388	79 80 82 
389	146 
390	75 
391	243 
392	2 
393	30 
394	74 
395	80 164 176 
396	180 
397	25 
398	154 
399	29 
400	47 
401	56 
402	175 
403	79 
404	130 
405	180 208 225 
406	85 
407	190 
408	244 
409	190 
410	15 
411	60 
412	224 
413	170 
414	110 
415	214 
416	163 
417	95 
418	199 
419	117 161 201 
420	93 
421	215 
422	154 171 189 
423	69 
424	58 
425	27 
426	38 
427	48 
428	244 
429	30 125 232 
430	197 
431	181 
432	190 
433	17 
434	142 
435	2 
436	231 
437	126 
438	29 
439	201 
440	195 
441	169 
442	40 
443	17 
444	75 
445	240 
446	227 
447	72 
448	89 
449	150 
450	154 
451	136 
452	16 48 152 
453	211 
454	158 
455	103 
456	55 
457	183 
458	73 
459	77 
460	205 
461	56 
462	51 
463	31 
464	24 
465	13 
466	83 
467	111 166 186 
468	43 
469	53 
470	66 
471	53 
472	166 
473	137 
474	207 
475	88 
476	68 
477	204 
478	174 
479	145 
480	163 
481	140 
482	202 
483	128 
484	51 
485	12 
486	195 
487	215 
488	116 
489	186 
490	14 
491	212 
492	107 
493	147 
494	43 
495	88 
496	121 
497	240 
498	53 
499	112 
500	171 
501	35 
502	226 
503	228 
504	6 235 239 
505	241 
506	154 
507	198 
508	26 
509	235 
510	11 45 163 
511	37 
512	225 
513	221 
514	4 
515	21 
516	202 
517	196 
518	138 
519	12 
520	50 112 115 
521	28 
522	212 
523	28 
524	225 
525	180 
526	183 
527	192 
528	88 
529	104 
530	57 
531	32 
532	158 
533	190 
534	82 
535	155 
536	59 
537	184 
538	221 
539	122 
540	184 
541	116 
542	149 
543	137 
544	72 
545	116 
546	133 
547	234 
548	5 
549	85 
550	21 
551	97 
552	57 
553	98 
554	201 
555	114 146 185 
556	6 
557	94 
558	137 
559	235 
560	171 
561	49 
562	90 
563	227 
564	111 
565	211 
566	69 
567	147 
568	237 
569	231 
570	228 
571	154 
572	47 
573	129 227 239 
574	55 
575	209 
576	181 
577	235 
578	103 
579	125 
580	115 
581	72 90 231 
582	181 
583	235 
584	242 
585	134 
586	5 
587	15 
588	99 
589	190 
590	58 
591	67 113 206 
592	39 
593	243 
594	30 
595	192 
596	7 57 122 
597	121 
598	148 
599	19 
600	138 
601	76 151 207 
602	168 
603	19 
604	146 
605	167 
606	223 
607	166 
608	221 
609	121 
610	225 
611	44 
612	227 
613	153 
614	226 
615	211 
616	84 
617	206 
618	84 
619	63 
620	53 
621	60 61 64 
622	154 
623	217 
624	71 131 195 
625	84 89 158 
626	200 
627	2 
628	162 
629	50 
630	24 69 165 
631	226 
632	196 
633	115 
634	14 114 141 
635	122 
636	183 
637	38 
638	207 
639	137 
640	138 
641	217 
642	172 
643	149 
644	240 
645	64 
646	136 
647	62 
648	57 
649	127 
650	21 
651	227 
652	18 192 242 
653	204 
654	193 
655	207 
656	147 
657	241 
658	39 
659	31 
660	226 
661	70 
662	145 
663	16 
664	28 123 142 
665	82 
666	106 
667	142 
668	227 
669	213 
670	145 
671	68 
672	150 
673	66 
674	83 
675	245 
676	50 
677	142 
678	86 
679	153 
680	175 
681	221 
682	54 
683	53 
684	211 
685	55 
686	234 
687	10 
688	51 
689	58 
690	221 
691	96 
692	72 
693	175 
694	243 
695	142 
696	212 
697	71 77 243 
698	13 35 107 
699	237 
700	110 
701	101 
702	221 
703	13 
704	5 13 92 
705	219 
706	24 
707	61 110 156 
708	222 
709	225 
710	115 
711	183 
712	50 
713	149 
714	232 
715	222 
716	81 
717	186 
718	156 
719	14 
720	235 
721	11 
722	115 
723	33 
724	232 
725	52 
726	123 
727	150 
728	114 
729	232 
730	159 
731	45 
732	186 191 207 
733	186 
734	142 
735	110 
736	167 
737	240 
738	207 
739	55 
740	2 
741	189 
742	57 129 136 
743	135 
744	126 
745	226 
746	171 
747	209 
748	212 
749	140 
750	190 
751	108 
752	19 143 153 
753	214 
754	125 
755	67 
756	179 
757	176 
758	176 
759	126 
760	48 55 167 
761	84 
762	221 
763	147 
764	4 53 140 
765	226 
766	98 
767	67 139 148 
768	45 
769	71 
770	96 
771	147 
772	145 
773	33 72 239 
774	202 
775	69 
776	142 
777	227 
778	180 
779	38 
780	158 211 224 
781	16 
782	53 
783	207 
784	3 
785	59 
786	228 
787	125 
788	142 163 207 
789	169 
790	165 
791	207 
792	34 
793	213 
794	163 
795	10 131 166 
796	58 
797	225 
798	238 
799	136 
800	105 
801	143 
802	65 
803	7 17 40 
804	107 
805	133 
806	178 
807	177 
808	215 
809	85 118 181 
810	192 
811	84 
812	149 205 211 
813	97 
814	90 
815	56 
816	21 142 234 
817	95 151 235 
818	53 
819	105 
820	164 
821	152 
822	197 
823	55 
824	222 
825	207 
826	69 
827	136 
828	102 
829	57 142 154 
830	122 
831	115 
832	206 
833	222 
834	36 
835	153 
836	206 
837	46 
838	32 
839	88 
840	244 
841	64 
842	178 
843	137 
844	41 
845	136 
846	183 
847	75 
848	82 
849	239 
850	118 
851	32 106 113 
852	121 
853	140 
854	44 
855	26 50 137 
856	212 
857	97 
858	211 
859	42 
860	1 
861	239 
862	58 
863	217 
864	110 
865	118 
866	169 
867	43 
868	142 
869	121 
870	159 
871	50 
872	34 
873	205 
874	37 
875	228 
876	11 
877	147 
878	114 
879	17 
880	34 
881	166 202 216 
882	56 63 209 
883	115 
884	217 
885	86 
886	176 
887	84 
888	202 
889	168 
890	56 61 84 
891	162 
892	142 
893	71 
894	30 
895	2 
896	48 
897	7 
898	93 
899	110 
900	206 
901	206 
902	89 
903	240 
904	125 
905	180 
906	174 
907	17 
908	206 
909	78 
910	170 
911	94 
912	13 191 226 
913	70 
914	106 
915	240 
916	234 
917	150 160 219 
918	135 151 234 
919	68 
920	19 
921	154 
922	180 
923	212 
924	87 
925	180 
926	194 
927	21 53 242 
928	221 
929	212 
930	239 
931	141 
932	119 
933	88 
934	34 
935	118 
936	185 
937	122 
938	18 
939	201 
940	126 
941	133 
942	158 
943	129 
944	207 
945	89 
946	21 
947	190 
948	17 
949	13 15 53 
950	127 
951	11 31 201 
952	195 
953	142 
954	23 
955	161 
956	121 
957	136 
958	200 
959	199 
960	118 
961	107 
962	22 42 184 
963	17 107 136 
964	31 125 134 
965	118 
966	115 
967	112 
968	30 
969	30 122 237 
970	60 
971	205 
972	115 
973	76 
974	55 
975	186 
976	155 
977	58 
978	125 
979	123 
980	108 
981	145 158 170 
982	48 
983	221 
984	133 
985	139 
986	162 
987	134 
988	133 
989	241 
990	206 
991	12 153 164 
992	64 
993	235 
994	136 
995	185 
996	137 
997	235 
998	225 
999	190 
1000	159 
1001	73 
1002	35 143 225 
1003	233 
1004	2 
1005	112 
1006	126 
1007	41 178 179 
1008	30 
1009	85 
1010	238 
1011	162 
1012	152 
1013	31 
1014	15 38 202 
1015	38 
1016	21 
1017	72 
1018	166 
1019	221 
1020	106 
1021	227 
1022	21 
1023	207 
1024	235 
1025	166 
1026	49 
1027	19 
1028	29 
1029	104 138 148 
1030	229 
1031	102 
1032	50 
1033	207 
1034	20 
1035	15 
1036	171 
1037	137 
1038	101 
1039	72 181 187 
1040	189 
1041	125 
1042	91 101 150 
1043	111 
1044	125 
1045	209 
1046	116 
1047	74 
1048	17 126 190 
1049	105 
1050	103 
1051	77 
1052	45 
1053	6 
1054	213 
1055	210 
1056	53 
1057	133 
1058	184 
1059	212 
1060	40 
1061	187 
1062	30 232 239 
1063	49 
1064	111 
1065	188 
1066	134 
1067	236 
1068	198 
1069	114 
1070	58 
1071	55 71 224 
1072	157 
1073	178 
1074	45 
1075	88 
1076	198 
1077	172 
1078	30 
1079	41 
1080	131 
1081	9 39 107 
1082	190 
1083	206 
1084	167 
1085	136 
1086	18 138 234 
1087	242 
1088	234 
1089	92 
1090	122 
1091	72 
1092	118 
1093	157 
1094	184 
1095	28 
1096	8 
1097	71 120 225 
1098	183 
1099	138 
1100	207 
1101	219 
1102	159 
1103	215 
1104	169 
1105	104 
1106	43 
1107	199 
1108	137 
1109	174 
1110	2 
1111	199 
1112	150 
1113	151 
1114	99 114 126 
1115	41 
1116	232 
1117	80 
1118	158 178 240 
1119	61 
1120	150 
1121	114 
1122	217 
1123	133 
1124	227 
1125	82 
1126	196 
1127	102 
1128	2 
1129	192 
1130	231 
1131	45 
1132	159 
1133	83 
1134	104 
1135	138 
1136	56 
1137	200 
1138	67 
1139	180 
1140	77 112 121 
1141	31 
1142	72 
1143	206 
1144	38 200 227 
1145	151 
1146	11 
1147	51 63 164 
1148	135 
1149	205 
1150	190 
1151	11 
1152	141 
1153	108 203 231 
1154	50 
1155	189 
1156	189 
1157	154 
1158	187 
1159	83 97 238 
1160	136 
1161	115 
1162	21 
1163	67 
1164	140 
1165	163 
1166	40 136 150 
1167	126 
1168	7 
1169	58 201 228 
1170	48 
1171	19 
1172	83 
1173	62 157 158 
1174	190 
1175	48 
1176	213 
1177	166 
1178	207 
1179	158 
1180	181 
1181	205 
1182	38 
1183	45 
1184	171 
1185	122 
1186	171 
1187	59 
1188	168 
1189	146 
1190	108 
1191	136 
1192	139 206 217 
1193	183 
1194	31 
1195	177 
1196	182 
1197	105 
1198	32 39 96 
1199	44 
1200	76 
1201	15 
1202	192 
1203	33 
1204	189 
1205	138 
1206	245 
1207	225 
1208	103 
1209	205 
1210	14 200 225 
1211	25 
1212	85 
1213	95 
1214	3 
1215	69 
1216	84 
1217	147 
1218	106 
1219	180 
1220	232 
1221	96 
1222	126 
1223	161 
1224	86 
1225	129 
1226	179 
1227	115 
1228	241 
1229	212 
1230	34 
1231	118 
1232	216 
1233	63 
1234	161 
1235	58 151 239 
1236	89 
1237	55 
1238	15 
1239	150 
1240	72 
1241	231 
1242	174 
1243	130 
1244	55 
1245	50 
1246	115 
1247	199 
1248	41 165 172 
1249	133 
1250	112 
1251	176 
1252	56 
1253	35 
1254	195 
1255	151 
1256	19 56 162 
1257	175 
1258	136 
1259	21 
1260	200 
1261	229 
1262	120 
1263	232 
1264	41 
1265	201 
1266	137 
1267	106 
1268	141 
1269	241 
1270	126 
1271	136 
1272	6 
1273	149 
1274	166 
1275	226 
1276	199 
1277	198 
1278	45 
1279	34 
1280	16 
1281	44 
1282	190 
1283	49 
1284	227 
1285	122 
1286	64 
1287	76 
1288	83 
1289	35 
1290	202 
1291	182 
1292	215 
1293	200 
1294	161 
1295	118 
1296	13 137 217 
1297	3 
1298	131 
1299	38 125 142 
1300	31 
1301	84 
1302	58 
1303	221 
1304	5 
1305	34 
1306	15 
1307	139 
1308	9 
1309	74 
1310	181 
1311	71 
1312	55 69 230 
1313	121 
1314	146 
1315	117 
1316	117 
1317	55 
1318	227 
1319	46 
1320	87 
1321	134 
1322	238 
1323	81 
1324	190 
1325	171 
1326	47 
1327	19 
1328	219 
1329	31 
1330	30 
1331	29 
1332	38 
1333	135 
1334	162 
1335	93 
1336	124 
1337	106 
1338	131 
1339	173 
1340	40 
1341	11 
1342	63 
1343	240 
1344	82 
1345	72 
1346	32 
1347	89 
1348	46 59 92 
1349	144 
1350	119 
1351	49 
1352	69 
1353	32 
1354	204 
1355	29 
1356	75 
1357	66 
1358	139 
1359	122 
1360	44 
1361	155 
1362	72 
1363	203 
1364	38 
1365	245 
1366	158 
1367	107 
1368	130 
1369	165 
1370	185 
1371	181 
1372	87 
1373	202 
1374	168 
1375	142 
1376	56 107 158 
1377	84 
1378	62 
1379	185 
1380	197 
1381	53 
1382	124 
1383	117 
1384	74 
1385	160 
1386	71 
1387	166 
1388	115 
1389	99 
1390	60 
1391	213 
1392	198 
1393	34 
1394	169 
1395	209 
1396	57 
1397	174 
1398	191 
1399	146 
1400	102 121 137 
1401	235 
1402	110 
1403	98 
1404	88 
1405	138 
1406	161 
1407	5 
1408	201 
1409	131 
1410	14 
1411	115 
1412	185 
1413	71 
1414	112 
1415	15 
1416	32 
1417	37 
1418	59 
1419	150 158 232 
1420	229 
1421	144 
1422	121 
1423	35 
1424	37 
1425	62 
1426	58 212 244 
1427	128 
1428	30 162 221 
1429	124 
1430	113 
1431	77 
1432	30 
1433	61 
1434	47 
1435	193 
1436	52 
1437	87 
1438	199 
1439	121 
1440	12 34 109 
1441	184 
1442	198 
1443	236 
1444	118 
1445	210 
1446	31 
1447	190 
1448	69 
1449	35 
1450	115 
1451	234 
1452	232 
1453	201 
1454	57 
1455	33 
1456	1 
1457	84 
1458	96 
1459	141 
1460	69 
1461	49 
1462	152 
1463	142 
1464	35 
1465	207 
1466	241 
1467	167 
1468	57 
1469	104 
1470	9 
1471	63 
1472	121 
1473	139 
1474	205 
1475	108 
1476	16 175 226 
1477	110 
1478	184 
1479	66 
1480	221 
1481	164 
1482	222 
1483	139 
1484	66 
1485	207 
1486	229 
1487	195 
1488	227 
1489	34 
1490	236 
1491	81 
1492	199 
1493	13 176 211 
1494	175 
1495	199 
1496	17 
1497	221 
1498	182 
1499	14 
1500	8 
1501	183 
1502	75 
1503	103 
1504	82 
1505	181 
1506	129 
1507	28 
1508	118 
1509	191 
1510	30 115 136 
1511	2 
1512	138 
1513	130 
1514	201 
1515	93 
1516	45 
1517	173 
1518	50 
1519	217 
1520	220 
1521	153 
1522	161 
1523	193 
1524	206 
1525	56 
1526	6 
1527	182 
1528	16 
1529	137 
1530	11 
1531	19 
1532	84 
1533	46 166 184 
1534	207 
1535	223 
1536	161 
1537	79 
1538	242 
1539	209 
1540	226 
1541	208 
1542	237 
1543	209 
1544	142 
1545	105 
1546	129 
1547	128 
1548	162 
1549	189 
1550	105 138 226 
1551	86 
1552	118 
1553	44 46 218 
1554	81 
1555	239 
1556	167 
1557	129 
1558	137 
1559	15 
1560	223 
1561	14 17 159 
1562	9 
1563	60 
1564	223 
1565	136 
1566	15 47 165 
1567	186 
1568	50 67 107 
1569	180 
1570	112 
1571	49 
1572	30 
1573	21 
1574	181 
1575	201 
1576	122 
1577	83 
1578	103 
1579	174 
1580	123 
1581	214 
1582	136 
1583	227 
1584	203 
1585	106 
1586	176 
1587	112 
1588	19 
1589	75 
1590	163 
1591	213 
1592	99 
1593	242 
1594	48 
1595	75 
1596	5 
1597	116 
1598	210 
1599	140 
1600	198 
1601	212 
1602	242 
1603	6 
1604	226 
1605	30 
1606	122 
1607	164 
1608	129 
1609	139 
1610	207 
1611	71 
1612	209 
1613	57 
1614	38 45 112 
1615	79 
1616	105 
1617	235 
1618	55 
1619	164 
1620	217 
1621	38 
1622	177 
1623	177 
1624	142 
1625	61 
1626	2 173 179 
1627	25 
1628	175 
1629	94 
1630	53 
1631	107 123 219 
1632	80 
1633	71 118 148 
1634	225 
1635	92 
1636	139 144 212 
1637	169 
1638	65 
1639	59 
1640	149 
1641	139 
1642	215 
1643	64 
1644	17 
1645	107 
1646	129 
1647	20 
1648	201 
1649	50 66 85 
1650	46 
1651	40 
1652	118 
1653	230 
1654	235 
1655	63 
1656	52 
1657	99 
1658	245 
1659	36 
1660	21 
1661	49 
1662	236 
1663	186 
1664	220 
1665	149 
1666	20 
1667	167 
1668	238 
1669	195 
1670	5 63 186 
1671	241 
1672	56 
1673	167 
1674	158 
1675	121 
1676	54 
1677	221 
1678	220 
1679	193 
1680	98 
1681	156 
1682	121 
1683	127 
1684	69 
1685	102 
1686	172 
1687	29 
1688	15 
1689	38 113 227 
1690	61 
1691	82 
1692	215 
1693	69 
1694	171 
1695	44 158 238 
1696	112 
1697	198 
1698	61 
1699	161 
1700	221 
1701	13 
1702	38 
1703	167 
1704	89 
1705	136 
1706	161 
1707	13 
1708	46 166 175 
1709	74 
1710	53 
1711	186 
1712	195 
1713	122 
1714	37 
1715	181 
1716	92 
1717	131 
1718	59 141 239 
1719	89 
1720	55 
1721	8 
1722	96 
1723	236 
1724	25 
1725	24 
1726	103 
1727	174 
1728	32 51 240 
1729	58 
1730	63 
1731	225 
1732	60 
1733	184 
1734	112 
1735	28 
1736	15 82 189 
1737	89 
1738	3 
1739	110 
1740	228 
1741	154 
1742	213 
1743	53 
1744	112 
1745	146 
1746	211 
1747	214 
1748	1 57 185 
1749	110 
1750	88 
1751	66 
1752	138 
1753	85 
1754	42 73 185 
1755	73 
1756	243 
1757	218 
1758	50 75 158 
1759	241 
1760	90 98 158 
1761	140 
1762	46 175 204 
1763	152 
1764	16 
1765	139 
1766	41 137 221 
1767	216 
1768	124 
1769	229 
1770	46 
1771	26 
1772	225 
1773	16 69 87 
1774	90 195 212 
1775	199 
1776	220 
1777	80 
1778	81 
1779	116 
1780	82 
1781	44 
1782	119 
1783	34 
1784	61 
1785	102 
1786	219 
1787	66 
1788	208 
1789	181 
1790	215 
1791	150 
1792	80 
1793	180 
1794	60 110 190 
1795	207 
1796	212 
1797	165 
1798	228 
1799	18 
1800	176 
1801	201 
1802	83 
1803	102 
1804	193 
1805	238 
1806	38 
1807	245 
1808	169 
1809	234 
1810	241 
1811	162 
1812	150 
1813	18 
1814	126 
1815	30 178 212 
1816	211 
1817	128 
1818	217 
1819	17 178 197 
1820	219 
1821	126 
1822	105 
1823	192 
1824	220 
1825	214 
1826	131 137 203 
1827	134 
1828	137 
1829	23 97 124 
1830	205 
1831	36 
1832	84 
1833	120 
1834	88 
1835	227 
1836	75 
1837	229 
1838	46 
1839	216 
1840	13 62 227 
1841	215 
1842	33 
1843	237 
1844	204 
1845	192 
1846	159 
1847	171 
1848	53 
1849	146 
1850	158 
1851	41 
1852	15 
1853	211 
1854	12 
1855	76 
1856	172 
1857	104 
1858	107 
1859	211 
1860	165 
1861	9 
1862	173 
1863	125 
1864	177 
1865	196 
1866	58 
1867	5 
1868	229 
1869	32 
1870	201 
1871	4 
1872	204 
1873	38 
1874	38 
1875	82 
1876	72 
1877	238 
1878	208 
1879	41 
1880	41 
1881	224 
1882	182 
1883	8 
1884	186 
1885	38 56 154 
1886	61 
1887	209 
1888	152 
1889	140 
1890	163 
1891	31 
1892	15 
1893	46 
1894	23 
1895	62 
1896	210 
1897	83 
1898	69 
1899	97 100 109 
1900	239 
1901	77 
1902	7 
1903	225 
1904	79 
1905	200 226 243 
1906	160 
1907	23 
1908	49 
1909	164 
1910	94 
1911	34 
1912	53 
1913	83 
1914	76 
1915	171 
1916	164 
1917	104 
1918	152 
1919	43 79 243 
1920	101 126 147 
1921	144 
1922	35 
1923	240 
1924	163 
1925	221 
1926	17 137 204 
1927	56 
1928	55 205 213 
1929	206 
1930	219 
1931	86 
1932	131 
1933	127 
1934	15 
1935	223 
1936	17 115 196 
1937	154 
1938	87 
1939	198 
1940	115 
1941	225 
1942	11 21 195 
1943	179 
1944	202 
1945	155 
1946	163 
1947	145 
1948	90 
1949	64 
1950	20 
1951	180 
1952	45 
1953	42 
1954	171 
1955	186 
1956	214 
1957	6 
1958	38 
1959	231 
1960	45 
1961	223 
1962	203 
1963	44 129 131 
1964	146 
1965	187 
1966	189 
1967	177 
1968	22 
1969	175 
1970	121 
1971	42 
1972	71 
1973	57 
1974	45 
1975	105 
1976	114 
1977	191 
1978	167 
1979	237 
1980	198 
1981	4 
1982	15 
1983	4 
1984	167 
1985	52 
1986	235 
1987	183 
1988	49 
1989	158 
1990	98 105 217 
1991	200 
1992	172 
1993	157 
1994	240 
1995	132 
1996	48 
1997	211 
1998	158 
1999	193 
2000	200 
2001	216 
2002	88 91 172 
2003	227 
2004	190 
2005	162 
2006	226 
2007	207 
2008	110 
2009	108 
2010	62 201 224 
2011	141 
2012	153 
2013	11 
2014	141 
2015	129 
2016	26 
2017	189 
2018	16 82 185 
2019	190 
2020	168 
2021	217 
2022	80 212 225 
2023	137 
2024	166 
2025	2 
2026	201 
2027	214 
2028	49 
2029	186 
2030	53 
2031	214 
2032	34 
2033	3 
2034	137 
2035	193 
2036	174 
2037	198 
2038	25 77 83 
2039	64 85 91 
2040	38 
2041	40 
2042	35 
2043	61 
2044	95 
2045	143 
2046	224 
2047	162 
2048	120 
2049	18 
2050	36 
2051	230 
2052	76 
2053	205 
2054	227 
2055	118 
2056	171 
2057	16 
2058	177 
2059	97 
2060	11 
2061	167 
2062	117 
2063	164 
2064	238 
2065	190 
2066	14 
2067	46 
2068	151 
2069	193 
2070	237 
2071	61 
2072	38 
2073	110 
2074	149 
2075	18 
2076	242 
2077	45 
2078	235 
2079	185 
2080	136 
2081	186 
2082	61 
2083	61 
2084	80 
2085	42 
2086	29 
2087	162 
2088	19 
2089	76 
2090	18 
2091	121 
2092	161 
2093	45 194 213 
2094	16 93 122 
2095	221 
2096	69 
2097	56 
2098	57 
2099	30 
2100	137 
2101	162 
2102	102 
2103	56 
2104	137 
2105	85 
2106	18 72 154 
2107	19 
2108	93 136 226 
2109	109 
2110	139 
2111	207 
2112	94 
2113	174 
2114	55 177 241 
2115	87 
2116	50 
2117	137 
2118	76 
2119	58 
2120	32 
2121	30 
2122	129 
2123	66 
2124	142 
2125	225 
2126	120 
2127	139 
2128	53 
2129	50 
2130	21 
2131	139 
2132	21 
2133	225 
2134	45 
2135	37 38 64 
2136	14 
2137	5 
2138	112 
2139	33 66 146 
2140	243 
2141	142 
2142	17 
2143	35 
2144	53 159 220 
2145	199 
2146	96 
2147	25 
2148	56 
2149	216 
2150	53 
2151	107 
2152	204 
2153	10 
2154	45 
2155	188 
2156	193 
2157	114 
2158	218 
2159	99 
2160	175 
2161	87 
2162	31 
2163	11 
2164	204 
2165	85 113 208 
2166	34 
2167	132 
2168	165 
2169	17 74 204 
2170	42 
2171	3 
2172	129 175 240 
2173	41 
2174	230 
2175	214 
2176	2 
2177	223 
2178	14 162 185 
2179	45 
2180	10 
2181	146 
2182	201 
2183	17 
2184	66 
2185	159 
2186	18 
2187	5 
2188	19 
2189	102 
2190	178 
2191	190 
2192	41 88 155 
2193	173 
2194	112 
2195	172 
2196	242 
2197	134 
2198	30 
2199	84 
2200	1 
2201	108 
2202	167 
2203	21 
2204	44 
2205	120 126 131 
2206	194 
2207	144 
2208	7 
2209	88 
2210	160 
2211	21 
2212	54 
2213	22 214 237 
2214	238 
2215	53 
2216	32 136 164 
2217	79 106 157 
2218	136 146 186 
2219	181 
2220	124 
2221	91 
2222	166 
2223	121 
2224	222 
2225	172 
2226	164 
2227	59 
2228	125 
2229	232 
2230	112 
2231	170 
2232	135 
2233	86 
2234	235 
2235	69 
2236	6 176 201 
2237	55 
2238	46 129 134 
2239	38 
2240	107 
2241	13 
2242	129 
2243	169 
2244	132 
2245	21 
2246	241 
2247	110 
2248	107 
2249	202 
2250	28 
2251	113 
2252	187 233 234 
2253	171 
2254	212 
2255	194 
2256	28 
2257	207 
2258	224 
2259	30 
2260	110 
2261	142 
2262	235 
2263	70 
2264	15 
2265	107 
2266	34 
2267	31 
2268	138 
2269	166 
2270	160 
2271	99 207 242 
2272	146 
2273	56 
2274	3 
2275	118 
2276	234 
2277	212 
2278	47 
2279	91 
2280	142 
2281	85 
2282	134 
2283	186 
2284	23 
2285	15 132 230 
2286	130 
2287	149 
2288	182 
2289	206 
2290	21 
2291	84 
2292	3 71 175 
2293	10 
2294	123 
2295	19 
2296	53 
2297	71 89 144 
2298	231 
2299	52 
2300	202 
2301	115 
2302	168 
2303	106 
2304	90 
2305	72 
2306	18 
2307	105 
2308	3 
2309	19 
2310	234 
2311	75 
2312	167 
2313	109 
2314	137 
2315	116 
2316	145 
2317	136 
2318	34 193 207 
2319	144 
2320	115 146 151 
2321	8 
2322	196 
2323	124 
2324	177 
2325	183 
2326	208 
2327	23 156 159 
2328	201 
2329	90 
2330	231 
2331	129 
2332	72 
2333	96 
2334	85 
2335	99 
2336	198 
2337	243 
2338	92 
2339	227 
2340	64 
2341	121 
2342	186 
2343	163 
2344	70 112 147 
2345	119 
2346	222 
2347	120 
2348	15 76 239 
2349	7 
2350	120 
2351	185 
2352	231 
2353	208 
2354	146 
2355	23 
2356	61 
2357	1 55 221 
2358	64 89 95 
2359	65 
2360	80 198 224 
2361	126 
2362	171 
2363	211 
2364	146 
2365	11 
2366	108 
2367	90 
2368	45 
2369	26 
2370	31 
2371	37 
2372	190 
2373	115 
2374	206 
2375	140 
2376	207 
2377	197 
2378	152 
2379	45 
2380	158 
2381	150 
2382	43 
2383	151 
2384	41 
2385	131 229 234 
2386	121 
2387	183 
2388	124 
2389	53 
2390	76 
2391	28 
2392	164 
2393	74 
2394	38 
2395	146 
2396	23 
2397	27 57 96 
2398	8 14 71 
2399	34 
2400	130 
2401	180 
2402	216 
2403	156 
2404	124 
2405	83 
2406	226 
2407	75 
2408	101 
2409	40 
2410	30 
2411	217 
2412	38 
2413	101 
2414	211 
2415	146 
2416	118 
2417	181 
2418	235 
2419	111 
2420	59 
2421	101 
2422	234 
2423	121 
2424	22 
2425	162 
2426	158 
2427	142 
2428	33 
2429	89 
2430	141 
2431	131 
2432	68 
2433	242 
2434	81 
2435	208 
2436	149 
2437	171 
2438	131 
2439	41 
2440	95 
2441	47 
2442	45 
2443	232 
2444	42 
2445	34 
2446	53 
2447	56 
2448	160 
2449	58 136 212 
2450	131 
2451	166 214 227 
2452	31 
2453	182 
2454	126 
2455	102 
2456	181 
2457	210 
2458	53 167 223 
2459	3 70 239 
2460	224 
2461	139 
2462	5 
2463	180 
2464	82 
2465	23 
2466	152 
2467	167 
2468	239 
2469	152 
2470	179 
2471	87 
2472	239 
2473	227 
2474	227 
2475	171 
2476	167 
2477	17 
2478	66 110 150 
2479	51 117 180 
2480	89 
2481	163 
2482	190 
2483	175 191 221 
2484	8 84 213 
2485	190 
2486	237 
2487	12 
2488	82 
2489	111 
2490	182 
2491	171 
2492	190 
2493	206 
2494	67 
2495	93 
2496	157 
2497	107 140 237 
2498	202 
2499	159 
2500	6 
2501	85 186 226 
2502	17 
2503	50 
2504	148 
2505	85 
2506	9 
2507	180 
2508	16 
2509	49 
2510	58 
2511	170 
2512	199 
2513	125 
2514	115 
2515	244 
2516	146 
2517	205 
2518	103 
2519	32 
2520	186 
2521	52 
2522	156 
2523	61 66 212 
2524	117 
2525	190 
2526	192 
2527	131 
2528	166 
2529	60 
2530	157 
2531	156 
2532	229 
2533	211 
2534	54 
2535	237 
2536	245 
2537	227 
2538	91 108 132 
2539	16 
2540	225 
2541	205 
2542	69 188 243 
2543	123 
2544	21 
2545	77 147 156 
2546	127 
2547	227 
2548	56 
2549	41 
2550	8 
2551	88 
2552	30 
2553	205 
2554	154 
2555	219 
2556	60 
2557	63 
2558	182 
2559	97 155 200 
2560	168 
2561	1 
2562	146 
2563	28 
2564	180 
2565	45 104 211 
2566	172 
2567	32 136 140 
2568	179 
2569	84 
2570	17 
2571	41 
2572	160 
2573	98 
2574	23 53 190 
2575	71 
2576	162 
2577	121 
2578	109 
2579	14 
2580	33 
2581	200 
2582	69 
2583	168 
2584	190 
2585	171 
2586	13 
2587	180 
2588	64 
2589	6 
2590	26 
2591	236 
2592	217 
2593	84 88 142 
2594	207 
2595	243 
2596	222 
2597	148 
2598	80 
2599	245 
2600	45 
2601	142 
2602	115 
2603	177 
2604	171 
2605	53 
2606	21 
2607	64 
2608	122 153 216 
2609	232 
2610	98 
2611	6 
2612	33 
2613	27 
2614	4 
2615	231 
2616	156 
2617	187 
2618	143 
2619	43 
2620	237 
2621	101 
2622	146 
2623	18 
2624	31 
2625	198 
2626	209 
2627	156 173 215 
2628	97 
2629	196 
2630	27 
2631	49 
2632	171 
2633	159 
2634	227 
2635	2 
2636	145 
2637	128 
2638	116 
2639	109 
2640	64 
2641	74 
2642	187 
2643	74 
2644	206 
2645	186 
2646	136 
2647	206 
2648	235 
2649	133 
2650	51 
2651	221 
2652	17 172 226 
2653	128 
2654	45 122 129 
2655	30 121 131 
2656	1 85 104 
2657	137 
2658	237 
2659	68 
2660	239 
2661	115 
2662	237 
2663	195 
2664	15 
2665	142 
2666	13 
2667	58 
2668	212 
2669	90 
2670	150 
2671	55 
2672	177 
2673	53 
2674	245 
2675	94 
2676	3 
2677	49 
2678	47 
2679	47 
2680	51 
2681	98 154 210 
2682	79 
2683	34 
2684	225 
2685	13 
2686	232 
2687	245 
2688	141 
2689	131 
2690	169 177 217 
2691	221 
2692	42 
2693	88 
2694	158 
2695	38 
2696	131 
2697	46 200 208 
2698	46 
2699	21 56 240 
2700	35 44 75 
2701	137 
2702	182 
2703	56 
2704	206 
2705	100 
2706	212 
2707	171 
2708	135 
2709	31 
2710	239 
2711	45 
2712	79 
2713	84 
2714	164 
2715	83 
2716	80 
2717	60 
2718	95 
2719	139 
2720	172 
2721	242 
2722	122 
2723	107 147 180 
2724	25 50 68 
2725	184 
2726	42 
2727	164 
2728	118 
2729	41 
2730	60 
2731	43 
2732	193 
2733	217 
2734	139 
2735	10 
2736	36 
2737	86 
2738	194 
2739	90 
2740	239 
2741	139 
2742	29 117 203 
2743	63 
2744	33 
2745	46 
2746	89 175 233 
2747	137 
2748	227 
2749	10 
2750	193 
2751	185 
2752	117 
2753	7 
2754	168 
2755	84 
2756	149 
2757	36 
2758	13 
2759	105 
2760	51 
2761	92 
2762	187 
2763	123 
2764	203 
2765	201 
2766	185 
2767	56 
2768	209 
2769	82 
2770	219 
2771	66 
2772	85 
2773	49 
2774	28 
2775	149 
2776	82 138 162 
2777	7 
2778	76 190 217 
2779	121 
2780	225 
2781	80 
2782	165 
2783	176 
2784	70 240 241 
2785	10 
2786	3 
2787	12 83 159 
2788	11 
2789	31 
2790	179 
2791	45 
2792	152 
2793	58 
2794	71 
2795	214 
2796	240 
2797	114 
2798	6 
2799	110 
2800	62 
2801	15 
2802	149 
2803	13 
2804	238 
2805	24 77 123 
2806	80 
2807	167 
2808	149 
2809	59 112 198 
2810	44 
2811	203 
2812	185 
2813	196 
2814	211 
2815	46 
2816	132 
2817	78 
2818	98 
2819	126 
2820	176 
2821	90 
2822	55 
2823	150 
2824	186 
2825	229 
2826	71 
2827	198 
2828	147 
2829	9 
2830	6 
2831	49 
2832	46 
2833	79 
2834	33 
2835	135 
2836	137 
2837	52 
2838	160 
2839	19 61 90 
2840	59 
2841	236 
2842	173 
2843	212 
2844	16 
2845	64 
2846	67 
2847	13 
2848	92 
2849	8 
2850	198 
2851	137 
2852	81 
2853	15 
2854	233 
2855	201 
2856	162 
2857	180 
2858	100 
2859	140 
2860	79 
2861	154 
2862	217 
2863	206 
2864	21 
2865	53 126 221 
2866	97 
2867	175 
2868	170 
2869	191 
2870	43 
2871	17 
2872	131 
2873	239 
2874	41 
2875	80 
2876	8 
2877	74 125 223 
2878	47 88 135 
2879	4 
2880	232 
2881	235 
2882	142 
2883	80 
2884	32 
2885	71 
2886	108 
2887	125 
2888	56 125 201 
2889	230 
2890	142 
2891	98 
2892	159 
2893	74 
2894	155 166 225 
2895	56 
2896	213 
2897	61 
2898	129 
2899	50 
2900	50 
2901	50 
2902	192 
2903	19 
2904	223 
2905	85 
2906	50 
2907	74 
2908	31 158 204 
2909	175 
2910	81 
2911	41 
2912	194 198 216 
2913	73 
2914	145 
2915	59 
2916	238 
2917	129 
2918	196 
2919	93 
2920	190 
2921	137 149 214 
2922	19 
2923	51 131 162 
2924	177 
2925	11 43 214 
2926	38 
2927	39 
2928	39 55 116 
2929	84 
2930	36 
2931	187 
2932	200 
2933	242 
2934	163 
2935	102 
2936	80 
2937	63 166 242 
2938	89 186 204 
2939	161 
2940	137 
2941	242 
2942	177 
2943	212 
2944	146 
2945	108 
2946	240 
2947	85 104 167 
2948	56 
2949	207 
2950	90 
2951	101 
2952	41 
2953	194 
2954	141 
2955	162 
2956	158 
2957	168 
2958	228 
2959	54 
2960	44 
2961	43 
2962	5 156 168 
2963	213 
2964	14 
2965	214 
2966	188 
2967	207 
2968	16 104 206 
2969	201 
2970	68 
2971	103 
2972	191 
2973	71 
2974	163 
2975	129 
2976	45 
2977	165 
2978	229 
2979	68 
2980	6 
2981	218 
2982	123 
2983	243 
2984	118 
2985	19 
2986	239 
2987	5 
2988	67 
2989	74 
2990	121 
2991	132 
2992	192 
2993	228 
2994	83 
2995	5 
2996	91 
2997	171 
2998	181 
2999	145 
3000	79 
3001	27 
3002	38 
3003	239 
3004	130 
3005	178 
3006	166 
3007	212 
3008	192 
3009	102 
3010	71 
3011	175 
3012	5 
3013	63 206 227 
3014	227 
3015	231 
3016	21 203 240 
3017	166 
3018	78 
3019	150 
3020	191 
3021	57 
3022	51 
3023	175 
3024	121 
3025	179 
3026	205 
3027	245 
3028	14 
3029	105 
3030	221 
3031	243 
3032	181 
3033	29 
3034	16 76 137 
3035	201 
3036	66 
3037	143 
3038	80 
3039	25 
3040	43 
3041	80 
3042	183 
3043	133 
3044	204 
3045	126 
3046	139 
3047	116 
3048	15 183 184 
3049	52 
3050	54 
3051	239 
3052	71 
3053	234 
3054	68 
3055	112 
3056	172 
3057	172 
3058	217 
3059	136 
3060	91 
3061	15 
3062	69 
3063	79 
3064	106 118 129 
3065	206 
3066	189 
3067	226 
3068	81 
3069	162 
3070	41 50 217 
3071	33 
3072	142 
3073	231 
3074	109 
3075	114 
3076	20 
3077	227 
3078	27 
3079	60 
3080	6 116 225 
3081	99 
3082	132 
3083	201 
3084	12 
3085	126 
3086	89 
3087	76 
3088	240 
3089	106 127 136 
3090	201 
3091	184 
3092	90 
3093	34 
3094	126 
3095	55 
3096	234 
3097	172 
3098	70 
3099	6 
3100	245 
3101	209 
3102	22 
3103	193 
3104	18 
3105	131 
3106	63 
3107	221 
3108	15 
3109	116 
3110	21 
3111	234 
3112	112 
3113	227 
3114	50 
3115	3 
3116	237 
3117	223 
3118	64 175 231 
3119	127 
3120	88 238 239 
3121	120 
3122	97 
3123	85 
3124	1 
3125	221 
3126	32 
3127	115 
3128	84 
3129	50 
3130	4 111 231 
3131	235 
3132	33 
3133	130 
3134	28 
3135	50 
3136	194 
3137	177 
3138	1 
3139	9 
3140	141 
3141	225 
3142	141 
3143	20 
3144	174 
3145	94 
3146	212 
3147	66 
3148	46 
3149	82 
3150	49 
3151	59 
3152	159 201 245 
3153	24 
3154	13 186 195 
3155	35 
3156	97 
3157	101 
3158	28 
3159	165 
3160	5 
3161	112 
3162	131 
3163	130 
3164	174 
3165	80 202 211 
3166	149 
3167	180 
3168	139 
3169	121 
3170	95 
3171	104 
3172	90 
3173	21 38 239 
3174	237 
3175	117 
3176	10 
3177	69 
3178	185 
3179	19 166 210 
3180	155 
3181	229 
3182	112 
3183	93 
3184	158 
3185	45 
3186	43 
3187	188 
3188	25 
3189	158 
3190	72 
3191	41 
3192	80 
3193	85 159 235 
3194	125 
3195	132 
3196	212 
3197	66 
3198	108 
3199	166 
3200	211 
3201	109 
3202	62 
3203	89 
3204	141 
3205	31 
3206	154 
3207	49 78 195 
3208	133 
3209	171 
3210	39 
3211	222 
3212	180 
3213	38 
3214	73 
3215	58 
3216	102 
3217	74 
3218	21 48 183 
3219	59 186 193 
3220	18 
3221	218 
3222	34 
3223	242 
3224	44 
3225	108 
3226	107 
3227	113 
3228	137 
3229	92 
3230	37 
3231	73 
3232	88 
3233	159 
3234	80 
3235	225 
3236	70 
3237	221 
3238	114 
3239	16 
3240	210 
3241	123 
3242	60 
3243	102 
3244	149 
3245	31 
3246	225 
3247	55 
3248	206 
3249	229 
3250	103 
3251	65 
3252	6 
3253	28 98 105 
3254	114 
3255	19 
3256	175 
3257	9 
3258	15 41 56 
3259	1 
3260	212 
3261	175 
3262	135 
3263	196 
3264	118 
3265	30 121 174 
3266	102 
3267	239 
3268	120 
3269	207 
3270	118 
3271	240 
3272	52 
3273	116 
3274	66 
3275	207 
3276	15 
3277	54 
3278	200 
3279	239 
3280	79 129 229 
3281	36 
3282	214 
3283	97 175 201 
3284	188 
3285	104 
3286	56 
3287	208 
3288	171 
3289	154 
3290	33 
3291	83 
3292	33 
3293	52 
3294	5 
3295	238 
3296	186 
3297	98 
3298	75 
3299	144 
3300	26 
3301	37 
3302	158 
3303	157 
3304	152 
3305	115 
3306	145 
3307	145 
3308	160 
3309	57 
3310	78 
3311	197 
3312	27 
3313	50 128 189 
3314	135 
3315	155 
3316	206 
3317	219 
3318	58 
3319	136 
3320	15 
3321	241 
3322	17 
3323	158 
3324	30 
3325	68 
3326	206 
3327	235 
3328	119 
3329	158 
3330	239 
3331	108 
3332	124 
3333	183 
3334	194 
3335	45 
3336	214 
3337	234 
3338	21 155 166 
3339	95 
3340	140 
3341	225 
3342	240 
3343	148 
3344	123 
3345	237 
3346	13 
3347	221 
3348	117 
3349	236 
3350	71 
3351	168 
3352	58 
3353	90 
3354	100 
3355	241 
3356	17 
3357	76 
3358	223 
3359	47 
3360	7 177 182 
3361	113 
3362	167 
3363	208 
3364	244 
3365	53 
3366	121 154 163 
3367	12 
3368	61 76 221 
3369	57 
3370	229 
3371	110 
3372	159 
3373	164 
3374	109 
3375	57 
3376	150 204 235 
3377	177 
3378	139 
3379	22 
3380	45 
3381	23 
3382	209 
3383	213 
3384	239 
3385	46 
3386	220 
3387	201 
3388	223 
3389	26 
3390	157 
3391	81 
3392	59 
3393	118 
3394	171 
3395	92 
3396	144 
3397	195 
3398	155 
3399	199 
3400	175 
3401	78 99 241 
3402	195 
3403	188 
3404	67 
3405	235 
3406	210 
3407	208 
3408	9 
3409	82 
3410	181 
3411	116 
3412	73 
3413	193 
3414	175 
3415	222 
3416	214 
3417	169 
3418	71 
3419	203 
3420	197 
3421	137 
3422	61 
3423	31 
3424	105 
3425	203 
3426	54 201 207 
3427	153 
3428	60 
3429	170 
3430	83 
3431	167 
3432	126 
3433	10 80 139 
3434	211 
3435	39 75 104 
3436	103 
3437	206 
3438	239 
3439	221 
3440	234 
3441	3 
3442	116 
3443	226 
3444	229 
3445	175 
3446	234 
3447	125 
3448	138 
3449	65 
3450	210 
3451	14 43 172 
3452	225 
3453	100 
3454	25 
3455	92 
3456	168 
3457	129 
3458	166 
3459	226 
3460	34 
3461	175 
3462	227 
3463	87 
3464	140 
3465	81 
3466	118 
3467	205 
3468	107 
3469	37 
3470	225 
3471	20 
3472	235 
3473	62 
3474	37 
3475	206 
3476	132 
3477	130 
3478	146 
3479	111 
3480	180 213 230 
3481	73 
3482	139 
3483	19 
3484	214 
3485	101 
3486	32 
3487	192 
3488	239 
3489	14 
3490	152 
3491	217 
3492	147 
3493	24 
3494	90 
3495	221 
3496	157 
3497	166 
3498	90 
3499	62 
3500	63 
3501	14 
3502	17 
3503	1 
3504	74 
3505	13 
3506	206 
3507	202 
3508	137 
3509	76 
3510	110 
3511	172 
3512	19 
3513	198 
3514	150 
3515	33 
3516	13 
3517	150 
3518	123 
3519	112 
3520	86 
3521	200 
3522	49 
3523	84 
3524	44 80 104 
3525	115 
3526	38 
3527	59 
3528	170 
3529	46 
3530	180 
3531	114 189 237 
3532	35 
3533	112 
3534	211 
3535	112 
3536	63 
3537	61 
3538	167 
3539	66 
3540	163 
3541	231 
3542	14 79 139 
3543	186 
3544	207 
3545	153 
3546	118 
3547	221 
3548	201 
3549	28 
3550	69 
3551	57 
3552	43 
3553	37 
3554	47 
3555	223 
3556	158 
3557	117 
3558	2 125 198 
3559	34 
3560	64 195 239 
3561	32 
3562	13 151 219 
3563	124 
3564	92 
3565	155 
3566	78 
3567	11 
3568	114 
3569	147 
3570	165 
3571	46 
3572	123 160 208 
3573	83 183 185 
3574	240 
3575	83 
3576	175 
3577	163 
3578	228 
3579	181 
3580	205 
3581	184 
3582	44 88 177 
3583	72 
3584	129 
3585	175 
3586	118 
3587	152 
3588	5 8 97 
3589	173 
3590	207 
3591	14 
3592	241 
3593	166 
3594	245 
3595	161 
3596	26 
3597	86 
3598	89 
3599	21 
3600	164 
3601	129 
3602	240 
3603	55 
3604	137 
3605	7 
3606	9 
3607	136 
3608	4 
3609	191 
3610	217 
3611	11 
3612	71 72 158 
3613	8 
3614	60 
3615	164 
3616	160 
3617	30 
3618	72 
3619	224 
3620	164 
3621	161 
3622	56 
3623	14 38 57 
3624	233 
3625	61 
3626	94 
3627	126 
3628	70 
3629	237 
3630	22 131 235 
3631	235 
3632	67 
3633	64 
3634	134 
3635	213 
3636	79 
3637	185 
3638	29 
3639	231 
3640	115 
3641	185 
3642	43 
3643	42 
3644	190 
3645	157 
3646	140 
3647	130 
3648	41 
3649	192 
3650	177 
3651	115 
3652	102 
3653	13 16 142 
3654	183 
3655	47 
3656	184 
3657	14 
3658	31 
3659	45 186 187 
3660	181 195 225 
3661	21 185 201 
3662	167 
3663	150 
3664	126 
3665	229 
3666	62 
3667	139 
3668	33 
3669	78 
3670	218 
3671	141 
3672	43 62 107 
3673	30 
3674	121 
3675	221 
3676	235 
3677	87 
3678	38 
3679	45 
3680	176 
3681	225 
3682	84 
3683	27 50 239 
3684	173 
3685	245 
3686	240 
3687	22 34 241 
3688	86 
3689	143 
3690	142 
3691	219 
3692	225 
3693	38 
3694	66 
3695	85 
3696	175 
3697	53 
3698	46 
3699	145 
3700	206 
3701	185 
3702	6 
3703	151 
3704	58 
3705	15 
3706	225 
3707	227 
3708	115 
3709	84 
3710	64 66 138 
3711	64 
3712	81 122 152 
3713	26 
3714	34 
3715	177 
3716	189 
3717	240 
3718	33 
3719	75 
3720	181 
3721	192 
3722	169 
3723	43 205 206 
3724	66 
3725	56 
3726	166 
3727	109 
3728	240 
3729	68 
3730	69 
3731	140 
3732	176 
3733	116 185 207 
3734	146 
3735	241 
3736	229 
3737	85 
3738	52 
3739	189 
3740	85 223 240 
3741	139 
3742	236 
3743	46 175 234 
3744	105 
3745	92 
3746	117 
3747	74 
3748	243 
3749	10 
3750	168 
3751	205 
3752	30 
3753	18 
3754	59 
3755	211 
3756	7 
3757	194 
3758	245 
3759	211 
3760	118 
3761	137 
3762	142 
3763	227 
3764	4 
3765	221 
3766	107 119 191 
3767	36 
3768	55 157 195 
3769	199 
3770	2 
3771	15 
3772	141 
3773	164 
3774	58 217 225 
3775	106 
3776	115 
3777	181 
3778	121 
3779	76 
3780	84 
3781	167 
3782	56 
3783	85 
3784	187 
3785	137 
3786	18 185 239 
3787	13 
3788	131 180 192 
3789	41 
3790	55 89 103 
3791	69 
3792	193 
3793	79 
3794	129 
3795	43 
3796	233 
3797	180 
3798	188 
3799	123 190 229 
3800	98 
3801	171 
3802	146 155 211 
3803	63 118 241 
3804	204 
3805	116 
3806	179 
3807	159 
3808	150 
3809	159 
3810	179 
3811	228 
3812	223 
3813	186 
3814	184 
3815	104 
3816	11 
3817	90 
3818	233 
3819	156 
3820	169 
3821	7 
3822	119 
3823	185 
3824	190 
3825	209 
3826	119 
3827	201 
3828	198 
3829	102 
3830	187 
3831	30 
3832	202 
3833	138 
3834	43 
3835	59 88 172 
3836	100 
3837	237 
3838	76 
3839	197 
3840	162 
3841	59 
3842	232 
3843	54 
3844	85 
3845	157 
3846	182 
3847	186 
3848	200 
3849	38 
3850	228 
3851	229 
3852	205 
3853	205 
3854	63 
3855	91 
3856	64 
3857	45 
3858	30 
3859	139 
3860	212 
3861	139 
3862	58 
3863	211 
3864	166 
3865	76 
3866	24 
3867	200 
3868	160 
3869	223 
3870	77 
3871	121 
3872	60 
3873	129 
3874	43 
3875	100 
3876	49 
3877	107 
3878	216 
3879	136 
3880	116 160 181 
3881	237 
3882	103 
3883	33 
3884	229 
3885	43 
3886	170 
3887	58 
3888	177 
3889	90 
3890	28 
3891	11 
3892	4 
3893	14 167 195 
3894	107 
3895	242 
3896	101 
3897	65 
3898	8 
3899	110 
3900	60 
3901	199 
3902	93 160 239 
3903	180 
3904	14 
3905	86 123 157 
3906	77 
3907	201 
3908	119 
3909	16 
3910	190 
3911	98 
3912	38 
3913	228 
3914	31 
3915	171 
3916	227 
3917	199 
3918	172 
3919	167 198 206 
3920	117 
3921	231 
3922	166 
3923	80 
3924	92 
3925	98 
3926	108 
3927	105 138 155 
3928	198 211 225 
3929	64 
3930	35 
3931	71 
3932	60 
3933	72 
3934	166 
3935	209 
3936	150 
3937	119 
3938	177 
3939	146 
3940	158 
3941	243 
3942	224 
3943	84 
3944	53 
3945	23 
3946	154 
3947	15 
3948	89 
3949	93 
3950	166 
3951	217 
3952	88 
3953	171 
3954	198 
3955	123 
3956	26 
3957	46 
3958	61 
3959	14 183 216 
3960	169 
3961	127 
3962	232 
3963	212 
3964	118 
3965	127 
3966	164 
3967	238 
3968	244 
3969	28 
3970	15 
3971	109 
3972	138 221 238 
3973	193 
3974	54 111 215 
3975	112 
3976	53 
3977	176 
3978	104 
3979	184 
3980	127 
3981	59 81 139 
3982	71 
3983	245 
3984	81 
3985	103 
3986	127 
3987	232 
3988	110 
3989	206 
3990	64 
3991	140 
3992	32 147 210 
3993	34 142 154 
3994	85 
3995	226 
3996	101 
3997	187 
3998	180 
3999	116 
4000	201 
4001	240 
4002	143 
4003	227 
4004	232 
4005	229 
4006	131 
4007	203 
4008	51 118 160 
4009	129 
4010	158 
4011	186 
4012	55 
4013	31 
4014	35 
4015	117 
4016	14 
4017	75 226 235 
4018	156 
4019	59 
4020	207 
4021	17 
4022	234 
4023	177 
4024	186 
4025	204 
4026	39 
4027	83 
4028	152 
4029	103 
4030	87 
4031	150 159 175 
4032	126 
4033	218 
4034	88 
4035	66 
4036	16 
4037	46 
4038	145 
4039	192 
4040	183 
4041	214 
4042	219 
4043	179 
4044	82 
4045	49 
4046	65 
4047	151 
4048	234 
4049	4 
4050	20 
4051	2 
4052	125 
4053	18 
4054	87 
4055	175 
4056	143 
4057	27 
4058	131 
4059	60 
4060	158 
4061	133 
4062	56 
4063	91 
4064	106 
4065	185 
4066	159 
4067	218 
4068	167 
4069	71 
4070	49 
4071	182 
4072	80 
4073	142 
4074	90 
4075	46 
4076	80 
4077	120 
4078	216 
4079	44 
4080	20 71 158 
4081	16 
4082	203 
4083	82 
4084	184 
4085	186 
4086	223 
4087	58 168 198 
4088	80 
4089	121 
4090	82 
4091	84 
4092	138 
4093	61 
4094	18 
4095	242 
4096	216 
4097	15 168 224 
4098	123 
4099	2 
4100	17 67 134 
4101	113 
4102	233 
4103	57 
4104	56 
4105	207 
4106	183 
4107	164 
4108	46 
4109	71 
4110	143 
4111	58 
4112	95 
4113	41 
4114	159 
4115	31 
4116	15 83 155 
4117	124 
4118	142 
4119	11 
4120	74 
4121	46 
4122	85 
4123	75 
4124	129 150 227 
4125	235 
4126	104 
4127	162 
4128	131 
4129	53 104 190 
4130	15 
4131	44 
4132	198 
4133	177 
4134	46 
4135	60 69 192 
4136	154 
4137	245 
4138	147 
4139	39 
4140	103 
4141	233 
4142	201 
4143	178 
4144	16 
4145	226 
4146	230 
4147	173 
4148	57 
4149	43 
4150	164 
4151	147 
4152	166 
4153	7 
4154	39 
4155	155 
4156	207 
4157	85 
4158	138 
4159	74 
4160	137 
4161	206 
4162	126 
4163	30 
4164	167 
4165	92 
4166	130 
4167	225 
4168	94 150 217 
4169	213 
4170	202 221 232 
4171	66 
4172	101 
4173	128 148 154 
4174	5 
4175	240 
4176	22 
4177	89 
4178	60 
4179	110 178 234 
4180	97 178 186 
4181	106 
4182	107 175 201 
4183	61 
4184	59 
4185	6 
4186	88 
4187	137 
4188	44 
4189	236 
4190	73 160 212 
4191	166 
4192	34 
4193	215 
4194	118 
4195	19 
4196	81 140 190 
4197	23 
4198	19 
4199	158 
4200	71 
4201	212 
4202	154 
4203	26 
4204	148 
4205	32 
4206	223 
4207	21 
4208	31 
4209	150 
4210	179 
4211	78 
4212	106 123 236 
4213	79 
4214	156 
4215	44 190 224 
4216	197 
4217	235 
4218	110 
4219	121 
4220	44 
4221	60 
4222	103 
4223	92 
4224	14 
4225	123 
4226	224 
4227	131 
4228	133 
4229	196 
4230	16 
4231	80 136 185 
4232	187 
4233	49 
4234	82 
4235	123 
4236	30 
4237	236 
4238	107 
4239	88 
4240	158 
4241	34 105 240 
4242	180 
4243	10 122 181 
4244	227 
4245	57 
4246	182 
4247	163 
4248	58 
4249	184 
4250	235 
4251	238 
4252	9 103 226 
4253	103 
4254	166 
4255	78 
4256	78 
4257	172 185 199 
4258	141 198 212 
4259	136 
4260	66 
4261	154 
4262	172 
4263	84 102 185 
4264	134 
4265	223 
4266	75 
4267	149 
4268	186 
4269	80 
4270	71 73 103 
4271	215 
4272	198 
4273	19 
4274	66 164 243 
4275	21 
4276	214 
4277	21 
4278	47 
4279	24 159 183 
4280	185 
4281	93 
4282	185 
4283	171 
4284	227 
4285	164 
4286	167 
4287	213 
4288	107 
4289	104 
4290	210 
4291	85 
4292	130 
4293	160 
4294	21 
4295	172 
4296	34 72 120 
4297	36 178 180 
4298	166 
4299	172 
4300	60 
4301	123 
4302	177 
4303	129 
4304	77 177 214 
4305	227 
4306	72 
4307	16 
4308	155 
4309	122 
4310	49 
4311	141 223 243 
4312	30 
4313	56 
4314	224 
4315	164 
4316	30 
4317	176 
4318	78 
4319	159 
4320	45 102 185 
4321	182 
4322	80 142 189 
4323	131 
4324	157 
4325	201 
4326	69 
4327	200 
4328	55 
4329	15 
4330	78 
4331	238 
4332	9 
4333	31 
4334	41 
4335	169 
4336	46 
4337	201 
4338	216 
4339	47 
4340	15 225 229 
4341	110 
4342	19 
4343	82 
4344	178 
4345	142 175 226 
4346	154 
4347	90 139 169 
4348	55 
4349	39 84 139 
4350	238 
4351	131 139 225 
4352	38 
4353	58 
4354	136 
4355	92 
4356	167 
4357	227 
4358	19 
4359	8 
4360	63 
4361	37 85 224 
4362	208 
4363	61 
4364	231 
4365	11 
4366	71 73 198 
4367	141 157 235 
4368	46 
4369	172 
4370	81 
4371	52 
4372	16 
4373	84 
4374	22 53 115 
4375	213 
4376	237 
4377	64 
4378	211 
4379	31 
4380	121 
4381	130 
4382	30 
4383	85 
4384	54 56 199 
4385	63 
4386	16 80 214 
4387	56 
4388	81 
4389	15 
4390	66 
4391	61 
4392	204 
4393	127 150 241 
4394	149 
4395	201 
4396	83 
4397	4 115 173 
4398	80 
4399	70 185 207 
4400	20 69 198 
4401	19 
4402	193 
4403	159 
4404	56 
4405	214 
4406	91 
4407	30 
4408	132 
4409	116 
4410	147 
4411	121 
4412	106 
4413	201 
4414	122 
4415	199 
4416	238 
4417	212 
4418	56 
4419	123 
4420	67 
4421	209 
4422	107 
4423	115 
4424	219 
4425	155 
4426	245 
4427	66 
4428	52 
4429	241 
4430	205 
4431	58 
4432	142 226 245 
4433	231 
4434	57 
4435	21 51 190 
4436	101 
4437	239 
4438	205 
4439	69 
4440	90 
4441	103 
4442	117 
4443	110 
4444	53 
4445	116 
4446	229 
4447	74 89 121 
4448	121 
4449	28 
4450	71 
4451	151 
4452	9 150 223 
4453	123 
4454	103 172 230 
4455	45 
4456	17 
4457	121 
4458	50 
4459	35 
4460	13 49 197 
4461	138 
4462	7 
4463	190 
4464	107 
4465	151 
4466	106 
4467	112 122 229 
4468	17 
4469	63 
4470	21 
4471	157 
4472	79 
4473	212 
4474	17 
4475	70 163 235 
4476	176 
4477	240 
4478	155 
4479	71 83 221 
4480	126 
4481	102 
4482	131 
4483	125 
4484	160 
4485	43 
4486	115 
4487	56 
4488	139 
4489	154 
4490	38 225 238 
4491	225 
4492	216 
4493	102 
4494	107 
4495	141 
4496	131 
4497	146 
4498	206 
4499	80 
4500	149 
4501	33 166 235 
4502	141 154 231 
4503	52 
4504	112 
4505	38 
4506	238 
4507	162 
4508	75 116 148 
4509	21 
4510	205 
4511	182 
4512	118 
4513	226 
4514	18 
4515	63 
4516	202 
4517	131 
4518	158 
4519	113 126 156 
4520	136 162 218 
4521	162 
4522	147 
4523	229 
4524	113 180 201 
4525	172 
4526	154 
4527	52 
4528	166 
4529	81 
4530	225 
4531	30 
4532	78 
4533	239 
4534	164 
4535	43 
4536	166 
4537	103 
4538	80 
4539	76 
4540	102 
4541	156 
4542	167 
4543	110 
4544	185 
4545	88 
4546	239 
4547	126 
4548	141 
4549	5 
4550	147 
4551	38 
4552	84 
4553	66 
4554	137 
4555	88 
4556	221 
4557	216 
4558	221 
4559	198 
4560	124 142 164 
4561	202 
4562	158 
4563	240 
4564	187 
4565	38 
4566	211 
4567	12 69 118 
4568	15 
4569	7 
4570	2 
4571	101 
4572	240 
4573	43 
4574	224 
4575	83 
4576	67 
4577	55 162 189 
4578	234 
4579	175 
4580	201 
4581	214 
4582	71 
4583	103 
4584	72 
4585	216 
4586	240 
4587	19 
4588	103 
4589	164 
4590	13 232 236 
4591	71 
4592	160 
4593	102 
4594	207 
4595	68 128 226 
4596	217 
4597	139 
4598	118 
4599	82 
4600	31 
4601	7 107 129 
4602	150 
4603	180 
4604	63 
4605	123 
4606	146 
4607	60 112 190 
4608	21 
4609	141 144 154 
4610	207 
4611	5 
4612	142 
4613	61 
4614	63 
4615	7 
4616	101 
4617	159 225 233 
4618	45 
4619	117 
4620	14 
4621	92 113 126 
4622	50 
4623	103 
4624	167 
4625	90 
4626	167 
4627	142 
4628	150 
4629	16 72 205 
4630	180 
4631	126 
4632	211 
4633	123 
4634	102 
4635	138 
4636	80 
4637	72 
4638	81 
4639	190 
4640	60 
4641	115 
4642	69 
4643	45 
4644	13 
4645	200 
4646	89 
4647	45 
4648	139 
4649	125 
4650	88 
4651	125 
4652	84 
4653	229 
4654	181 
4655	75 
4656	181 
4657	19 
4658	169 
4659	129 218 233 
4660	172 
4661	118 
4662	175 
4663	192 
4664	21 122 244 
4665	49 
4666	121 
4667	21 
4668	34 129 166 
4669	49 141 214 
4670	240 
4671	34 180 190 
4672	59 
4673	137 
4674	112 
4675	83 
4676	48 171 201 
4677	105 
4678	57 
4679	221 
4680	13 64 167 
4681	4 167 190 
4682	14 
4683	109 156 184 
4684	165 177 201 
4685	88 
4686	139 
4687	50 
4688	13 
4689	7 
4690	85 
4691	90 
4692	125 
4693	5 
4694	6 
4695	117 139 141 
4696	239 
4697	122 
4698	71 
4699	35 
4700	41 
4701	90 
4702	106 
4703	137 
4704	30 
4705	74 
4706	200 
4707	129 
4708	53 
4709	207 
4710	217 
4711	214 
4712	131 
4713	107 
4714	16 
4715	175 177 193 
4716	85 
4717	214 
4718	35 
4719	61 68 117 
4720	175 
4721	229 
4722	15 
4723	34 
4724	49 
4725	58 208 220 
4726	112 
4727	59 
4728	238 
4729	149 
4730	85 
4731	61 
4732	53 
4733	75 
4734	106 
4735	107 
4736	75 
4737	146 
4738	61 
4739	140 
4740	41 129 147 
4741	158 
4742	28 
4743	146 
4744	30 
4745	31 
4746	64 
4747	53 
4748	67 197 237 
4749	79 
4750	85 
4751	56 
4752	55 
4753	154 
4754	115 
4755	84 
4756	201 
4757	9 30 98 
4758	115 
4759	160 
4760	55 
4761	56 
4762	38 78 160 
4763	243 
4764	63 
4765	164 
4766	38 
4767	229 
4768	231 
4769	232 
4770	85 
4771	20 115 193 
4772	41 183 224 
4773	11 
4774	180 
4775	28 
4776	189 
4777	235 
4778	90 
4779	175 
4780	151 202 225 
4781	212 
4782	142 
4783	79 
4784	118 
4785	121 
4786	106 
4787	240 
4788	66 
4789	50 
4790	180 
4791	148 162 218 
4792	217 
4793	55 
4794	155 
4795	175 
4796	112 
4797	13 
4798	166 
4799	235 
4800	11 
4801	239 
4802	123 
4803	239 
4804	21 
4805	80 116 144 
4806	89 
4807	142 
4808	38 
4809	84 
4810	129 
4811	136 
4812	17 
4813	71 
4814	118 
4815	225 
4816	139 
4817	55 
4818	234 
4819	150 
4820	190 
4821	190 
4822	185 
4823	206 
4824	102 141 229 
4825	49 
4826	28 136 225 
4827	34 
4828	164 
4829	85 
4830	43 
4831	110 
4832	102 
4833	138 
4834	225 
4835	72 
4836	18 50 55 
4837	217 
4838	38 
4839	44 65 227 
4840	63 
4841	16 
4842	229 
4843	6 60 141 
4844	123 
4845	154 
4846	80 
4847	53 62 220 
4848	69 
4849	180 
4850	205 
4851	60 
4852	237 
4853	158 
4854	229 
4855	217 
4856	134 212 226 
4857	136 
4858	175 
4859	206 
4860	61 
4861	239 
4862	88 
4863	139 
4864	69 
4865	164 
4866	141 
4867	69 
4868	154 
4869	85 
4870	175 
4871	49 
4872	167 
4873	15 
4874	1 51 141 
4875	41 
4876	53 
4877	45 54 235 
4878	146 
4879	227 
4880	138 
4881	15 
4882	137 
4883	85 
4884	45 
4885	82 
4886	19 84 102 
4887	221 
4888	84 
4889	45 
4890	229 
4891	30 
4892	15 
4893	17 
4894	41 
4895	55 161 167 
4896	84 
4897	110 
4898	112 
4899	205 
4900	46 
4901	83 
4902	205 
4903	171 
4904	214 
4905	38 
4906	121 
4907	39 55 125 
4908	217 
4909	107 
4910	85 
4911	221 
4912	19 155 229 
4913	14 
4914	102 
4915	102 
4916	122 
4917	180 
4918	82 102 168 
4919	43 
4920	19 48 230 
4921	49 
4922	38 
4923	85 
4924	102 
4925	221 
4926	56 
4927	201 
4928	75 93 97 
4929	46 
4930	121 
4931	50 
4932	167 
4933	198 
4934	46 
4935	198 
4936	30 
4937	19 123 188 
4938	45 
4939	180 
4940	60 
4941	139 
4942	158 171 185 
4943	21 136 216 
4944	21 
4945	7 172 179 
4946	107 
4947	110 
4948	13 
4949	14 
4950	39 139 186 
4951	3 60 83 
4952	14 
4953	139 
4954	50 
4955	17 
4956	139 
4957	154 
4958	166 
4959	164 
4960	166 
4961	154 
4962	235 
4963	21 31 154 
4964	46 
4965	85 
4966	112 
4967	15 
4968	44 103 132 
4969	121 
4970	107 143 209 
4971	185 
4972	41 
4973	34 
4974	139 
4975	131 
4976	175 
4977	27 120 126 
4978	53 
4979	46 
4980	67 213 214 
4981	85 155 167 
4982	74 127 191 
4983	50 
4984	66 
4985	212 
4986	30 
4987	61 
4988	107 
4989	129 
4990	19 237 243 
4991	129 
4992	84 
4993	84 
4994	136 
4995	103 130 243 
4996	129 
4997	139 
4998	21 200 217 
4999	121 
5000	34 
