1 4709
2 2933
3 4916
4 3839
5 4729
6 4971
7 3379 3897 4406
8 4879
9 3839
10 4600
11 3798
12 4566
13 3917
14 4763
15 2637
16 3729
17 4718
18 4377
19 4927
20 3688
21 4944
22 3029 4673 4971
23 4821
24 4938
25 4539 4801
26 4511
27 3886
28 4025
29 4358
30 4901
31 1458
32 4189 4944
33 4794
34 4547
35 4932
36 4947
37 4978
38 4768
39 4709
40 1776 4787
41 1340
42 4619
43 4932
44 4966
45 4525
46 2520
47 4077
48 3731
49 4709
50 4984
51 3314 4874
52 3917
53 4986
54 4938
55 1282
56 765 4358
57 4994
58 1458
59 4960
60 4976
61 4948
62 4133
63 1175
64 3917 4426
65 3917
66 4358
67 3739
68 4332
69 4663
70 1776
71 4673
72 4989
73 4997
74 3626
75 4994
76 3925
77 4778
78 4332
79 4979
80 4079
81 4525
82 1203
83 4778 4783
84 4919
85 3211
86 4932
87 4600
88 3115
89 4874
90 4514 4834
91 4146
92 4801
93 4993
94 4693 4807
95 3367
96 3739
97 3367
98 4972
99 3968
100 3839
101 4408
102 2933
103 4778
104 3739 4709
105 4885
106 3684
107 4976
108 4189
109 4967
110 4978
111 4525
112 3749
113 4940
114 3635
115 4514
116 4377
117 4265
118 3836
119 4947
120 4938
121 4939
122 4051
123 4818 4866 4947
124 4445 4673
125 4362
126 3839
127 4787
128 4476
129 3379
130 4960
131 4948
132 4986
133 4987
134 4835
135 4133
136 3971
137 4673
138 4784
139 4852
140 4874
141 4112
142 4787
143 3839 4204
144 4588
145 4880
146 3836
147 4978
148 4471
149 4859
150 3628
151 3613
152 4817
153 3402
154 3729
155 3042
156 2520
157 4932
158 4355
159 4358
160 3886
161 3561
162 4959
163 4355
164 4978
165 4971
166 4967
167 4783
168 4902
169 4616
170 4880
171 3968
172 4846
173 4987
174 3843
175 4938
176 4989
177 4813
178 4848
179 3493
180 3479
181 4984
182 1147 4874 4903
183 4908
184 4403
185 4866
186 4926
187 4527
188 4403
189 4993
190 3917
191 4658
192 3029
193 4658
194 4908
195 3836
196 3503
197 4729
198 4759
199 4408
200 3731
201 3613
202 4846
203 4960
204 3739
205 4146
206 5000
207 4818 4979
208 4564
209 4787
210 4971
211 2292
212 4985
213 3839
214 4987
215 4527
216 4763
217 4082
218 4801
219 4848
220 4728
221 4784
222 3621
223 3897
224 4787
225 4926
226 4197
227 4689
228 4426
229 4821
230 4972
231 5000
232 4769
233 3355
234 4511
235 4406
236 4975
237 1594 4903
238 4784
239 3691
240 4049
241 4025
242 4932
243 4402
244 1594
245 4718
246 4985
247 4924
248 4758
249 4817
250 1594
251 4229
252 4807
253 4999
254 4835
255 4916
256 4997
257 4859
258 4079
259 4189
260 4112
261 4112
262 4431
263 4600
264 4339 4813
265 4818
266 4932
267 4813
268 4967
269 4507
270 4939
271 4978
272 3459
273 4944
274 4807
275 4539
276 4961
277 4985
278 4718 4866
279 4944
280 4763
281 3479
282 4189
283 3731
284 4880
285 4734
286 4689
287 4043
288 3459
289 4154
290 1487
291 4859
292 3731
293 3839
294 4421 4471
295 4476
296 4431
297 4658
298 4375
299 4971
300 4402
301 4938
302 4451 4999
303 4972
304 4600
305 4759
306 4616
307 4853
308 4600 4927
309 4302
310 3540
311 3839
312 4362
313 4801
314 4960
315 3897 4801 4938
316 4866
317 1487 4377
318 4339
319 4377
320 4112
321 4471
322 4807
323 4903
324 2207 4813
325 4783
326 2207
327 4971
328 4994
329 1487
330 4678
331 4204
332 4527
333 1203
334 3563
335 4290
336 4972
337 5000
338 4866
339 4733
340 4962
341 4600
342 4807
343 4984
344 4574
345 4051
346 4332
347 3164
348 4901 4985
349 4949
350 4948
351 4901
352 4189
353 4927
354 3613
355 1346
356 4532
357 4778
358 4965
359 4576
360 3042
361 4878
362 4673
363 4692
364 4978
365 3613
366 4919
367 4916
368 4406
369 4431
370 4874
371 4408
372 4978
373 4281
374 4966
375 4769
376 4852
377 4527
378 4960
379 1340
380 4564
381 4925
382 3908
383 4949
384 4600
385 4903
386 4403
387 4734
388 4355 4759
389 4878
390 4733
391 4763
392 4051
393 4986
394 4705
395 4476 4527 4846
396 4939
397 3454
398 4961
399 3033
400 4339
401 4926
402 4976
403 4783
404 4292
405 4362
406 4965
407 4821
408 3968
409 1282 4944
410 4967
411 4940
412 4574
413 3886
414 4947
415 4904
416 3540
417 4112
418 3917
419 4619
420 4281
421 4271
422 3739 4903
423 4848
424 4431
425 4057
426 4922
427 1175 1594
428 3968
429 4922
430 3839 3897
431 4656
432 4821
433 4955
434 4807
435 4051
436 4768
437 4332 4547
438 3033
439 4927
440 1487
441 4658
442 1340
443 4955
444 4733
445 4787
446 4879
447 4835
448 4646
449 4819
450 4961
451 4994
452 4028
453 4566
454 4853
455 4588
456 4817
457 3042 4994
458 3481
459 3906
460 4902
461 4926
462 4874
463 4600
464 3493
465 4948
466 4901
467 3479
468 4919
469 4978
470 4984
471 4978
472 4960
473 4673
474 4709
475 4862
476 3729
477 4025
478 3164
479 4038
480 3540
481 3731
482 4561
483 2637
484 1147
485 3367
486 1487
487 4271
488 4445
489 4268
490 4949
491 4985
492 4988
493 4550
494 4919
495 4862
496 4999
497 4787
498 4978
499 4966
500 4903
501 4718
502 3995
503 3850
504 4339 4801
505 3355
506 4961
507 4933
508 3956
509 4962
510 3540 3563
511 2371
512 4834
513 4925
514 4049
515 4944
516 4561
517 4229
518 4880
519 3367
520 4189
521 4775
522 4985
523 4775
524 4834
525 4939
526 3042
527 4663
528 4862
529 3978
530 4678
531 3561
532 4853
533 4821
534 4885
535 4794
536 4673
537 4249
538 4925
539 4916
540 4249
541 4445
542 4729
543 4673
544 4835
545 4445
546 4061
547 4818
548 4693
549 4965
550 4944
551 2866
552 4678
553 3925
554 4927
555 3254 4878
556 4694
557 3626
558 4673
559 4962
560 4903
561 4921
562 4778
563 4879
564 3479
565 4566
566 4848
567 4550
568 4852
569 4768
570 3850
571 4961
572 4339
573 4801 4879
574 4817
575 4421
576 4656
577 4962
578 4588
579 4692
580 4758
581 4768 4778
582 4656
583 4962
584 2933
585 4264
586 4693
587 4967
588 1389
589 4821
590 4431
591 2519 4859
592 4154
593 4763
594 4986
595 4663
596 4290
597 4999
598 3503 4204
599 4358
600 4880
601 4813
602 3750
603 4358
604 4878
605 4932
606 4265 4718 4932
607 4960
608 4925
609 4999
610 4834
611 4079
612 4879
613 3427
614 3995
615 4566
616 4993
617 4807 4840
618 4993
619 4840
620 4978
621 4038 4377
622 4961
623 4908
624 1487 4813
625 3968 4646
626 4706
627 4051
628 4507
629 4983
630 3493 3925
631 765
632 4229
633 4758
634 3254 4663
635 4916
636 3042
637 4922
638 4709
639 4673
640 4880
641 4908
642 4525
643 4729
644 4787
645 4377
646 4994
647 3666
648 4678
649 3965
650 4944
651 4879
652 4514 4672
653 4025
654 4402
655 4709
656 4550
657 3355
658 4154
659 4600
660 3995
661 3628
662 4038
663 4841
664 4807
665 4885
666 4734
667 4807
668 4879
669 3635
670 4038
671 3729
672 4819
673 4984
674 4901
675 4426
676 4983
677 4807
678 3688
679 3427
680 4976
681 4925
682 3843
683 4978
684 4566
685 4817
686 4818
687 3749
688 4874
689 4431
690 4925
691 2333
692 4835
693 4976
694 4763
695 4807
696 4985
697 3906 4525
698 4616 4948
699 4852
700 4947
701 4616
702 4925
703 4948
704 4051
705 3691
706 3493
707 3750 4541
708 3211
709 4834
710 4758
711 3042
712 4983
713 4729
714 4769
715 3211
716 4638
717 2520
718 4541
719 4949
720 4962
721 4773
722 4758
723 3292
724 4362 4769
725 4527
726 4802
727 4819
728 3254
729 4769
730 4403
731 4938
732 4709 4841
733 2520
734 4807
735 4947
736 4932
737 4787
738 4709
739 4817
740 4051
741 3739
742 4403
743 3314
744 4547
745 3995
746 4903
747 4421
748 4985
749 3731
750 4821
751 3926
752 3427 4988
753 4904
754 4692
755 4576
756 4043
757 4476
758 4476
759 4547
760 4539 4932
761 4993
762 4925
763 4550
764 3731 4049
765 765
766 3925
767 4576 4734
768 4938
769 4813
770 1458
771 4550
772 4038
773 3292 3503
774 4561
775 4848
776 4807
777 4879
778 4939
779 4922
780 4566 4638
781 4841
782 4978
783 4709
784 3115 4962
785 4672
786 3850
787 4692
788 3540 4709
789 4658
790 2977
791 4709
792 5000
793 4375
794 3540
795 3749
796 4431
797 4834
798 4728
799 4994
800 3029
801 4110
802 3897
803 1340 4547
804 4988
805 4061
806 4344
807 4302
808 4271
809 4656
810 4663
811 4993
812 4962
813 2866
814 4778
815 4926
816 4807
817 4112 4859
818 4978
819 3029
820 4959
821 4028
822 3839
823 4817
824 3211
825 4709
826 4848
827 4994
828 4924
829 4678 4709 4807
830 4916
831 4758
832 4859
833 3211
834 3281
835 3427
836 4859
837 4979
838 1346 2519
839 4862
840 3968
841 1487
842 4344
843 4673
844 4972
845 4994
846 3042
847 4733
848 4885
849 4801
850 4784
851 2520 3561
852 4999
853 3731
854 4079
855 3850 4673
856 4985
857 2866
858 4566
859 3643
860 3503
861 4801
862 4431
863 4908
864 4947
865 4784
866 4658
867 4919
868 4807
869 4999
870 4403
871 4983
872 5000
873 4902
874 2371
875 3850
876 4773
877 4550
878 3254
879 4955
880 5000
881 4561 4585 4919
882 4421 4859 4926
883 4758
884 4908
885 3688
886 4476
887 4993
888 4561
889 3750
890 4933
891 4507
892 4807
893 4813
894 4986
895 4051
896 1175
897 4689
898 4281
899 4947
900 4859
901 4859
902 4646
903 4787
904 4692
905 4939
906 3164
907 4955
908 4859
909 4532
910 3886
911 3626
912 4067 4846
913 3628
914 4734
915 4787
916 4818
917 3691
918 3314 4709
919 3729
920 4358
921 4961
922 4939
923 4985
924 4054
925 4939
926 3334
927 2933
928 4925
929 4985
930 4801
931 4866
932 3908
933 4862
934 5000
935 4784
936 4971
937 4916
938 4514
939 4927
940 4547 4978
941 4061
942 4853
943 4989
944 4709
945 4646
946 4944
947 4821
948 4955
949 3314
950 3965
951 4574
952 3402
953 4807
954 4197
955 3621
956 4999
957 4994
958 4706
959 3917
960 4784
961 4988
962 3643 4673
963 3850 4994
964 4264 4600
965 4784
966 4758
967 4966
968 4986
969 4852
970 4940
971 4902
972 4758
973 4539
974 4817
975 2520
976 4794
977 4431
978 4692
979 4802
980 3926
981 3886 4038
982 1594
983 4925
984 4061
985 4997
986 4507
987 4264
988 4061
989 3355
990 4859
991 3367 3427
992 4377
993 4962
994 4994
995 4971
996 4673
997 4962
998 4834
999 4821
1000 4403 4916
1001 3481
1002 4718 4834
1003 3818
1004 4051
1005 4966
1006 4547
1007 4344
1008 4986
1009 4965
1010 4728
1011 4507
1012 4028
1013 4600
1014 4561 4925
1015 4922
1016 4944
1017 4835
1018 4960
1019 4925
1020 4734
1021 4879
1022 4944
1023 4709
1024 4962
1025 4960
1026 4921
1027 4358
1028 3033
1029 3978 4204
1030 4890
1031 4924
1032 4983
1033 4709
1034 4050
1035 4967
1036 4903
1037 4673
1038 4616
1039 4292
1040 3739
1041 4692
1042 4903
1043 3479
1044 4692
1045 4421
1046 4445
1047 4705
1048 4049 4547
1049 3029
1050 4588
1051 3906
1052 4938
1053 4694
1054 4375
1055 4290
1056 2637 4978
1057 4061
1058 4249
1059 4985
1060 1340
1061 4564
1062 4769 4801
1063 4921
1064 3479
1065 3798
1066 4264
1067 4189
1068 4933
1069 3254
1070 4431
1071 4229
1072 4471
1073 4344
1074 4938
1075 4862
1076 4933
1077 4525
1078 4986
1079 4972
1080 4975
1081 4332 4994
1082 4821
1083 4859
1084 4932
1085 4994
1086 4818 4880 4885
1087 2933
1088 4818
1089 4355
1090 4916
1091 4835
1092 4784
1093 4471
1094 4249
1095 4775
1096 3613
1097 4813
1098 3042
1099 4880
1100 4709
1101 3691
1102 4403
1103 4271
1104 4658
1105 3978
1106 4919
1107 3917
1108 4673
1109 3164
1110 4051
1111 3917
1112 4819
1113 4451
1114 1389 3917 4525
1115 4972
1116 4769
1117 4846
1118 2933 4344 4853
1119 4987
1120 4819
1121 3254
1122 4908
1123 4061
1124 4879
1125 4885
1126 4229
1127 4924
1128 4051
1129 4663
1130 4768
1131 4938
1132 4403
1133 4901
1134 3978
1135 4880
1136 4926
1137 4706
1138 4576
1139 4939
1140 3850 3906
1141 4600
1142 4835
1143 4859
1144 4706 4879
1145 4451
1146 4773
1147 1147
1148 3314
1149 4902
1150 4821
1151 4773
1152 4445 4866 4927
1153 3926 4927
1154 4983
1155 3739
1156 3739
1157 4961
1158 4564
1159 2866
1160 4994
1161 4758
1162 4944
1163 4576
1164 3731
1165 3540
1166 1340 4846
1167 4547
1168 4689
1169 3850 4431
1170 3836
1171 4358
1172 4901
1173 3666 4853
1174 4821
1175 1175
1176 3635 4375
1177 4960
1178 4709
1179 4853
1180 4656
1181 4902
1182 4922
1183 4938
1184 4903
1185 4916
1186 4903
1187 4672
1188 3750
1189 4878
1190 3926
1191 4994
1192 4859
1193 3042
1194 4600
1195 4133
1196 4511
1197 3029
1198 4154 4960
1199 4079
1200 4539
1201 4967
1202 4663
1203 1203
1204 3739
1205 4880
1206 4426
1207 4834
1208 4588
1209 4902
1210 4705 4834
1211 3454
1212 4965
1213 4112
1214 2308
1215 4848
1216 4993
1217 4550
1218 4734
1219 4939
1220 4769
1221 2333
1222 4547
1223 3621
1224 3688
1225 4989
1226 4043
1227 4758
1228 3355
1229 4985
1230 5000
1231 4784
1232 4585
1233 4840
1234 3621
1235 3042 4431
1236 4646
1237 4817
1238 4967
1239 4819
1240 4835
1241 4768
1242 3164
1243 4292
1244 4817
1245 4983
1246 4758
1247 1438
1248 3739 3925 4813
1249 4061
1250 4966
1251 4476
1252 4926
1253 4718
1254 1487
1255 4451
1256 4926
1257 4976
1258 4994
1259 4944
1260 4706
1261 4890
1262 4077
1263 4769
1264 4972
1265 3029 3666 4694
1266 4673
1267 4734
1268 4866
1269 3355
1270 4547
1271 4994
1272 4694
1273 4729
1274 4960
1275 3995
1276 1438
1277 4933
1278 4938
1279 5000
1280 4841
1281 4079
1282 1282
1283 4921
1284 4879
1285 4916
1286 4377
1287 4539
1288 4901
1289 4718
1290 4561
1291 4511
1292 4271
1293 4706
1294 3621
1295 4784
1296 4948
1297 2292
1298 4975
1299 4673
1300 4600
1301 4993
1302 4431
1303 4925
1304 4693
1305 5000
1306 4967
1307 4997
1308 4332
1309 4705
1310 4656
1311 4813
1312 3379 4146
1313 4999
1314 4878
1315 4619
1316 4619
1317 4817
1318 4879
1319 4979
1320 4054
1321 4264
1322 4728
1323 4638
1324 4821
1325 4903
1326 4339
1327 4358
1328 3691
1329 4600
1330 4986
1331 3033
1332 4922
1333 3314
1334 4507
1335 4281
1336 3563
1337 4734
1338 4975
1339 3684
1340 1340
1341 4773
1342 4840
1343 4787
1344 4885
1345 4835
1346 1346
1347 4646
1348 4979
1349 4813
1350 3908
1351 4921
1352 4848
1353 2519
1354 4025
1355 3033
1356 4733
1357 4984
1358 4997
1359 4916
1360 4079
1361 4794
1362 4835
1363 4082
1364 4922
1365 4426
1366 4853
1367 4988
1368 4292
1369 2977
1370 4971
1371 4656
1372 4054
1373 4561
1374 3750
1375 4807
1376 4926
1377 4993
1378 3666
1379 4971
1380 3839
1381 4978
1382 3563
1383 4619
1384 4705
1385 4759
1386 4813
1387 4960
1388 4758
1389 1389
1390 4940
1391 4375
1392 4933
1393 5000
1394 4658
1395 4421
1396 4678
1397 3164
1398 3609
1399 4878
1400 4924
1401 4962
1402 4947
1403 3925
1404 4862
1405 4880
1406 3621
1407 4693
1408 4927
1409 4975
1410 4949
1411 4758
1412 4971
1413 4813
1414 4966
1415 4967
1416 3561
1417 3474
1418 4672
1419 4819
1420 4890
1421 2207
1422 4999
1423 4718
1424 3474
1425 3666
1426 4431
1427 2637 3254
1428 4986
1429 3563
1430 2519
1431 3906
1432 4986
1433 4987
1434 4339
1435 4402
1436 4527
1437 4054
1438 1438
1439 4999
1440 3314 3367 3971
1441 4249
1442 4933
1443 4189
1444 4784
1445 4290
1446 4600
1447 4821
1448 4848
1449 4718
1450 4758
1451 4818
1452 4769
1453 4927
1454 4678
1455 1203 3292
1456 3503
1457 4993
1458 1458
1459 4866
1460 4848
1461 4921
1462 4028
1463 4807
1464 4718
1465 4709
1466 3355
1467 4932
1468 4678
1469 3978
1470 4332
1471 4840
1472 4999
1473 4997
1474 4902
1475 3926
1476 3995 4763
1477 4947
1478 4249
1479 4984
1480 4925
1481 4959
1482 3211
1483 4997
1484 4984
1485 4709
1486 4890
1487 1487
1488 4879
1489 5000
1490 4189
1491 4638
1492 3917
1493 4476 4566
1494 4976
1495 3917
1496 4955
1497 4925
1498 4511
1499 4949
1500 3613
1501 3042
1502 4733
1503 4588
1504 4885
1505 4656
1506 4989
1507 4775
1508 4784
1509 3609
1510 3033 4758
1511 4051
1512 4880
1513 4292
1514 4927
1515 4281
1516 4938
1517 3684
1518 4983
1519 4908
1520 1776 4377
1521 3427
1522 3621
1523 4402
1524 4859
1525 4926
1526 4694
1527 4511
1528 4841
1529 4673
1530 4773
1531 4358
1532 4993
1533 3493 4249
1534 4709
1535 4265
1536 3621 4619
1537 4783
1538 2933
1539 4421
1540 3995
1541 4362
1542 4852
1543 4421
1544 4807
1545 3029
1546 4989
1547 2637
1548 4507
1549 3739
1550 3029 3995 4818
1551 3688
1552 4784
1553 4067 4841 4961 4979
1554 4638
1555 4801
1556 4932
1557 4989
1558 4673
1559 4967
1560 4265
1561 4949
1562 4332
1563 4940
1564 4265
1565 4994
1566 4967
1567 2520 4268 4672
1568 4983
1569 4939
1570 4966
1571 4921
1572 4986
1573 4944
1574 4656
1575 4927
1576 4916
1577 4901
1578 4588
1579 3164
1580 4802
1581 4904
1582 4994
1583 4879
1584 4082
1585 4734
1586 4476
1587 4966
1588 4358
1589 4733
1590 3540
1591 4375
1592 1389
1593 2933
1594 1594
1595 4733
1596 4693
1597 4445
1598 4290
1599 3731
1600 4933
1601 4985
1602 2933
1603 4694
1604 3995
1605 4986
1606 4916
1607 4959
1608 4989
1609 4997
1610 4709
1611 4813
1612 4421
1613 4678
1614 4922
1615 4783
1616 3029
1617 4962
1618 4817
1619 4959
1620 4908
1621 4922
1622 4133
1623 4133
1624 4807
1625 4987
1626 4051
1627 3454
1628 4976
1629 3626
1630 4978
1631 3691 4932
1632 4846
1633 4229 4784
1634 4834
1635 4355
1636 2207 4769 4985
1637 4658
1638 3897
1639 4672
1640 4729
1641 4997
1642 4271
1643 4377
1644 4955
1645 4988
1646 4989
1647 4050
1648 4927
1649 4638 4983
1650 4979
1651 1340
1652 4784
1653 4146
1654 4962
1655 4840
1656 4527
1657 1389
1658 4426
1659 3281
1660 4944
1661 4921
1662 4189
1663 2520 4673
1664 1776
1665 4729
1666 4050
1667 4932 4965
1668 4728
1669 1487
1670 4693
1671 3355
1672 4926
1673 4932
1674 4853
1675 4999
1676 3843
1677 4925
1678 1776
1679 4402
1680 3925
1681 4541
1682 4999
1683 3965
1684 4848
1685 4924
1686 4525
1687 3033
1688 4967
1689 2519 4879 4932
1690 4987
1691 4885
1692 4271
1693 4848
1694 4903
1695 4079 4768
1696 4966
1697 4933
1698 4987
1699 3621
1700 4925
1701 4948
1702 4922
1703 4932
1704 4646
1705 4994
1706 3621
1707 4948
1708 4960 4976 4979 4994
1709 4705
1710 4978
1711 2520
1712 1487
1713 4916
1714 3474
1715 4656
1716 4355
1717 4975
1718 4672
1719 4646
1720 4817
1721 3613
1722 2333
1723 4189
1724 3454
1725 3493
1726 4588
1727 3164
1728 2519
1729 4431
1730 4840
1731 4834
1732 4940
1733 4249
1734 4966
1735 4775
1736 3739 4067 4983
1737 4646
1738 3115 4426
1739 4947
1740 3850
1741 4961
1742 4375
1743 4978
1744 4966
1745 4878
1746 4566
1747 4904
1748 4678 4932 4971
1749 4947
1750 4862
1751 4984
1752 4880
1753 4965
1754 3481 3643
1755 3481
1756 4763
1757 4067
1758 4983
1759 3355
1760 3925
1761 3731
1762 4979
1763 4028
1764 4841
1765 4997
1766 4972
1767 4585
1768 3563
1769 4890
1770 4979
1771 3956
1772 4834
1773 4841
1774 1487 4778 4940 4985
1775 3917
1776 1776
1777 4846
1778 4638
1779 4445
1780 4885
1781 4079
1782 3908
1783 5000
1784 4987
1785 4924
1786 3691
1787 4984
1788 4362
1789 4656
1790 4271
1791 4819
1792 4846
1793 4939
1794 3314 4940
1795 4709
1796 4985
1797 2977
1798 3850
1799 4514
1800 4476
1801 4927
1802 4901
1803 4924
1804 4402
1805 4728
1806 4922
1807 4426
1808 4658
1809 4818
1810 3355
1811 4507
1812 4819
1813 4514
1814 4547
1815 4344 4985 4999
1816 4566
1817 2637
1818 4908
1819 4955
1820 3691
1821 4547
1822 3029
1823 4663
1824 1776
1825 4904
1826 4082 4955
1827 4264
1828 4673
1829 2866 3563
1830 4902
1831 3281
1832 4993
1833 4077
1834 4862
1835 4879
1836 4733
1837 4890
1838 4979
1839 4585
1840 3666 4948
1841 4271
1842 3292
1843 4852
1844 4025
1845 4663
1846 4403
1847 4903
1848 4978
1849 4878
1850 4853
1851 4972
1852 4967
1853 4566
1854 3367
1855 4539
1856 4525
1857 3978
1858 4988
1859 4566
1860 2977
1861 4332
1862 3684
1863 4692
1864 4133
1865 4229
1866 4431
1867 4693
1868 4890
1869 2519 3561
1870 4927
1871 4049
1872 4025
1873 4922
1874 4922
1875 4885
1876 4835
1877 4728
1878 4362
1879 4972
1880 4972
1881 4574
1882 4511
1883 3613
1884 2520
1885 4922
1886 4987
1887 4421
1888 4028
1889 3731
1890 3540
1891 4600
1892 4967
1893 4979
1894 4197
1895 3666
1896 4290
1897 4901
1898 4848
1899 2866
1900 4801
1901 3906
1902 4689
1903 4834
1904 4783
1905 3459
1906 4759
1907 4197
1908 4921
1909 4959
1910 3626
1911 5000
1912 4978
1913 4901
1914 4539
1915 4903
1916 4959
1917 3978
1918 4028
1919 4919
1920 4616
1921 2207
1922 4718
1923 4787
1924 3540
1925 4925
1926 3691 4646
1927 4926
1928 4358
1929 4859
1930 3691
1931 3688
1932 4975
1933 3965
1934 4967
1935 4265
1936 4229 4919 4955
1937 4961
1938 4054
1939 4933
1940 4758
1941 4834
1942 4773
1943 4043
1944 4561
1945 4794
1946 3540
1947 4038
1948 4778
1949 4377
1950 4050
1951 4939
1952 4938
1953 3643
1954 4903
1955 4268
1956 4904
1957 4694
1958 4922
1959 4768
1960 4938
1961 4265
1962 4082
1963 4079
1964 4878
1965 4564
1966 3739
1967 4133
1968 3379
1969 4976
1970 4999
1971 3643
1972 4813
1973 4678
1974 4938
1975 3029
1976 3254
1977 3609
1978 4932
1979 4852
1980 4933
1981 4049
1982 4967
1983 4049
1984 4932
1985 4527
1986 4962
1987 3042
1988 4921
1989 4853
1990 3029 3925
1991 4706
1992 4525
1993 4471
1994 4787
1995 4408
1996 1594
1997 4566
1998 4853
1999 4402
2000 4706
2001 4585
2002 4406 4862
2003 4879
2004 4821
2005 4507
2006 3995
2007 4709
2008 4947
2009 3926
2010 3666
2011 4866
2012 3427
2013 4773
2014 765 4866
2015 4989
2016 3956
2017 3739
2018 4841
2019 4821
2020 3750
2021 4908
2022 4846
2023 4673
2024 4960
2025 4051
2026 4927
2027 4904
2028 4921
2029 2520
2030 4978
2031 4904
2032 5000
2033 2308
2034 4673
2035 4402
2036 3164
2037 4933
2038 3454
2039 4377
2040 4922
2041 1340
2042 4718
2043 4987
2044 4112
2045 4110
2046 4574
2047 4507
2048 4077
2049 4514
2050 3281
2051 4146
2052 4539
2053 4902
2054 4879
2055 4784
2056 4903
2057 4841
2058 4133
2059 2866
2060 4773
2061 4932
2062 4619
2063 4959
2064 4728
2065 4821
2066 4949
2067 4979
2068 4451
2069 4402
2070 4852
2071 4987
2072 4922
2073 4947
2074 4729
2075 4514
2076 2933
2077 4938
2078 4962
2079 4971
2080 4994
2081 2520 4268
2082 4987
2083 4987
2084 4846
2085 3643
2086 3033
2087 4507
2088 4358
2089 4539
2090 4514
2091 4999
2092 3621
2093 4938
2094 4281 4841
2095 4925
2096 4848
2097 4926
2098 4678
2099 4986
2100 4673
2101 4507
2102 4924
2103 4926
2104 4673
2105 4965
2106 4514 4835
2107 4358
2108 4281
2109 3971
2110 4997
2111 4709
2112 3626
2113 3164
2114 4817
2115 4054
2116 4983
2117 4673
2118 4539
2119 4431
2120 2519
2121 4986
2122 4989
2123 4984
2124 4807
2125 4834
2126 4077
2127 4997
2128 4978
2129 4983
2130 4944
2131 4997
2132 4944
2133 4834
2134 4938
2135 2520 3474
2136 4949
2137 4693
2138 4966
2139 3292 4984
2140 4763
2141 4807
2142 4955
2143 4718
2144 4949 4978
2145 3917
2146 1458 2333
2147 3454
2148 4926
2149 4585
2150 4978
2151 4988
2152 4025
2153 3749
2154 4938
2155 3798
2156 4402
2157 3254
2158 4067
2159 1389
2160 4976
2161 4054
2162 4600
2163 4773
2164 4025
2165 4965
2166 5000
2167 4408
2168 2977
2169 4955
2170 3643
2171 3115
2172 3836 4989
2173 4972
2174 4146
2175 4904
2176 4051
2177 4265
2178 4949
2179 4938
2180 3749
2181 4878
2182 4927
2183 4955
2184 4984
2185 4403
2186 4514
2187 4693
2188 4358
2189 4924
2190 4344
2191 4821
2192 4972
2193 3684
2194 4966
2195 4525
2196 2933
2197 4264
2198 4986
2199 4993
2200 3503
2201 3926
2202 4932
2203 4944
2204 4079
2205 4077 4547
2206 3334
2207 2207
2208 4689
2209 4862
2210 4759
2211 4944
2212 3843
2213 3379
2214 4728
2215 4978
2216 3561
2217 4783
2218 4994
2219 4656
2220 3563
2221 4406
2222 4960
2223 4999
2224 3211
2225 4525
2226 4959
2227 4672
2228 4692
2229 4769
2230 4966
2231 3886
2232 3314
2233 3688
2234 4962
2235 4848
2236 4694
2237 4817
2238 765 4979
2239 4922
2240 4988
2241 4948
2242 4989
2243 4658
2244 4408
2245 4944
2246 3355
2247 4947
2248 4988
2249 4561
2250 4775
2251 2519
2252 4564
2253 4903
2254 4985
2255 3334
2256 4775
2257 4709
2258 4574
2259 4986
2260 4947
2261 4807
2262 4962
2263 3628
2264 4967
2265 4988
2266 5000
2267 4600
2268 4880
2269 4960
2270 4759
2271 1389 4709
2272 4878
2273 4926
2274 2308
2275 4784
2276 4818
2277 4985
2278 4339
2279 4406
2280 4807
2281 4965
2282 4264
2283 2520
2284 4197
2285 4408 4967
2286 4292
2287 4729
2288 4511
2289 4859
2290 4944
2291 4993
2292 2292
2293 3749
2294 4802
2295 4358
2296 4978
2297 4813
2298 4768
2299 4527
2300 4561
2301 4758
2302 3750
2303 4734
2304 4778
2305 4835
2306 4514
2307 3029
2308 2308
2309 4358
2310 4818
2311 4733
2312 4932
2313 3971
2314 4673
2315 4445
2316 4038
2317 4994
2318 4709 5000
2319 2207
2320 4758 4878
2321 3613
2322 4229
2323 3563
2324 4133
2325 3042
2326 4362
2327 1203 4197
2328 4927
2329 4778
2330 4768
2331 4989
2332 4835
2333 1458 2333
2334 4965
2335 1389
2336 4933
2337 4763
2338 4355
2339 4879
2340 4377
2341 4999
2342 2520
2343 3540
2344 3628
2345 3908
2346 3211
2347 4077
2348 4539 4967
2349 4689
2350 4077
2351 4971
2352 4768
2353 4362
2354 4878
2355 4197
2356 4987
2357 3503
2358 4377
2359 3897
2360 4846 4933
2361 4547
2362 4903
2363 4566
2364 4878
2365 4773
2366 3926
2367 4778
2368 4938
2369 3956
2370 4600
2371 2371 3474
2372 4821
2373 4758
2374 4859
2375 3731
2376 4709
2377 3839
2378 4028
2379 4938
2380 4853
2381 4819
2382 4919
2383 4451
2384 4972
2385 3042 4975
2386 4999
2387 3042
2388 3563
2389 4978
2390 4539
2391 4775
2392 4959
2393 4705
2394 4922
2395 4878
2396 4197
2397 2333 4057 4082
2398 3613
2399 5000
2400 4292
2401 4939
2402 4585
2403 4541
2404 3563
2405 4901
2406 3459
2407 4733
2408 4616
2409 1340
2410 4986
2411 4908
2412 4922
2413 4616
2414 4566
2415 4878
2416 4784
2417 4656
2418 4962
2419 3479
2420 4672
2421 4616
2422 4818
2423 4999
2424 3379
2425 4507
2426 4853
2427 4807
2428 3292
2429 4646
2430 4866
2431 4975
2432 3729
2433 2933
2434 4638
2435 4362
2436 4729
2437 4903
2438 4975
2439 4972
2440 4112
2441 4339
2442 4938
2443 4769
2444 3643
2445 5000
2446 4978
2447 4926
2448 4759
2449 1487 4431
2450 4975
2451 4960
2452 4600
2453 4511
2454 4547
2455 4924
2456 4656
2457 4290
2458 4932 4978
2459 2308
2460 4574
2461 4997
2462 4693
2463 4939
2464 4885
2465 4197
2466 4028
2467 4932
2468 4801
2469 4028
2470 4043
2471 4054
2472 4801
2473 4879
2474 4879
2475 4903
2476 4932
2477 4955
2478 4819 4984
2479 2519 4339 4821
2480 4646
2481 3540
2482 4821
2483 3609 4976
2484 3613
2485 4821
2486 4852
2487 3367
2488 4885
2489 3479
2490 4511
2491 4903
2492 4821
2493 4859
2494 4576
2495 4281
2496 4471
2497 3731 4988
2498 4561
2499 4403
2500 4694
2501 3479 4965
2502 4955
2503 4983
2504 4204
2505 4965
2506 4332
2507 4939
2508 4841
2509 4921
2510 4431
2511 3886
2512 3917
2513 4692
2514 4758
2515 3968
2516 4878
2517 4902
2518 4588
2519 2519
2520 2520
2521 4527
2522 4541
2523 4984 4987
2524 4619
2525 4821
2526 4663
2527 4975
2528 4960
2529 4940
2530 4471
2531 4541
2532 4890
2533 4566
2534 3843
2535 4852
2536 4426
2537 4879
2538 3926 4406
2539 4841
2540 4834
2541 4902
2542 3798 4848
2543 4802
2544 4944
2545 3906 4550
2546 3965
2547 4879
2548 4926
2549 4972
2550 3613
2551 4862
2552 4986
2553 4902
2554 4961
2555 3691
2556 4940
2557 4840
2558 4511
2559 2866 4794
2560 3750
2561 3503
2562 4878
2563 4775
2564 4939
2565 4079 4938
2566 4525
2567 3561 4994
2568 4043
2569 4993
2570 4955
2571 4972
2572 4759
2573 3925
2574 4197
2575 4813
2576 4507
2577 4999
2578 3971
2579 4949
2580 3292
2581 4706
2582 4848
2583 3750
2584 4821
2585 4903
2586 4948
2587 4939
2588 4377
2589 4694
2590 3956
2591 4189
2592 4908
2593 4862 4993
2594 4709
2595 4763
2596 3211
2597 4204
2598 4846
2599 4426
2600 4938
2601 4807
2602 4758
2603 4133
2604 4903
2605 4978
2606 4944
2607 4377
2608 4916
2609 4769
2610 3925
2611 4694
2612 3292
2613 4057
2614 4049
2615 4768
2616 4541
2617 4564
2618 4110
2619 4919
2620 4852
2621 4616
2622 4878
2623 4514
2624 4600
2625 4933
2626 4421
2627 3684 4541
2628 2866
2629 4229
2630 4057
2631 4921
2632 4903
2633 4403
2634 4879
2635 4051
2636 4038
2637 2637
2638 4445
2639 3971
2640 4377
2641 4705
2642 4564
2643 4705
2644 4859
2645 2520
2646 4994
2647 4859
2648 4962
2649 4061
2650 4874
2651 4925
2652 4955
2653 2637
2654 4916 4938
2655 4986 4999
2656 3503 4965
2657 4673
2658 4852
2659 3729
2660 4801
2661 4758
2662 4852
2663 1487 3402 4656 4834
2664 4967
2665 4807
2666 4948
2667 4431
2668 4985
2669 4778
2670 4819
2671 4817
2672 4133
2673 4978
2674 4426
2675 3626
2676 3115
2677 4921
2678 4339
2679 4339
2680 4874
2681 3925 4961
2682 4783
2683 5000
2684 4834
2685 4948
2686 4769
2687 4426
2688 4866 4903
2689 4975
2690 4133 4658
2691 4925
2692 3643
2693 4862
2694 4853
2695 4922
2696 4975
2697 4362 4706 4979
2698 4979
2699 4926 4944
2700 4079 4718
2701 4673
2702 4511
2703 4926
2704 4859
2705 3836
2706 4985
2707 4903
2708 3314
2709 4600
2710 4801
2711 4938
2712 4783
2713 4993
2714 4959
2715 4901
2716 4846
2717 4940
2718 4112
2719 4997
2720 4525
2721 2933
2722 4916
2723 4550 4988
2724 3454 4983
2725 4249
2726 3643
2727 4959
2728 4784
2729 4972
2730 4940
2731 4919
2732 4402
2733 4908
2734 4997
2735 3749
2736 3281
2737 3688
2738 3334
2739 4778
2740 4801
2741 4997
2742 3033
2743 4840
2744 3292
2745 4979
2746 4646
2747 4673
2748 4879
2749 3749
2750 4402
2751 4971
2752 4619
2753 4689
2754 3750
2755 4993
2756 4729
2757 3281
2758 4948
2759 3029
2760 4874
2761 4355
2762 4564
2763 4802
2764 4082
2765 4927
2766 4971
2767 4926
2768 4421
2769 4885
2770 3691
2771 4984
2772 4965
2773 4921
2774 4775
2775 4729
2776 3621 4919
2777 4689
2778 4539 4821
2779 4999
2780 4834
2781 4846
2782 2977
2783 4476
2784 3628 4787
2785 3749
2786 2292 3115
2787 3367 4901
2788 4773
2789 4600
2790 4043
2791 4938
2792 4028
2793 4431
2794 4813
2795 4904
2796 4787
2797 3254
2798 4694
2799 4947
2800 3666
2801 4967
2802 4729
2803 4948
2804 4728
2805 3493 3906
2806 4846
2807 4932
2808 4729
2809 3798 4673
2810 4079
2811 4082
2812 4971
2813 4229
2814 4566
2815 4979
2816 4408
2817 4532
2818 3925
2819 4547
2820 4476
2821 4778
2822 4817
2823 4819
2824 4268
2825 4890
2826 4813
2827 4933
2828 4550
2829 4332
2830 4694
2831 4921
2832 4979
2833 4783
2834 3292
2835 3314
2836 4673
2837 4527
2838 4759
2839 4358 4987
2840 4672
2841 4189
2842 3684
2843 4985
2844 4841
2845 4377
2846 4576
2847 4948
2848 4355
2849 3613
2850 4933
2851 4673
2852 4638
2853 4967
2854 3818
2855 4927
2856 4507
2857 4939
2858 3836
2859 3731
2860 4783
2861 4961
2862 4908
2863 4859
2864 4944
2865 4978
2866 2866
2867 4976
2868 3886
2869 3609
2870 4919
2871 4955
2872 4975
2873 4801
2874 4972
2875 4846
2876 3613
2877 4692 4705
2878 4339 4862
2879 4049
2880 4769
2881 4962
2882 4807
2883 4846
2884 3561
2885 4813
2886 3926
2887 4692
2888 4692 4926
2889 4146
2890 4807
2891 3925
2892 4403
2893 4705
2894 4834 4960
2895 4926
2896 4375
2897 4987
2898 4989
2899 4983
2900 4983
2901 4983
2902 4663
2903 4358
2904 4265
2905 4965
2906 4983
2907 4705
2908 4025 4600 4853
2909 4976
2910 4638
2911 4972
2912 3334 4585 4933
2913 3481
2914 4038
2915 4672
2916 4728
2917 4989
2918 4229
2919 4281
2920 4821
2921 4673 4729
2922 4358
2923 1147 4916 4975
2924 4133
2925 4773 4919
2926 4922
2927 4154
2928 4445 4817
2929 4993
2930 3281
2931 4564
2932 4706
2933 2933
2934 3540
2935 4924
2936 4846
2937 4840 4960
2938 2520 4025 4646
2939 3621
2940 4673
2941 2933
2942 4133
2943 4985
2944 4878
2945 3926
2946 4787
2947 3978 4932 4965
2948 4926
2949 4709
2950 4778
2951 4616
2952 4972
2953 3334
2954 4866
2955 4507
2956 4853
2957 3750
2958 3850
2959 3843
2960 4079
2961 4919
2962 4358 4693
2963 4375
2964 4949
2965 4904
2966 3798
2967 4709
2968 3978 4859
2969 4927
2970 3729
2971 4588
2972 3609
2973 4813
2974 3540
2975 4989
2976 4938
2977 2977
2978 4890
2979 3729
2980 4694
2981 4067
2982 4802
2983 4763
2984 4784
2985 4358
2986 4801
2987 4693
2988 4576
2989 4705
2990 4999
2991 4408
2992 4663
2993 3850
2994 4901
2995 4693
2996 4406
2997 4903
2998 4656
2999 4038
3000 4783
3001 4057
3002 4922
3003 4801
3004 4292
3005 4344
3006 4960
3007 4985
3008 4663
3009 4924
3010 4813
3011 4976
3012 4693
3013 4840
3014 4879
3015 4768
3016 4082 4787 4944
3017 4960
3018 4532
3019 4819
3020 3609
3021 4678
3022 4874
3023 4976
3024 4999
3025 4043
3026 4902
3027 4426
3028 4949
3029 3029
3030 4925
3031 4763
3032 4656
3033 3033
3034 4539 4673 4841
3035 4927
3036 4984
3037 4110
3038 4846
3039 3454
3040 4919
3041 4846
3042 3042
3043 4061
3044 4025
3045 4547
3046 4997
3047 4445
3048 3042 4967
3049 4527
3050 3843
3051 4801
3052 4813
3053 4818
3054 3729
3055 4966
3056 4525
3057 4525
3058 4908
3059 4994
3060 4406
3061 4967
3062 4848
3063 4783
3064 4734 4784 4989
3065 4859
3066 3739
3067 3995
3068 4638
3069 4507
3070 4972 4983
3071 3292
3072 4807
3073 4768
3074 3971
3075 3254
3076 4050
3077 4879
3078 4057
3079 4940
3080 4445 4694
3081 1389
3082 4408
3083 4927
3084 3367
3085 4547
3086 4646
3087 4539
3088 4787
3089 3965 4734 4994
3090 4927
3091 4249
3092 4778
3093 5000
3094 4547
3095 4817
3096 4818
3097 4525
3098 3628
3099 4694
3100 4426
3101 4421
3102 3379
3103 4402
3104 4514
3105 4975
3106 4840
3107 4925
3108 4967
3109 4445
3110 4944
3111 4818
3112 4966
3113 4879
3114 4983
3115 3115
3116 4852
3117 4265
3118 4377 4976
3119 3965
3120 4728 4801 4862
3121 4077
3122 2866 4927
3123 4965
3124 3503
3125 4925
3126 3561
3127 4758
3128 4993
3129 4983
3130 4049 4768
3131 4962
3132 3292
3133 4292
3134 4775
3135 4983
3136 3334
3137 4133
3138 3503
3139 4332
3140 4866
3141 4834
3142 4866
3143 4050
3144 3164
3145 3626
3146 4985
3147 4984
3148 4979
3149 4885
3150 4921
3151 4672
3152 4403 4426 4927
3153 3493
3154 4471 4948
3155 4718
3156 2866
3157 4616
3158 4775
3159 2977
3160 4693
3161 4966
3162 4975
3163 4292
3164 3164
3165 4079 4561
3166 4729
3167 4939
3168 4997
3169 4999
3170 4112
3171 3978
3172 4778
3173 4801 4922 4944
3174 4852
3175 4619
3176 3749
3177 4848
3178 4971
3179 4879 4960
3180 4794
3181 4890
3182 4966
3183 4281
3184 4853
3185 4938
3186 4919
3187 3798
3188 3454
3189 4853
3190 4835
3191 4972
3192 4846
3193 4962 4965
3194 4692
3195 4408
3196 4985
3197 4984
3198 3926
3199 4960
3200 4566
3201 3971
3202 3666
3203 4646
3204 4866
3205 4600
3206 4961
3207 1487 4532 4921
3208 4061
3209 4903
3210 4154
3211 3211
3212 4939
3213 4922
3214 3481
3215 4431
3216 4924
3217 4705
3218 3042 4944
3219 4402 4672
3220 4514
3221 4067
3222 5000
3223 2933
3224 4079
3225 3926
3226 4988
3227 2519
3228 4673
3229 4355
3230 3474
3231 3481
3232 4862
3233 4403
3234 4846
3235 4834
3236 3628
3237 4925
3238 3254
3239 4841
3240 4290
3241 4802
3242 4940
3243 4924
3244 4729
3245 4600
3246 4834
3247 4817
3248 4859
3249 4890
3250 4588
3251 3897
3252 4694
3253 3029 3925 4775
3254 3254
3255 4358
3256 4976
3257 4332
3258 4926 4967 4972
3259 3503
3260 4985
3261 4976
3262 3314
3263 4229
3264 4784
3265 3164 4986 4999
3266 4924
3267 4801
3268 4077
3269 4709
3270 4784
3271 4787
3272 4527
3273 4445
3274 4984
3275 4709
3276 4967
3277 3843
3278 4706
3279 4801
3280 4783 4890 4989
3281 3281
3282 4904
3283 4927 4976
3284 3798
3285 3978
3286 4926
3287 4362
3288 4903
3289 4961
3290 3292
3291 4901
3292 3292
3293 4527
3294 4693
3295 4728
3296 2520
3297 3925
3298 4733
3299 2207 4813
3300 3956
3301 3474
3302 4853
3303 4471
3304 4028
3305 4758
3306 4038
3307 4038
3308 4759
3309 4678
3310 4532
3311 3839
3312 4057
3313 2637 3739 4983
3314 3314
3315 4794
3316 4859
3317 3691
3318 4431
3319 4994
3320 4967
3321 3355
3322 4955
3323 4853
3324 4986
3325 3729
3326 4859
3327 4962
3328 3908
3329 4853
3330 4801
3331 3926
3332 3563
3333 3042
3334 3334
3335 4938
3336 4904
3337 4818
3338 4794 4944 4960
3339 4112
3340 3731
3341 4834
3342 4787
3343 4204
3344 4802
3345 4852
3346 4948
3347 4925
3348 4619
3349 4189
3350 4813
3351 3750
3352 4431
3353 4778
3354 3836
3355 3355
3356 4955
3357 4539
3358 4265
3359 4339
3360 4511 4689
3361 2519
3362 4932
3363 4362
3364 3968
3365 4978
3366 4961 4999
3367 3367
3368 4539 4925 4987
3369 4678
3370 4890
3371 4947
3372 4403
3373 4959
3374 3971
3375 4678
3376 4025 4807 4819
3377 4133
3378 4997
3379 3379
3380 4938
3381 4197
3382 4421
3383 4375
3384 4801
3385 4979
3386 1776
3387 4927
3388 4265
3389 3956
3390 4471
3391 4638
3392 4672
3393 4784
3394 4903
3395 4355
3396 2207
3397 1487 4656
3398 4794
3399 3917
3400 4976
3401 3355 4532
3402 1487 3402
3403 3798
3404 4576
3405 4962
3406 4290
3407 4362
3408 4332
3409 4885
3410 4656
3411 4445
3412 3481
3413 4402
3414 4976
3415 3211
3416 4904
3417 4658
3418 4813
3419 4082
3420 3839
3421 4673
3422 4987
3423 4600
3424 3029
3425 4082
3426 3843 4709 4927
3427 3427
3428 4940
3429 3886
3430 4901
3431 4932
3432 4547
3433 3749 4997
3434 4566
3435 3978 4154 4733
3436 4588
3437 4859
3438 4801
3439 4925
3440 4818
3441 2308 3115
3442 4445
3443 3995
3444 4890
3445 4976
3446 4818
3447 4692
3448 4880
3449 3897
3450 4290
3451 4525 4919 4949
3452 4834
3453 3836
3454 3454
3455 4355
3456 3750
3457 4989
3458 4960
3459 3459 3995
3460 5000
3461 4976
3462 4879
3463 4054
3464 3731
3465 4638
3466 4784
3467 4902
3468 4988
3469 3474
3470 4834
3471 4050
3472 4962
3473 3666
3474 3474
3475 4859
3476 4408
3477 4292
3478 4878
3479 3479
3480 4375 4939
3481 3481
3482 4997
3483 4358
3484 4904
3485 4616
3486 2519 3561
3487 4663
3488 4801
3489 4949
3490 4028
3491 4908
3492 4550
3493 3493
3494 4778
3495 4925
3496 4471
3497 4960
3498 4778
3499 3666
3500 4840
3501 4949
3502 4955
3503 3503
3504 4705
3505 4948
3506 4859
3507 4561
3508 4673
3509 4539
3510 4947
3511 4525
3512 4358
3513 4933
3514 4819
3515 3292
3516 4948
3517 4819
3518 4802
3519 4966
3520 3688
3521 4706
3522 4921
3523 4993
3524 4079
3525 4758
3526 4922
3527 4672
3528 3886
3529 4979
3530 4939
3531 3254 3739 4852
3532 4718
3533 4966
3534 4566
3535 4966
3536 4840
3537 4987
3538 4932
3539 4984
3540 3540
3541 4768
3542 4783 4949 4997
3543 2520 4268
3544 4709
3545 3427
3546 4784
3547 4925
3548 4927
3549 4775
3550 4848
3551 4678
3552 4919
3553 3474
3554 4339
3555 4265
3556 4853
3557 4619
3558 4051 4692 4933
3559 5000
3560 4377 4801
3561 3561
3562 3691 4451 4948
3563 3563
3564 4355
3565 4794
3566 4532
3567 4773
3568 3254
3569 4550
3570 2977
3571 4979
3572 4362 4759 4802
3573 3042 4901
3574 4787
3575 4901
3576 4976
3577 3540
3578 3850
3579 4656
3580 4902
3581 4249
3582 4079 4133 4862
3583 4835
3584 4989
3585 4976
3586 4784
3587 4028
3588 3613 4693
3589 3684
3590 4709
3591 4949
3592 3355
3593 4960
3594 4426
3595 3621
3596 3956
3597 3688
3598 4646
3599 4944
3600 4959
3601 4989
3602 4787
3603 4817
3604 4673
3605 4689
3606 4332
3607 4994
3608 4049
3609 3609
3610 4908
3611 4773
3612 4813 4835 4853
3613 3613
3614 4940
3615 4959
3616 4759
3617 4986
3618 4835
3619 4574
3620 4959
3621 3621
3622 4926
3623 4678 4922 4949
3624 3818
3625 4987
3626 3626
3627 4547
3628 3628
3629 4852
3630 3379 4962 4975
3631 4962
3632 4576
3633 4377
3634 4264
3635 4375
3636 4783
3637 4971
3638 3033
3639 4768
3640 4758
3641 4971
3642 4919
3643 3643
3644 4821
3645 4471
3646 3731
3647 4292
3648 4972
3649 4663
3650 4133
3651 4758
3652 4924
3653 4807 4841 4948
3654 3042
3655 4339
3656 4249
3657 4949
3658 4600
3659 4564 4938
3660 1487 4656
3661 4927 4944 4971
3662 4932
3663 4819
3664 4547
3665 4890
3666 3666
3667 4997
3668 3292
3669 4532
3670 4067
3671 4866
3672 3666 4919 4988
3673 4986
3674 4999
3675 4925
3676 4962
3677 4054
3678 4922
3679 4938
3680 4476
3681 4834
3682 4993
3683 4801 4983
3684 3684
3685 4426
3686 4787
3687 3355 3379 5000
3688 3688
3689 4110
3690 4807
3691 3691
3692 4834
3693 4922
3694 4984
3695 4965
3696 4976
3697 4978
3698 4979
3699 4038
3700 4859
3701 4971
3702 4694
3703 4451
3704 4431
3705 4967
3706 4834
3707 4879
3708 4758
3709 4993
3710 4377 4880 4984
3711 4377
3712 4638 4916
3713 3956
3714 5000
3715 4133
3716 3739
3717 4787
3718 3292
3719 4733
3720 4656
3721 4663
3722 4658
3723 4902 4919
3724 4984
3725 4926
3726 4960
3727 3971
3728 4787
3729 3729
3730 4848
3731 3731
3732 4476
3733 4445 4709 4971
3734 4878
3735 3355
3736 4890
3737 4965
3738 4527
3739 3739
3740 4265 4787 4965
3741 4997
3742 4189
3743 4818 4976 4979
3744 3029
3745 4355
3746 4619
3747 4705
3748 4763
3749 3749
3750 3750
3751 4902
3752 4986
3753 4514
3754 4672
3755 4566
3756 4689
3757 3334
3758 4426
3759 4566
3760 4784
3761 4673
3762 4807
3763 4879
3764 4049
3765 4925
3766 3609 3908 4988
3767 3281
3768 4471 4817
3769 3917
3770 4051
3771 4967
3772 4866
3773 4959
3774 4431 4908
3775 4734
3776 4758
3777 4656
3778 4999
3779 4539
3780 4993
3781 4932
3782 4926
3783 4965
3784 4564
3785 4673
3786 4514 4801 4971
3787 4948
3788 4663 4939 4975
3789 4972
3790 4588 4646 4817
3791 4848
3792 4402
3793 4783
3794 4989
3795 4919
3796 3818
3797 4939
3798 3798
3799 4802 4821
3800 3925
3801 4903
3802 4566 4794 4878
3803 3355 4784 4840
3804 4025
3805 4445
3806 4043
3807 4403
3808 4819
3809 4403
3810 4043
3811 3850
3812 4265
3813 2520 4268
3814 4249
3815 3978
3816 4773
3817 4778
3818 3818
3819 4541
3820 4658
3821 4689
3822 3908
3823 4971
3824 4821
3825 4421
3826 3908
3827 4927
3828 4933
3829 4924
3830 4564
3831 4986
3832 4561
3833 4880
3834 4919
3835 4525 4672 4862
3836 3836
3837 4852
3838 4539
3839 3839
3840 4507
3841 4672
3842 4769
3843 3843
3844 4965
3845 4471
3846 4511
3847 4268
3848 4706
3849 4922
3850 3850
3851 4890
3852 4902
3853 4902
3854 4840
3855 4406
3856 4377
3857 4938
3858 4986
3859 4997
3860 4985
3861 4997
3862 4431
3863 4566
3864 4960
3865 4539
3866 3493
3867 4706
3868 4759
3869 4265
3870 3906
3871 4999
3872 4940
3873 4989
3874 4919
3875 3836
3876 4921
3877 4988
3878 4585
3879 4994
3880 4445 4656 4759
3881 4852
3882 4588
3883 3292
3884 4890
3885 4919
3886 3886
3887 4431
3888 4133
3889 4778
3890 4775
3891 4773
3892 4049
3893 4932 4949
3894 4988
3895 2933
3896 4616
3897 3897
3898 3613
3899 4947
3900 4940
3901 3917
3902 4281 4759 4801
3903 4939
3904 4949
3905 3688 4471 4802
3906 3906
3907 4927
3908 3908
3909 4841
3910 4821
3911 3925
3912 4922
3913 3850
3914 4600
3915 4903
3916 4879
3917 3917
3918 4525
3919 4859 4932 4933
3920 4619
3921 4768
3922 4960
3923 4846
3924 4355
3925 3925
3926 3926
3927 3029 4794 4880
3928 4566 4834 4933
3929 4377
3930 4718
3931 4813
3932 4940
3933 4835
3934 4960
3935 4421
3936 4819
3937 3908
3938 4133
3939 4878
3940 4853
3941 4763
3942 4574
3943 4993
3944 4978
3945 4197
3946 4961
3947 4967
3948 4646
3949 4281
3950 4960
3951 4908
3952 4862
3953 4903
3954 4933
3955 4802
3956 3956
3957 4979
3958 4987
3959 3042 4585 4949
3960 4658
3961 3965
3962 4769
3963 4985
3964 4784
3965 3965
3966 4959
3967 4728
3968 3968
3969 4775
3970 4967
3971 3971
3972 4728 4880 4925
3973 4402
3974 3479 3843 4271
3975 4966
3976 4978
3977 4476
3978 3978
3979 4249
3980 3965
3981 4638 4672 4997
3982 4813
3983 4426
3984 4638
3985 4588
3986 3965
3987 4769
3988 4947
3989 4859
3990 4377
3991 3731
3992 3561 4290 4550
3993 4807 4961 5000
3994 4965
3995 3995
3996 4616
3997 4564
3998 4939
3999 4445
4000 4927
4001 4787
4002 4110
4003 4879
4004 4769
4005 4890
4006 4975
4007 4082
4008 4759 4784 4874
4009 4989
4010 4853
4011 2520 4268
4012 4817
4013 4600
4014 4718
4015 4619
4016 4949
4017 4733 4962
4018 4541
4019 4672
4020 4709
4021 4955
4022 4818
4023 4133
4024 2520
4025 4025
4026 4154
4027 4901
4028 4028
4029 4588
4030 4054
4031 4403 4819 4976
4032 4547
4033 4067
4034 4862
4035 4984
4036 4841
4037 4979
4038 4038
4039 4663
4040 3042
4041 4904
4042 3691
4043 4043
4044 4885
4045 4921
4046 3897
4047 4451
4048 4818
4049 4049
4050 4050
4051 4051
4052 4692
4053 4514
4054 4054
4055 4976
4056 4110
4057 4057
4058 4975
4059 4940
4060 4853
4061 4061
4062 4926
4063 4406
4064 4734
4065 4971
4066 4403
4067 4067
4068 4932
4069 4813
4070 4921
4071 4511
4072 4846
4073 4807
4074 4778
4075 4979
4076 4846
4077 4077
4078 4585
4079 4079
4080 4050 4813 4853
4081 4841
4082 4082
4083 4885
4084 4249
4085 2520
4086 4265
4087 3750 4431 4933
4088 4846
4089 4999
4090 4885
4091 4993
4092 4880
4093 4987
4094 4514
4095 2933
4096 4585
4097 3750 4574 4967
4098 4802
4099 4051
4100 4264 4576 4955
4101 2519
4102 3818
4103 4678
4104 4926
4105 4709
4106 3042
4107 4959
4108 4979
4109 4813
4110 4110
4111 4431
4112 4112
4113 4972
4114 4403
4115 4600
4116 4794 4901 4967
4117 3563
4118 4807
4119 4773
4120 4705
4121 4979
4122 4965
4123 4733
4124 4819 4879 4989
4125 4962
4126 3978
4127 4507
4128 4975
4129 3978 4821 4978
4130 4967
4131 4079
4132 4933
4133 4133
4134 4979
4135 4663 4848 4940
4136 4961
4137 4426
4138 4550
4139 4154
4140 4588
4141 3818
4142 4927
4143 4344
4144 4841
4145 3995
4146 4146
4147 3684
4148 4678
4149 4919
4150 4959
4151 4550
4152 4960
4153 4689
4154 4154
4155 4794
4156 4709
4157 4965
4158 4880
4159 4705
4160 4673
4161 4859
4162 4547
4163 4986
4164 4932
4165 4355
4166 4292
4167 4834
4168 3626 4819 4908
4169 4375
4170 4561 4769 4925
4171 4984
4172 4616
4173 2637 4204 4961
4174 4693
4175 4787
4176 3379
4177 4646
4178 4940
4179 4344 4818 4947
4180 2866 4344
4181 4734
4182 4927 4976 4988
4183 4987
4184 4672
4185 4694
4186 4862
4187 4673
4188 4079
4189 4189
4190 3481 4759 4985
4191 4960
4192 5000
4193 4271
4194 4784
4195 4358
4196 3731 4638 4821
4197 4197
4198 4358
4199 4853
4200 4813
4201 4985
4202 4961
4203 3956
4204 4204
4205 1346 2519 3561
4206 4265
4207 4944
4208 4600
4209 4819
4210 4043
4211 4532
4212 4734 4802
4213 4783
4214 4541
4215 4079 4574 4821
4216 3839
4217 4962
4218 4947
4219 4999
4220 4079
4221 4940
4222 4588
4223 4355
4224 4949
4225 4802
4226 4574
4227 4975
4228 4061
4229 4229
4230 4841
4231 4846 4971 4994
4232 4564
4233 4921
4234 4885
4235 4802
4236 4986
4237 4189
4238 4988
4239 4862
4240 4853
4241 3029 4787 5000
4242 4939
4243 3749 4656 4916
4244 4879
4245 4678
4246 4511
4247 3540
4248 4431
4249 4249
4250 4962
4251 4728
4252 3995 4332 4588
4253 4588
4254 4960
4255 4532
4256 4532
4257 3917 4525 4971
4258 4933 4985
4259 4994
4260 4984
4261 4961
4262 4525
4263 4924 4971 4993
4264 4264
4265 4265
4266 4733
4267 4729
4268 2520 4268
4269 4846
4270 3481 4588 4813
4271 4271
4272 4933
4273 4358
4274 4763 4959 4984
4275 4944
4276 4904
4277 4944
4278 4339
4279 3042 3493 4403
4280 4971
4281 4281
4282 4971
4283 4903
4284 4879
4285 4959
4286 4932
4287 4375
4288 4988
4289 3978
4290 4290
4291 4965
4292 4292
4293 4759
4294 4944
4295 4525
4296 4077 4835 5000
4297 3281 4344 4939
4298 4960
4299 4525
4300 4940
4301 4802
4302 4133 4302
4303 4989
4304 3906 4133 4904
4305 4879
4306 4835
4307 4841
4308 4794
4309 4916
4310 4921
4311 4265 4763 4852 4866
4312 4986
4313 4926
4314 4574
4315 4959
4316 4986
4317 4476
4318 4532
4319 4403
4320 4924 4938 4971
4321 4511
4322 3739 4807 4846
4323 4975
4324 4471
4325 4927
4326 4848
4327 4706
4328 4817
4329 4967
4330 4532
4331 4728
4332 4332
4333 4600
4334 4972
4335 4658
4336 4979
4337 4927
4338 4585
4339 4339
4340 4834 4890 4967
4341 4947
4342 4358
4343 4885
4344 4344
4345 4807 4976
4346 4961
4347 4658 4778 4997
4348 4817
4349 4154 4993 4997
4350 4728
4351 4834 4975 4997
4352 4922
4353 4431
4354 4994
4355 4355
4356 4932
4357 4879
4358 4358
4359 3613
4360 4840
4361 3474 4574 4965
4362 4362
4363 4987
4364 4768
4365 4773
4366 3481 4813 4933
4367 4471 4866 4962
4368 4979
4369 4525
4370 4638
4371 4527
4372 4841
4373 4993
4374 3379 4758 4978
4375 4375
4376 4852
4377 4377
4378 4566
4379 4600
4380 4999
4381 4292
4382 4986
4383 4965
4384 3843 3917 4926
4385 4840
4386 4841 4846 4904
4387 4926
4388 4638
4389 4967
4390 4984
4391 4987
4392 4025
4393 3355 3965 4819
4394 4729
4395 4927
4396 4901
4397 3684 4049 4758
4398 4846
4399 3628 4709 4971
4400 4050 4848 4933
4401 4358
4402 4402
4403 4403
4404 4926
4405 4904
4406 4406
4407 4986
4408 4408
4409 4445
4410 4550
4411 4999
4412 4734
4413 4927
4414 4916
4415 3917
4416 4728
4417 4985
4418 4926
4419 4802
4420 4576
4421 4421
4422 4988
4423 4758
4424 3691
4425 4794
4426 4426
4427 4984
4428 4527
4429 3355
4430 4902
4431 4431
4432 3995 4426 4807
4433 4768
4434 4678
4435 3839 4821 4874 4944
4436 4616
4437 4801
4438 4902
4439 4848
4440 4778
4441 4588
4442 4619
4443 4947
4444 4978
4445 4445
4446 4890
4447 4646 4705 4999
4448 4999
4449 4775
4450 4813
4451 4451
4452 4265 4332 4819
4453 4802
4454 4146 4525 4588
4455 4938
4456 4955
4457 4999
4458 4983
4459 4718
4460 3839 4921 4948
4461 4880
4462 4689
4463 4821
4464 4988
4465 4451
4466 4734
4467 4890 4916 4966
4468 4955
4469 4840
4470 4944
4471 4471
4472 4783
4473 4985
4474 4955
4475 3540 3628 4962
4476 4476
4477 4787
4478 4794
4479 4813 4901 4925
4480 4547
4481 4924
4482 4975
4483 4692
4484 4759
4485 4919
4486 4758
4487 4926
4488 4997
4489 4961
4490 4728 4834 4922
4491 4834
4492 4585
4493 4924
4494 4988
4495 4866
4496 4975
4497 4878
4498 4859
4499 4846
4500 4729
4501 3292 4960 4962
4502 4768 4866 4961
4503 4527
4504 4966
4505 4922
4506 4728
4507 4507
4508 4204 4445 4733
4509 4944
4510 4902
4511 4511
4512 4784
4513 3995
4514 4514
4515 4840
4516 4561
4517 4975
4518 4853
4519 2519 4541 4547
4520 4067 4507 4994
4521 4507
4522 4550
4523 4890
4524 2519 4927 4939
4525 4525
4526 4961
4527 4527
4528 4960
4529 4638
4530 4834
4531 4986
4532 4532
4533 4801
4534 4959
4535 4919
4536 4960
4537 4588
4538 4846
4539 4539
4540 4924
4541 4541
4542 4932
4543 4947
4544 4971
4545 4862
4546 4801
4547 4547
4548 4866
4549 4693
4550 4550
4551 4922
4552 4993
4553 4984
4554 4673
4555 4862
4556 4925
4557 4585
4558 4925
4559 4933
4560 3563 4807 4959
4561 4561
4562 4853
4563 4787
4564 4564
4565 4922
4566 4566
4567 3367 4784 4848
4568 4967
4569 4689
4570 4051
4571 4616
4572 4787
4573 4919
4574 4574
4575 4901
4576 4576
4577 3739 4507 4817
4578 4818
4579 4976
4580 4927
4581 4904
4582 4813
4583 4588
4584 4835
4585 4585
4586 4787
4587 4358
4588 4588
4589 4959
4590 4189 4769 4948
4591 4813
4592 4759
4593 4924
4594 4709
4595 2637 3729 3995
4596 4908
4597 4997
4598 4784
4599 4885
4600 4600
4601 4689 4988 4989
4602 4819
4603 4939
4604 4840
4605 4802
4606 4878
4607 4821 4940 4966
4608 4944
4609 2207 4866 4961
4610 4709
4611 4693
4612 4807
4613 4987
4614 4840
4615 4689
4616 4616
4617 3818 4403 4834
4618 4938
4619 4619
4620 4949
4621 2519 4355 4547
4622 4983
4623 4588
4624 4932
4625 4778
4626 4932
4627 4807
4628 4819
4629 4835 4841 4902
4630 4939
4631 4547
4632 4566
4633 4802
4634 4924
4635 4880
4636 4846
4637 4835
4638 4638
4639 4821
4640 4940
4641 4758
4642 4848
4643 4938
4644 4948
4645 4706
4646 4646
4647 4938
4648 4997
4649 4692
4650 4862
4651 4692
4652 4993
4653 4890
4654 4656
4655 4733
4656 4656
4657 4358
4658 4658
4659 3818 4067 4989
4660 4525
4661 4784
4662 4976
4663 4663
4664 3968 4916 4944
4665 4921
4666 4999
4667 4944
4668 4960 4989 5000
4669 4866 4904 4921
4670 4787
4671 4821 4939 5000
4672 4672
4673 4673
4674 4966
4675 4901
4676 1594 4903 4927
4677 3029
4678 4678
4679 4925
4680 4377 4932 4948
4681 4049 4821 4932
4682 4949
4683 3971 4249 4541
4684 2977 4133 4927
4685 4862
4686 4997
4687 4983
4688 4948
4689 4689
4690 4965
4691 4778
4692 4692
4693 4693
4694 4694
4695 4619 4866 4997
4696 4801
4697 4916
4698 4813
4699 4718
4700 4972
4701 4778
4702 4734
4703 4673
4704 4986
4705 4705
4706 4706
4707 4989
4708 4978
4709 4709
4710 4908
4711 4904
4712 4975
4713 4988
4714 4841
4715 4133 4402 4976
4716 4965
4717 4904
4718 4718
4719 3729 4619 4987
4720 4976
4721 4890
4722 4967
4723 5000
4724 4921
4725 1776 4362 4431
4726 4966
4727 4672
4728 4728
4729 4729
4730 4965
4731 4987
4732 4978
4733 4733
4734 4734
4735 4988
4736 4733
4737 4878
4738 4987
4739 3731
4740 4550 4972 4989
4741 4853
4742 4775
4743 4878
4744 4986
4745 4600
4746 4377
4747 4978
4748 3839 4576 4852
4749 4783
4750 4965
4751 4926
4752 4817
4753 4961
4754 4758
4755 4993
4756 4927
4757 3925 4332 4986
4758 4758
4759 4759
4760 4817
4761 4926
4762 4532 4759 4922
4763 4763
4764 4840
4765 4959
4766 4922
4767 4890
4768 4768
4769 4769
4770 4965
4771 4050 4402 4758
4772 3042 4574 4972
4773 4773
4774 4939
4775 4775
4776 3739
4777 4962
4778 4778
4779 4976
4780 4451 4561 4834
4781 4985
4782 4807
4783 4783
4784 4784
4785 4999
4786 4734
4787 4787
4788 4984
4789 4983
4790 4939
4791 4067 4204 4507
4792 4908
4793 4817
4794 4794
4795 4976
4796 4966
4797 4948
4798 4960
4799 4962
4800 4773 4997
4801 4801
4802 4802
4803 4801
4804 4944
4805 2207 4445 4846
4806 4646
4807 4807
4808 4922
4809 4993
4810 4989
4811 4994
4812 4955
4813 4813
4814 4784
4815 4834
4816 4997
4817 4817
4818 4818
4819 4819
4820 4821
4821 4821
4822 4971
4823 4859
4824 4866 4890 4924
4825 4921
4826 4775 4834 4994
4827 5000
4828 4959
4829 4965
4830 4919
4831 4947
4832 4924
4833 4880
4834 4834
4835 4835
4836 4514 4817 4983
4837 4908
4838 4922
4839 3897 4079 4879
4840 4840
4841 4841
4842 4890
4843 4694 4866 4940
4844 4802
4845 4961
4846 4846
4847 1776 3666 4978
4848 4848
4849 4939
4850 4902
4851 4940
4852 4852
4853 4853
4854 4890
4855 4908
4856 3995 4264 4985
4857 4994
4858 4976
4859 4859
4860 4987
4861 4801
4862 4862
4863 4997
4864 4848
4865 4959
4866 4866
4867 4848
4868 4961
4869 4965
4870 4976
4871 4921
4872 4932
4873 4967
4874 3503 4866 4874
4875 4972
4876 4978
4877 3843 4938 4962
4878 4878
4879 4879
4880 4880
4881 4967
4882 4673
4883 4965
4884 4938
4885 4885
4886 4358 4924 4993
4887 4925
4888 4993
4889 4938
4890 4890
4891 4986
4892 4967
4893 4955
4894 4972
4895 3621 4817 4932
4896 4993
4897 4947
4898 4966
4899 4902
4900 4979
4901 4901
4902 4902
4903 4903
4904 4904
4905 4922
4906 4999
4907 4154 4692 4817
4908 4908
4909 4988
4910 4965
4911 4925
4912 4358 4794 4890
4913 4949
4914 4924
4915 4924
4916 4916
4917 4939
4918 3750 4885 4924
4919 4919
4920 1175 1594 4146 4358
4921 4921
4922 4922
4923 4965
4924 4924
4925 4925
4926 4926
4927 4927
4928 2866 4281 4733
4929 4979
4930 4999
4931 4983
4932 4932
4933 4933
4934 4979
4935 4933
4936 4986
4937 3798 4358 4802
4938 4938
4939 4939
4940 4940
4941 4997
4942 4853 4903 4971
4943 4585 4944 4994
4944 4944
4945 4043 4525 4689
4946 4988
4947 4947
4948 4948
4949 4949
4950 2520 4154 4268 4997
4951 2308 3115 4901 4940
4952 4949
4953 4997
4954 4983
4955 4955
4956 4997
4957 4961
4958 4960
4959 4959
4960 4960
4961 4961
4962 4962
4963 4600 4944 4961
4964 4979
4965 4965
4966 4966
4967 4967
4968 4079 4408 4588
4969 4999
4970 4110 4421 4988
4971 4971
4972 4972
4973 5000
4974 4997
4975 4975
4976 4976
4977 4057 4077 4547
4978 4978
4979 4979
4980 4375 4576 4904
4981 4794 4932 4965
4982 3609 3965 4705
4983 4983
4984 4984
4985 4985
4986 4986
4987 4987
4988 4988
4989 4989
4990 4358 4763 4852
4991 4989
4992 4993
4993 4993
4994 4994
4995 4292 4588 4763
4996 4989
4997 4997
4998 4706 4908 4944
4999 4999
5000 5000
