1 923
2 742
3 886
4 742
5 994
6 655
7 994
8 986
9 726
10 488 725
11 785 980 981 984
12 994
13 967
14 782
15 372
16 980
17 720
18 967
19 1000
20 983
21 655
22 967
23 883
24 849
25 797
26 675 908 949
27 725
28 997
29 985
30 797
31 980
32 250
33 726
34 873
35 726
36 655
37 858
38 949
39 997
40 950
41 898
42 993
43 934
44 967
45 250
46 961
47 986
48 898
49 873
50 956
51 985
52 956
53 808
54 770
55 711
56 983
57 675
58 956
59 993
60 993
61 984
62 655
63 725
64 905
65 711
66 991
67 808 981 986
68 1000
69 943
70 655 980
71 986
72 994
73 608
74 993
75 720
76 875
77 873
78 608
79 994
80 726
81 967
82 967
83 719 984
84 981
85 940
86 982
87 832 848 923 997
88 533 886
89 721
90 943
91 839
92 938
93 770
94 994
95 982
96 675
97 849
98 986
99 993
100 785
101 969
102 719
103 886
104 769
105 905
106 961
107 725
108 685
109 991
110 980
111 675
112 940
113 967 993
114 956
115 886
116 721
117 950
118 994
119 886
120 556
121 967 984
122 770
123 649
124 634
125 655
126 685
127 725
128 655
129 1000
130 883
131 997
132 858
133 923
134 849
135 938
136 1000
137 1000
138 991
139 630
140 250
141 986
142 956
143 980
144 488
145 961
146 725
147 982
148 985
149 1000
150 670
151 940
152 969
153 991
154 307
155 984
156 655
157 675 991
158 997
159 943
160 949 984 985
161 923
162 898
163 969
164 608
165 997
166 875
167 967
168 982
169 956
170 649
171 858
172 720
173 742
174 501
175 655
176 569
177 967
178 938
179 250
180 981
181 997
182 967
183 720 956
184 984
185 655 685
186 782
187 250
188 986
189 969
190 934
191 985
192 997
193 770
194 943
195 556 848
196 981
197 993
198 949
199 967
200 950
201 858
202 981 983 985
203 991
204 983
205 986
206 908 956 980 984 993
207 991
208 956
209 943
210 808
211 873
212 969
213 685
214 923
215 940
216 938
217 655
218 501
219 984
220 993
221 984
222 985
223 770
224 670
225 961
226 908 949 985 997
227 980
228 569
229 943
230 982
231 782
232 670
233 720 997
234 981
235 940
236 943
237 726 943
238 655 725 832 982
239 848
240 675
241 986
242 934
243 556 655 905
244 950
245 949
246 886
247 797
248 994
249 769
250 250
251 943
252 991
253 556 769 982
254 994
255 655
256 858
257 849
258 488 943 949
259 886
260 742
261 993
262 961
263 949
264 649
265 725 832 949
266 981
267 940
268 886
269 839
270 983
271 569
272 997
273 985
274 849
275 982
276 940
277 873
278 685 726 980 984 1000
279 556
280 886
281 796
282 967
283 630
284 993
285 372 883 949
286 655
287 993
288 898
289 991
290 556
291 785 943 950
292 808
293 943 949 985
294 938
295 307 655 725
296 675
297 949
298 984 1000
299 898
300 307 655 721 797
301 949
302 967
303 501
304 982
305 711
306 808 961 986 994
307 307
308 993
309 967
310 608
311 808
312 991
313 986
314 969
315 938
316 770
317 950
318 372 556 655 725 983
319 943
320 655
321 556
322 905
323 634
324 983
325 961
326 785
327 984
328 796
329 858
330 711
331 608
332 898
333 372
334 883
335 898
336 950
337 956
338 848
339 848
340 832 849 934 997
341 685
342 982
343 675 967 969
344 488
345 986
346 883
347 986
348 797
349 982
350 649 905
351 908
352 950
353 670
354 742
355 985
356 711
357 307
358 875
359 725
360 934
361 993
362 721
363 982
364 993
365 721
366 726
367 967
368 981
369 938
370 797
371 711
372 372
373 908
374 725
375 719
376 1000
377 796
378 675
379 501
380 961
381 991
382 943
383 985
384 905
385 886
386 250 634 991
387 634
388 938
389 994
390 685
391 934
392 808
393 886
394 533
395 983
396 608
397 797
398 993
399 839
400 1000
401 986
402 720
403 634
404 782
405 655 675 685
406 769 943 956 967 1000
407 908
408 711
409 832
410 501
411 307 726 984
412 873
413 655
414 796
415 848
416 719
417 983
418 949
419 940
420 858
421 886
422 501
423 905
424 785
425 533
426 470
427 797
428 940
429 797
430 986
431 649
432 725
433 1000
434 655
435 685
436 997
437 726
438 969
439 967
440 721
441 1000
442 873
443 980
444 670
445 993
446 943
447 569 938 956 969 997
448 873
449 997
450 994
451 961
452 980
453 934
454 950
455 993
456 994
457 905
458 372 569 943 950 991
459 307
460 969
461 980
462 969
463 569 608 655 685
464 983
465 1000
466 984
467 981
468 980
469 923
470 470
471 967
472 984
473 608
474 985
475 770
476 969
477 949
478 742
479 873
480 982
481 905
482 839
483 725
484 721
485 983
486 985
487 980
488 488
489 875
490 886
491 250
492 982
493 986
494 994
495 721
496 307 533 685 742 839
497 923
498 986
499 994
500 982
501 501
502 1000
503 981
504 984
505 886
506 250
507 569 655 721 808 858 994
508 785
509 873
510 991
511 956
512 655
513 961
514 949
515 985
516 634 685 985
517 770 839 886 905
518 796
519 934
520 608 923 967
521 634
522 725 797 943
523 950
524 569
525 372
526 949
527 742
528 949
529 886
530 488
531 675
532 488
533 533
534 886
535 711
536 533 770 943 985
537 981
538 655
539 923
540 769 849 875 943 961
541 848
542 982
543 886
544 685
545 969
546 250
547 961
548 533 849 949 981
549 993
550 986
551 711
552 470
553 983
554 981
555 832
556 556
557 839
558 250 670 742 983 1000
559 725
560 923
561 655
562 655 993
563 685
564 250
565 250 839 849 875 983
566 986
567 725
568 1000
569 569
570 849
571 839
572 655
573 967
574 634
575 983
576 938
577 898
578 981
579 634
580 993
581 986
582 950
583 949
584 980
585 994
586 886
587 991
588 986
589 991
590 785
591 949
592 720
593 938
594 250 858 983 994 1000
595 808
596 725
597 949
598 961
599 719 770 984
600 949
601 986
602 993
603 796
604 533
605 984
606 943
607 849
608 608
609 848
610 711
611 769
612 961
613 725
614 991
615 984
616 985
617 770
618 991
619 984
620 981
621 711
622 883
623 630
624 1000
625 938
626 670 849 898 938 985 993
627 797
628 934
629 721
630 630
631 250 655 769 858 985
632 905
633 858
634 634
635 875
636 967
637 949
638 984
639 725
640 991
641 675
642 501
643 634
644 934
645 956
646 908
647 1000
648 967
649 649
650 858
651 961
652 808
653 898
654 785
655 655
656 961
657 980
658 982
659 726
660 875
661 470 634 725 796 993
662 655
663 994
664 980
665 725 886 969
666 949
667 250
668 796
669 938
670 670
671 649
672 997
673 725
674 848
675 675
676 982
677 961
678 991
679 556
680 997
681 649 782 849 949 985 997
682 770 785 796 980 983 984
683 993
684 655
685 685
686 685
687 934
688 721
689 983
690 985
691 991
692 250 883 908 961 982 984
693 858
694 839
695 685
696 961
697 983
698 770
699 1000
700 985
701 961
702 858
703 839
704 711
705 769 982 993
706 969
707 991
708 938
709 849
710 250 569 832 849 875 950 982 993
711 711
712 940
713 858
714 949
715 969
716 372 630 769 782 849 886
717 848
718 769
719 719
720 720
721 721
722 983
723 808
724 993
725 725
726 726
727 905
728 655 886 993
729 470 685 967
730 923 983
731 993
732 905
733 991
734 994
735 981
736 719
737 980
738 770 981 983 985
739 883
740 848
741 839
742 742
743 969
744 961
745 997
746 849
747 608
748 961
749 967
750 670 796 808 849 898 983 994
751 986
752 726
753 634
754 956
755 785
756 993
757 938
758 873
759 250 769 858 873 961 982
760 949
761 720
762 886
763 993
764 858
765 934
766 873
767 980
768 908
769 769
770 770
771 997
772 726
773 949
774 980
775 997
776 905 950
777 782
778 839
779 983
780 956
781 832
782 782
783 1000
784 711 983 997
785 785
786 307
787 634
788 950
789 785
790 782
791 938
792 983
793 984
794 634
795 1000
796 796
797 797
798 782
799 967
800 556 967 997
801 908
802 984
803 956
804 956
805 949
806 991
807 980
808 808
809 994
810 967
811 993
812 994
813 993
814 923
815 967
816 940
817 991
818 982
819 670
820 986
821 655
822 883
823 849 949 956 994
824 832 982
825 985
826 655 967 997 1000
827 711
828 950
829 984
830 711
831 569
832 832 949
833 980
834 950
835 967
836 630
837 986
838 898
839 839
840 993
841 873
842 923
843 719 984
844 961
845 675
846 969
847 997
848 848
849 849
850 981
851 982
852 685
853 501 720 934 991
854 949
855 994
856 969
857 905 991 993 1000
858 858
859 980
860 961
861 934
862 886
863 675 905 949 993
864 983
865 940
866 943
867 848
868 905
869 742
870 785
871 923
872 997
873 873
874 848
875 875
876 993
877 849
878 1000
879 984
880 994
881 950
882 940
883 883
884 720 898 956 984 986
885 994
886 886
887 923
888 875 905
889 950
890 980
891 950
892 797
893 994
894 967
895 934
896 655
897 849
898 898
899 981
900 721
901 985
902 956
903 934
904 1000
905 905
906 993
907 908
908 908
909 993
910 721 785 886 923 949 950 981 984
911 934
912 908
913 905
914 1000
915 808 832 949 980 981 994 997 1000
916 986
917 630 770 985
918 848 969 981 982 984 986 993
919 967
920 967
921 808
922 967
923 923
924 986
925 967
926 969
927 655 670 711 934 980 984 997
928 994
929 981
930 994
931 980
932 923
933 655 797 875 908 938 980 981
934 934
935 984
936 250
937 940
938 938
939 250 569 940 967 981 985 994
940 940
941 980
942 956
943 943
944 997
945 858
946 938
947 883
948 943
949 949
950 950
951 997
952 250 501 634 938 940 991 994
953 986
954 994
955 782 849 949 981 986 991 994 997
956 956
957 940
958 950
959 940 997
960 986
961 961
962 934
963 719 883 997 1000
964 997
965 742 883 908 983 985 991 997
966 981
967 967
968 986
969 969
970 994
971 991
972 997
973 1000
974 994
975 488 649 711 725 883 905 949 984 985
976 1000
977 982
978 569 649 839 898 949 961 984 985
979 849 905
980 980
981 981 983
982 982
983 983
984 984
985 985
986 986
987 675 721 898 905 949 969 981 985 991
988 985 997
989 1000
990 769 839 886 943 961 981 993
991 991
992 949 982
993 993
994 994
995 984
996 250 630 832 849 898 969 981 985 993
997 997
998 997
999 949
1000 1000
