1 883
2 981
3 94
4 893
5 968
6 961
7 854
8 997
9 981
10 886
11 987
12 442
13 580
14 932
15 999
16 731
17 575
18 944
19 843 981 1000
20 914
21 973
22 961
23 944
24 932
25 575
26 976
27 914
28 961
29 914
30 843 977 982 1000
31 889
32 638
33 1000
34 932 998
35 638
36 860
37 979
38 889
39 704
40 979
41 704
42 997
43 987
44 961
45 861
46 665
47 898
48 998
49 968
50 883
51 898
52 973
53 999
54 731
55 645 904
56 997
57 843
58 748
59 928 998
60 575
61 982
62 442
63 936
64 981 982 999
65 889
66 928
67 970
68 975 992 999
69 970 998
70 999
71 932
72 1000
73 442
74 982
75 977
76 914
77 976
78 992
79 981
80 975
81 944
82 982
83 979
84 723
85 883
86 936
87 932
88 860
89 961
90 936
91 94 473 961
92 992
93 998
94 94
95 999
96 94
97 973
98 633 932
99 944
100 999
101 985
102 886
103 633
104 936
105 860
106 977
107 985
108 94
109 932
110 981
111 987
112 893
113 970
114 970
115 645 854
116 908
117 473
118 723
119 886
120 899
121 936
122 975
123 961
124 777
125 889
126 723
127 932
128 910
129 704
130 748
131 898
132 997
133 998
134 928
135 883
136 704
137 908
138 886
139 899
140 665
141 910
142 998
143 976 998
144 957
145 998
146 957
147 908
148 981
149 961
150 645 854
151 575
152 999
153 981
154 633
155 979
156 982
157 944
158 584
159 633
160 968
161 580
162 975
163 889
164 999
165 944
166 957
167 94
168 910
169 704 843 910
170 976
171 914
172 936
173 998
174 998
175 985
176 932
177 854
178 704 843 977
179 1000
180 977
181 985
182 580
183 976
184 976
185 731
186 981
187 1000
188 889
189 970
190 731
191 899
192 886
193 997
194 638 944
195 575
196 928
197 992
198 645
199 575
200 981
201 932
202 968
203 997
204 854 982 992
205 944
206 731 854 883
207 883
208 999
209 985
210 889
211 998
212 999
213 777
214 975
215 1000
216 999
217 979
218 883
219 992
220 898
221 987
222 998
223 1000
224 979
225 999
226 936 982
227 860
228 987
229 976
230 580
231 961
232 1000
233 633
234 936
235 932
236 987
237 861
238 777
239 973
240 861
241 936
242 977
243 936
244 723
245 981
246 997
247 981
248 961
249 998
250 932
251 777
252 1000
253 987
254 575
255 843
256 910
257 973
258 883
259 889
260 777
261 910
262 94
263 893
264 638
265 970
266 580
267 777
268 961
269 985
270 976
271 932
272 928
273 861
274 944
275 987
276 957
277 904
278 748
279 704
280 979
281 861
282 910
283 936 970
284 977
285 908
286 777
287 723
288 898
289 575
290 854
291 970
292 914
293 997
294 976
295 889
296 473
297 973
298 998
299 704
300 985
301 968
302 975
303 898
304 982
305 998
306 973
307 889
308 584
309 898
310 731
311 979
312 889
313 987
314 1000
315 979
316 886
317 854
318 580
319 704
320 968
321 584
322 575
323 985
324 889
325 997
326 981
327 970
328 889
329 932
330 886
331 987
332 976
333 998
334 886
335 997
336 970
337 1000
338 936
339 893
340 987
341 928
342 908
343 932
344 973
345 731
346 997
347 910
348 970
349 843 886
350 94 575
351 898
352 94 982
353 442
354 992
355 976
356 731
357 854
358 998
359 883 914 979
360 961
361 992
362 944
363 914
364 580
365 977
366 979
367 999
368 904
369 704
370 914
371 999
372 973
373 932
374 860
375 704
376 899
377 999
378 575 861 979
379 889
380 997
381 723
382 992
383 94 584
384 704
385 976
386 961
387 997
388 999
389 975
390 910
391 575
392 987
393 970
394 981
395 94 575
396 999
397 665
398 973
399 981
400 979
401 883
402 854
403 932
404 731
405 973
406 982
407 889
408 976
409 982
410 704 970 982
411 998
412 893
413 898
414 914
415 889
416 932
417 961
418 932
419 976
420 633
421 998
422 777
423 908
424 442
425 961
426 886
427 970
428 998
429 1000
430 748
431 928
432 914
433 899
434 910
435 861
436 861 898 981 992
437 975
438 985
439 944
440 580
441 975
442 442
443 645
444 704
445 899 992
446 638
447 1000
448 973
449 843
450 473
451 898
452 94
453 979
454 904
455 982
456 987
457 886
458 992
459 854
460 936
461 893
462 908
463 886
464 968
465 854
466 998
467 898
468 968
469 999
470 979
471 928
472 904
473 473
474 731
475 910
476 975
477 914
478 979
479 968
480 985
481 968
482 997
483 883
484 999
485 987
486 843
487 731
488 944
489 961
490 979
491 970
492 633
493 94
494 861
495 944
496 997
497 998
498 473
499 979
500 973
501 584
502 985
503 998
504 704
505 748 981
506 932
507 777
508 975
509 975
510 861
511 944
512 976
513 944
514 992
515 899
516 973
517 961
518 584
519 987
520 977
521 473
522 861 999
523 886
524 473
525 997
526 932
527 704
528 961
529 970 999
530 970
531 944
532 970
533 985
534 723
535 854
536 899
537 860
538 893
539 893 932
540 748
541 979
542 982
543 1000
544 1000
545 854
546 899
547 898
548 992
549 883
550 981
551 987
552 723
553 899
554 936
555 883
556 973
557 968
558 944
559 961
560 898
561 893
562 843
563 889
564 973
565 979
566 999
567 883
568 704
569 979
570 704
571 575
572 748 961 979
573 580
574 977
575 575
576 981
577 987
578 889
579 860
580 580
581 723 932
582 899
583 645
584 584
585 638
586 976
587 899 975
588 987
589 645 985
590 843
591 979
592 886
593 908
594 914
595 987
596 976
597 982
598 886
599 899
600 999
601 973
602 854
603 961
604 981
605 977
606 861
607 928
608 997
609 970
610 883
611 968
612 970
613 854 999
614 1000
615 985
616 997
617 968
618 889
619 999
620 638
621 944
622 893
623 992
624 977
625 944
626 886 932 979
627 998
628 854
629 910
630 898
631 977
632 968
633 633
634 977
635 854
636 961
637 748
638 638
639 704
640 985
641 999
642 777
643 575
644 961 982 999
645 645
646 704
647 861
648 992
649 883
650 899
651 899
652 910
653 928
654 979 982 998
655 987
656 973
657 975
658 997
659 893 975 987
660 987
661 860
662 987
663 638
664 992
665 665
666 645
667 961 970 1000
668 976 981 985 998
669 94 944 985
670 932
671 977
672 748
673 987
674 997
675 886
676 985
677 932
678 985
679 968
680 998
681 976
682 973
683 997
684 914
685 981
686 665
687 997
688 982
689 985
690 997
691 944
692 987
693 985
694 932
695 979
696 977
697 997
698 704
699 999
700 982
701 1000
702 999
703 979
704 704
705 899
706 981
707 893
708 961
709 985
710 981
711 854
712 968
713 944
714 975
715 638 968 979 992
716 987
717 982
718 704
719 899
720 843
721 977
722 914
723 723
724 985
725 889
726 936
727 854
728 904
729 899
730 886 977
731 731
732 898
733 914
734 908
735 94 908 987
736 731 961 976 997
737 979
738 1000
739 975
740 904
741 886 899 975 979
742 910
743 992
744 883 977 982 992
745 998
746 898
747 975
748 748
749 987
750 977
751 932
752 914
753 908
754 998
755 854
756 843
757 976
758 997
759 932
760 854 898 904 932 1000
761 704 977 981 1000
762 977
763 968
764 1000
765 898
766 979
767 944
768 992
769 861
770 893
771 932
772 854
773 981
774 987
775 584 860 928 979
776 975
777 777
778 1000
779 904
780 904
781 992
782 886
783 777
784 977
785 979
786 982
787 999
788 928
789 987
790 932 961 976 997
791 928
792 968
793 665 936 976 997
794 977
795 999
796 932
797 961
798 861
799 977
800 860
801 704
802 982
803 985
804 860
805 861 982 987
806 932
807 982
808 976
809 914
810 908 976 985
811 992
812 968
813 997
814 997
815 977
816 860 999
817 982
818 442 944 970 981
819 998
820 1000
821 992
822 997
823 997
824 928
825 928
826 992
827 1000
828 992
829 1000
830 777
831 998
832 968
833 999
834 723 910 975 998
835 999
836 886
837 985
838 992
839 645 904 987 1000
840 999
841 944
842 932
843 843
844 977
845 970
846 898
847 999
848 992
849 889
850 976
851 928
852 889
853 932
854 854
855 861 932 936 977 981
856 854
857 987
858 998
859 645 731 975 985 998
860 860
861 861
862 973
863 854
864 977
865 968
866 645 976 981 982 999
867 928
868 843
869 928
870 886
871 932
872 985
873 975 987 997 998
874 985
875 861
876 908
877 997
878 932
879 904
880 981
881 889
882 981
883 883
884 970
885 999
886 886
887 982
888 975
889 889
890 898
891 898 961 975 999
892 704
893 893
894 961
895 914
896 889
897 944
898 898
899 899
900 985
901 904
902 908
903 704
904 904
905 1000
906 1000
907 985
908 908
909 975
910 910
911 898
912 584 638 854 928 961
913 998
914 914
915 970
916 1000
917 992
918 976
919 985
920 982
921 910
922 899
923 904 961 975 977 982
924 973
925 975
926 985
927 944
928 928
929 936
930 977
931 777 889 914 982 992
932 932
933 987
934 936
935 665 893 932 977 981
936 936
937 973
938 860 961 975 979
939 970
940 987
941 973
942 1000
943 970
944 944
945 999
946 981
947 970
948 977
949 975
950 970
951 968
952 633 860 932 970 982
953 979
954 932 944 981 992 999
955 999
956 731 957 977 985 998
957 886 932 957 976 998
958 999
959 987
960 987
961 961
962 979
963 731 748 861 886 979
964 1000
965 975
966 961
967 976
968 968
969 575 584 704 910 982
970 970
971 985
972 987
973 973
974 970
975 975
976 976
977 977
978 575 889 961 997 998
979 979
980 977
981 981
982 982
983 886 936 944 976 977
984 633 777 928 973 979
985 985
986 928 970 973 979 998
987 987
988 665 893 936 970 982
989 997
990 997
991 987
992 992
993 442 748 898 957 992
994 1000
995 998
996 1000
997 997
998 998
999 999
1000 1000
