1 776
2 1000
3 884
4 884
5 885
6 885
7 895
8 989
9 805
10 481
11 860 988
12 987
13 984
14 895
15 860
16 981
17 956
18 956
19 899
20 987
21 989
22 980
23 884
24 879
25 981
26 987
27 992
28 884
29 965
30 1000
31 481
32 776
33 884
34 885
35 823
36 878
37 847
38 718
39 965
40 884
41 958
42 971
43 760 894
44 958
45 973
46 1000
47 984
48 712
49 984
50 954
51 776
52 718
53 895
54 728
55 902
56 902 971 980
57 884
58 1000
59 844
60 984
61 973
62 958
63 988
64 981
65 960
66 431
67 744 960 995
68 989
69 835
70 884
71 835
72 915
73 776
74 956
75 988
76 954
77 823 902
78 892 984
79 728
80 407
81 682
82 954
83 431
84 991
85 992
86 884
87 1000
88 884
89 805 995
90 670
91 275
92 835
93 805 954 1000
94 988
95 956
96 988
97 431 902
98 915
99 995
100 431 960
101 971
102 895
103 965
104 760
105 879
106 990
107 844
108 860 892 980
109 989
110 892 954
111 884
112 895
113 878
114 823
115 760
116 760
117 954
118 878
119 481 659
120 894
121 989
122 847 894
123 701
124 958
125 879
126 965
127 457
128 884
129 990
130 915
131 984
132 989
133 960
134 764
135 973
136 988
137 992
138 718
139 718
140 892
141 971 995
142 744
143 973
144 847
145 884
146 960
147 894
148 823
149 657 989 992
150 728
151 1000
152 760
153 728
154 712
155 991
156 578 659 744
157 954
158 954
159 884
160 670
161 980
162 895
163 835 899 954
164 954
165 1000
166 967
167 967
168 879
169 657
170 981
171 995
172 956
173 760
174 894
175 954
176 990
177 791
178 958
179 895
180 981
181 884 990 992
182 776
183 823
184 1000
185 894
186 988
187 776
188 965
189 967
190 995
191 712
192 956
193 682
194 899
195 992
196 976
197 989
198 899
199 995
200 860 895
201 844
202 1000
203 764
204 989
205 956
206 988
207 902 954 992
208 960
209 960
210 701
211 954
212 659
213 835
214 895
215 884
216 980
217 844
218 971
219 967
220 981
221 457
222 989
223 760
224 987
225 992
226 823
227 981
228 892
229 760
230 987
231 988
232 791
233 884
234 884
235 971
236 980
237 960
238 915
239 902
240 894
241 981
242 971
243 760 835 915
244 965
245 407
246 915
247 609 776
248 847 1000
249 954
250 407
251 791
252 764
253 776
254 892
255 988
256 884
257 989
258 657 980
259 728
260 991
261 805
262 960 984
263 776
264 984
265 712
266 744 894 960
267 895
268 657
269 860
270 718
271 958
272 657
273 1000
274 973
275 275
276 989
277 992
278 987
279 971
280 954
281 980
282 712
283 1000
284 984
285 995
286 981
287 980
288 989
289 578
290 659 960
291 987
292 989
293 892
294 847
295 844
296 682 973 989
297 894
298 894
299 892
300 954
301 992
302 878
303 988
304 992
305 878
306 976
307 894
308 764
309 967
310 791
311 995
312 971
313 894 980
314 894
315 657
316 988 995
317 976
318 965
319 407
320 749
321 991
322 992
323 835
324 981
325 847
326 971
327 990
328 990
329 995
330 847
331 884
332 657
333 884
334 776 895 958 992
335 776
336 973
337 760
338 973
339 987
340 976
341 844
342 760 892 980
343 718 760 835 899
344 995
345 987
346 791
347 844 894
348 902
349 578
350 992
351 894
352 884
353 659
354 973
355 991
356 744
357 915
358 971
359 973
360 971
361 965
362 958
363 892
364 980
365 902
366 844 860 989
367 981
368 407
369 984
370 847 884 895
371 988
372 992
373 1000
374 895
375 992
376 902
377 960
378 578
379 971
380 481
381 988
382 973
383 885
384 712
385 915
386 1000
387 915
388 980
389 860
390 835
391 884
392 776
393 835
394 885
395 960
396 967
397 995
398 958
399 823
400 884
401 860
402 987
403 956
404 973
405 971
406 976
407 407
408 988
409 902
410 981
411 973
412 973
413 749
414 980
415 984
416 995
417 728 744 776 973
418 958
419 805
420 958
421 764 984
422 980
423 805
424 712
425 995
426 984
427 892
428 956
429 967
430 976
431 431
432 407
433 805
434 578 899
435 885
436 989
437 988
438 805 902 960 980 991
439 776
440 407
441 987
442 984
443 990
444 760
445 991
446 988
447 980
448 988
449 805
450 776
451 967
452 895
453 967
454 823
455 764
456 967
457 457 659
458 578
459 984
460 967
461 844
462 954
463 980
464 992
465 844 879
466 967
467 712 884 915
468 915
469 764 884
470 988
471 989
472 976
473 960
474 992
475 895
476 971
477 407
478 760
479 659 878 960
480 659
481 481
482 902
483 973
484 860
485 991
486 657 659 776 984
487 894
488 956
489 965
490 980
491 749
492 578 899
493 956 980 989 995
494 984
495 989
496 954
497 1000
498 902
499 967
500 987
501 884
502 609
503 860
504 760 892 915
505 971
506 965
507 609
508 835
509 960
510 884
511 958
512 744
513 878
514 894
515 892
516 981
517 805 954 984
518 892
519 991
520 988
521 980
522 954
523 989
524 1000
525 879 987
526 885
527 407
528 995
529 915
530 956
531 990
532 981
533 958
534 609
535 967
536 760 960 989 990
537 894
538 991
539 971
540 776
541 892
542 995
543 892
544 990
545 764 973 991
546 960
547 976
548 980
549 899
550 988
551 884 899 915
552 958
553 760 764 954 988 989
554 791
555 987
556 764
557 895
558 995
559 991
560 884
561 990
562 481
563 991
564 990
565 956
566 578 776 990 992
567 718
568 965
569 956
570 885
571 749
572 990
573 960
574 984
575 954
576 1000
577 718
578 578
579 915
580 954
581 958
582 764
583 609
584 991
585 976
586 860
587 956
588 878
589 760
590 860 884
591 971
592 984
593 805
594 776
595 981
596 995
597 973
598 987
599 971
600 835
601 1000
602 980
603 960
604 823
605 885
606 984
607 973
608 988
609 609
610 823
611 960
612 984
613 895
614 991
615 960
616 965
617 954
618 744
619 760
620 988
621 860
622 878
623 894 971
624 967
625 847
626 973
627 987
628 984
629 915
630 954
631 989
632 981
633 954 995
634 954
635 860
636 965
637 892
638 835
639 728
640 915
641 973
642 844 879
643 965
644 884
645 884
646 884
647 976
648 915
649 980
650 805
651 992
652 884
653 805
654 991
655 956
656 990
657 657
658 659
659 659
660 984
661 791
662 895
663 879
664 958
665 844 879
666 988
667 578 899
668 915
669 976
670 670 701
671 991
672 971
673 712
674 954
675 895
676 744
677 892
678 958
679 712 958 971 980
680 973
681 995
682 431 682
683 990
684 984
685 892
686 984
687 967
688 760
689 844 879
690 1000
691 976
692 884
693 844 879
694 885 902
695 984
696 844
697 967
698 967
699 965
700 1000
701 670 701
702 895
703 760
704 988
705 980
706 805
707 988
708 971 995
709 981
710 990
711 988
712 712
713 805
714 973
715 407
716 892
717 954
718 718
719 578 899
720 984
721 823
722 988
723 956
724 823
725 744 984 1000
726 971
727 728
728 728
729 760
730 995
731 980
732 791
733 895
734 878
735 894
736 984
737 995
738 657
739 915
740 992
741 728
742 894 954 980
743 991
744 744
745 1000
746 988
747 980
748 885
749 749
750 989
751 884
752 835
753 971
754 1000
755 578 899
756 407
757 791
758 718
759 958 990 992
760 760
761 995
762 407 954 956
763 609 895 976 990
764 764
765 578 989 995
766 967
767 976
768 954
769 954 976 980
770 847
771 844 879
772 892
773 995
774 954
775 895 956 960 984 988
776 776
777 954
778 995
779 980
780 960
781 991
782 991
783 992
784 1000
785 971
786 847 878 988
787 894
788 749 989 991 992
789 990
790 981
791 791
792 956
793 844 879
794 991
795 976
796 1000
797 1000
798 835
799 844 879
800 823
801 988
802 989
803 915
804 915
805 805
806 895
807 884
808 749 971 991 1000
809 895
810 847
811 894
812 991
813 885 960 965 967 992
814 980
815 895
816 992
817 915
818 954
819 915
820 823
821 844 879
822 895
823 823
824 988
825 960
826 958
827 805
828 971
829 956
830 958
831 860
832 989
833 609 728 749 980
834 984
835 835
836 987
837 991
838 995
839 609 823 960 992
840 915
841 987
842 481
843 1000
844 844 879
845 991
846 712 958 960 1000
847 847
848 987
849 981
850 965
851 990
852 860
853 885
854 973
855 980
856 967
857 995
858 990
859 965
860 860
861 971
862 847
863 884
864 956
865 984
866 878
867 995
868 967
869 988
870 967
871 980
872 860
873 884 894 965 995 1000
874 885
875 960
876 980
877 960
878 878
879 844 879
880 844 879
881 760
882 884
883 1000
884 884
885 885
886 992
887 954
888 984
889 976
890 712
891 984
892 892
893 760 958 960 989
894 894
895 895
896 954
897 954
898 976
899 578 899
900 984
901 988
902 902
903 990
904 988
905 995
906 987
907 481 915 967 988 990
908 884
909 971
910 992
911 980
912 990
913 989
914 847
915 915
916 776 892 895 987 988 990
917 988
918 956
919 992
920 984
921 407 744 915 954
922 1000
923 967
924 965
925 971
926 954
927 878 980 987 990 991
928 980
929 1000
930 884
931 987
932 980
933 973
934 971
935 990
936 976
937 954 960
938 981
939 776
940 958
941 981
942 718 878 954 960 989
943 973
944 915 954 988 991 992
945 984
946 879 902 971 995
947 431 760 971 976 992
948 971
949 992
950 956
951 971
952 805 894 960 992 1000
953 987
954 954
955 895
956 956
957 956
958 958
959 481 776 835 895 960
960 960
961 991
962 981
963 670 701 860 902 976 980
964 976
965 965
966 989
967 967
968 967
969 835 967 984 987 995
970 992
971 971
972 990
973 973
974 984
975 995
976 976
977 995
978 578 976 981 991
979 481 823 976 981 987
980 980
981 981
982 407 884 956 990 991
983 728 776 954 965 973
984 984
985 987
986 991
987 987
988 988
989 989
990 990
991 991
992 992
993 609 701 749 892 958 992
994 1000
995 995
996 1000
997 995
998 988
999 987
1000 1000
