1	85 
2	71 
3	87 
4	13 
5	17 
6	142 
7	80 
8	185 
9	172 
10	44 158 238 
11	129 
12	53 
13	35 143 225 
14	189 
15	87 
16	243 
17	88 91 172 
18	119 
19	56 
20	61 
21	58 
22	23 
23	172 
24	242 
25	55 
26	80 
27	13 186 195 
28	27 
29	165 
30	91 
31	68 
32	45 
33	150 
34	16 
35	162 
36	4 
37	108 
38	77 
39	16 
40	71 
41	61 76 221 
42	159 
43	31 
44	81 
45	96 
46	163 
47	175 
48	105 
49	32 
50	149 
51	141 
52	64 
53	162 
54	97 
55	136 
56	26 
57	23 53 190 
58	38 
59	126 
60	203 
61	237 
62	141 
63	59 88 172 
64	12 
65	121 
66	121 
67	60 112 190 
68	177 
69	66 
70	238 
71	40 
72	110 
73	205 
74	37 
75	121 
76	75 
77	199 
78	165 
79	211 
80	13 
81	94 
82	209 
83	233 
84	189 
85	99 
86	19 
87	26 
88	234 
89	103 
90	175 
91	95 151 235 
92	159 
93	69 
94	127 
95	86 
96	154 
97	22 65 91 
98	119 
99	181 
100	221 
101	202 
102	69 
103	128 
104	82 
105	222 
106	49 
107	150 
108	123 190 229 
109	162 
110	164 
111	113 
112	71 
113	189 
114	22 34 241 
115	191 
116	82 
117	206 
118	32 
119	133 
120	166 
121	207 
122	58 208 220 
123	98 
124	46 
125	97 175 201 
126	123 
127	238 
128	13 
129	167 
130	201 
131	161 
132	87 
133	95 
134	21 142 234 
135	45 
136	150 
137	63 
138	224 
139	198 
140	51 
141	242 
142	131 
143	76 
144	84 102 185 
145	21 
146	107 119 191 
147	18 
148	131 
149	59 
150	133 
151	89 
152	116 160 181 
153	237 
154	186 191 207 
155	231 
156	114 
157	90 
158	151 
159	222 
160	87 
161	26 
162	67 213 214 
163	107 
164	194 
165	17 
166	240 
167	18 72 154 
168	6 
169	53 
170	150 
171	51 
172	231 
173	51 63 164 
174	229 
175	205 
176	212 
177	150 
178	29 
179	147 
180	39 55 125 
181	245 
182	21 
183	210 
184	38 89 190 
185	154 
186	48 
187	155 
188	172 
189	84 
190	46 
191	6 
192	18 
193	147 
194	44 
195	121 
196	185 
197	225 
198	155 
199	116 
200	15 47 165 
201	166 
202	104 
203	87 
204	50 128 189 
205	145 
206	163 
207	132 
208	85 
209	34 
210	74 89 121 
211	192 
212	35 
213	146 
214	221 
215	79 
216	213 
217	25 
218	102 
219	30 
220	139 
221	123 
222	152 
223	102 
224	107 
225	161 
226	115 
227	185 
228	126 
229	121 
230	49 
231	91 
232	200 226 243 
233	30 
234	202 
235	207 
236	81 
237	121 
238	166 
239	55 
240	212 
241	73 
242	93 
243	112 
244	182 
245	64 
246	3 
247	153 
248	213 
249	190 
250	207 
251	158 
252	52 
253	131 
254	219 
255	206 
256	9 
257	160 
258	15 83 155 
259	171 
260	115 
261	218 
262	139 
263	116 185 207 
264	66 
265	79 106 157 
266	14 
267	126 
268	150 
269	121 
270	169 
271	213 
272	146 
273	53 
274	115 
275	46 166 175 
276	80 
277	110 
278	96 
279	25 
280	143 
281	71 
282	188 
283	221 
284	105 
285	196 
286	168 
287	38 
288	159 
289	38 
290	152 
291	83 
292	109 
293	215 
294	198 
295	234 
296	71 
297	193 
298	118 
299	41 
300	178 
301	227 
302	157 
303	66 
304	90 
305	45 
306	183 
307	157 
308	73 
309	173 
310	119 
311	53 
312	33 
313	67 
314	150 
315	9 
316	76 
317	198 
318	144 
319	182 
320	138 
321	84 
322	222 
323	202 
324	84 
325	136 
326	162 
327	121 
328	137 
329	243 
330	197 
331	49 141 214 
332	122 
333	19 
334	4 
335	197 
336	207 
337	206 
338	180 
339	42 
340	105 137 185 
341	226 
342	232 
343	142 
344	105 
345	32 
346	32 
347	96 
348	157 
349	55 71 224 
350	72 181 187 
351	67 
352	209 
353	58 
354	13 16 142 
355	137 
356	220 
357	78 
358	143 
359	176 
360	21 
361	107 
362	212 
363	57 
364	174 
365	62 
366	59 
367	108 
368	165 
369	155 
370	122 
371	190 
372	222 
373	172 
374	136 
375	215 
376	199 
377	11 21 195 
378	240 
379	57 
380	168 
381	215 
382	107 
383	157 
384	60 
385	174 
386	138 
387	100 
388	35 
389	122 
390	120 
391	179 
392	53 
393	237 
394	139 
395	217 
396	38 113 227 
397	226 
398	67 
399	224 
400	193 
401	193 
402	163 
403	166 
404	35 44 75 
405	53 167 223 
406	85 
407	10 
408	213 
409	83 
410	121 
411	25 
412	47 
413	198 
414	78 
415	72 
416	72 
417	207 
418	30 
419	59 186 193 
420	75 
421	160 
422	7 
423	102 
424	89 
425	226 
426	130 
427	190 
428	223 
429	220 
430	10 131 166 
431	78 
432	6 
433	133 
434	127 
435	107 
436	142 
437	41 
438	107 
439	83 
440	164 
441	225 
442	106 
443	15 
444	83 
445	192 
446	192 
447	139 
448	180 
449	42 
450	177 
451	97 
452	64 
453	175 
454	230 
455	64 89 95 
456	14 
457	2 
458	104 
459	166 
460	14 
461	89 
462	145 
463	131 
464	206 
465	191 
466	45 
467	217 
468	197 
469	15 
470	244 
471	166 
472	134 
473	213 
474	190 
475	105 
476	185 
477	241 
478	217 
479	211 
480	43 
481	166 
482	169 
483	203 
484	58 
485	13 
486	207 
487	121 
488	57 
489	187 
490	78 
491	84 
492	61 
493	125 
494	96 
495	150 
496	132 
497	136 
498	128 
499	47 
500	2 
501	63 118 241 
502	110 
503	138 
504	174 
505	121 
506	95 
507	75 
508	57 
509	243 
510	120 
511	81 
512	42 
513	46 
514	205 
515	221 
516	84 
517	135 
518	16 
519	63 
520	122 
521	176 
522	151 
523	57 
524	130 
525	110 
526	190 
527	70 
528	2 
529	31 
530	110 
531	85 
532	200 
533	60 
534	243 
535	115 
536	33 
537	59 
538	64 
539	4 
540	83 
541	33 
542	88 
543	51 
544	18 
545	62 
546	73 
547	69 
548	159 
549	138 
550	30 
551	143 
552	43 
553	230 
554	235 
555	16 
556	159 
557	165 
558	38 
559	126 
560	50 
561	33 
562	188 
563	52 
564	108 
565	192 
566	34 
567	130 
568	64 175 231 
569	1 
570	121 
571	67 
572	243 
573	6 
574	32 147 210 
575	55 
576	238 
577	212 
578	229 
579	114 
580	181 
581	6 235 239 
582	185 
583	216 
584	121 
585	184 
586	42 73 185 
587	213 
588	219 
589	92 
590	181 
591	46 
592	56 107 158 
593	55 
594	233 
595	161 
596	200 
597	3 
598	28 
599	157 
600	70 240 241 
601	156 
602	178 
603	209 
604	5 
605	12 
606	199 
607	143 
608	111 
609	81 
610	125 
611	199 
612	15 
613	45 
614	105 
615	198 
616	35 
617	24 
618	214 
619	162 
620	115 
621	182 
622	98 
623	45 116 137 
624	177 
625	206 
626	84 
627	45 
628	158 
629	121 
630	34 
631	131 
632	21 
633	207 
634	149 205 211 
635	41 
636	120 
637	150 
638	193 
639	140 
640	31 158 204 
641	34 
642	30 125 232 
643	129 
644	20 
645	30 
646	49 
647	182 
648	174 
649	13 80 91 
650	239 
651	240 
652	202 
653	31 
654	197 
655	239 
656	24 
657	142 
658	52 
659	31 
660	164 
661	54 
662	154 171 189 
663	35 
664	82 
665	223 
666	176 
667	131 
668	106 
669	84 
670	240 
671	169 
672	8 
673	150 
674	140 
675	164 
676	40 
677	39 
678	199 
679	177 
680	68 
681	163 
682	126 
683	126 
684	196 
685	45 
686	217 
687	52 
688	158 
689	230 
690	164 
691	96 
692	102 
693	45 
694	215 
695	45 
696	198 
697	14 
698	46 
699	160 
700	217 
701	234 
702	244 
703	238 
704	156 
705	31 
706	31 
707	111 
708	30 
709	171 
710	193 
711	193 
712	166 
713	132 
714	163 
715	52 
716	141 
717	95 
718	69 
719	90 
720	58 
721	131 139 225 
722	129 
723	194 
724	210 
725	190 
726	198 
727	65 
728	117 
729	153 
730	36 
731	154 
732	71 
733	25 
734	140 
735	131 
736	41 
737	74 
738	36 
739	84 
740	36 
741	66 
742	102 
743	18 
744	28 
745	58 
746	75 93 97 
747	157 
748	164 
749	232 
750	151 202 225 
751	171 
752	213 
753	225 
754	110 
755	82 102 168 
756	53 
757	144 
758	227 
759	136 
760	141 154 231 
761	81 
762	84 
763	159 
764	62 
765	164 
766	60 69 192 
767	58 
768	98 
769	133 
770	235 
771	5 8 97 
772	187 
773	147 
774	152 
775	11 
776	161 
777	200 
778	72 
779	181 
780	127 
781	16 
782	45 
783	38 
784	30 
785	132 
786	195 
787	87 
788	145 
789	207 
790	59 
791	163 
792	18 
793	71 
794	171 
795	56 
796	218 
797	223 
798	123 
799	202 
800	18 
801	118 
802	214 
803	28 
804	18 131 225 
805	15 
806	203 
807	2 51 205 
808	126 
809	204 
810	161 
811	116 
812	161 
813	71 
814	102 
815	175 
816	221 
817	207 
818	75 
819	45 
820	51 
821	126 
822	211 
823	99 
824	44 129 131 
825	195 
826	218 
827	34 72 120 
828	75 116 148 
829	139 
830	138 
831	155 
832	49 
833	70 
834	17 
835	207 
836	186 
837	127 150 241 
838	197 
839	225 
840	161 
841	83 
842	244 
843	152 
844	83 
845	5 
846	134 
847	169 
848	202 
849	86 
850	245 
851	232 
852	177 
853	21 
854	142 
855	176 
856	150 160 219 
857	21 
858	123 
859	75 
860	167 
861	104 
862	112 
863	79 129 229 
864	236 
865	35 
866	45 
867	214 
868	240 
869	85 
870	84 
871	243 
872	26 
873	182 
874	14 114 141 
875	201 
876	24 
877	237 
878	245 
879	2 
880	194 
881	112 
882	150 
883	167 
884	27 
885	107 
886	6 
887	140 
888	38 
889	216 
890	71 
891	58 217 225 
892	63 
893	101 
894	33 166 235 
895	57 
896	165 
897	217 
898	120 
899	217 
900	221 
901	166 
902	235 
903	82 
904	153 
905	226 
906	16 
907	177 
908	50 
909	115 
910	149 
911	83 
912	125 
913	63 
914	3 
915	121 
916	8 
917	61 
918	31 
919	83 
920	242 
921	55 161 167 
922	53 
923	101 
924	157 
925	32 
926	227 
927	232 
928	149 
929	7 172 179 
930	68 
931	173 
932	80 
933	185 
934	58 
935	230 
936	173 
937	122 
938	240 
939	149 
940	166 
941	80 164 176 
942	64 
943	206 
944	71 
945	131 229 234 
946	85 
947	176 
948	43 
949	219 
950	176 
951	110 
952	164 
953	24 159 183 
954	133 
955	199 
956	167 
957	136 
958	125 
959	239 
960	148 162 218 
961	48 
962	68 
963	117 
964	207 
965	197 
966	93 160 239 
967	236 
968	55 
969	71 
970	242 
971	61 
972	199 
973	121 154 163 
974	224 
975	175 
976	118 
977	2 
978	62 
979	90 
980	6 60 141 
981	28 
982	67 113 206 
983	148 
984	177 
985	190 
986	233 
987	79 
988	240 
989	32 106 113 
990	43 
991	239 
992	106 
993	80 202 211 
994	169 
995	169 
996	19 84 102 
997	94 
998	81 
999	58 
1000	236 
1001	45 
1002	138 
1003	58 201 228 
1004	234 
1005	41 
1006	239 
1007	239 
1008	159 
1009	144 
1010	170 
1011	141 144 154 
1012	106 123 236 
1013	119 
1014	217 
1015	199 
1016	177 
1017	187 
1018	30 
1019	46 
1020	171 
1021	44 
1022	35 
1023	137 
1024	169 
1025	112 122 229 
1026	18 
1027	217 
1028	18 
1029	49 
1030	52 
1031	45 
1032	140 
1033	210 
1034	244 
1035	129 
1036	212 
1037	110 
1038	207 
1039	219 
1040	226 
1041	240 
1042	235 
1043	50 
1044	181 
1045	97 155 200 
1046	62 
1047	76 
1048	149 
1049	88 
1050	175 
1051	215 
1052	112 
1053	63 
1054	160 
1055	204 
1056	175 
1057	88 
1058	109 
1059	39 
1060	154 
1061	239 
1062	72 
1063	45 
1064	209 
1065	191 
1066	190 
1067	10 
1068	240 
1069	233 
1070	57 
1071	11 
1072	123 
1073	34 
1074	15 
1075	31 
1076	86 
1077	188 
1078	41 137 221 
1079	142 
1080	225 
1081	39 
1082	126 
1083	53 
1084	139 
1085	179 
1086	123 
1087	75 
1088	115 
1089	92 
1090	41 
1091	38 225 238 
1092	161 
1093	45 194 213 
1094	5 
1095	101 
1096	95 
1097	118 
1098	141 
1099	175 
1100	199 
1101	190 
1102	181 
1103	183 
1104	119 
1105	30 
1106	13 137 217 
1107	179 
1108	56 
1109	229 
1110	5 
1111	39 
1112	52 
1113	181 
1114	3 71 175 
1115	236 
1116	111 
1117	193 
1118	36 
1119	190 
1120	184 
1121	78 99 241 
1122	101 
1123	34 180 190 
1124	88 
1125	154 
1126	221 
1127	137 
1128	64 
1129	167 
1130	99 
1131	189 
1132	141 
1133	93 136 226 
1134	57 142 154 
1135	7 
1136	228 
1137	4 
1138	129 
1139	137 
1140	60 
1141	21 
1142	136 
1143	85 
1144	78 
1145	189 
1146	182 
1147	236 
1148	21 48 183 
1149	214 
1150	52 
1151	175 
1152	241 
1153	64 
1154	28 36 37 
1155	115 
1156	141 
1157	17 
1158	216 
1159	71 
1160	234 
1161	110 
1162	163 
1163	133 
1164	76 
1165	245 
1166	150 158 232 
1167	140 
1168	49 
1169	220 
1170	16 69 87 
1171	103 
1172	238 
1173	44 190 224 
1174	6 116 225 
1175	82 
1176	205 
1177	89 
1178	229 
1179	229 
1180	221 
1181	227 
1182	221 
1183	145 
1184	180 
1185	118 
1186	13 141 229 
1187	58 
1188	76 
1189	169 
1190	232 
1191	196 
1192	78 
1193	211 
1194	38 45 112 
1195	233 
1196	224 
1197	240 
1198	157 
1199	117 
1200	118 
1201	143 
1202	190 
1203	32 
1204	229 
1205	138 
1206	217 
1207	73 
1208	133 
1209	45 
1210	185 
1211	158 
1212	74 
1213	61 
1214	41 
1215	206 
1216	138 
1217	169 177 217 
1218	13 
1219	180 
1220	51 118 160 
1221	82 
1222	101 
1223	116 
1224	176 
1225	14 79 139 
1226	16 
1227	17 115 196 
1228	167 
1229	5 
1230	12 
1231	5 
1232	245 
1233	93 
1234	215 
1235	184 
1236	98 
1237	102 
1238	21 
1239	121 
1240	84 
1241	172 
1242	149 
1243	83 
1244	43 
1245	242 
1246	53 
1247	189 
1248	25 
1249	211 
1250	53 
1251	235 
1252	66 
1253	32 
1254	179 
1255	166 
1256	137 
1257	184 
1258	56 
1259	184 
1260	201 
1261	222 
1262	138 
1263	19 
1264	49 78 195 
1265	201 
1266	219 
1267	184 
1268	200 
1269	213 
1270	125 
1271	209 
1272	138 221 238 
1273	89 
1274	82 138 162 
1275	139 
1276	82 
1277	140 
1278	64 195 239 
1279	212 
1280	235 
1281	137 
1282	240 
1283	45 186 187 
1284	13 191 226 
1285	57 
1286	49 
1287	194 
1288	30 162 221 
1289	107 
1290	99 
1291	2 173 179 
1292	237 
1293	170 
1294	103 
1295	123 
1296	179 
1297	92 
1298	221 
1299	13 
1300	28 
1301	92 
1302	31 
1303	54 
1304	129 150 227 
1305	183 
1306	196 
1307	221 
1308	37 
1309	109 
1310	198 
1311	70 
1312	79 
1313	124 
1314	231 
1315	173 
1316	190 
1317	102 
1318	221 
1319	189 
1320	180 
1321	15 
1322	200 
1323	185 
1324	16 104 206 
1325	6 
1326	181 
1327	54 56 199 
1328	146 
1329	115 
1330	19 155 229 
1331	5 85 89 
1332	204 
1333	96 
1334	114 
1335	110 
1336	112 
1337	88 
1338	162 
1339	118 
1340	3 70 239 
1341	29 
1342	227 
1343	151 
1344	13 64 167 
1345	69 
1346	206 
1347	160 
1348	158 
1349	43 
1350	20 
1351	182 
1352	172 
1353	134 
1354	21 
1355	22 
1356	92 
1357	14 38 57 
1358	190 
1359	103 
1360	101 
1361	187 
1362	212 
1363	150 204 235 
1364	146 
1365	180 
1366	154 
1367	6 
1368	50 
1369	168 
1370	15 
1371	140 
1372	150 
1373	64 
1374	37 
1375	174 
1376	204 
1377	232 
1378	31 
1379	146 
1380	201 
1381	139 
1382	152 
1383	242 
1384	89 
1385	212 
1386	79 
1387	101 
1388	56 
1389	117 
1390	175 
1391	99 207 242 
1392	15 183 184 
1393	245 
1394	85 
1395	229 
1396	234 
1397	26 
1398	89 175 233 
1399	80 
1400	204 
1401	30 
1402	49 
1403	10 
1404	144 
1405	41 178 179 
1406	71 
1407	38 
1408	7 17 40 
1409	175 191 221 
1410	234 
1411	212 
1412	243 
1413	9 
1414	209 
1415	224 
1416	208 
1417	186 
1418	63 
1419	65 
1420	4 
1421	110 
1422	28 123 142 
1423	178 
1424	38 
1425	9 
1426	101 126 147 
1427	177 
1428	241 
1429	142 163 207 
1430	166 
1431	22 
1432	81 
1433	98 
1434	28 
1435	47 
1436	80 
1437	46 
1438	70 185 207 
1439	23 156 159 
1440	53 
1441	209 
1442	154 
1443	130 
1444	8 
1445	30 
1446	102 
1447	180 
1448	65 
1449	158 
1450	8 
1451	105 138 226 
1452	84 
1453	19 
1454	211 
1455	33 
1456	94 
1457	223 
1458	171 
1459	201 
1460	177 
1461	51 
1462	94 
1463	167 
1464	21 
1465	214 
1466	15 
1467	5 
1468	237 
1469	232 
1470	218 
1471	227 
1472	123 
1473	139 
1474	89 
1475	66 
1476	74 
1477	129 
1478	66 
1479	207 
1480	114 
1481	95 
1482	74 
1483	175 
1484	133 
1485	173 
1486	113 
1487	101 
1488	13 84 237 
1489	17 137 204 
1490	41 
1491	208 
1492	3 
1493	172 
1494	207 
1495	158 
1496	129 
1497	185 
1498	167 
1499	75 
1500	45 
1501	38 
1502	58 
1503	23 
1504	206 
1505	85 
1506	154 
1507	175 
1508	180 
1509	54 201 207 
1510	56 
1511	103 
1512	53 104 190 
1513	165 
1514	200 
1515	207 
1516	133 
1517	23 
1518	85 
1519	64 66 138 
1520	38 
1521	158 
1522	221 
1523	58 212 244 
1524	107 147 180 
1525	105 
1526	49 
1527	131 
1528	97 
1529	172 
1530	219 
1531	136 
1532	173 
1533	57 
1534	38 
1535	128 
1536	221 
1537	180 
1538	221 
1539	19 123 188 
1540	71 
1541	65 
1542	19 
1543	175 
1544	61 
1545	167 
1546	143 
1547	136 
1548	53 
1549	190 
1550	47 88 135 
1551	80 116 144 
1552	147 
1553	17 172 226 
1554	53 
1555	93 
1556	84 
1557	181 
1558	176 
1559	71 
1560	63 
1561	156 
1562	57 
1563	234 
1564	64 
1565	212 
1566	199 
1567	188 
1568	185 
1569	3 
1570	189 
1571	80 
1572	151 
1573	195 
1574	225 
1575	225 
1576	171 
1577	14 43 172 
1578	235 
1579	103 
1580	77 
1581	187 233 234 
1582	41 
1583	29 
1584	130 
1585	212 
1586	77 
1587	60 
1588	133 
1589	149 
1590	237 
1591	137 
1592	1 
1593	101 
1594	3 
1595	117 
1596	103 
1597	70 
1598	227 
1599	55 
1600	55 
1601	205 
1602	83 
1603	155 
1604	15 
1605	227 
1606	55 
1607	190 
1608	19 
1609	244 
1610	124 
1611	191 
1612	217 
1613	146 
1614	86 
1615	150 
1616	167 
1617	93 
1618	183 
1619	216 
1620	245 
1621	80 
1622	112 
1623	20 71 158 
1624	89 
1625	229 
1626	16 
1627	228 
1628	136 
1629	38 125 142 
1630	41 
1631	28 
1632	238 
1633	81 
1634	242 
1635	53 
1636	3 
1637	99 114 126 
1638	53 
1639	204 
1640	86 
1641	187 
1642	96 
1643	60 
1644	8 14 71 
1645	75 
1646	155 
1647	196 
1648	166 
1649	115 
1650	71 118 148 
1651	8 
1652	234 
1653	227 
1654	174 
1655	193 
1656	227 
1657	1 
1658	228 
1659	85 223 240 
1660	21 
1661	1 
1662	102 
1663	9 
1664	164 
1665	44 
1666	239 
1667	225 
1668	238 
1669	34 
1670	125 
1671	218 
1672	19 56 162 
1673	6 
1674	165 
1675	166 
1676	127 
1677	139 157 214 
1678	12 69 118 
1679	185 
1680	210 
1681	171 
1682	239 
1683	200 
1684	146 
1685	25 
1686	31 
1687	31 
1688	229 
1689	25 
1690	214 
1691	172 
1692	242 
1693	67 
1694	134 
1695	123 
1696	81 122 152 
1697	73 
1698	190 
1699	211 
1700	31 
1701	27 57 96 
1702	43 
1703	15 
1704	126 
1705	10 
1706	92 
1707	229 
1708	117 
1709	237 
1710	2 
1711	63 
1712	208 
1713	33 
1714	19 61 90 
1715	101 
1716	132 
1717	36 
1718	16 
1719	98 
1720	204 
1721	130 
1722	58 136 212 
1723	43 
1724	38 
1725	169 
1726	181 
1727	10 
1728	200 
1729	85 113 208 
1730	193 
1731	19 
1732	150 
1733	141 
1734	102 
1735	221 
1736	35 
1737	28 
1738	139 
1739	49 
1740	7 
1741	27 120 126 
1742	27 
1743	119 
1744	71 83 221 
1745	72 
1746	159 
1747	66 
1748	190 
1749	170 
1750	47 
1751	19 
1752	211 
1753	59 
1754	219 
1755	51 
1756	19 
1757	93 
1758	106 
1759	7 
1760	166 214 227 
1761	58 
1762	147 
1763	140 
1764	49 
1765	83 
1766	15 
1767	111 
1768	146 
1769	155 
1770	159 
1771	169 
1772	108 
1773	118 
1774	66 
1775	226 
1776	44 
1777	66 
1778	7 
1779	210 
1780	1 
1781	174 
1782	4 
1783	221 
1784	99 
1785	169 
1786	8 
1787	67 
1788	225 
1789	190 
1790	125 
1791	46 
1792	225 
1793	102 
1794	172 
1795	13 
1796	214 
1797	136 
1798	137 
1799	137 
1800	85 
1801	181 
1802	82 
1803	94 
1804	232 
1805	45 54 235 
1806	206 
1807	56 
1808	119 
1809	116 
1810	117 
1811	28 
1812	241 
1813	236 
1814	163 
1815	95 
1816	2 
1817	196 
1818	18 
1819	21 
1820	49 
1821	192 
1822	155 166 225 
1823	236 
1824	183 
1825	15 
1826	109 
1827	55 
1828	43 
1829	138 
1830	110 
1831	140 
1832	142 
1833	107 
1834	17 
1835	127 
1836	34 193 207 
1837	119 
1838	14 
1839	223 
1840	195 
1841	188 
1842	127 
1843	31 
1844	162 
1845	69 
1846	58 
1847	198 
1848	146 
1849	132 
1850	48 
1851	95 
1852	236 
1853	184 
1854	203 
1855	108 203 231 
1856	146 
1857	207 
1858	167 198 206 
1859	214 
1860	163 
1861	183 
1862	156 
1863	231 
1864	142 
1865	222 
1866	223 
1867	116 
1868	7 
1869	168 
1870	93 
1871	182 
1872	167 
1873	125 
1874	149 
1875	11 
1876	160 
1877	186 
1878	154 
1879	121 
1880	119 
1881	115 
1882	150 
1883	234 
1884	121 141 151 
1885	22 
1886	90 
1887	112 
1888	162 
1889	121 
1890	207 
1891	192 
1892	129 
1893	22 214 237 
1894	9 
1895	192 
1896	21 
1897	105 
1898	44 
1899	16 
1900	114 146 185 
1901	37 
1902	16 
1903	190 
1904	116 
1905	106 
1906	201 
1907	132 
1908	192 
1909	53 
1910	130 
1911	216 
1912	108 
1913	113 126 156 
1914	176 
1915	175 
1916	21 155 166 
1917	116 
1918	167 
1919	46 
1920	139 
1921	152 
1922	103 
1923	111 
1924	118 
1925	16 93 122 
1926	60 
1927	192 
1928	19 
1929	76 
1930	163 
1931	144 
1932	137 
1933	65 
1934	166 
1935	145 
1936	131 
1937	206 
1938	26 
1939	2 
1940	123 160 208 
1941	186 
1942	41 
1943	105 
1944	18 
1945	43 
1946	10 
1947	194 
1948	90 
1949	238 
1950	74 
1951	158 
1952	211 
1953	217 
1954	60 
1955	102 
1956	242 
1957	42 
1958	52 
1959	61 
1960	145 
1961	238 
1962	99 
1963	158 
1964	137 
1965	30 178 212 
1966	185 
1967	58 168 198 
1968	49 
1969	211 
1970	153 
1971	38 
1972	13 
1973	80 
1974	47 
1975	181 
1976	3 
1977	180 213 230 
1978	13 
1979	204 
1980	117 
1981	211 
1982	60 
1983	106 
1984	212 
1985	72 
1986	50 
1987	89 
1988	124 
1989	207 
1990	167 
1991	76 
1992	3 
1993	93 
1994	79 
1995	139 
1996	204 
1997	158 
1998	49 
1999	77 
2000	90 195 212 
2001	45 
2002	238 
2003	46 
2004	126 
2005	163 
2006	17 
2007	20 
2008	121 
2009	239 
2010	190 
2011	232 
2012	200 
2013	54 
2014	221 
2015	43 79 243 
2016	207 
2017	137 
2018	109 
2019	73 
2020	225 
2021	21 
2022	206 
2023	76 
2024	72 
2025	42 
2026	75 
2027	187 
2028	186 
2029	117 
2030	211 
2031	142 
2032	212 
2033	118 
2034	214 
2035	203 
2036	201 
2037	137 
2038	238 
2039	199 
2040	45 
2041	29 
2042	187 
2043	229 
2044	82 
2045	120 
2046	85 
2047	128 
2048	56 
2049	2 
2050	32 
2051	131 
2052	162 
2053	210 
2054	212 
2055	43 62 107 
2056	182 
2057	39 
2058	121 
2059	91 
2060	216 
2061	149 
2062	232 
2063	186 
2064	171 
2065	161 
2066	45 
2067	229 
2068	180 
2069	112 
2070	53 126 221 
2071	160 
2072	213 
2073	9 
2074	212 
2075	179 
2076	168 
2077	241 
2078	208 
2079	23 
2080	214 
2081	145 
2082	50 
2083	139 
2084	93 
2085	59 
2086	172 
2087	8 
2088	222 
2089	52 
2090	190 
2091	240 
2092	212 
2093	166 
2094	53 
2095	166 
2096	221 
2097	176 
2098	89 
2099	117 
2100	159 
2101	225 
2102	130 
2103	58 
2104	84 
2105	104 
2106	189 
2107	10 122 181 
2108	227 
2109	110 
2110	92 
2111	57 
2112	122 
2113	6 
2114	100 
2115	193 
2116	118 
2117	206 
2118	105 
2119	229 
2120	89 
2121	82 
2122	63 166 242 
2123	169 
2124	75 
2125	75 
2126	192 
2127	15 
2128	186 
2129	71 
2130	178 
2131	124 
2132	241 
2133	108 
2134	207 
2135	224 
2136	164 
2137	34 
2138	71 89 144 
2139	168 
2140	15 
2141	108 
2142	77 
2143	137 
2144	50 75 158 
2145	46 
2146	142 
2147	201 
2148	202 
2149	50 
2150	25 
2151	46 60 234 
2152	15 
2153	180 
2154	19 
2155	200 
2156	164 
2157	155 
2158	175 
2159	60 
2160	74 125 223 
2161	11 
2162	64 
2163	100 
2164	28 
2165	79 
2166	72 
2167	76 
2168	201 
2169	66 
2170	68 
2171	174 
2172	190 
2173	81 
2174	156 
2175	71 
2176	146 
2177	9 
2178	106 118 129 
2179	47 
2180	85 
2181	37 
2182	73 
2183	130 
2184	34 
2185	215 
2186	11 
2187	34 71 93 
2188	177 
2189	68 
2190	92 
2191	69 
2192	124 
2193	236 
2194	238 
2195	218 
2196	245 
2197	181 
2198	180 
2199	81 
2200	52 
2201	227 
2202	103 
2203	58 
2204	64 
2205	66 
2206	76 
2207	40 
2208	13 15 53 
2209	69 
2210	129 
2211	227 
2212	230 
2213	91 
2214	69 
2215	207 
2216	159 
2217	90 
2218	238 
2219	155 
2220	126 
2221	30 
2222	240 
2223	204 
2224	5 
2225	100 
2226	111 
2227	46 
2228	146 
2229	49 
2230	8 
2231	7 
2232	210 
2233	122 
2234	5 13 92 
2235	172 
2236	107 
2237	154 
2238	134 
2239	175 
2240	159 
2241	11 
2242	211 
2243	229 
2244	112 
2245	71 73 103 
2246	236 
2247	139 
2248	201 
2249	201 
2250	69 
2251	74 
2252	23 
2253	75 
2254	166 
2255	205 
2256	15 
2257	170 
2258	7 
2259	200 
2260	137 
2261	77 
2262	198 
2263	90 
2264	83 
2265	12 
2266	116 
2267	161 
2268	82 
2269	58 
2270	158 
2271	233 
2272	31 
2273	215 
2274	56 61 84 
2275	184 
2276	129 
2277	166 
2278	234 
2279	222 
2280	87 
2281	71 
2282	78 
2283	213 
2284	32 
2285	5 
2286	241 
2287	124 
2288	78 
2289	139 
2290	106 
2291	53 
2292	129 
2293	197 
2294	238 
2295	135 
2296	88 
2297	134 
2298	97 
2299	156 
2300	223 
2301	228 
2302	175 
2303	227 
2304	108 
2305	107 
2306	142 175 226 
2307	169 
2308	212 
2309	209 
2310	6 
2311	106 
2312	34 
2313	238 
2314	156 
2315	241 
2316	13 
2317	118 
2318	180 
2319	147 
2320	74 127 191 
2321	203 
2322	126 
2323	35 
2324	177 
2325	124 
2326	14 167 195 
2327	90 
2328	132 
2329	34 
2330	210 
2331	106 
2332	118 
2333	147 
2334	80 
2335	44 
2336	146 
2337	124 
2338	112 
2339	5 
2340	72 
2341	7 
2342	231 
2343	22 
2344	172 
2345	129 
2346	118 
2347	205 
2348	112 
2349	227 
2350	169 
2351	185 
2352	120 126 131 
2353	35 
2354	239 
2355	4 
2356	214 
2357	90 
2358	179 
2359	227 
2360	66 
2361	211 
2362	196 
2363	30 
2364	239 
2365	105 
2366	35 
2367	199 
2368	26 
2369	46 
2370	14 
2371	217 
2372	232 
2373	146 
2374	56 
2375	106 
2376	15 168 224 
2377	123 
2378	198 
2379	13 151 219 
2380	34 
2381	225 
2382	205 
2383	17 
2384	148 
2385	158 
2386	223 
2387	74 
2388	217 
2389	174 
2390	67 139 148 
2391	214 
2392	126 
2393	35 
2394	118 
2395	182 
2396	219 
2397	76 
2398	226 
2399	26 
2400	212 
2401	90 
2402	196 
2403	235 
2404	133 
2405	181 
2406	195 
2407	9 
2408	175 
2409	84 
2410	122 
2411	158 
2412	164 
2413	236 
2414	164 
2415	42 
2416	147 
2417	175 
2418	109 
2419	69 
2420	217 
2421	172 
2422	212 
2423	178 
2424	199 
2425	22 
2426	156 
2427	110 
2428	37 
2429	216 
2430	145 
2431	46 
2432	131 
2433	138 
2434	98 
2435	28 
2436	170 
2437	201 
2438	182 
2439	110 
2440	57 
2441	227 
2442	101 
2443	153 
2444	238 
2445	61 
2446	183 
2447	5 156 168 
2448	80 
2449	84 
2450	168 
2451	128 
2452	55 
2453	180 
2454	180 
2455	124 
2456	11 
2457	33 
2458	70 
2459	136 
2460	15 76 239 
2461	106 
2462	193 
2463	58 
2464	38 
2465	138 
2466	57 
2467	205 
2468	97 
2469	164 
2470	220 
2471	181 
2472	12 
2473	206 
2474	172 
2475	245 
2476	131 
2477	181 
2478	88 
2479	87 
2480	213 
2481	61 
2482	92 
2483	166 
2484	165 
2485	226 
2486	61 
2487	243 
2488	208 
2489	80 
2490	184 
2491	209 
2492	106 
2493	17 
2494	225 
2495	192 
2496	53 
2497	106 
2498	44 46 218 
2499	55 69 230 
2500	19 166 210 
2501	197 
2502	31 
2503	56 63 209 
2504	61 
2505	211 
2506	198 
2507	239 
2508	205 
2509	58 
2510	51 
2511	34 
2512	204 
2513	53 
2514	53 
2515	24 
2516	192 
2517	107 
2518	162 
2519	99 
2520	155 
2521	112 
2522	156 173 215 
2523	187 
2524	170 
2525	88 
2526	19 
2527	53 
2528	154 
2529	199 
2530	136 
2531	45 104 211 
2532	216 
2533	81 
2534	166 202 216 
2535	59 
2536	72 
2537	149 
2538	200 
2539	166 
2540	211 
2541	137 
2542	29 
2543	130 
2544	54 
2545	241 
2546	121 
2547	47 
2548	188 
2549	56 125 201 
2550	114 
2551	19 
2552	27 50 239 
2553	199 200 245 
2554	79 
2555	216 
2556	170 
2557	30 
2558	104 171 208 
2559	47 
2560	80 
2561	156 
2562	80 
2563	19 
2564	44 
2565	241 
2566	49 
2567	76 
2568	141 
2569	118 
2570	201 
2571	162 
2572	102 
2573	213 
2574	113 180 201 
2575	34 142 154 
2576	90 
2577	82 
2578	118 
2579	4 
2580	177 
2581	184 
2582	66 
2583	187 
2584	19 
2585	54 
2586	103 
2587	85 159 235 
2588	199 
2589	40 
2590	44 
2591	39 
2592	186 
2593	102 
2594	200 
2595	68 
2596	44 
2597	141 
2598	64 
2599	153 
2600	124 142 164 
2601	162 
2602	3 
2603	27 
2604	8 
2605	98 
2606	125 
2607	61 66 212 
2608	239 
2609	116 
2610	60 
2611	53 
2612	87 
2613	44 88 177 
2614	37 
2615	152 
2616	158 
2617	225 
2618	11 
2619	245 
2620	128 
2621	205 
2622	163 
2623	170 
2624	184 
2625	231 
2626	167 
2627	217 
2628	201 
2629	93 
2630	56 
2631	36 
2632	67 
2633	131 
2634	149 
2635	27 
2636	55 
2637	228 
2638	29 
2639	223 
2640	145 158 170 
2641	180 
2642	232 
2643	64 
2644	154 
2645	30 115 136 
2646	68 
2647	92 
2648	64 
2649	13 
2650	121 
2651	38 
2652	123 
2653	21 
2654	166 
2655	100 
2656	135 
2657	164 
2658	43 
2659	142 
2660	149 
2661	11 
2662	183 
2663	157 
2664	217 
2665	227 
2666	104 
2667	174 
2668	138 
2669	4 
2670	85 
2671	184 
2672	142 
2673	38 
2674	14 
2675	244 
2676	59 
2677	72 
2678	115 
2679	46 
2680	180 
2681	27 
2682	69 
2683	78 
2684	202 
2685	50 
2686	216 
2687	38 
2688	225 
2689	118 
2690	69 
2691	205 
2692	163 
2693	86 
2694	144 
2695	20 
2696	88 
2697	33 
2698	162 
2699	161 
2700	146 
2701	228 
2702	227 
2703	138 
2704	38 
2705	17 
2706	179 
2707	47 
2708	178 
2709	126 
2710	44 
2711	91 
2712	79 
2713	160 
2714	220 
2715	203 
2716	86 
2717	55 
2718	91 
2719	30 
2720	204 
2721	69 
2722	41 
2723	66 
2724	117 161 201 
2725	95 
2726	8 
2727	129 
2728	109 
2729	81 
2730	142 
2731	48 
2732	122 
2733	16 48 152 
2734	1 
2735	208 
2736	129 
2737	76 
2738	102 
2739	25 50 68 
2740	5 
2741	198 211 225 
2742	22 131 235 
2743	232 
2744	125 
2745	192 
2746	245 
2747	18 
2748	151 
2749	11 
2750	184 
2751	45 
2752	224 
2753	9 
2754	32 
2755	41 
2756	209 
2757	90 
2758	146 
2759	141 
2760	12 153 164 
2761	122 
2762	125 
2763	158 
2764	193 
2765	183 
2766	49 
2767	154 
2768	117 
2769	230 
2770	159 
2771	184 
2772	146 
2773	239 
2774	151 
2775	15 
2776	223 
2777	238 
2778	85 
2779	158 
2780	154 
2781	37 
2782	53 
2783	2 125 198 
2784	11 
2785	22 
2786	239 
2787	107 
2788	155 
2789	41 
2790	46 
2791	5 
2792	226 
2793	18 185 239 
2794	48 
2795	201 
2796	66 
2797	215 
2798	80 
2799	32 
2800	193 
2801	34 
2802	148 
2803	123 
2804	79 
2805	19 
2806	125 
2807	7 
2808	113 
2809	64 
2810	179 
2811	115 
2812	198 
2813	21 136 216 
2814	118 
2815	41 
2816	137 
2817	140 
2818	92 
2819	100 
2820	241 
2821	188 
2822	30 
2823	167 
2824	245 
2825	17 
2826	56 
2827	114 189 237 
2828	149 
2829	127 
2830	55 
2831	198 
2832	66 
2833	9 
2834	201 
2835	227 
2836	213 
2837	237 
2838	68 
2839	126 
2840	75 
2841	201 
2842	96 
2843	21 
2844	75 226 235 
2845	20 
2846	23 
2847	30 
2848	17 
2849	18 
2850	94 
2851	80 
2852	139 
2853	92 
2854	177 
2855	112 
2856	56 
2857	48 
2858	84 
2859	46 
2860	114 
2861	186 
2862	149 
2863	180 
2864	226 
2865	242 
2866	38 
2867	63 
2868	172 
2869	110 
2870	142 
2871	101 
2872	117 
2873	84 
2874	106 
2875	26 
2876	34 
2877	2 
2878	115 
2879	225 
2880	75 
2881	170 
2882	90 98 158 
2883	129 
2884	6 
2885	225 
2886	195 
2887	53 
2888	48 
2889	56 
2890	45 122 129 
2891	3 
2892	97 
2893	234 
2894	231 
2895	2 
2896	217 
2897	78 
2898	129 
2899	59 
2900	195 
2901	53 
2902	54 
2903	167 
2904	173 
2905	139 
2906	167 
2907	85 
2908	15 225 229 
2909	88 
2910	152 
2911	126 
2912	45 
2913	140 
2914	191 
2915	226 
2916	167 
2917	33 
2918	172 
2919	207 
2920	147 
2921	239 
2922	48 
2923	141 
2924	118 
2925	69 
2926	206 
2927	7 
2928	65 
2929	121 
2930	60 
2931	21 51 190 
2932	51 
2933	169 
2934	79 80 82 
2935	183 
2936	83 159 238 
2937	67 197 237 
2938	79 
2939	181 
2940	84 
2941	145 
2942	196 
2943	206 
2944	92 
2945	38 
2946	171 
2947	130 
2948	237 
2949	219 
2950	45 
2951	143 
2952	114 
2953	110 141 234 
2954	226 
2955	241 
2956	198 
2957	106 
2958	11 
2959	60 
2960	139 
2961	175 
2962	136 
2963	111 166 186 
2964	207 
2965	201 
2966	231 
2967	243 
2968	200 
2969	3 
2970	19 
2971	169 
2972	187 
2973	164 
2974	37 
2975	73 
2976	24 
2977	122 154 164 
2978	31 
2979	86 123 157 
2980	224 
2981	107 175 201 
2982	16 
2983	12 
2984	131 
2985	17 
2986	174 
2987	235 
2988	177 
2989	59 
2990	100 
2991	109 
2992	80 
2993	177 
2994	152 
2995	43 
2996	193 
2997	242 
2998	21 
2999	234 
3000	21 
3001	41 
3002	110 
3003	114 
3004	50 
3005	159 225 233 
3006	115 
3007	54 
3008	57 
3009	104 
3010	208 
3011	154 
3012	215 
3013	50 
3014	15 
3015	221 
3016	245 
3017	112 
3018	198 
3019	239 
3020	21 38 239 
3021	207 
3022	116 
3023	151 
3024	97 100 109 
3025	134 
3026	10 
3027	124 
3028	158 
3029	243 
3030	29 
3031	186 
3032	13 
3033	165 
3034	29 
3035	145 
3036	103 
3037	147 
3038	204 
3039	110 
3040	122 
3041	90 
3042	175 
3043	245 
3044	34 
3045	110 
3046	95 
3047	103 
3048	223 
3049	52 
3050	54 
3051	240 
3052	167 
3053	65 
3054	63 
3055	75 
3056	212 
3057	125 
3058	85 186 226 
3059	183 
3060	76 190 217 
3061	214 
3062	13 
3063	30 
3064	153 
3065	69 
3066	1 85 104 
3067	203 
3068	71 
3069	55 205 213 
3070	4 
3071	214 
3072	135 151 234 
3073	59 
3074	245 
3075	24 69 165 
3076	244 
3077	207 
3078	131 
3079	20 
3080	100 
3081	85 
3082	49 
3083	221 
3084	145 
3085	176 
3086	69 
3087	21 56 240 
3088	32 
3089	186 
3090	43 
3091	48 55 167 
3092	240 
3093	90 
3094	137 
3095	227 
3096	94 
3097	50 112 115 
3098	17 
3099	61 
3100	118 
3101	108 
3102	168 
3103	142 
3104	9 30 98 
3105	214 
3106	171 
3107	176 
3108	192 
3109	64 
3110	121 
3111	17 
3112	140 
3113	63 
3114	140 
3115	164 
3116	216 
3117	235 
3118	232 
3119	54 
3120	74 
3121	18 138 234 
3122	32 
3123	11 
3124	233 
3125	166 
3126	138 
3127	177 
3128	45 
3129	133 
3130	5 
3131	58 
3132	140 
3133	19 
3134	226 
3135	221 
3136	105 
3137	228 
3138	199 
3139	121 
3140	30 
3141	82 
3142	135 
3143	185 
3144	114 
3145	167 
3146	134 212 226 
3147	1 57 185 
3148	10 
3149	34 
3150	226 
3151	206 
3152	66 164 243 
3153	189 
3154	83 
3155	28 
3156	56 
3157	120 
3158	71 
3159	129 218 233 
3160	136 146 186 
3161	87 
3162	64 
3163	154 
3164	17 126 190 
3165	130 
3166	118 
3167	58 
3168	119 
3169	85 155 167 
3170	55 
3171	143 
3172	16 
3173	28 
3174	15 82 189 
3175	36 
3176	14 162 185 
3177	14 
3178	15 
3179	198 
3180	192 
3181	88 
3182	199 
3183	61 
3184	110 
3185	45 
3186	7 
3187	6 
3188	38 
3189	13 
3190	137 149 214 
3191	152 
3192	194 
3193	40 136 150 
3194	160 
3195	56 
3196	24 
3197	206 
3198	125 
3199	207 
3200	7 57 122 
3201	14 
3202	38 
3203	77 112 121 
3204	232 
3205	54 111 215 
3206	230 
3207	81 140 190 
3208	82 
3209	118 
3210	4 115 173 
3211	101 
3212	95 
3213	186 
3214	90 
3215	110 
3216	19 
3217	163 
3218	168 
3219	53 
3220	39 139 186 
3221	91 108 132 
3222	163 
3223	19 
3224	197 
3225	86 
3226	31 
3227	39 
3228	187 
3229	205 
3230	175 
3231	61 
3232	42 
3233	179 
3234	55 
3235	71 72 158 
3236	141 
3237	222 
3238	72 
3239	28 
3240	26 
3241	101 
3242	43 
3243	91 
3244	21 31 154 
3245	47 
3246	142 
3247	186 
3248	34 129 166 
3249	102 
3250	7 107 129 
3251	61 
3252	131 
3253	103 
3254	31 
3255	206 
3256	164 
3257	46 
3258	86 
3259	182 
3260	200 
3261	196 
3262	56 
3263	51 
3264	24 
3265	43 
3266	225 
3267	213 
3268	148 
3269	195 
3270	61 
3271	223 
3272	221 
3273	176 
3274	34 
3275	59 
3276	141 
3277	61 
3278	228 
3279	72 
3280	31 
3281	180 
3282	146 
3283	225 
3284	64 
3285	173 
3286	50 
3287	188 
3288	131 
3289	80 
3290	34 
3291	92 
3292	98 
3293	199 
3294	229 
3295	206 
3296	94 
3297	23 
3298	122 153 216 
3299	98 
3300	49 
3301	140 
3302	211 
3303	136 
3304	181 
3305	41 
3306	35 
3307	200 
3308	47 
3309	84 
3310	102 
3311	108 
3312	35 
3313	58 151 239 
3314	171 
3315	17 
3316	62 157 158 
3317	84 
3318	40 
3319	62 
3320	139 
3321	212 
3322	14 
3323	228 
3324	167 
3325	234 
3326	203 
3327	240 
3328	152 
3329	180 
3330	189 205 207 
3331	103 
3332	123 
3333	14 
3334	31 
3335	214 
3336	76 
3337	33 
3338	240 
3339	166 
3340	135 
3341	123 
3342	64 
3343	193 
3344	115 
3345	171 
3346	139 144 212 
3347	30 
3348	30 
3349	186 
3350	34 
3351	225 
3352	134 
3353	94 
3354	132 
3355	134 
3356	64 
3357	190 
3358	98 105 217 
3359	10 80 139 
3360	61 68 117 
3361	135 
3362	15 132 230 
3363	49 
3364	234 
3365	149 
3366	206 
3367	214 
3368	19 
3369	12 
3370	124 
3371	53 
3372	86 
3373	91 
3374	162 
3375	144 
3376	231 
3377	81 
3378	220 
3379	229 
3380	27 
3381	144 
3382	198 
3383	42 
3384	1 
3385	21 
3386	33 
3387	40 
3388	83 
3389	120 
3390	231 
3391	74 
3392	49 
3393	168 
3394	104 
3395	150 
3396	125 
3397	239 
3398	102 
3399	34 
3400	63 206 227 
3401	244 
3402	7 177 182 
3403	171 
3404	243 
3405	14 
3406	231 
3407	179 
3408	113 
3409	223 
3410	63 
3411	56 
3412	21 53 242 
3413	170 
3414	240 
3415	68 
3416	142 
3417	85 
3418	191 
3419	190 
3420	241 
3421	174 
3422	86 
3423	205 
3424	5 
3425	155 
3426	68 
3427	59 
3428	97 
3429	171 
3430	221 
3431	34 
3432	46 
3433	44 
3434	38 
3435	126 
3436	165 177 201 
3437	237 
3438	8 
3439	21 
3440	95 
3441	55 
3442	141 
3443	29 
3444	40 
3445	103 
3446	137 
3447	45 102 185 
3448	30 
3449	148 
3450	21 
3451	109 
3452	76 
3453	146 
3454	62 
3455	157 
3456	201 
3457	167 
3458	41 
3459	183 
3460	14 
3461	85 118 181 
3462	69 
3463	68 128 226 
3464	227 
3465	209 
3466	116 
3467	187 
3468	159 
3469	58 
3470	235 
3471	162 
3472	63 
3473	224 
3474	171 
3475	15 41 56 
3476	78 
3477	146 
3478	164 
3479	5 
3480	34 
3481	187 
3482	14 
3483	74 
3484	72 90 231 
3485	202 
3486	83 
3487	56 
3488	234 
3489	128 148 154 
3490	194 
3491	108 
3492	36 
3493	162 
3494	12 
3495	218 
3496	175 
3497	229 
3498	117 
3499	20 
3500	21 185 201 
3501	26 
3502	92 
3503	202 
3504	209 
3505	74 
3506	36 
3507	31 
3508	196 
3509	84 
3510	33 
3511	120 
3512	85 
3513	135 
3514	76 
3515	46 
3516	205 
3517	57 
3518	76 191 239 
3519	104 
3520	182 
3521	50 
3522	84 
3523	67 
3524	83 
3525	212 
3526	194 
3527	21 
3528	64 85 91 
3529	136 
3530	185 
3531	128 
3532	87 
3533	84 
3534	8 
3535	177 
3536	70 
3537	160 
3538	60 
3539	113 
3540	115 
3541	212 
3542	222 
3543	149 
3544	88 
3545	10 
3546	235 
3547	30 122 237 
3548	44 
3549	159 
3550	57 
3551	72 
3552	228 
3553	83 
3554	88 
3555	80 
3556	15 
3557	11 
3558	45 
3559	61 
3560	241 
3561	210 
3562	40 
3563	19 
3564	149 
3565	29 117 203 
3566	42 
3567	142 
3568	51 
3569	91 
3570	193 
3571	235 
3572	221 
3573	115 
3574	38 
3575	227 
3576	52 
3577	115 
3578	235 
3579	186 
3580	98 
3581	23 
3582	101 
3583	160 
3584	219 
3585	21 
3586	137 
3587	41 
3588	186 
3589	228 
3590	210 
3591	224 
3592	2 
3593	66 
3594	72 
3595	49 
3596	239 
3597	171 
3598	190 
3599	71 
3600	147 
3601	82 
3602	1 
3603	15 
3604	212 
3605	158 
3606	216 
3607	140 
3608	142 
3609	115 
3610	217 
3611	235 
3612	138 
3613	129 175 240 
3614	222 
3615	115 
3616	23 
3617	65 
3618	227 
3619	238 
3620	80 142 189 
3621	223 
3622	118 
3623	78 
3624	121 
3625	88 
3626	30 
3627	17 107 136 
3628	131 
3629	220 
3630	127 
3631	221 
3632	10 
3633	199 
3634	62 
3635	231 
3636	127 
3637	209 
3638	44 
3639	107 
3640	166 
3641	79 
3642	61 110 156 
3643	80 
3644	207 
3645	47 
3646	200 208 237 
3647	34 
3648	53 159 220 
3649	115 
3650	236 
3651	17 
3652	112 
3653	78 
3654	59 
3655	126 
3656	231 
3657	66 
3658	57 
3659	47 
3660	93 
3661	185 
3662	69 
3663	28 
3664	221 
3665	122 
3666	49 
3667	21 
3668	159 201 245 
3669	110 
3670	30 
3671	89 
3672	221 
3673	239 
3674	175 
3675	55 157 195 
3676	72 
3677	156 
3678	61 
3679	46 
3680	115 
3681	172 
3682	110 
3683	121 
3684	184 
3685	115 
3686	20 
3687	123 
3688	240 
3689	114 
3690	225 
3691	34 
3692	95 
3693	205 
3694	212 
3695	144 
3696	28 
3697	43 
3698	105 
3699	68 
3700	167 
3701	195 
3702	217 
3703	45 
3704	4 167 190 
3705	142 
3706	32 
3707	240 
3708	103 
3709	28 136 225 
3710	109 
3711	96 
3712	33 
3713	60 
3714	45 
3715	173 
3716	231 
3717	14 
3718	190 
3719	183 
3720	145 
3721	110 
3722	43 
3723	171 
3724	110 
3725	53 
3726	38 
3727	189 
3728	126 
3729	84 
3730	201 
3731	197 
3732	185 
3733	103 
3734	21 
3735	180 
3736	74 
3737	106 
3738	69 
3739	61 
3740	53 
3741	115 
3742	52 
3743	107 
3744	132 
3745	208 
3746	229 
3747	202 
3748	83 
3749	117 
3750	107 
3751	102 121 137 
3752	8 
3753	60 
3754	3 
3755	171 
3756	145 
3757	203 
3758	124 
3759	103 
3760	155 
3761	45 
3762	56 
3763	161 
3764	102 
3765	166 
3766	232 
3767	243 
3768	11 
3769	220 
3770	112 
3771	235 
3772	132 
3773	51 135 232 
3774	126 
3775	189 
3776	211 
3777	120 
3778	190 
3779	61 
3780	150 
3781	180 
3782	74 
3783	154 
3784	164 
3785	66 
3786	206 
3787	201 
3788	129 
3789	180 208 225 
3790	67 
3791	72 
3792	20 69 198 
3793	142 
3794	197 
3795	135 
3796	197 
3797	88 
3798	131 
3799	46 175 204 
3800	50 
3801	32 
3802	116 
3803	131 
3804	121 
3805	208 
3806	131 
3807	11 
3808	90 
3809	16 76 137 
3810	192 
3811	148 
3812	104 
3813	231 
3814	16 
3815	15 
3816	235 
3817	217 
3818	5 
3819	14 
3820	107 
3821	217 
3822	56 
3823	59 
3824	61 
3825	15 
3826	131 137 203 
3827	92 
3828	152 
3829	112 
3830	17 
3831	90 
3832	13 62 227 
3833	161 
3834	102 
3835	60 
3836	9 150 223 
3837	147 
3838	2 
3839	221 
3840	169 
3841	103 
3842	112 
3843	45 
3844	236 
3845	23 
3846	148 150 224 
3847	82 
3848	82 
3849	59 
3850	236 
3851	242 
3852	190 
3853	160 
3854	137 
3855	167 
3856	66 
3857	53 
3858	122 
3859	35 
3860	85 
3861	180 
3862	49 
3863	105 
3864	201 
3865	209 
3866	235 
3867	72 
3868	147 
3869	76 
3870	234 
3871	41 
3872	70 
3873	53 
3874	71 
3875	63 
3876	56 
3877	21 
3878	6 
3879	43 
3880	182 
3881	172 
3882	175 
3883	24 77 123 
3884	198 
3885	112 
3886	129 
3887	84 
3888	74 
3889	151 
3890	41 
3891	159 
3892	127 
3893	229 
3894	6 
3895	8 
3896	103 
3897	13 
3898	50 
3899	15 
3900	39 
3901	215 
3902	45 
3903	129 
3904	137 
3905	79 
3906	46 
3907	123 
3908	232 
3909	240 
3910	205 
3911	242 
3912	171 
3913	150 159 175 
3914	84 
3915	219 
3916	162 
3917	108 
3918	202 
3919	5 
3920	14 200 225 
3921	37 
3922	7 
3923	213 
3924	98 
3925	183 
3926	142 
3927	214 
3928	242 
3929	208 
3930	228 
3931	23 
3932	180 
3933	123 
3934	179 
3935	136 
3936	89 
3937	235 
3938	160 
3939	55 
3940	162 
3941	7 
3942	17 67 134 
3943	66 
3944	217 
3945	21 122 244 
3946	197 
3947	118 
3948	34 
3949	63 
3950	38 
3951	50 
3952	80 
3953	190 
3954	11 
3955	31 
3956	53 
3957	216 
3958	139 
3959	11 
3960	168 
3961	177 
3962	55 
3963	181 
3964	221 
3965	38 
3966	15 38 202 
3967	139 
3968	164 
3969	87 
3970	176 
3971	229 
3972	41 
3973	223 
3974	9 
3975	55 
3976	33 72 239 
3977	136 
3978	241 
3979	149 
3980	120 
3981	104 138 148 
3982	84 
3983	80 198 224 
3984	122 
3985	88 
3986	50 67 107 
3987	136 
3988	158 
3989	108 
3990	52 
3991	115 
3992	240 
3993	191 
3994	19 
3995	102 141 229 
3996	75 
3997	223 
3998	207 
3999	164 
4000	182 
4001	235 
4002	136 
4003	163 
4004	92 
4005	85 
4006	237 
4007	57 
4008	15 
4009	104 
4010	56 
4011	41 
4012	102 
4013	79 
4014	31 
4015	168 
4016	64 
4017	46 200 208 
4018	14 183 216 
4019	12 34 109 
4020	207 
4021	104 
4022	41 
4023	88 
4024	181 
4025	44 80 104 
4026	85 
4027	55 
4028	205 
4029	88 
4030	37 
4031	164 
4032	38 
4033	146 
4034	166 
4035	37 38 64 
4036	129 
4037	185 206 207 
4038	107 
4039	243 
4040	182 
4041	160 
4042	205 
4043	6 
4044	15 
4045	30 
4046	121 
4047	229 
4048	131 180 192 
4049	130 
4050	227 
4051	160 
4052	45 
4053	1 
4054	18 
4055	177 
4056	112 
4057	117 
4058	122 
4059	75 
4060	2 
4061	50 
4062	122 
4063	2 
4064	236 
4065	245 
4066	180 
4067	69 
4068	3 
4069	114 
4070	137 
4071	177 
4072	103 
4073	209 
4074	11 
4075	74 
4076	181 
4077	213 
4078	150 
4079	46 
4080	59 81 139 
4081	189 
4082	34 105 240 
4083	72 
4084	121 
4085	212 
4086	112 
4087	13 
4088	62 
4089	115 
4090	139 
4091	105 
4092	198 
4093	160 
4094	171 
4095	90 
4096	212 
4097	133 
4098	241 
4099	7 
4100	142 
4101	178 
4102	240 
4103	8 
4104	217 
4105	190 
4106	44 
4107	60 
4108	115 
4109	221 
4110	31 
4111	6 
4112	81 
4113	48 
4114	34 
4115	245 
4116	141 
4117	60 
4118	35 
4119	4 
4120	47 
4121	59 112 198 
4122	79 
4123	235 
4124	206 
4125	23 97 124 
4126	171 
4127	193 
4128	9 
4129	118 
4130	81 
4131	30 
4132	11 45 163 
4133	118 
4134	154 
4135	167 
4136	219 
4137	17 
4138	223 
4139	201 
4140	35 
4141	16 82 185 
4142	219 
4143	199 
4144	137 
4145	162 
4146	56 
4147	129 
4148	149 
4149	35 
4150	30 
4151	232 
4152	149 
4153	56 
4154	237 
4155	137 
4156	34 
4157	157 
4158	79 
4159	162 
4160	50 
4161	235 
4162	140 
4163	98 154 210 
4164	11 83 212 
4165	107 
4166	33 
4167	132 
4168	172 
4169	49 
4170	151 
4171	48 
4172	157 
4173	123 
4174	192 
4175	50 
4176	72 
4177	17 
4178	63 
4179	18 
4180	130 
4181	90 
4182	136 
4183	90 
4184	242 
4185	58 
4186	18 
4187	137 
4188	88 
4189	28 98 105 
4190	190 
4191	225 
4192	18 
4193	45 
4194	180 
4195	231 
4196	182 
4197	166 
4198	154 
4199	166 
4200	242 
4201	72 
4202	154 
4203	176 
4204	69 
4205	240 
4206	17 
4207	43 
4208	38 200 227 
4209	67 
4210	74 
4211	31 
4212	59 
4213	14 
4214	66 
4215	235 
4216	67 
4217	202 
4218	146 155 211 
4219	1 55 221 
4220	53 
4221	57 
4222	180 
4223	82 
4224	224 
4225	80 
4226	223 
4227	31 
4228	158 
4229	13 
4230	35 
4231	49 
4232	195 
4233	83 97 238 
4234	225 
4235	85 
4236	137 
4237	195 
4238	183 
4239	186 
4240	190 
4241	146 
4242	80 136 185 
4243	2 
4244	171 
4245	56 
4246	2 
4247	152 
4248	14 
4249	231 
4250	55 
4251	56 
4252	159 
4253	205 
4254	16 
4255	161 
4256	98 
4257	181 195 225 
4258	125 
4259	239 
4260	206 
4261	125 
4262	63 
4263	187 
4264	102 
4265	71 
4266	245 
4267	105 
4268	14 
4269	239 
4270	57 
4271	240 
4272	112 
4273	146 
4274	97 
4275	58 
4276	103 
4277	122 
4278	69 
4279	231 
4280	137 
4281	33 
4282	43 
4283	175 
4284	235 
4285	157 
4286	28 
4287	201 
4288	195 
4289	142 
4290	202 
4291	206 
4292	63 
4293	15 
4294	152 
4295	118 
4296	5 
4297	243 
4298	129 
4299	141 223 243 
4300	79 
4301	147 
4302	212 
4303	116 
4304	66 
4305	139 
4306	44 65 227 
4307	50 
4308	211 
4309	162 
4310	55 
4311	183 
4312	141 
4313	206 
4314	85 
4315	30 232 239 
4316	107 
4317	55 89 103 
4318	101 
4319	66 
4320	142 
4321	44 
4322	50 66 85 
4323	43 
4324	154 
4325	225 
4326	240 
4327	118 
4328	74 
4329	31 
4330	80 
4331	205 
4332	146 
4333	38 56 154 
4334	146 
4335	168 
4336	205 
4337	38 
4338	89 
4339	2 
4340	88 
4341	30 121 131 
4342	175 
4343	21 
4344	106 
4345	32 136 164 
4346	71 
4347	81 
4348	52 
4349	164 
4350	121 
4351	83 183 185 
4352	15 
4353	157 
4354	85 
4355	149 
4356	33 
4357	30 
4358	104 
4359	85 
4360	64 
4361	180 
4362	84 
4363	206 
4364	90 
4365	15 
4366	171 
4367	41 
4368	60 
4369	50 
4370	159 
4371	116 
4372	141 
4373	9 39 107 
4374	198 
4375	198 
4376	22 42 184 
4377	61 
4378	175 
4379	13 176 211 
4380	164 
4381	112 
4382	185 
4383	69 188 243 
4384	13 232 236 
4385	4 111 231 
4386	21 
4387	107 111 184 
4388	21 
4389	60 
4390	227 
4391	140 
4392	80 
4393	12 83 159 
4394	171 
4395	59 
4396	13 
4397	150 
4398	46 166 184 
4399	71 
4400	55 
4401	82 
4402	80 
4403	38 
4404	226 
4405	138 
4406	142 
4407	101 
4408	52 
4409	211 
4410	34 
4411	175 177 193 
4412	43 
4413	107 
4414	4 53 140 
4415	17 
4416	189 
4417	52 
4418	239 
4419	146 
4420	13 
4421	221 
4422	136 
4423	123 
4424	167 
4425	80 
4426	45 
4427	190 
4428	185 
4429	235 
4430	186 
4431	137 
4432	112 
4433	205 
4434	139 
4435	52 
4436	139 
4437	6 
4438	240 
4439	227 
4440	229 
4441	62 201 224 
4442	164 
4443	89 186 204 
4444	237 
4445	60 
4446	31 125 134 
4447	171 
4448	221 
4449	33 
4450	9 103 226 
4451	193 
4452	206 
4453	41 50 217 
4454	16 45 65 
4455	183 
4456	46 
4457	122 
4458	31 
4459	60 61 64 
4460	118 
4461	82 
4462	227 
4463	136 
4464	15 
4465	217 
4466	11 31 201 
4467	158 
4468	126 
4469	61 
4470	16 72 205 
4471	31 
4472	39 75 104 
4473	240 
4474	89 
4475	189 
4476	131 
4477	186 
4478	7 
4479	82 
4480	237 
4481	60 
4482	116 
4483	61 
4484	107 
4485	186 
4486	171 
4487	79 90 221 
4488	158 211 224 
4489	139 
4490	84 
4491	16 
4492	33 66 146 
4493	66 
4494	180 
4495	49 
4496	33 
4497	183 
4498	110 178 234 
4499	229 
4500	55 
4501	43 
4502	64 
4503	41 
4504	16 
4505	123 
4506	107 
4507	17 178 197 
4508	180 
4509	59 141 239 
4510	214 
4511	175 
4512	33 
4513	15 
4514	90 
4515	239 
4516	227 
4517	171 
4518	80 212 225 
4519	199 
4520	14 
4521	13 
4522	58 
4523	211 
4524	235 
4525	26 50 137 
4526	49 
4527	141 
4528	19 
4529	41 88 155 
4530	55 177 241 
4531	154 
4532	39 84 139 
4533	138 
4534	11 43 214 
4535	21 
4536	214 
4537	13 
4538	129 
4539	34 
4540	19 
4541	125 
4542	70 163 235 
4543	175 
4544	55 122 221 
4545	190 
4546	30 
4547	131 
4548	43 
4549	19 143 153 
4550	142 
4551	28 
4552	118 
4553	60 
4554	142 
4555	66 
4556	89 
4557	234 
4558	118 
4559	115 146 151 
4560	56 
4561	167 
4562	56 
4563	16 
4564	90 
4565	239 
4566	79 
4567	46 175 234 
4568	237 
4569	7 
4570	55 
4571	158 
4572	16 175 226 
4573	51 117 180 
4574	159 
4575	129 
4576	147 
4577	205 
4578	30 
4579	58 
4580	139 
4581	226 
4582	89 
4583	116 
4584	136 
4585	110 
4586	63 
4587	237 
4588	180 
4589	116 
4590	34 
4591	90 
4592	14 17 159 
4593	90 
4594	139 
4595	38 
4596	155 
4597	138 
4598	103 
4599	83 
4600	85 
4601	137 
4602	129 
4603	166 
4604	48 171 201 
4605	164 
4606	97 178 186 
4607	50 
4608	243 
4609	45 
4610	77 177 214 
4611	106 
4612	103 172 230 
4613	84 
4614	121 
4615	129 
4616	207 
4617	107 123 219 
4618	125 
4619	112 
4620	141 
4621	32 51 240 
4622	207 
4623	237 
4624	238 
4625	21 
4626	88 238 239 
4627	75 
4628	41 
4629	44 
4630	71 120 225 
4631	61 
4632	166 
4633	186 
4634	139 
4635	53 
4636	172 
4637	123 
4638	79 
4639	18 192 242 
4640	38 
4641	139 
4642	56 
4643	237 
4644	121 
4645	63 
4646	70 112 147 
4647	21 
4648	126 
4649	201 
4650	225 
4651	25 77 83 
4652	226 
4653	185 
4654	229 
4655	21 
4656	158 
4657	226 
4658	88 
4659	164 
4660	110 
4661	85 104 167 
4662	92 113 126 
4663	141 
4664	180 
4665	51 131 162 
4666	177 
4667	229 
4668	227 
4669	234 
4670	154 
4671	38 
4672	185 
4673	58 
4674	237 
4675	19 
4676	212 
4677	66 
4678	198 
4679	15 
4680	41 
4681	112 
4682	237 
4683	211 
4684	139 
4685	83 
4686	227 
4687	15 
4688	138 
4689	232 
4690	71 
4691	214 
4692	71 77 243 
4693	18 50 55 
4694	136 
4695	50 
4696	13 35 107 
4697	85 
4698	205 
4699	226 
4700	138 
4701	137 
4702	69 
4703	177 
4704	17 74 204 
4705	112 
4706	206 
4707	201 
4708	102 
4709	14 
4710	82 
4711	102 
4712	19 
4713	202 221 232 
4714	186 
4715	66 110 150 
4716	72 
4717	57 129 136 
4718	88 
4719	61 
4720	105 138 155 
4721	45 
4722	50 
4723	16 
4724	177 
4725	142 
4726	34 118 129 
4727	129 227 239 
4728	171 
4729	201 
4730	102 
4731	106 127 136 
4732	166 
4733	211 
4734	240 
4735	1 51 141 
4736	239 
4737	38 
4738	185 
4739	30 
4740	58 
4741	185 
4742	46 
4743	137 
4744	131 
4745	139 
4746	172 
4747	13 
4748	201 
4749	240 
4750	234 
4751	190 
4752	167 
4753	207 
4754	167 
4755	43 
4756	121 
4757	154 
4758	90 139 169 
4759	212 
4760	50 
4761	84 89 158 
4762	239 
4763	21 
4764	136 
4765	159 
4766	211 
4767	115 
4768	139 206 217 
4769	43 205 206 
4770	46 
4771	136 
4772	16 80 214 
4773	227 
4774	14 
4775	17 
4776	131 
4777	186 
4778	46 
4779	94 150 217 
4780	17 
4781	107 
4782	214 
4783	60 
4784	136 162 218 
4785	76 151 207 
4786	36 178 180 
4787	46 59 92 
4788	172 
4789	80 
4790	53 
4791	207 
4792	142 
4793	112 
4794	212 
4795	201 
4796	117 139 141 
4797	115 
4798	167 
4799	180 
4800	126 
4801	171 
4802	83 
4803	240 
4804	229 
4805	150 
4806	158 
4807	221 
4808	69 100 224 
4809	56 
4810	126 
4811	41 183 224 
4812	206 
4813	150 
4814	158 
4815	5 63 186 
4816	84 
4817	186 
4818	171 
4819	226 
4820	30 
4821	201 
4822	19 
4823	154 
4824	56 
4825	175 
4826	85 
4827	146 
4828	141 198 212 
4829	136 
4830	221 
4831	61 
4832	21 203 240 
4833	41 
4834	38 
4835	227 
4836	142 
4837	142 226 245 
4838	85 
4839	53 
4840	14 
4841	141 157 235 
4842	185 
4843	139 
4844	142 
4845	137 
4846	71 131 195 
4847	20 115 193 
4848	227 
4849	91 101 150 
4850	229 
4851	46 
4852	206 
4853	171 
4854	186 
4855	158 
4856	55 
4857	8 84 213 
4858	121 
4859	69 
4860	31 
4861	46 129 134 
4862	206 
4863	167 
4864	186 
4865	129 
4866	221 
4867	137 
4868	31 
4869	32 136 140 
4870	207 
4871	53 
4872	19 
4873	235 
4874	84 
4875	69 
4876	84 
4877	31 
4878	137 
4879	61 
4880	50 
4881	73 160 212 
4882	71 
4883	131 
4884	6 176 201 
4885	46 
4886	69 
4887	227 
4888	206 
4889	56 
4890	158 178 240 
4891	235 
4892	194 198 216 
4893	39 55 116 
4894	142 
4895	107 140 237 
4896	112 
4897	225 
4898	235 
4899	121 
4900	38 
4901	55 162 189 
4902	186 
4903	137 
4904	185 
4905	201 
4906	129 
4907	239 
4908	207 
4909	167 
4910	137 
4911	201 
4912	225 
4913	235 
4914	158 
4915	60 110 190 
4916	80 
4917	53 62 220 
4918	118 
4919	154 
4920	115 
4921	19 
4922	136 
4923	31 
4924	30 
4925	207 
4926	85 
4927	139 
4928	15 
4929	172 185 199 
4930	227 
4931	166 
4932	45 
4933	115 
4934	71 
4935	13 49 197 
4936	167 
4937	207 
4938	46 
4939	84 
4940	136 
4941	121 
4942	85 
4943	225 
4944	45 
4945	235 
4946	84 88 142 
4947	225 
4948	56 
4949	185 
4950	84 85 166 
4951	139 
4952	158 
4953	115 
4954	41 165 172 
4955	15 
4956	19 48 230 
4957	30 
4958	201 
4959	30 
4960	85 
4961	109 156 184 
4962	41 129 147 
4963	45 
4964	201 
4965	56 
4966	158 171 185 
4967	115 142 160 
4968	32 39 96 
4969	71 73 198 
4970	38 78 160 
4971	53 
4972	167 
4973	22 53 115 
4974	15 
4975	21 
4976	167 
4977	44 103 132 
4978	30 
4979	175 
4980	107 143 209 
4981	166 
4982	225 
4983	166 
4984	3 60 83 
4985	53 
4986	15 
4987	167 
4988	121 
4989	30 121 174 
4990	77 147 156 
4991	37 85 224 
4992	137 
4993	201 
4994	239 
4995	142 
4996	19 237 243 
4997	103 130 243 
4998	139 
4999	21 200 217 
5000	121 
