1 4960
2 4934
3 2280
4 4747
5 4775
6 4995
7 4916
8 4949
9 4788
10 4624
11 4906
12 4971
13 2875 4149
14 4475
15 2280
16 4608
17 4718 4788 4971
18 1880
19 4965
20 4879
21 4740
22 3931
23 4788
24 4184
25 4856
26 4916
27 4747
28 2603
29 3033
30 3243
31 2595
32 4963
33 4805
34 4723
35 4159
36 3070
37 3491
38 4576
39 4723
40 4934
41 4879
42 4765
43 4923
44 4347
45 3711
46 2692
47 4979
48 3863
49 1253
50 4355
51 4663
52 3342
53 4159
54 4274
55 4940
56 2875
57 3931 4751
58 4834
59 4810
60 3326
61 4643
62 4663
63 3823
64 3369
65 5000
66 5000
67 4751
68 4724
69 4677
70 4624
71 3387
72 4660
73 4698
74 4030
75 5000
76 4627
77 4519
78 3033
79 4766
80 4747
81 3296
82 4073
83 986
84 4475
85 1962
86 4921
87 2875
88 4750
89 4598
90 4979
91 4170
92 4765
93 4886
94 3892
95 3258
96 4919
97 2425 2928
98 1880
99 3963
100 4830
101 4290
102 4886
103 2620
104 4710
105 3542
106 4495
107 4805
108 4637
109 4159
110 4659
111 3408
112 4934
113 4475
114 2565 4410
115 3993
116 4710
117 4888
118 1253
119 1588
120 4983
121 4937
122 4740
123 3924
124 4938
125 4274
126 4637
127 4624
128 4747
129 4987
130 4993
131 4255
132 2280
133 2725
134 4975
135 4963
136 4805
137 4586
138 4224
139 4678
140 3568
141 4184
142 4883
143 3514
144 4643
145 4975
146 1880 3993
147 4186
148 4883
149 3823
150 1588
151 4582
152 4589
153 4643
154 4902
155 4279
156 4069
157 4593
158 4170
159 3542
160 2280
161 2875
162 4077 4209
163 4781
164 3490
165 4775
166 4803
167 4186
168 4437
169 4971
170 4805
171 3568
172 4279
173 3568 4279
174 4850
175 4698
176 4759
177 4805
178 3443
179 4576
180 4073 4856
181 4065
182 4975
183 3561
184 4834
185 4919
186 4113
187 4596
188 4788
189 4939
190 4938
191 4437
192 4186
193 4576
194 4629
195 5000
196 4949
197 4982
198 4596
199 4589
200 4986
201 4983
202 4358
203 2280
204 4880
205 3720
206 2692
207 4167
208 4960
209 4410
210 4328
211 3108
212 4149
213 4827
214 4830
215 4638
216 4077
217 1248
218 4730
219 4978
220 4998
221 4637
222 4294
223 4730
224 4781
225 4255
226 4953
227 4949
228 4810
229 5000
230 4495
231 3243
232 3307 4827
233 4978
234 4290
235 4937
236 4347
237 5000
238 4983
239 4856
240 4759
241 4799 4934
242 3660
243 4896
244 4196
245 3342
246 3754
247 2599
248 4077
249 4751
250 4937
251 4952
252 4417
253 4883
254 4142
255 4888
256 4128
257 4041
258 4986
259 4853
260 4953
261 3495
262 4998
263 4589
264 4677
265 4285 4611 4638
266 4840
267 4810
268 4805
269 5000
270 1771
271 4077
272 4827
273 4971
274 4953
275 4938 4979 4983
276 4916
277 4660
278 3711
279 1248
280 3171
281 4934
282 3287
283 4830
284 3863
285 3508
286 4335
287 4834
288 4765
289 4834
290 4294
291 4802
292 4961
293 3012
294 4678
295 4750
296 4934
297 4451
298 4918
299 4833
300 4101
301 4930
302 4285
303 4677
304 4593
305 4963
306 4497
307 4285
308 2975
309 3715
310 1880
311 4971
312 4496
313 4209
314 4805
315 4128
316 3514
317 4678
318 3695
319 4196
320 4700
321 4939
322 3542
323 4290
324 4939
325 4940
326 4159
327 5000
328 4992
329 4608
330 3946
331 4495
332 4457
333 4921
334 3070
335 3946
336 4937
337 4888
338 4799
339 3566
340 3863
341 4819
342 4689
343 4995
344 3863
345 1253
346 1253
347 3711
348 4285
349 4856
350 3963 4263
351 4209
352 4073
353 4740
354 3070 4723
355 4992
356 3629
357 3623
358 3171
359 3970
360 4975
361 4781
362 4759
363 4270
364 3421
365 4088
366 3823
367 3491
368 3033
369 4596
370 4457
371 4751
372 3542
373 4788
374 4940
375 3012
376 4519
377 3954 4232
378 4803
379 4270
380 4335
381 3012
382 4781
383 4285
384 4783
385 3421
386 4700
387 2990
388 4149
389 4457
390 3980
391 3934
392 4971
393 4643
394 4998
395 4975
396 3408 4921
397 4819
398 4209
399 4224
400 4451
401 4451
402 2692
403 4983
404 4627
405 3973
406 4960
407 3545
408 4077
409 4802
410 5000
411 1248
412 3645
413 4678
414 3623
415 4716
416 4716
417 4937
418 4978
419 3823
420 4627
421 4041
422 4569
423 4730
424 4582
425 4819
426 4180
427 4751
428 3973
429 3629
430 2990 3545
431 3623
432 4437
433 1588
434 3892
435 4781
436 4995
437 4833
438 4781
439 4802
440 4659
441 4982
442 4611
443 4986
444 4802
445 3108
446 3108
447 4998
448 4799
449 3566
450 4724
451 4274
452 3342
453 4979
454 3206
455 3342
456 4840
457 4339
458 4358
459 4983
460 4840
461 4582
462 3720
463 4883
464 4888
465 3993
466 4963
467 4975
468 3946
469 4986
470 3401
471 4983
472 3355
473 4077
474 4751
475 3863
476 4949
477 2565
478 4975
479 4766
480 4755
481 4983
482 1771
483 3326
484 4740
485 4747
486 4937
487 5000
488 4270
489 4263
490 3623
491 4939
492 4879
493 4618
494 3711
495 4805
496 4167
497 4940
498 2620
499 3645
500 4339
501 2565
502 4660
503 4700
504 3421
505 5000
506 2725
507 4627
508 4270 4840
509 4608
510 3980
511 4347
512 3566
513 4938
514 4698
515 4830
516 4939
517 3513
518 4723
519 4586
520 4457
521 3970
522 4170
523 4270
524 4180
525 4660
526 4751
527 3872
528 4339
529 4923
530 4660
531 4960
532 3307
533 4783
534 4608
535 4953
536 4496
537 3823
538 3342
539 3070
540 4802
541 4496
542 4718
543 3568
544 4186
545 4088
546 2975
547 4886
548 4765
549 4700
550 4978
551 3171
552 4755
553 3206
554 4945
555 4723
556 4765
557 3033
558 4834
559 4810
560 4880
561 4496
562 3287
563 4417
564 3491
565 3108
566 4410
567 4180
568 3342
569 4053
570 5000
571 4209
572 4608
573 4437
574 3499 3561
575 4856
576 4624
577 4759
578 4850
579 4069
580 3963
581 4437
582 4949
583 3606
584 5000
585 3684
586 3566
587 4077
588 4142
589 4004
590 3963
591 4938
592 4965
593 4856
594 986
595 4255
596 3307
597 3754
598 4286
599 4285
600 2565 3872
601 3677 4751
602 4101
603 4073
604 3818
605 3369
606 4519
607 3171
608 2226
609 4347
610 4618
611 4519
612 4986
613 4963
614 3863
615 4678
616 4149
617 3264
618 4782
619 4159
620 4953
621 4196
622 3924
623 4589 4819
624 4724
625 4888
626 4939
627 4963
628 4952
629 5000
630 4410
631 4883
632 4975
633 4937
634 4355
635 4833
636 3980
637 4805
638 4451
639 4391
640 3038
641 4410
642 4978
643 4906
644 3499
645 4978
646 4495
647 4196
648 3421
649 3243 4747
650 4994
651 4803
652 4290
653 4923
654 3946
655 4994
656 3264
657 4995
658 4417
659 4923
660 4659
661 3050
662 4919
663 4149
664 4710
665 3973
666 3970
667 4883
668 4611
669 4939
670 4803
671 1771
672 3895
673 4805
674 4391
675 4659
676 3387
677 2692 3900
678 4519
679 4724
680 2595
681 2692
682 4810
683 4810
684 3508
685 4963
686 3545 4975
687 4417
688 4952
689 3206
690 4659
691 3711
692 4730
693 4963
694 3012
695 4963
696 4678
697 4840
698 4938
699 4041
700 4975
701 4750
702 3401
703 4624
704 3677 4576
705 4923
706 4923
707 2226
708 4978
709 4853
710 4451
711 4451
712 4983
713 4167
714 2692
715 4417
716 4663
717 2725
718 4886
719 4593
720 4740
721 4883
722 4906
723 3490
724 3561
725 4751
726 4678
727 2928
728 4057
729 2599
730 3492
731 4919
732 4934
733 1248
734 4391
735 4883
736 4833
737 4328
738 3492
739 4939
740 3492
741 4677
742 4730
743 4186
744 4286
745 4740
746 4627
747 4285
748 4659
749 4689
750 4290 4994
751 4853
752 4077
753 4982
754 4660
755 4608 4730
756 4971
757 3695
758 4930
759 4940
760 4279 4586
761 4347
762 4939
763 4765
764 4088
765 4659
766 4886 4937 4945
767 4740
768 3924
769 1588
770 4945
771 3818
772 4263
773 4576
774 4294
775 3954
776 4255
777 3307
778 4716
779 3963
780 3892
781 4723
782 4963
783 4834
784 4978
785 4167
786 4232
787 2280
788 3720
789 4937
790 3823
791 2692
792 4186
793 4934
794 4853
795 4965
796 3495
797 3973
798 4637
799 4290
800 4186
801 4918
802 4782
803 4286
804 4186
805 4986
806 3326
807 4339
808 4810
809 3038
810 4255
811 4589
812 4255
813 4934
814 4730
815 4979
816 4830
817 4937
818 4627
819 4963
820 3568
821 4810
822 4766
823 1962
824 4629
825 4232
826 3495
827 4410
828 3811 4627
829 4998
830 4700
831 4596
832 4495
833 3872
834 4775
835 4937
836 4902
837 2565 4805
838 3946
839 4982
840 4255
841 4802
842 3401
843 4294
844 4802
845 3818
846 3355
847 1771
848 4290
849 3258
850 4065
851 4689
852 4724
853 4975
854 4995
855 3970
856 4805
857 4975
858 4637
859 4627
860 4987
861 4358
862 4896
863 4638
864 4064
865 4149
866 4963
867 4782
868 4803
869 4960
870 4939
871 4608
872 2875
873 4196
874 4069 4663
875 4993
876 3264
877 4643
878 4065
879 4339
880 3490
881 4896
882 4805
883 4987
884 2603
885 4781
886 4437
887 4391
888 4834
889 3606
890 4934
891 4740
892 4586
893 4407
894 4496
895 4270
896 3033
897 4975
898 3980
899 4975
900 4830
901 4983
902 4945
903 4710
904 2599
905 4819
906 4723
907 4724
908 4880
909 4953
910 4355
911 4802
912 4618
913 4586
914 3754
915 5000
916 3895
917 4879
918 4923
919 4802
920 4184
921 4255 4856
922 4971
923 4407
924 4285
925 1253
926 4930
927 4689
928 4355
929 4569
930 2595
931 3715
932 4916
933 4949
934 4740
935 3206
936 3715
937 4457
938 4803
939 4355
940 4983
941 4916
942 3342
943 4888
944 4934
945 4750 4883
946 4960
947 3970
948 4755
949 4142
950 3970
951 4660
952 4659
953 3264
954 1588
955 4519
956 4987
957 4940
958 4618
959 4994
960 3811
961 4113
962 2595
963 4057
964 4937
965 3946
966 3660 4041
967 4064
968 4856
969 4934
970 4184
971 4879
972 4519
973 2692
974 4224
975 4979
976 4918
977 4339
978 4088
979 4593
980 4437
981 4286
982 3408 4689
983 3811
984 4724
985 4751
986 986
987 4638
988 4803
989 1253
990 4755
991 4994
992 4611
993 4916
994 1771
995 1771
996 4921
997 3296
998 4347
999 4740
1000 4064
1001 4963
1002 4700
1003 4740
1004 4750
1005 4833
1006 4994
1007 4994
1008 4765
1009 3695
1010 2623
1011 3695
1012 4064 4637
1013 1880
1014 4975
1015 4519
1016 4724
1017 4263
1018 4978
1019 4938
1020 4853
1021 4629
1022 4149
1023 4992
1024 1771
1025 1771 4457
1026 4186
1027 4975
1028 4186
1029 4495
1030 4417
1031 4963
1032 4391
1033 3561
1034 3401
1035 4906
1036 4759
1037 4660
1038 4937
1039 4142
1040 4819
1041 4803
1042 4945
1043 4880
1044 3963
1045 4274 4596
1046 4088
1047 3514
1048 4355
1049 4718
1050 4979
1051 3012
1052 4896
1053 4586
1054 4041
1055 3038
1056 4979
1057 4718
1058 4961
1059 3900
1060 4919
1061 4994
1062 4716
1063 4963
1064 4073
1065 3993
1066 4751
1067 3545
1068 4803
1069 986
1070 4270
1071 3954
1072 4637
1073 4410
1074 4986
1075 4923
1076 3258
1077 3287
1078 4833
1079 4995
1080 4982
1081 3900
1082 4810
1083 4971
1084 4998
1085 3934
1086 4637
1087 4627
1088 4953
1089 4004
1090 4833
1091 4834
1092 4255
1093 4077 4755
1094 3818
1095 4407
1096 2725
1097 4918
1098 4663
1099 4979
1100 4519
1101 4751
1102 3963
1103 4497
1104 1880
1105 4978
1106 4747 4975
1107 3934
1108 4965
1109 4850
1110 3818
1111 1253 4627 4819
1112 4417
1113 3963
1114 4224
1115 4064
1116 2226
1117 4451
1118 3492
1119 4751
1120 3684
1121 1962 2565
1122 4407
1123 4410
1124 4718
1125 4919
1126 4830
1127 4992
1128 3342
1129 4987
1130 1962
1131 4475
1132 4663
1133 3660 4407
1134 4270
1135 4569
1136 3930
1137 3070
1138 4906
1139 4992
1140 4783
1141 4975
1142 4940
1143 4960
1144 3623
1145 4475
1146 4196
1147 4064
1148 4497 4975
1149 4782
1150 4417
1151 4979
1152 2565
1153 3342
1154 4286
1155 4953
1156 4663
1157 4775
1158 3606
1159 4934
1160 4750
1161 4660
1162 2692
1163 1588
1164 3514
1165 4065
1166 4689 4805
1167 4391
1168 4495
1169 3629
1170 2280 4723
1171 4598
1172 4624
1173 4410 4751
1174 4437
1175 4710
1176 4698
1177 4582
1178 4850
1179 4850
1180 4830
1181 4930
1182 4830
1183 3720
1184 4799
1185 4918
1186 4747 4850 4886
1187 4740
1188 3514
1189 1771
1190 4689
1191 3508
1192 3623
1193 4766
1194 4834
1195 986
1196 4224
1197 4803
1198 4285
1199 4057
1200 4918
1201 3171
1202 4751
1203 1253
1204 4850
1205 4700
1206 4975
1207 2975
1208 1588
1209 4963
1210 4949
1211 4952
1212 4328
1213 4879
1214 4833
1215 4888
1216 4700
1217 1771
1218 4747
1219 4799
1220 3568
1221 4710
1222 4407
1223 4589
1224 3970
1225 4638 4799
1226 4723
1227 4775
1228 4987
1229 3818
1230 3369
1231 3818
1232 4065
1233 3660
1234 3012
1235 2771
1236 3924
1237 4730
1238 4975
1239 5000
1240 4939
1241 4788
1242 4355
1243 4802
1244 4755
1245 4184
1246 4971
1247 4475
1248 1248
1249 4766
1250 4971
1251 4945
1252 4677
1253 1253
1254 3934
1255 4983
1256 4992
1257 2771 3684
1258 4965
1259 3684
1260 4993
1261 3542
1262 4700
1263 4921
1264 3623 4495
1265 4993
1266 4142
1267 3684
1268 3307
1269 4077
1270 4618
1271 4073
1272 4700 4830
1273 4582
1274 4710
1275 4998
1276 4710
1277 4391
1278 3342
1279 4759
1280 4945
1281 4992
1282 4803
1283 3946 4963
1284 3993
1285 4270
1286 4495
1287 3490
1288 4978
1289 4781
1290 1962
1291 3715 4339
1292 4643
1293 2623
1294 4598
1295 4637
1296 3934
1297 4004
1298 4830
1299 4747
1300 4286
1301 4004
1302 4923
1303 3050
1304 4906
1305 4497
1306 3508
1307 4830
1308 4030
1309 4961
1310 4678
1311 3872
1312 4638
1313 3370
1314 4279
1315 3715
1316 4751
1317 4730
1318 4830
1319 4475
1320 4799
1321 4986
1322 3307
1323 4949
1324 4723
1325 4437
1326 3963
1327 3050 4965
1328 4827
1329 4953
1330 4921
1331 3818 4582
1332 3038
1333 3711
1334 4069
1335 4660
1336 4896
1337 4718
1338 4159
1339 4918
1340 3754 3872
1341 3443
1342 4930
1343 4170
1344 3342 4747
1345 4886
1346 4888
1347 4041
1348 4952
1349 4755
1350 3499
1351 4196
1352 4788
1353 3355
1354 4975
1355 2425
1356 4004
1357 4840
1358 4751
1359 4598
1360 4407
1361 4263
1362 4759
1363 4805
1364 4827
1365 4799
1366 4919
1367 4437
1368 4880
1369 4335
1370 4986
1371 4391
1372 4805
1373 3342
1374 4030
1375 3421
1376 3038
1377 4689
1378 4923
1379 4827
1380 4993
1381 4998
1382 4294
1383 4184
1384 4582
1385 4759
1386 4638
1387 4407
1388 4965
1389 4057
1390 4979
1391 1962 4937
1392 4986
1393 4065
1394 4960
1395 4850
1396 4750
1397 2875
1398 4582 4979
1399 4916
1400 3038
1401 4978
1402 4495
1403 3545
1404 3695
1405 4833
1406 4934
1407 4834
1408 4569
1409 3993 4979
1410 4750
1411 4759
1412 4608
1413 4128
1414 4073
1415 4224
1416 3805
1417 4902
1418 4586
1419 2928
1420 3070
1421 4660
1422 4286 4637
1423 4101 4883
1424 4834
1425 4128
1426 4407
1427 4724
1428 2565
1429 2692 4995
1430 4983
1431 2425
1432 4347
1433 3924
1434 4286
1435 3645
1436 4916
1437 4938
1438 3872
1439 3931
1440 4971
1441 4073
1442 4919
1443 4180
1444 3895
1445 4978
1446 4730
1447 4799
1448 2928
1449 4952
1450 3895
1451 3863
1452 4939
1453 4921
1454 4766
1455 4496
1456 3296
1457 3973
1458 4853
1459 4993
1460 4724
1461 3568
1462 3296
1463 4987
1464 4975
1465 4782
1466 4986
1467 3818
1468 4643
1469 4689
1470 3495
1471 4930
1472 4637
1473 4998
1474 4582
1475 4677
1476 4328
1477 4906
1478 4677
1479 4937
1480 4069
1481 2725
1482 4328
1483 4979
1484 1588
1485 3715
1486 3408
1487 4407
1488 4724 4747
1489 4775
1490 4833
1491 3805
1492 3754
1493 4788
1494 4937
1495 4952
1496 4906
1497 4949
1498 4987
1499 4627
1500 4963
1501 4834
1502 4740
1503 3931
1504 4888
1505 4960
1506 4919
1507 4979
1508 4799
1509 3050
1510 4965
1511 4598
1512 4971
1513 3033
1514 3307
1515 4937
1516 1588
1517 3931
1518 4960
1519 3342 4677
1520 4834
1521 4952
1522 4830
1523 4740
1524 4781
1525 3863
1526 4495
1527 4883
1528 4274
1529 4788
1530 4142
1531 4940
1532 3715
1533 4270
1534 4834
1535 2620
1536 4830
1537 4799
1538 4830
1539 4637 4921
1540 4934
1541 2928
1542 4921
1543 4979
1544 4879
1545 4987
1546 3171
1547 4940
1548 4971
1549 4751
1550 3645
1551 4589 4916
1552 4576
1553 4775
1554 4971
1555 3660
1556 4939
1557 3963
1558 3970
1559 4934
1560 4586
1561 3677
1562 4270
1563 4750
1564 3342
1565 4759
1566 4519
1567 3287
1568 4949
1569 3754
1570 4475
1571 4916
1572 4170
1573 4232
1574 4982
1575 4982
1576 4853
1577 4755 4840
1578 4945
1579 4598
1580 4576
1581 986 4263
1582 4833
1583 3443
1584 4180
1585 4759
1586 4576
1587 4783
1588 1588
1589 4355
1590 4643
1591 4992
1592 4053
1593 4407
1594 3754
1595 4057
1596 4598
1597 3872
1598 4930
1599 4856
1600 4856
1601 4698
1602 4802
1603 4596
1604 4986
1605 4930
1606 4856
1607 4751
1608 4921
1609 3401
1610 3370
1611 3993
1612 4975
1613 4827
1614 3258
1615 4805
1616 4987
1617 3660
1618 4497
1619 3606
1620 4065
1621 4916
1622 4896
1623 3499 4934
1624 4582
1625 4850
1626 4723
1627 3930
1628 4940
1629 4834
1630 4833
1631 4286
1632 4624
1633 4347
1634 4184
1635 4971
1636 3754
1637 1962
1638 4971
1639 3038
1640 3258
1641 4263
1642 3711
1643 4783
1644 3895
1645 4627
1646 4596
1647 3508
1648 4983
1649 4953
1650 4934
1651 3895
1652 4750
1653 4930
1654 3421
1655 4451
1656 4930
1657 4053
1658 3930
1659 3973 4960
1660 4975
1661 4053
1662 4730
1663 4128
1664 4659
1665 4629
1666 4994
1667 4982
1668 4624
1669 4410
1670 4618
1671 3495
1672 4921 4965
1673 4437
1674 3033
1675 4983
1676 3892
1677 4998
1678 3369
1679 4949
1680 3561
1681 4853
1682 4994
1683 3307
1684 4827
1685 1248
1686 4923
1687 4923
1688 4850
1689 1248
1690 4782
1691 4788
1692 4184
1693 4209
1694 3355
1695 4637
1696 4347
1697 2975
1698 4751
1699 4766
1700 4923
1701 2603 4270
1702 4755
1703 4986
1704 4810
1705 3545
1706 4004
1707 4850
1708 4057
1709 4643
1710 4339
1711 4586
1712 3805
1713 4496
1714 4879 4921
1715 4407
1716 4167
1717 3492
1718 4723
1719 3924
1720 3038
1721 4180
1722 4740
1723 4755
1724 4834
1725 1771
1726 3963
1727 3545
1728 3307
1729 4960
1730 4451
1731 4921
1732 4805
1733 4663
1734 4730
1735 4830
1736 4149
1737 4286
1738 4998
1739 4495
1740 4569
1741 2603 3980
1742 2603
1743 1880
1744 4934
1745 4716
1746 4765
1747 4677
1748 4751
1749 2623
1750 3645
1751 4921
1752 4766
1753 3823
1754 4142
1755 3568
1756 4921
1757 3660
1758 4611
1759 4569
1760 4983
1761 4740
1762 4576
1763 4391
1764 4495
1765 4802
1766 4986
1767 2226
1768 4827
1769 4596
1770 4765
1771 1771
1772 3491
1773 4918
1774 4677
1775 4819
1776 4629
1777 4677
1778 4569
1779 3561
1780 4053
1781 3421
1782 3070
1783 4830
1784 1962
1785 1771
1786 3895
1787 4209
1788 4982
1789 4751
1790 4618
1791 4938
1792 4982
1793 4730
1794 4788
1795 4747
1796 4782
1797 4940
1798 4992
1799 4992
1800 4960
1801 3963
1802 4710
1803 3296
1804 4689
1805 4963
1806 4888
1807 4965
1808 1880
1809 4589
1810 4057
1811 4286
1812 2565
1813 4064
1814 2692
1815 2725
1816 4339
1817 3508
1818 4186
1819 4975
1820 4495
1821 3108
1822 4983
1823 4064
1824 4497
1825 4986
1826 4961
1827 4856
1828 4755
1829 4700
1830 4660
1831 4391
1832 4995
1833 4781
1834 4775
1835 3892
1836 4410 4451
1837 1880
1838 4840
1839 3973
1840 4232
1841 3287
1842 3892
1843 4923
1844 4159
1845 4886
1846 4740
1847 4678
1848 4827
1849 4167
1850 4113
1851 2725
1852 4064
1853 2771
1854 3326
1855 3326 3491
1856 4827
1857 4937
1858 4987
1859 4782
1860 2692
1861 4497
1862 3677
1863 4279
1864 4995
1865 3542
1866 3973
1867 4589
1868 4569
1869 4335
1870 3660
1871 4196
1872 4987
1873 4618
1874 4355
1875 3954
1876 4041
1877 4902
1878 4919
1879 5000
1880 1880
1881 4953
1882 4805
1883 4750
1884 4663 5000
1885 2425
1886 4593
1887 4896
1888 4159
1889 5000
1890 4937
1891 3108
1892 4906
1893 2425 4270
1894 4128
1895 3108
1896 4975
1897 3863
1898 4629
1899 4723
1900 4069
1901 4030
1902 4723
1903 4751
1904 4589
1905 4611
1906 4993
1907 4167
1908 3108
1909 4971
1910 4180
1911 3606
1912 3491
1913 3408
1914 3970
1915 4979
1916 4975
1917 4589
1918 4987
1919 4938
1920 4998
1921 4294
1922 4598
1923 2226
1924 4918
1925 4723
1926 4783
1927 3108
1928 4921
1929 3514
1930 2692
1931 3695
1932 4992
1933 2928
1934 4983
1935 3720
1936 4883
1937 4888
1938 2875
1939 4339
1940 4637
1941 4902
1942 4833
1943 3863
1944 4186
1945 4755
1946 3545
1947 3490
1948 4593
1949 4624
1950 4328
1951 4952
1952 4766
1953 4975
1954 4783
1955 4730
1956 4184
1957 3566
1958 4417
1959 4879
1960 3720
1961 4624
1962 1962
1963 4952
1964 4992
1965 4101 4978
1966 4949
1967 4740
1968 4495
1969 4766
1970 2599
1971 4834
1972 4747
1973 4916
1974 3645
1975 3963
1976 3754
1977 4799
1978 4747
1979 3038
1980 4057
1981 4766
1982 4783
1983 4611
1984 4759
1985 4716
1986 4880
1987 4582
1988 3370
1989 4937
1990 4987
1991 3514
1992 3754
1993 3660
1994 4638
1995 4998
1996 3038
1997 4952
1998 4495
1999 4576
2000 4232
2001 4963
2002 4624
2003 4938
2004 4810
2005 2692
2006 4775
2007 3499
2008 5000
2009 4994
2010 4751
2011 4689
2012 3307
2013 3050
2014 4830
2015 4638
2016 4937
2017 4992
2018 4961
2019 2975
2020 4982
2021 4975
2022 4888
2023 3514
2024 4716
2025 3566
2026 4627
2027 4263
2028 4902
2029 4057
2030 4766
2031 4995
2032 4759
2033 4918
2034 4782
2035 3326
2036 4993
2037 4992
2038 4624
2039 4519
2040 4963
2041 3443
2042 4263
2043 4850
2044 4710
2045 3980
2046 4960
2047 2620
2048 4965
2049 4339
2050 1253
2051 4883
2052 4159
2053 3561
2054 4759
2055 4755 4781
2056 4196
2057 3900
2058 5000
2059 3243
2060 3606
2061 4355
2062 4689
2063 4902
2064 4853
2065 4255
2066 4963
2067 4850
2068 4799
2069 4896
2070 4810 4971
2071 4041
2072 4077
2073 4128
2074 4759
2075 3934
2076 4335
2077 2565
2078 3805
2079 3931
2080 4782
2081 3720
2082 4880
2083 4998
2084 3660
2085 3823
2086 4788
2087 3895
2088 3542
2089 4417
2090 4751
2091 4803
2092 4759
2093 4983
2094 4971
2095 4983
2096 4830
2097 3970
2098 4582
2099 4057
2100 4765
2101 4982
2102 4180
2103 4740
2104 4939
2105 4358
2106 4475
2107 3963
2108 4930
2109 4660
2110 4004
2111 4270
2112 4457
2113 4437
2114 2990
2115 4451
2116 4918
2117 4888
2118 3863
2119 4850
2120 4582
2121 4710
2122 4586 4983
2123 1771
2124 4627
2125 4627
2126 3108
2127 4986
2128 4902
2129 4934
2130 4101
2131 3370
2132 2565
2133 3491
2134 4937
2135 4224
2136 4659
2137 4410
2138 4582 4934
2139 4335
2140 4986
2141 3491
2142 4576
2143 4992
2144 4627 4880
2145 4938
2146 4995
2147 4993
2148 4290
2149 4880
2150 1248
2151 4783 4938
2152 4986
2153 4799
2154 4921
2155 3307
2156 4659
2157 4596
2158 4979
2159 4783
2160 4328 4618
2161 3954
2162 3342
2163 2990
2164 4286
2165 4638
2166 4716
2167 3514
2168 4993
2169 4677
2170 2595
2171 3421
2172 4751
2173 4347
2174 3677
2175 4934
2176 4827
2177 4128
2178 4611 4918
2179 3645
2180 4960
2181 4030
2182 2975
2183 4180
2184 4410
2185 3012
2186 3954
2187 4410 4934
2188 4724
2189 2595
2190 4004
2191 4886
2192 3370
2193 4064
2194 4624
2195 3495
2196 4065
2197 3963
2198 4799
2199 4347
2200 4417
2201 4930
2202 4598
2203 4740
2204 3342
2205 4677
2206 3514
2207 3387
2208 4747 4986
2209 4886
2210 4906
2211 4930
2212 3206
2213 3243
2214 4886
2215 4937
2216 4765
2217 4593
2218 4624
2219 4596
2220 4810
2221 4978
2222 4803
2223 3038
2224 3818
2225 2990
2226 2226
2227 4938
2228 4827
2229 4495
2230 3895
2231 4569
2232 3561
2233 4457
2234 4004 4747
2235 4788
2236 4781
2237 4919
2238 3355
2239 4979
2240 4765
2241 3954
2242 4766
2243 4850
2244 4896
2245 4934
2246 4064
2247 4998
2248 4993
2249 4993
2250 4886
2251 4328
2252 3931
2253 4627
2254 4983
2255 4698
2256 4986
2257 2623
2258 4569
2259 3307
2260 4992
2261 4576
2262 4678
2263 4593
2264 4802
2265 3369
2266 4589
2267 4255
2268 4710
2269 4740
2270 4952
2271 986
2272 4923
2273 3012
2274 4879 4939
2275 2771
2276 4906
2277 4983
2278 4750
2279 3542
2280 2280
2281 4934
2282 3623
2283 4077
2284 1253
2285 3818
2286 2565
2287 3370
2288 3623
2289 4998
2290 4611
2291 4971
2292 4906
2293 3946
2294 4624
2295 3513
2296 4718
2297 3355
2298 4274
2299 3677
2300 3973
2301 3930
2302 4979
2303 4930
2304 3491
2305 4781
2306 4979 4995
2307 1771
2308 4759
2309 4073
2310 4437
2311 4611
2312 4410
2313 4624
2314 3677
2315 2565
2316 4747
2317 4918
2318 4799
2319 4576
2320 3993
2321 3326
2322 4810
2323 4149
2324 4724
2325 3370
2326 4840 4987
2327 4593
2328 4167
2329 4410
2330 3561
2331 4611
2332 4918
2333 4576
2334 4916
2335 4629
2336 4827
2337 3370
2338 4896
2339 3818
2340 4716
2341 4569
2342 4279
2343 2425
2344 4788
2345 4906
2346 4918
2347 4698
2348 4896
2349 4930
2350 1771
2351 4949
2352 3980 4810
2353 4149
2354 4994
2355 3070
2356 4782
2357 4593
2358 3934
2359 4930
2360 4677
2361 4766
2362 3508
2363 4978
2364 4994
2365 3863
2366 4149
2367 4519
2368 2875
2369 4938
2370 4840
2371 4975
2372 4689
2373 4827
2374 4965
2375 4611
2376 4335 4986
2377 4637
2378 4678
2379 4142 4170
2380 4410
2381 4982
2382 4698
2383 4775
2384 3811
2385 4952
2386 3973
2387 4328
2388 4975
2389 3421
2390 3811 4209
2391 4782
2392 4810
2393 4149
2394 4918
2395 4196
2396 4142
2397 3514
2398 4819
2399 2875
2400 4759
2401 4593
2402 3508
2403 4945
2404 1588
2405 3963
2406 4232
2407 4128
2408 4979
2409 4939
2410 4457
2411 4952
2412 4659
2413 4064
2414 4659
2415 3566
2416 4576
2417 4979
2418 4961
2419 4886
2420 4975
2421 4788
2422 4759
2423 4101
2424 4519
2425 2425
2426 3677
2427 4660
2428 4030
2429 3606
2430 3720
2431 4938
2432 4883
2433 4700
2434 3924
2435 4286
2436 2623
2437 4993
2438 4196
2439 4660
2440 4270
2441 4930
2442 4407
2443 2599
2444 4624
2445 4879
2446 4497
2447 3818 4961
2448 4916
2449 4939
2450 4335
2451 2620
2452 4856
2453 4799
2454 4799
2455 3370
2456 3954
2457 4496
2458 3872
2459 4940
2460 3514 4986
2461 4611
2462 4451
2463 4740
2464 4834
2465 4700
2466 4270
2467 4698
2468 4274
2469 4659
2470 3629
2471 3963
2472 3369
2473 4888
2474 4788
2475 4065
2476 4883
2477 3963
2478 4718
2479 2280
2480 4077
2481 4879
2482 4004
2483 4983
2484 3033
2485 4819
2486 4879
2487 4608
2488 3805
2489 4916
2490 2771
2491 4073
2492 4611
2493 4775
2494 4982
2495 3108
2496 4971
2497 4611
2498 3495 4938
2499 4856 4886
2500 4983
2501 3946
2502 4923
2503 4586 4965
2504 4879
2505 4766
2506 4678
2507 4994
2508 4698
2509 4740
2510 3568
2511 4410
2512 3038
2513 4971
2514 4971
2515 3264
2516 3108
2517 4781
2518 4159
2519 1962
2520 4596
2521 4896
2522 3012 3677 3715
2523 4263
2524 2623
2525 4718
2526 4921
2527 4971
2528 4919
2529 4519
2530 4940
2531 4766 4963
2532 3606
2533 4347
2534 3606 4290 4983
2535 3823
2536 4716
2537 4355
2538 3307
2539 4983
2540 4766
2541 4992
2542 3443
2543 4180
2544 3050
2545 2565
2546 5000
2547 3645
2548 3287
2549 4618 4965 4993
2550 4069
2551 4921
2552 2603 4880 4994
2553 3307 4065 4519
2554 4638
2555 3606
2556 2623
2557 4978
2558 3805 4358 4853
2559 3645
2560 4916
2561 3677
2562 4916
2563 4921
2564 4629
2565 2565
2566 4495
2567 3514
2568 4663
2569 4918
2570 4993
2571 4159
2572 4730
2573 4077
2574 3408 4993
2575 4410 4919 4995
2576 4593
2577 4710
2578 4918
2579 3070
2580 4724
2581 2771 3684
2582 4677
2583 4263
2584 4921
2585 3050
2586 4598
2587 4765 4945 4960
2588 4519
2589 3387
2590 4629
2591 3900
2592 4902
2593 4730
2594 3307
2595 2595
2596 4629
2597 4663
2598 3342
2599 2599
2600 3370 4995
2601 4159
2602 3754
2603 2603
2604 3895
2605 3924
2606 4618
2607 4759 4879
2608 4994
2609 4589
2610 4783
2611 4971
2612 2280
2613 4629 4718
2614 4030
2615 4294
2616 4952
2617 4982
2618 3954
2619 4065
2620 2620
2621 4698
2622 2692
2623 2623
2624 3684
2625 4279
2626 4987
2627 4975
2628 4993
2629 3660
2630 4965
2631 3492
2632 4209
2633 4883
2634 4355
2635 2603
2636 4856
2637 3930
2638 3443
2639 3973
2640 2623 3720 4952
2641 4799
2642 4689
2643 3342
2644 4919
2645 4978
2646 2595
2647 4004
2648 3342
2649 4747
2650 5000
2651 4834
2652 4637
2653 4975
2654 4983
2655 2990
2656 3513
2657 4659
2658 4755
2659 4995
2660 4355
2661 3954
2662 4497
2663 4285
2664 4975
2665 4930
2666 4358
2667 3421
2668 4700
2669 3070
2670 4960
2671 3684
2672 4995
2673 4834
2674 4840
2675 3401
2676 3823
2677 4716
2678 4953
2679 4938
2680 4799
2681 2603
2682 4886
2683 3623
2684 4290
2685 4880
2686 3606
2687 4834
2688 4982
2689 4918
2690 4886
2691 4698
2692 2692
2693 3258
2694 3695
2695 3499
2696 4718
2697 4496
2698 4159
2699 4255
2700 4827
2701 3930
2702 4930
2703 4700
2704 4834
2705 4775
2706 3934
2707 3645
2708 4101
2709 4810
2710 4629
2711 3243
2712 4638
2713 4041
2714 3629
2715 3326
2716 3258
2717 4856
2718 3243
2719 4978
2720 3038
2721 4886
2722 4833
2723 4677
2724 4255 4993
2725 2725
2726 3895
2727 4906
2728 4961
2729 4347
2730 4995
2731 4113
2732 4457
2733 4294 4723
2734 4053
2735 3805
2736 4906
2737 3514
2738 4730
2739 1248 2595 4880
2740 3818
2741 4766 4982
2742 4883 4945
2743 4689
2744 4618
2745 3108
2746 4065
2747 4186
2748 4170
2749 3954
2750 3684
2751 4963
2752 4224
2753 4128
2754 1253
2755 4833
2756 4073
2757 4593
2758 4827
2759 4663
2760 3369 4659
2761 4457
2762 4618
2763 4952
2764 4451
2765 4497
2766 4495
2767 4919
2768 4057
2769 3206
2770 4765
2771 2771
2772 4827
2773 4994
2774 4170
2775 4986
2776 3973
2777 4624
2778 4960
2779 4952
2780 4919
2781 4030
2782 4971
2783 4339 4618
2784 3954
2785 2425
2786 4994
2787 4781
2788 4596
2789 4833
2790 4938
2791 3818
2792 4819
2793 4186 4949 4994
2794 4113
2795 4993
2796 4677
2797 3012
2798 4916
2799 1253
2800 4451
2801 4410
2802 3811
2803 4637
2804 4638
2805 4921
2806 4618
2807 4569
2808 3408
2809 3342
2810 3934
2811 4953
2812 4678
2813 3606 4940 4975
2814 4918
2815 4833
2816 4992
2817 4391
2818 4004
2819 2990
2820 2565
2821 3287
2822 4978
2823 4987
2824 4065
2825 4775
2826 4965
2827 4069 4475 4643
2828 4355
2829 3892
2830 4856
2831 4678
2832 4677
2833 4128
2834 4993
2835 4930
2836 4077
2837 4643
2838 2595
2839 4810
2840 4627
2841 4993
2842 3711
2843 4975
2844 4627 4819 4945
2845 3499
2846 3931
2847 4978
2848 4775
2849 4186
2850 3296
2851 4916
2852 4998
2853 4004
2854 4724
2855 4896
2856 4965
2857 4113
2858 4939
2859 4938
2860 4069
2861 4902
2862 4355
2863 4799
2864 4819
2865 4184
2866 4834
2867 4586
2868 4788
2869 4660
2870 4995
2871 4407
2872 4057
2873 4939
2874 4611
2875 2875
2876 4410
2877 4339
2878 4953
2879 4982
2880 4627
2881 2623
2882 4593
2883 4906
2884 4437
2885 4982
2886 4232
2887 4971
2888 4113
2889 4965
2890 4963
2891 3754
2892 4274
2893 4750
2894 4279
2895 4339
2896 4975
2897 3623
2898 4906
2899 3823
2900 4232
2901 4971
2902 3050
2903 4987
2904 3715
2905 4998
2906 4987
2907 4960
2908 4982 4986
2909 4718
2910 4294
2911 4810
2912 4963
2913 4391
2914 3993
2915 4819
2916 4987
2917 4496
2918 4788
2919 4937
2920 4576
2921 4994
2922 4113
2923 4663
2924 4918
2925 4886
2926 4888
2927 4569
2928 2928
2929 5000
2930 4783
2931 4751 4975
2932 3568
2933 1771
2934 4638
2935 4497
2936 4765 4802
2937 4209
2938 4638
2939 3963
2940 4939
2941 3720
2942 3508
2943 4888
2944 4004
2945 4834
2946 4853
2947 4180
2948 4643
2949 4142
2950 4963
2951 3171
2952 4069
2953 4660 4663
2954 4819
2955 2565
2956 4678
2957 4611
2958 3954
2959 4783
2960 4998
2961 4979
2962 4940
2963 2226 4902 4983
2964 4937
2965 4993
2966 4279
2967 4608
2968 3307
2969 3754
2970 4921
2971 1771
2972 4263
2973 4659
2974 4030
2975 2975
2976 3264
2977 4457 4919
2978 4923
2979 3258 4637
2980 4224
2981 4781 4979 4993
2982 4723
2983 3369
2984 4883
2985 4775
2986 3421
2987 4945
2988 4724
2989 3823
2990 2990
2991 4961
2992 4916
2993 4724
2994 4294
2995 4755
2996 4451
2997 4184
2998 4975
2999 4750
3000 4975
3001 4833
3002 4660
3003 4069
3004 4880
3005 4765 4982
3006 4953
3007 3050
3008 4270
3009 4358
3010 3805
3011 4919
3012 3012
3013 4880
3014 4986
3015 4830
3016 4065
3017 4896
3018 4678
3019 4994
3020 4975
3021 4937
3022 4589
3023 4170
3024 2990 4274
3025 3355
3026 3545
3027 3370
3028 4952
3029 4608
3030 3443
3031 4902
3032 4747
3033 3033
3034 3443
3035 3720
3036 4598
3037 4576
3038 3038
3039 4660
3040 4457
3041 4593
3042 4979
3043 4065
3044 4410
3045 4660
3046 2725
3047 4598
3048 3973
3049 4417
3050 3050
3051 4803
3052 4987
3053 2928
3054 4586
3055 4627
3056 4759
3057 4618
3058 4902 4960
3059 4497
3060 3514 4751 4975
3061 4782
3062 4747
3063 4978
3064 2599
3065 4886
3066 4053 4358 4960
3067 3326
3068 4934
3069 4077 4698 4856
3070 3070
3071 4782
3072 3513 4750
3073 3823
3074 4065
3075 3264 4886
3076 3401
3077 4937
3078 4883
3079 3499
3080 2990
3081 4960
3082 4495
3083 4830
3084 3720
3085 3970
3086 4886
3087 4965 4975
3088 1253
3089 4902
3090 4755
3091 4113 4856 4987
3092 4803
3093 4593
3094 4992
3095 4930
3096 3296
3097 4880 4953
3098 4775
3099 4879
3100 4918
3101 3491
3102 4335
3103 4995
3104 4128 4978
3105 4782
3106 4853
3107 3970
3108 3108
3109 3342
3110 5000
3111 4775
3112 4391
3113 4586
3114 4391
3115 4659
3116 3606
3117 4945
3118 4689
3119 3050
3120 4328
3121 4186
3122 1253
3123 3954
3124 986
3125 4983
3126 4700
3127 4724
3128 4963
3129 1588
3130 3818
3131 4740
3132 4391
3133 4921
3134 4819
3135 4830
3136 3863
3137 3930
3138 4519
3139 5000
3140 4978
3141 4710
3142 3513
3143 4949
3144 4069
3145 4987
3146 3355 4819
3147 4053 4949
3148 3545
3149 4410
3150 4819
3151 4888
3152 4659 4677
3153 4475
3154 4802
3155 4286
3156 4965
3157 3980
3158 4934
3159 3495 4906
3160 4827 4940
3161 2280
3162 3342
3163 4919
3164 4775 4810
3165 4180
3166 4918
3167 4740
3168 1880
3169 4596 4960
3170 4856
3171 3171
3172 4723
3173 4286
3174 4986
3175 3492
3176 4840 4949
3177 4840
3178 4986
3179 4678
3180 3108
3181 4718
3182 4519
3183 4879
3184 4660
3185 4963
3186 4569
3187 4437
3188 4834
3189 4747
3190 4782 4992
3191 4294
3192 3490
3193 3387 4940
3194 4041
3195 4965
3196 3264
3197 4888
3198 4618
3199 4937
3200 4270 4569
3201 4840
3202 4834
3203 4576 4896 5000
3204 4689
3205 2226 3050
3206 3206
3207 4347 4391
3208 4710
3209 4918
3210 3070 4953
3211 4407
3212 2725
3213 4902
3214 4593
3215 4660
3216 4921
3217 2692
3218 4335
3219 4971
3220 4902 4998
3221 3243 3491
3222 2692
3223 4921
3224 3946
3225 3258
3226 4923
3227 3900
3228 4263
3229 4698
3230 4979
3231 4879
3232 3566
3233 3934
3234 4856
3235 4716 4934 4952
3236 4663
3237 3542
3238 4716
3239 4286
3240 2875
3241 4407
3242 4755
3243 3243
3244 4919 4923
3245 3645
3246 4995
3247 4902
3248 4410 4906 4983
3249 4730
3250 4569 4781
3251 4879
3252 4883
3253 4598
3254 4923
3255 4888
3256 4659
3257 4938
3258 3258
3259 4196
3260 3307
3261 3508
3262 4965
3263 3568
3264 3264
3265 4755
3266 4982
3267 4077
3268 3811
3269 4232
3270 4879
3271 3973
3272 4830
3273 3970
3274 4410
3275 3823
3276 4663
3277 4879
3278 3930
3279 4716
3280 4923
3281 4799
3282 4827
3283 4982
3284 3342
3285 3715
3286 4880
3287 3287
3288 4883
3289 4916
3290 4410
3291 4004
3292 3924
3293 4519
3294 4850
3295 4888
3296 3296
3297 3931
3298 2599 3606 4457
3299 3924
3300 4495
3301 4391
3302 4766
3303 4940
3304 3963
3305 4833
3306 4149
3307 3307
3308 3645
3309 4939
3310 4730
3311 3491
3312 4149
3313 4170 4740
3314 4853
3315 4775
3316 4088 4285
3317 4939
3318 3387
3319 4088
3320 4998
3321 4759
3322 4840
3323 3930
3324 4987
3325 4750
3326 3326
3327 4803
3328 4294
3329 4799
3330 4475 4698 4937
3331 4598
3332 4637
3333 4840
3334 4923
3335 4782
3336 3514
3337 4496
3338 4803
3339 4983
3340 3513
3341 4637
3342 3342
3343 4451
3344 4953
3345 4853
3346 3695 4998
3347 4978
3348 4978
3349 4902
3350 4410
3351 4982
3352 3355
3353 3296
3354 4167
3355 3355
3356 3342
3357 4751
3358 3863 3924
3359 3545 4916
3360 2595 4879
3361 3513
3362 4167 4986
3363 4495
3364 4750
3365 4355
3366 4888
3367 4782
3368 4921
3369 3369
3370 3370
3371 4971
3372 3258
3373 3243
3374 4159
3375 3695
3376 4279
3377 4347
3378 3629
3379 4850
3380 2603
3381 3695
3382 4678
3383 3566
3384 4053
3385 4975
3386 4496
3387 3387
3388 4802
3389 3980
3390 4279
3391 4328
3392 4495
3393 4335
3394 4358
3395 4805
3396 4618
3397 4994
3398 4730
3399 4410
3400 4586 4888
3401 3401
3402 4569 4724
3403 4853
3404 4608
3405 4840
3406 4279
3407 3934
3408 3408
3409 3973
3410 4586
3411 4965
3412 4971 4975
3413 2623
3414 4803
3415 2595
3416 4995
3417 4960
3418 3993
3419 4751
3420 2565
3421 3421
3422 3258
3423 4698
3424 3818
3425 4596
3426 2595
3427 3823
3428 4274
3429 4853
3430 4830
3431 4410
3432 4938
3433 4629
3434 4834
3435 4810
3436 3033 4724 4993
3437 4643
3438 3895
3439 4975
3440 2725
3441 4856
3442 4663
3443 3443
3444 3387
3445 4598
3446 4992
3447 4730 4949 4963
3448 4978
3449 3811
3450 4975
3451 4961
3452 3514
3453 4827
3454 4088
3455 4285
3456 4993
3457 4987
3458 4833
3459 4497
3460 4840
3461 3963 4918 4960
3462 4886
3463 2595 2620 4819
3464 4930
3465 4073
3466 4589
3467 4263
3468 4765
3469 4740
3470 4945
3471 4159
3472 4586
3473 4224
3474 4853
3475 4965 4986
3476 3623
3477 4827
3478 4659
3479 3818
3480 4410
3481 4263
3482 4840
3483 4328
3484 4279 4593 4716
3485 4290
3486 4802
3487 4965
3488 4750
3489 2620 3811 4919
3490 3490
3491 3491
3492 3492
3493 4159
3494 3369
3495 3495
3496 4979
3497 4850
3498 4057
3499 3499
3500 4949 4975 4993
3501 2875
3502 4004
3503 4290
3504 4073
3505 4328
3506 3492
3507 4923
3508 3508
3509 4939
3510 4496
3511 3980
3512 4960
3513 3513
3514 3514
3515 4938
3516 4698
3517 4270
3518 3993 4994
3519 4358
3520 4196
3521 4880
3522 4939
3523 4209
3524 4802
3525 4759
3526 3490
3527 4975
3528 3243 3342 4960
3529 4940
3530 4949
3531 2620
3532 2280
3533 4939
3534 3895
3535 4724
3536 3872
3537 4041
3538 4783
3539 3408
3540 4953
3541 4759
3542 3542
3543 4355
3544 4718
3545 3545
3546 4945
3547 4643 4978
3548 4629
3549 4765
3550 4270
3551 4716
3552 3930
3553 4802
3554 4718
3555 4916
3556 4986
3557 3954
3558 4963
3559 4879
3560 2565
3561 3561
3562 3387
3563 4921
3564 4355
3565 3326 3443 4057
3566 3566
3567 4995
3568 3568
3569 3243
3570 4451
3571 4945
3572 4830
3573 4953
3574 4834
3575 4930
3576 4417
3577 4953
3578 4945
3579 4902
3580 3924
3581 3931
3582 4407
3583 4041
3584 4142
3585 4975
3586 4992
3587 4833
3588 4902
3589 3930
3590 3561
3591 4224
3592 4339
3593 4677
3594 4716
3595 4495
3596 4994
3597 4853
3598 4751
3599 4934
3600 4576
3601 4710
3602 4053
3603 4986
3604 4759
3605 4952
3606 3606
3607 4391
3608 4995
3609 4953
3610 4975
3611 4945
3612 4700
3613 4803 4906 4979
3614 3542
3615 4953
3616 3931
3617 2928
3618 4930
3619 4624
3620 4475 4916 4995
3621 3973
3622 4918
3623 3623
3624 5000
3625 4718
3626 4978
3627 4775 4940
3628 4883
3629 3629
3630 3892
3631 4830
3632 3545
3633 4519
3634 4088
3635 4279
3636 3892
3637 4073
3638 4629
3639 4781
3640 4983
3641 4638
3642 3677 4660 4879
3643 4916
3644 4937
3645 3645
3646 3307 3805 4643
3647 4410
3648 4971
3649 4953
3650 4064
3651 4775
3652 4896
3653 3623
3654 3823
3655 4810
3656 4279
3657 4677
3658 4270
3659 3645
3660 3660
3661 4949
3662 4886
3663 4286
3664 4830
3665 4457
3666 4495
3667 4975
3668 4065 4765 4993
3669 4660
3670 4978
3671 4582
3672 4830
3673 4994
3674 4979
3675 4232 4285 4856
3676 4716
3677 3677
3678 4879
3679 4938
3680 4953
3681 4788
3682 4660
3683 5000
3684 2771 3684
3685 4953
3686 3499
3687 4637
3688 4803
3689 4069
3690 4982
3691 4410
3692 2725
3693 4698
3694 4759
3695 3695
3696 4286
3697 4755
3698 3863
3699 2595
3700 4987
3701 4232
3702 4975
3703 4963
3704 3070 4987
3705 4995
3706 1253
3707 4803
3708 4598
3709 4286 4940 4982
3710 4961
3711 3711
3712 4496
3713 4783
3714 4963
3715 3715
3716 4279
3717 4840
3718 4751
3719 4497
3720 3720
3721 4660
3722 4755
3723 4853
3724 4660
3725 4971
3726 4834
3727 4475
3728 4810
3729 4939
3730 4993
3731 3946
3732 4949
3733 4598
3734 4975
3735 4799
3736 4328
3737 4611
3738 4886
3739 4879
3740 4971
3741 4953
3742 4417
3743 4781
3744 4167
3745 3805
3746 4850
3747 4290
3748 4802
3749 4057
3750 4781
3751 4730 4992 5000
3752 3895
3753 4783
3754 3754
3755 4853
3756 3720
3757 3326
3758 3370
3759 4598
3760 4596
3761 4963
3762 4965
3763 4255
3764 4730
3765 4983
3766 4689
3767 4608
3768 3954
3769 3629
3770 4896
3771 4945
3772 4167
3773 3513 3568 4689
3774 4810
3775 4475
3776 4766
3777 3980
3778 4751
3779 4879
3780 4805
3781 4799
3782 4328
3783 4919
3784 4659
3785 4677
3786 4888
3787 4993
3788 4906
3789 3805 4799 4982
3790 4209
3791 4716
3792 3499 4678 4886
3793 4995
3794 3946
3795 3513
3796 3946
3797 4718
3798 4883
3799 3038 4938 4979
3800 4880
3801 1253
3802 4589
3803 4883
3804 5000
3805 3805
3806 4883
3807 3954
3808 4593
3809 3514 4723 4992
3810 3108
3811 3811
3812 4358
3813 4279
3814 4723
3815 4986
3816 4945
3817 4975
3818 3818
3819 4840
3820 4781
3821 4975
3822 4965
3823 3823
3824 4879
3825 4986
3826 4883 4992
3827 4004
3828 4294
3829 4896
3830 4775
3831 4593
3832 4088 4747 4930
3833 4255
3834 4730
3835 4783
3836 4128 4805
3837 4576
3838 4339
3839 4830
3840 1771
3841 4598
3842 4896
3843 4963
3844 4064
3845 3931
3846 3811 4805
3847 4710
3848 4710
3849 3823
3850 4064
3851 4184
3852 4751
3853 4041
3854 4992
3855 4987
3856 4677
3857 4971
3858 4457
3859 4149
3860 4960
3861 4799
3862 4495
3863 3863
3864 4993
3865 4073
3866 4945
3867 4716
3868 4576
3869 3514
3870 4750
3871 4833
3872 3872
3873 4971
3874 4934
3875 4586
3876 4965
3877 4975
3878 4437
3879 4755
3880 4196
3881 4788
3882 4979
3883 3264 4637
3884 4678
3885 4896
3886 4906
3887 4939
3888 4328
3889 4170
3890 4833
3891 4765
3892 3892
3893 4850
3894 4437
3895 3895
3896 4598
3897 4747
3898 4880
3899 4986
3900 3900
3901 3012
3902 4963
3903 4906
3904 4992
3905 4638
3906 4938
3907 4637
3908 4689
3909 4803
3910 4698
3911 4184
3912 4853
3913 4765 4805 4979
3914 4939
3915 4142
3916 4159
3917 3491
3918 4290
3919 3818
3920 4840 4982
3921 4030
3922 4569
3923 4077
3924 3924
3925 4497
3926 4995
3927 4782
3928 4184
3929 3805
3930 3930
3931 3931
3932 4799
3933 4637
3934 3934
3935 4940
3936 4582
3937 4945
3938 4041
3939 4856
3940 4159
3941 4569
3942 3355 4209 4775
3943 4677
3944 4975
3945 3401 4457 4975
3946 3946
3947 4918
3948 4410
3949 4586
3950 4834
3951 4880
3952 4916
3953 4751
3954 3954
3955 4923
3956 4971
3957 3606
3958 4998
3959 3954
3960 4335
3961 4724
3962 4856
3963 3963
3964 4830
3965 4834
3966 4834 4986
3967 4998
3968 4659
3969 2280
3970 3970
3971 4850
3972 4833
3973 3973
3974 4128
3975 4856
3976 4496 4716 4994
3977 4940
3978 2565
3979 4355
3980 3980
3981 3811 4358 4700
3982 4939
3983 4224 4678 4916
3984 4457
3985 4718
3986 4209 4781 4880
3987 4940
3988 4952
3989 3491
3990 4417
3991 4953
3992 4803
3993 3993
3994 4921
3995 4663 4730 4850
3996 4627
3997 3973
3998 4937
3999 4659
4000 4196
4001 4945
4002 4940
4003 2692
4004 4004
4005 4960
4006 4643
4007 4270
4008 4986
4009 4358
4010 4965
4011 4833
4012 4730
4013 4638
4014 4923
4015 4335
4016 3342
4017 3805 4938
4018 3606 4497 4840
4019 3369 4410 4961
4020 4937
4021 4358
4022 4833
4023 4718
4024 3963
4025 4358 4629 4916
4026 4960
4027 4856
4028 4698
4029 4718
4030 4030
4031 4659
4032 4834
4033 4827
4034 4983
4035 3342 4030 4834
4036 4906
4037 4888 4937 4949
4038 4781
4039 4608
4040 4196
4041 4041
4042 4698
4043 4437
4044 4986
4045 4978
4046 5000
4047 4850
4048 3108 4799 4883
4049 4180
4050 4930
4051 4041
4052 4963
4053 4053
4054 4186
4055 4724
4056 4896
4057 4057
4058 4457
4059 4627
4060 4339
4061 4880
4062 4457
4063 4339
4064 4064
4065 4065
4066 4799
4067 4886
4068 3754
4069 4069
4070 4992
4071 4724
4072 4598
4073 4073
4074 3954
4075 4328
4076 3963
4077 4077
4078 4805
4079 4938
4080 3823 4347 4998
4081 4475
4082 3863 4410 4803
4083 4716
4084 5000
4085 4759
4086 4896
4087 4747
4088 4088
4089 4953
4090 4998
4091 3863
4092 4678
4093 4041
4094 4853
4095 4593
4096 4759
4097 1588
4098 2565
4099 4569
4100 4995
4101 4101
4102 4803
4103 3895
4104 4975
4105 4751
4106 4629
4107 4783
4108 4953
4109 4830
4110 4923
4111 4437
4112 4347
4113 4113
4114 4410
4115 4065
4116 4663
4117 4783
4118 4149
4119 3070
4120 3645
4121 3823 4678 4896
4122 4638
4123 4945
4124 4888
4125 3370 3931 4274
4126 4853
4127 4451
4128 4128
4129 4918
4130 4347
4131 4978
4132 2692 3954 4963
4133 4918
4134 4919
4135 4987
4136 4142
4137 4775
4138 3973
4139 4993
4140 4149
4141 4710 4723 4949
4142 4142
4143 4519
4144 4992
4145 4159
4146 4965
4147 4906
4148 4355
4149 4149
4150 4978
4151 4689
4152 4355
4153 4965
4154 4643
4155 4992
4156 4410
4157 4285
4158 4638
4159 4159
4160 4880
4161 4945
4162 4391
4163 3924 4919
4164 3954 4759 4802
4165 4781
4166 4496
4167 4167
4168 4788
4169 4495
4170 4170
4171 4113
4172 4285
4173 4637
4174 3108
4175 4880
4176 4716
4177 4775
4178 4586
4179 4186
4180 4180
4181 4593
4182 4940
4183 4593
4184 4184
4185 4740
4186 4186
4187 4992
4188 4718
4189 3863 3924 4286
4190 4751
4191 4982
4192 4186
4193 4963
4194 4799
4195 4279
4196 4196
4197 4983
4198 4919
4199 4983
4200 4184
4201 4716
4202 4919
4203 3970
4204 4886
4205 4803
4206 4775
4207 4755
4208 3307 4834 4930
4209 4209
4210 4328
4211 4923
4212 3823
4213 4840
4214 4677
4215 4945
4216 4209
4217 4290
4218 4596 4766 4827
4219 4053 4830 4856
4220 4971
4221 4270
4222 4799
4223 4710
4224 4224
4225 4916
4226 3973
4227 4923
4228 4952
4229 4747
4230 4149
4231 4495
4232 4232
4233 4274 4624 4802
4234 4982
4235 4960
4236 4992
4237 4232
4238 4497
4239 4902
4240 4751
4241 4827
4242 4916 4940 4949
4243 4339
4244 4853
4245 4965
4246 4339
4247 4294
4248 4840
4249 4279
4250 4856
4251 4965
4252 4765
4253 4698
4254 4723
4255 4255
4256 3924
4257 3963 4232 4982
4258 4618
4259 4994
4260 4888
4261 4618
4262 4586
4263 4263
4264 4730
4265 4934
4266 4065
4267 3863
4268 4840
4269 4994
4270 4270
4271 4803
4272 4896
4273 4827
4274 4274
4275 4740
4276 4598
4277 4457
4278 4886
4279 4279
4280 4992
4281 4496
4282 4755
4283 4979
4284 4945
4285 4285
4286 4286
4287 4993
4288 4232
4289 4995
4290 4290
4291 4888
4292 4586
4293 4986
4294 4294
4295 4918
4296 3818
4297 4608
4298 4906
4299 3973 4608 4663
4300 4638
4301 4576
4302 4759
4303 4589
4304 4677
4305 4998
4306 2928 4629 4930
4307 4880
4308 4766
4309 4159
4310 4856
4311 4497
4312 4663
4313 4888
4314 4960
4315 4689 4978 4994
4316 4781
4317 4582 4598 4856
4318 4407
4319 4677
4320 4995
4321 4629
4322 4677 4880 4960
4323 4755
4324 4919
4325 4982
4326 4803
4327 4918
4328 4328
4329 4923
4330 4916
4331 4698
4332 4827
4333 4834 4919 4965
4334 4827
4335 4335
4336 4698
4337 4834
4338 4582
4339 4339
4340 4718
4341 4883 4978 5000
4342 4979
4343 4975
4344 4611
4345 1253 4659 4940
4346 4934
4347 4347
4348 4417
4349 4659
4350 5000
4351 4497 4802 4949
4352 4986
4353 4285
4354 4960
4355 4355
4356 4496
4357 4978
4358 4358
4359 4960
4360 3342
4361 4799
4362 4939
4363 4888
4364 4593
4365 4986
4366 4853
4367 4833
4368 4783
4369 4880
4370 4765
4371 4589
4372 4663
4373 3900 4128 4781
4374 4678
4375 4678
4376 2425 3566
4377 4879
4378 4979
4379 3970 4747 4766
4380 4659
4381 4896
4382 4949
4383 3287 4608 4886
4384 4064 4689 4747
4385 2226 3070 4279
4386 4975
4387 2226 3684 4781
4388 4975
4389 4783
4390 4930
4391 4391
4392 4916
4393 3369 4765 4802
4394 4853
4395 3823
4396 4747
4397 4805
4398 4938 4983
4399 4934
4400 4856
4401 4710
4402 4916
4403 4834
4404 4819
4405 4700
4406 4995
4407 4407
4408 4417
4409 4766
4410 4410
4411 4451 4724 4979
4412 4755
4413 4781
4414 3070 4391 4971
4415 4775
4416 4475
4417 4417
4418 4994
4419 4827
4420 4747
4421 4830
4422 4940
4423 4637
4424 4987
4425 4916
4426 4963
4427 4751
4428 4949
4429 4945
4430 4902
4431 4992
4432 4896
4433 4698
4434 4998
4435 4417
4436 4998
4437 4437
4438 4803
4439 4930
4440 4850
4441 4088 4224 4993
4442 4659
4443 3038 4582 4902
4444 4643
4445 4783
4446 3355 4618 4923
4447 4853
4448 4830
4449 4496
4450 4128 4598 4819
4451 4451
4452 4888
4453 4833 4880 4975
4454 2928 4723 4963
4455 4497
4456 4938
4457 4457
4458 4923
4459 3342 4783 4879
4460 4918
4461 4710
4462 4930
4463 4940
4464 4986
4465 4975
4466 3954 4923 4993
4467 4952
4468 4810
4469 4879
4470 4698 4716 4723
4471 4923
4472 3900 4358 4627
4473 4803
4474 4582
4475 4475
4476 4883
4477 4902
4478 4569
4479 4710
4480 4643
4481 4783
4482 4589
4483 4879
4484 4781
4485 4902
4486 4853
4487 4593 4638 4830
4488 4224 4766 4952
4489 4998
4490 4939
4491 4723
4492 4496 4677 4827
4493 4677
4494 4799
4495 4495
4496 4496
4497 4497
4498 4101 4660 4750
4499 4850
4500 4856
4501 4755
4502 3342
4503 4833
4504 4723
4505 4637
4506 4781
4507 3946 4101 4775
4508 4799
4509 3823 4663 4994
4510 4782
4511 4979
4512 4496
4513 4986
4514 4593
4515 4994
4516 4930
4517 4853
4518 4759 4916 4982
4519 4519
4520 4840
4521 4747
4522 4740
4523 4766
4524 4945
4525 2875 4880 4992
4526 4495
4527 4663
4528 4921
4529 4596 4718 4833
4530 2565 4724 4856
4531 4919
4532 3900 4939 4998
4533 4700
4534 3954 4755 4782
4535 4975
4536 4782
4537 4747
4538 4906
4539 4410
4540 4921
4541 4618
4542 2692 3872 4945
4543 4979
4544 4457 4830 4856
4545 4751
4546 4978
4547 4883
4548 4755
4549 2599 3171 4921
4550 4995
4551 4286
4552 4918
4553 4783
4554 4995
4555 4677
4556 4582
4557 4750
4558 4918
4559 4170 4827 4953
4560 4965
4561 4987
4562 4965
4563 4723
4564 4593
4565 4994
4566 4638
4567 4750 4938 4979
4568 4643
4569 4569
4570 4856
4571 4952
4572 4723 4819 4979
4573 3568 4057 4799
4574 4765
4575 4906
4576 4576
4577 4698
4578 4978
4579 4740
4580 4998
4581 4819
4582 4582
4583 4589
4584 4940
4585 4660
4586 4586
4587 4643
4588 4799
4589 4589
4590 4410
4591 4593
4592 4765 4775 4840
4593 4593
4594 4998
4595 4834
4596 4596
4597 4700
4598 4598
4599 4802
4600 4960
4601 4992
4602 4906
4603 4983
4604 4113 4853 4993
4605 4659
4606 4101 4274 4902
4607 4880
4608 4608
4609 4963
4610 4576 4724 4782
4611 4611
4612 3206 4598 4788
4613 4939
4614 5000
4615 4906
4616 4937
4617 4142 4637 4781
4618 4618
4619 4896
4620 4663
4621 1253 3568 4803
4622 4937
4623 4643
4624 4624
4625 4975
4626 4624 4718 4994
4627 4627
4628 4833
4629 4629
4630 3980 4934 4982
4631 4879
4632 4983
4633 4902
4634 4998
4635 4971
4636 4788
4637 4637
4638 4638
4639 3108 4184 4186
4640 4834
4641 4998
4642 4965
4643 4643
4644 5000
4645 4586
4646 3872 4576 4896
4647 4975
4648 4810
4649 4993
4650 4982
4651 1248 4576 4802
4652 4819
4653 4949
4654 4850
4655 4975
4656 4952
4657 4819
4658 4718
4659 4659
4660 4660
4661 4358 4960 4987
4662 3408 4004 4810
4663 4663
4664 4799
4665 3568 4159 4883
4666 4724
4667 4850
4668 4930
4669 4750
4670 4919
4671 4834
4672 4949
4673 4740
4674 4643
4675 4921
4676 4759
4677 4677
4678 4678
4679 4986
4680 4833
4681 4896
4682 4643
4683 4766
4684 4998
4685 4802
4686 4930
4687 4986
4688 4700
4689 4689
4690 4934
4691 4782
4692 4576 4608 4934
4693 4186 4880
4694 4940
4695 4880
4696 4149 4747 4781
4697 4960
4698 4698
4699 4819
4700 4700
4701 4992
4702 4886
4703 4724
4704 3038 4328 4775
4705 4896
4706 4888
4707 4993
4708 4730
4709 4840
4710 4710
4711 4730
4712 4921
4713 4290 4689 4830
4714 4902
4715 4660 4677 4805
4716 4716
4717 4270 4906 4940
4718 4718
4719 4879
4720 3863 4596 4700
4721 4963
4722 4880
4723 4723
4724 4724
4725 4995
4726 4410 4906 4918
4727 4906 4930 4994
4728 4853
4729 4993
4730 4730
4731 3892 4611 4940
4732 4983
4733 4766
4734 4803
4735 3568 4053 4663
4736 4994
4737 4834
4738 4949
4739 4978
4740 4740
4741 4949
4742 4938
4743 4992
4744 4883
4745 4998
4746 4788
4747 4747
4748 4993
4749 4803
4750 4750
4751 4751
4752 4987
4753 4937
4754 4987
4755 4755
4756 5000
4757 4919
4758 1771 4593 4998
4759 4759
4760 4880
4761 4582 4939 4952
4762 4994
4763 4975
4764 4940
4765 4765
4766 4766
4767 4953
4768 4888 4975 4998
4769 4698 4755 4888
4770 4938
4771 4940
4772 4723 4782 4916
4773 4930
4774 4840
4775 4775
4776 4883
4777 4902
4778 4938
4779 3296 4805 4975
4780 4775
4781 4781
4782 4782
4783 4783
4784 3495 4159 4940
4785 3514 4170 4937
4786 3492 4101 4799
4787 3823 4004 4938
4788 4788
4789 4916
4790 4971
4791 4937
4792 4995
4793 4896
4794 4759
4795 4993
4796 4057 4663 4998
4797 4953
4798 4987
4799 4799
4800 4810
4801 4853
4802 4802
4803 4803
4804 4850
4805 4805
4806 4952
4807 4830
4808 2990 4224 4886
4809 4965
4810 4810
4811 4224 4497 4833
4812 4888
4813 4805
4814 4952
4815 3818 4586 4902
4816 4939
4817 4902
4818 4853
4819 4819
4820 4978
4821 4993
4822 4921
4823 4919
4824 4965
4825 4979
4826 4960
4827 4827
4828 4663 4678 4759
4829 4940
4830 4830
4831 4879
4832 3326 4803 4975
4833 4833
4834 4834
4835 4930
4836 4995
4837 4065 4819 4995
4838 4960
4839 4971
4840 4840
4841 4285 4663 4945
4842 4949
4843 4998
4844 4995
4845 4992
4846 4232 4883 4934
4847 3499 4451 4953
4848 4930
4849 3243 4407 4805
4850 4850
4851 4938
4852 4888
4853 4853
4854 4902
4855 4952
4856 4856
4857 3895 4077 4939
4858 5000
4859 4886
4860 4923
4861 3355 4906 4938
4862 4888
4863 4987
4864 4902
4865 4906
4866 4830
4867 4992
4868 4923
4869 1253 4391 4940
4870 4937
4871 4971
4872 4921
4873 4945
4874 4939
4875 4886
4876 4939
4877 4923
4878 4992
4879 4879
4880 4880
4881 2975 4041 4759
4882 4934
4883 4883
4884 3970 4437 4993
4885 4938
4886 4886
4887 4930
4888 4888
4889 4965
4890 4101 4803 4952
4891 4945
4892 3490 3606 4678
4893 3900 4589 4856
4894 4995
4895 4391 4643 4781
4896 4896
4897 4982
4898 4945
4899 5000
4900 4834
4901 4159 4475 4856
4902 4902
4903 4992
4904 4949
4905 4993
4906 4906
4907 4994
4908 4937
4909 4987
4910 4992
4911 4993
4912 4982
4913 4945
4914 4952
4915 4660 4751 4783
4916 4916
4917 3629 4088 4971
4918 4918
4919 4919
4920 4953
4921 4921
4922 4940
4923 4923
4924 4978
4925 4937
4926 4960
4927 4998
4928 4986
4929 4519 4788 4949
4930 4930
4931 4983
4932 4963
4933 4953
4934 4934
4935 3946 4495 4747
4936 4987
4937 4937
4938 4938
4939 4939
4940 4940
4941 5000
4942 4960
4943 4982
4944 4963
4945 4945
4946 4718 4939 4995
4947 4982
4948 4965
4949 4949
4950 4939 4960 4983
4951 4998
4952 4952
4953 4953
4954 3033 4788 4833
4955 4986
4956 3206 4113 4921
4957 4978
4958 4993
4959 4978
4960 4960
4961 2771 3677 3684 4961
4962 4576 4833 4906
4963 4963
4964 4993
4965 4965
4966 4853 4949 4952
4967 4041 4953 4995
4968 1253 3711 3900
4969 2975 4678 4934
4970 3623 4041 4834
4971 4971
4972 4987
4973 2425 4953 4971
4974 4986
4975 4975
4976 4987
4977 4167 4598 4629
4978 4978
4979 4979
4980 3171 4073 4781
4981 4983
4982 4982
4983 4983
4984 3754 4783 4802
4985 4971
4986 4986
4987 4987
4988 5000
4989 3421 4978 5000
4990 3677 4576
4991 4030 4224 4960
4992 4992
4993 4993
4994 4994
4995 4995
4996 4608 4643 4921
4997 4180 4598 4608
4998 4998
4999 3307 4975
5000 5000
