1	59 
2	181 
3	59 
4	42 
5	184 
6	60 
7	124 
8	108 
9	118 
10	149 
11	164 
12	123 
13	124 
14	132 
15	171 
16	173 
17	51 
18	139 
19	79 
20	124 
21	13 76 120 
22	77 
23	69 
24	9 
25	149 
26	71 
27	150 
28	92 
29	51 
30	56 
31	40 
32	29 
33	162 
34	183 
35	11 84 105 
36	11 
37	101 
38	97 
39	142 
40	152 
41	38 
42	137 
43	182 
44	73 
45	151 
46	120 
47	104 
48	86 
49	26 88 150 
50	145 
51	145 
52	35 
53	50 56 157 
54	49 
55	28 
56	53 
57	63 
58	50 
59	98 
60	71 
61	20 35 153 
62	110 
63	73 
64	165 
65	146 
66	20 
67	124 
68	124 
69	120 
70	53 
71	153 
72	36 
73	150 
74	85 
75	66 
76	176 
77	146 
78	118 
79	114 
80	109 
81	47 
82	163 
83	110 
84	113 
85	182 
86	34 118 120 
87	134 
88	128 
89	145 166 175 
90	149 
91	32 
92	77 
93	121 
94	70 
95	43 
96	14 
97	67 
98	181 
99	10 
100	30 
101	98 
102	151 
103	51 
104	77 
105	55 134 170 
106	92 
107	47 
108	93 
109	167 
110	25 
111	99 
112	11 
113	88 
114	5 
115	14 
116	159 
117	48 
118	152 
119	179 
120	70 
121	5 
122	99 
123	119 
124	37 
125	8 
126	188 
127	181 
128	125 
129	17 157 164 
130	66 149 182 
131	109 135 154 
132	136 
133	72 84 93 
134	71 
135	156 
136	131 
137	186 
138	27 
139	182 
140	179 
141	114 
142	136 
143	142 
144	43 48 150 
145	122 
146	115 
147	127 
148	14 89 157 
149	183 
150	134 
151	1 
152	79 
153	113 
154	153 
155	74 
156	160 
157	113 
158	61 
159	156 
160	183 
161	72 
162	140 
163	128 
164	188 
165	17 
166	118 
167	153 
168	174 
169	137 
170	149 
171	56 
172	30 
173	170 
174	70 
175	20 119 139 
176	17 
177	60 
178	24 
179	84 
180	135 
181	28 
182	116 
183	131 
184	67 
185	39 
186	162 
187	167 
188	161 
189	62 
190	119 
191	84 
192	184 
193	68 
194	142 
195	101 
196	154 
197	48 
198	92 
199	109 
200	178 
201	22 
202	86 97 177 
203	97 
204	154 
205	100 
206	17 
207	174 
208	13 82 153 
209	116 
210	122 
211	142 
212	10 
213	139 
214	118 
215	92 
216	80 
217	5 
218	101 
219	97 113 124 
220	110 
221	184 
222	68 
223	177 
224	40 55 99 
225	45 
226	82 
227	64 
228	172 
229	188 
230	108 
231	13 
232	186 
233	163 
234	17 
235	56 80 87 
236	5 51 53 
237	170 
238	170 
239	83 
240	86 
241	163 
242	137 
243	102 
244	86 89 184 
245	8 139 156 
246	44 82 87 
247	144 
248	41 
249	26 
250	145 
251	113 
252	154 
253	62 
254	51 
255	48 65 137 
256	14 122 142 
257	134 
258	22 
259	14 
260	2 
261	149 
262	61 
263	98 
264	27 
265	167 
266	172 
267	136 
268	41 
269	119 145 178 
270	48 
271	150 
272	34 
273	154 
274	6 
275	181 
276	115 
277	27 83 188 
278	167 
279	150 
280	7 
281	80 
282	126 
283	6 
284	70 
285	118 
286	46 
287	68 
288	42 
289	150 
290	46 
291	133 
292	4 
293	18 
294	62 
295	13 
296	169 
297	14 48 177 
298	131 
299	83 
300	100 
301	132 
302	17 
303	44 
304	186 
305	48 114 144 
306	187 
307	138 
308	144 
309	123 
310	133 
311	72 
312	48 
313	116 
314	7 60 127 
315	154 
316	132 
317	55 
318	76 
319	4 
320	31 
321	41 66 142 
322	44 
323	145 
324	48 
325	50 
326	132 
327	119 
328	70 
329	9 
330	66 67 146 
331	181 
332	59 
333	154 
334	95 
335	159 
336	94 
337	141 
338	42 
339	174 
340	84 
341	127 
342	166 
343	26 27 182 
344	8 
345	59 
346	30 
347	90 
348	155 
349	187 
350	184 
351	75 
352	110 
353	26 
354	26 
355	40 
356	97 
357	183 
358	125 
359	30 46 163 
360	69 89 146 
361	30 
362	88 
363	165 
364	111 
365	55 
366	113 
367	175 
368	88 
369	146 
370	108 
371	4 
372	129 
373	152 
374	181 
375	17 
376	84 
377	27 
378	181 
379	188 
380	88 
381	144 
382	98 
383	140 
384	16 
385	50 
386	59 
387	17 
388	60 
389	56 88 99 
390	108 
391	5 142 184 
392	180 
393	144 
394	167 
395	13 
396	7 
397	95 101 144 
398	137 
399	179 
400	174 
401	6 
402	1 
403	105 
404	149 
405	188 
406	152 
407	62 157 160 
408	115 
409	74 
410	115 
411	8 
412	76 
413	141 173 178 
414	188 
415	158 
416	85 
417	150 
418	182 
419	129 
420	17 
421	112 164 186 
422	120 
423	45 185 186 
424	188 
425	115 
426	163 
427	90 
428	7 
429	82 
430	108 
431	100 
432	105 
433	112 
434	79 
435	23 
436	69 
437	80 
438	163 
439	3 131 184 
440	144 
441	183 
442	184 
443	137 
444	135 
445	30 
446	86 
447	100 
448	41 
449	89 
450	101 
451	23 
452	14 
453	123 
454	170 
455	167 
456	42 80 115 
457	70 
458	31 
459	1 
460	121 
461	51 
462	182 
463	11 
464	112 
465	64 
466	77 
467	2 
468	113 
469	178 
470	140 
471	67 147 163 
472	24 
473	149 
474	123 
475	16 
476	149 
477	151 
478	9 
479	155 
480	42 108 121 
481	141 
482	26 
483	138 
484	76 
485	111 
486	30 
487	86 
488	155 
489	108 
490	158 
491	171 
492	1 74 175 
493	151 
494	55 
495	145 
496	39 
497	64 97 138 
498	70 
499	168 
500	72 
501	41 60 97 
502	144 
503	90 
504	119 
505	8 34 131 
506	145 
507	145 
508	2 
509	74 
510	87 
511	124 
512	104 
513	141 
514	36 
515	180 
516	113 
517	140 
518	18 
519	109 
520	118 
521	82 
522	17 
523	90 
524	186 
525	158 
526	165 
527	85 
528	127 
529	43 
530	19 
531	98 
532	174 
533	126 
534	118 
535	41 
536	92 
537	182 
538	3 
539	79 
540	97 
541	29 
542	181 
543	114 
544	89 
545	7 
546	88 
547	124 
548	41 86 129 
549	175 
550	153 
551	112 
552	149 
553	123 
554	42 
555	139 
556	110 
557	122 
558	64 
559	86 
560	36 
561	183 
562	112 125 174 
563	158 
564	163 
565	57 
566	84 
567	77 
568	114 
569	130 
570	84 
571	124 
572	154 
573	5 
574	179 
575	175 
576	71 
577	31 
578	72 
579	187 
580	86 
581	167 
582	30 54 119 
583	95 146 156 
584	144 
585	3 46 86 
586	22 
587	125 
588	181 
589	182 
590	49 
591	2 
592	7 
593	83 
594	188 
595	53 
596	172 
597	27 
598	26 
599	40 
600	102 
601	66 
602	170 
603	80 
604	157 
605	154 
606	161 
607	177 
608	2 
609	113 
610	65 
611	83 
612	149 
613	78 
614	56 
615	146 
616	41 
617	35 122 179 
618	94 
619	67 
620	17 
621	161 
622	11 
623	85 
624	146 
625	114 
626	30 
627	88 
628	114 
629	29 
630	187 
631	158 
632	154 
633	8 
634	48 
635	153 
636	182 
637	115 
638	131 
639	66 
640	17 
641	182 
642	108 
643	86 
644	37 
645	4 55 165 
646	2 
647	86 
648	35 
649	2 80 139 
650	159 
651	113 
652	175 
653	174 
654	149 
655	169 
656	50 
657	56 
658	172 
659	28 
660	63 
661	146 
662	68 
663	41 
664	101 
665	40 
666	71 
667	89 
668	125 
669	144 
670	13 101 179 
671	1 
672	105 
673	20 
674	14 
675	166 
676	181 
677	60 
678	88 
679	118 
680	86 
681	124 
682	147 
683	3 
684	147 
685	64 
686	26 
687	5 
688	132 
689	97 
690	124 
691	50 
692	188 
693	139 
694	6 
695	138 
696	54 
697	48 
698	141 
699	138 
700	157 
701	127 
702	66 
703	173 
704	175 
705	27 
706	116 
707	110 
708	50 
709	147 
710	146 
711	103 
712	142 
713	11 
714	81 
715	114 
716	25 
717	18 
718	57 
719	136 
720	105 
721	27 
722	62 
723	2 
724	136 
725	34 
726	187 
727	160 
728	113 
729	179 
730	31 
731	34 
732	160 
733	132 
734	25 
735	184 
736	110 
737	48 
738	64 
739	80 92 119 
740	10 
741	95 
742	75 
743	186 
744	105 
745	165 
746	146 
747	61 
748	87 
749	112 
750	184 
751	107 
752	159 
753	14 
754	81 
755	121 
756	56 139 153 
757	164 
758	24 
759	148 
760	173 
761	136 
762	101 
763	135 161 167 
764	66 
765	115 
766	13 
767	41 
768	114 
769	95 
770	27 
771	19 
772	126 
773	38 
774	56 
775	175 
776	86 
777	44 
778	88 
779	177 
780	167 
781	95 
782	149 
783	144 
784	184 
785	140 
786	81 
787	187 
788	122 
789	70 
790	173 
791	125 
792	174 
793	176 
794	57 
795	57 
796	174 
797	89 177 186 
798	138 
799	7 
800	115 
801	57 
802	146 
803	65 
804	179 
805	176 
806	111 
807	25 
808	85 114 127 
809	111 
810	30 90 172 
811	175 
812	97 
813	137 
814	108 
815	154 
816	122 
817	120 
818	115 
819	111 177 188 
820	21 36 110 
821	178 
822	84 
823	114 126 186 
824	32 
825	114 
826	131 
827	71 
828	183 
829	42 
830	111 144 182 
831	68 
832	8 149 170 
833	182 
834	71 
835	96 135 139 
836	44 
837	98 
838	161 
839	144 
840	39 
841	41 
842	72 
843	154 
844	133 
845	24 80 163 
846	178 
847	9 
848	64 
849	10 
850	65 
851	42 
852	157 
853	168 174 177 
854	183 
855	56 
856	66 
857	57 
858	109 
859	180 
860	119 
861	97 
862	123 
863	71 127 182 
864	143 
865	107 
866	182 
867	81 
868	179 
869	111 
870	26 
871	59 
872	115 
873	30 
874	46 
875	21 
876	187 
877	21 
878	94 
879	16 123 184 
880	5 139 180 
881	62 
882	134 
883	2 
884	37 
885	162 
886	51 
887	161 
888	151 
889	124 
890	119 
891	156 
892	71 
893	111 
894	135 
895	67 
896	52 
897	10 64 144 
898	125 
899	138 
900	25 
901	27 
902	71 
903	163 
904	45 
905	163 
906	7 
907	188 
908	149 
909	139 
910	135 
911	66 
912	140 157 179 
913	2 
914	67 
915	83 
916	52 
917	171 
918	42 
919	91 
920	66 
921	180 
922	47 
923	33 
924	186 
925	48 
926	66 
927	99 
928	66 92 165 
929	111 
930	158 
931	56 107 173 
932	70 
933	130 
934	143 
935	68 
936	122 
937	122 
938	60 
939	115 149 174 
940	42 84 114 
941	16 
942	53 
943	175 
944	59 
945	62 
946	117 
947	96 
948	96 
949	14 
950	86 
951	125 
952	73 
953	97 
954	21 
955	174 
956	139 
957	31 75 139 
958	146 
959	73 
960	10 
961	118 
962	34 
963	178 
964	13 
965	98 
966	113 
967	56 
968	70 
969	129 
970	17 
971	149 
972	33 72 77 
973	164 
974	157 
975	59 
976	184 
977	94 
978	108 
979	24 
980	59 
981	8 
982	184 
983	105 
984	80 
985	187 
986	144 
987	119 
988	20 
989	69 
990	82 
991	58 
992	38 
993	92 
994	3 34 145 
995	167 
996	131 
997	121 133 168 
998	111 117 166 
999	110 
1000	118 
1001	125 
1002	60 127 144 
1003	78 
1004	133 
1005	169 
1006	134 
1007	109 
1008	137 
1009	152 
1010	183 
1011	38 
1012	92 
1013	73 
1014	68 
1015	114 
1016	120 
1017	53 
1018	157 
1019	69 
1020	57 
1021	77 
1022	188 
1023	72 
1024	119 
1025	123 
1026	153 
1027	18 127 186 
1028	85 106 170 
1029	149 
1030	130 
1031	129 
1032	80 
1033	8 
1034	64 
1035	1 
1036	38 
1037	142 
1038	53 
1039	146 
1040	56 
1041	41 
1042	29 84 99 
1043	66 
1044	88 110 132 
1045	53 136 184 
1046	147 
1047	147 
1048	136 
1049	184 
1050	178 
1051	48 
1052	94 
1053	69 
1054	111 
1055	10 
1056	167 
1057	24 
1058	72 
1059	52 72 182 
1060	73 
1061	120 
1062	105 
1063	86 
1064	14 
1065	141 183 184 
1066	121 
1067	16 
1068	51 127 188 
1069	60 97 105 
1070	104 160 177 
1071	186 
1072	186 
1073	39 
1074	41 
1075	182 
1076	77 
1077	182 
1078	180 
1079	60 
1080	110 121 153 
1081	27 
1082	86 
1083	154 
1084	184 
1085	187 
1086	175 
1087	170 
1088	23 
1089	117 
1090	180 
1091	17 124 149 
1092	10 
1093	21 
1094	156 
1095	50 
1096	34 
1097	48 
1098	46 
1099	106 
1100	103 
1101	163 
1102	40 
1103	32 
1104	146 
1105	147 
1106	29 55 158 
1107	100 
1108	173 
1109	51 
1110	177 
1111	185 
1112	94 
1113	7 
1114	145 
1115	97 
1116	127 
1117	119 
1118	11 
1119	53 
1120	41 
1121	11 
1122	60 
1123	141 
1124	42 
1125	115 
1126	63 
1127	23 
1128	106 
1129	28 
1130	170 
1131	76 
1132	154 
1133	118 
1134	62 
1135	118 
1136	1 66 117 
1137	2 28 78 
1138	125 
1139	135 
1140	42 
1141	29 
1142	36 
1143	66 
1144	69 
1145	58 
1146	84 
1147	104 
1148	17 87 149 
1149	184 
1150	84 
1151	131 
1152	146 
1153	173 
1154	95 
1155	63 
1156	44 
1157	66 
1158	185 
1159	186 
1160	117 
1161	73 
1162	113 
1163	107 
1164	131 
1165	5 
1166	153 
1167	12 
1168	65 
1169	51 
1170	178 
1171	112 
1172	63 
1173	67 
1174	88 
1175	113 
1176	128 
1177	111 
1178	137 164 173 
1179	181 
1180	184 
1181	31 
1182	32 
1183	97 
1184	71 
1185	54 
1186	13 
1187	70 
1188	175 
1189	83 
1190	95 
1191	30 
1192	106 
1193	59 
1194	120 
1195	16 
1196	60 
1197	107 
1198	125 
1199	18 
1200	40 
1201	105 
1202	81 
1203	135 
1204	103 
1205	72 
1206	96 
1207	49 
1208	16 
1209	48 
1210	67 95 167 
1211	3 118 154 
1212	160 
1213	53 
1214	25 
1215	76 
1216	164 
1217	11 
1218	184 
1219	174 
1220	59 
1221	53 
1222	87 
1223	25 
1224	20 
1225	111 
1226	174 
1227	53 
1228	10 
1229	28 
1230	4 
1231	35 
1232	17 
1233	100 
1234	141 
1235	182 
1236	21 69 138 
1237	177 
1238	87 95 125 
1239	41 88 134 
1240	33 
1241	119 
1242	116 
1243	61 
1244	56 110 123 
1245	117 
1246	154 
1247	113 
1248	156 
1249	11 24 130 
1250	168 
1251	2 
1252	97 
1253	172 
1254	69 139 164 
1255	46 
1256	129 
1257	32 
1258	142 
1259	37 
1260	101 
1261	10 58 184 
1262	157 
1263	180 
1264	48 
1265	84 
1266	99 
1267	186 
1268	113 
1269	33 
1270	10 
1271	81 
1272	69 
1273	142 
1274	110 
1275	138 
1276	87 
1277	5 24 178 
1278	46 72 111 
1279	16 
1280	112 
1281	111 
1282	133 
1283	75 
1284	84 
1285	90 
1286	138 
1287	41 
1288	56 
1289	10 86 153 
1290	111 
1291	17 147 148 
1292	130 
1293	11 
1294	75 
1295	91 
1296	105 
1297	149 
1298	42 
1299	81 
1300	74 
1301	21 
1302	63 
1303	56 
1304	40 
1305	69 
1306	19 
1307	76 
1308	50 70 183 
1309	102 
1310	149 
1311	109 
1312	182 
1313	114 
1314	124 
1315	35 
1316	65 147 174 
1317	174 
1318	8 
1319	127 
1320	185 
1321	28 
1322	72 
1323	178 
1324	104 
1325	57 
1326	101 
1327	145 
1328	125 
1329	125 
1330	119 
1331	46 
1332	171 
1333	110 
1334	119 141 152 
1335	3 
1336	124 
1337	77 
1338	80 
1339	12 
1340	144 
1341	54 
1342	30 
1343	115 
1344	183 
1345	96 
1346	5 
1347	160 
1348	124 
1349	65 
1350	177 
1351	153 
1352	135 
1353	167 
1354	13 102 118 
1355	76 
1356	108 
1357	104 
1358	32 
1359	62 
1360	72 
1361	60 
1362	34 
1363	133 
1364	102 
1365	123 
1366	159 
1367	91 
1368	57 
1369	85 
1370	155 
1371	5 
1372	139 
1373	105 
1374	30 
1375	66 
1376	148 
1377	2 
1378	123 
1379	22 
1380	83 
1381	155 
1382	61 
1383	124 
1384	168 
1385	149 
1386	185 
1387	121 
1388	29 
1389	103 
1390	177 
1391	100 
1392	50 
1393	188 
1394	71 
1395	101 
1396	50 
1397	30 86 98 
1398	13 
1399	22 
1400	170 
1401	131 
1402	154 
1403	140 
1404	106 
1405	122 
1406	97 
1407	10 
1408	11 
1409	168 
1410	19 
1411	144 
1412	36 
1413	102 
1414	135 
1415	1 
1416	107 
1417	67 
1418	131 
1419	40 
1420	103 
1421	131 
1422	75 
1423	97 121 170 
1424	9 
1425	55 
1426	72 
1427	163 
1428	67 
1429	188 
1430	163 
1431	171 
1432	63 
1433	12 
1434	145 
1435	109 
1436	97 
1437	7 
1438	166 
1439	8 
1440	93 
1441	157 
1442	124 
1443	64 
1444	39 
1445	152 
1446	21 98 170 
1447	2 
1448	36 
1449	137 
1450	79 
1451	131 
1452	114 
1453	133 
1454	146 
1455	49 
1456	147 
1457	134 
1458	184 
1459	107 
1460	134 
1461	105 
1462	55 
1463	5 
1464	156 
1465	98 117 186 
1466	67 
1467	41 
1468	24 
1469	186 
1470	108 
1471	98 
1472	70 
1473	128 
1474	165 
1475	65 90 131 
1476	79 
1477	6 72 84 
1478	182 
1479	50 
1480	185 
1481	109 
1482	97 
1483	129 
1484	24 
1485	13 
1486	60 
1487	179 
1488	82 
1489	113 
1490	41 
1491	166 
1492	10 
1493	48 
1494	149 
1495	88 
1496	109 
1497	188 
1498	156 
1499	115 
1500	2 
1501	126 
1502	17 
1503	93 
1504	17 
1505	100 
1506	11 67 165 
1507	131 
1508	9 87 154 
1509	46 80 116 
1510	36 
1511	149 
1512	41 
1513	61 
1514	67 
1515	88 
1516	7 
1517	106 
1518	59 
1519	168 
1520	88 
1521	155 
1522	144 
1523	54 
1524	46 
1525	120 121 173 
1526	126 
1527	143 
1528	75 
1529	15 
1530	57 
1531	144 
1532	163 
1533	153 
1534	91 
1535	182 
1536	120 
1537	138 
1538	163 
1539	59 
1540	56 
1541	74 
1542	36 
1543	105 
1544	12 
1545	5 
1546	139 
1547	2 
1548	77 
1549	15 56 158 
1550	126 
1551	172 
1552	59 
1553	178 
1554	25 
1555	45 114 139 
1556	95 
1557	69 
1558	2 
1559	4 
1560	148 
1561	149 
1562	31 
1563	129 
1564	175 
1565	69 
1566	181 
1567	163 
1568	185 
1569	22 
1570	174 
1571	102 
1572	163 
1573	124 137 144 
1574	65 
1575	134 
1576	170 
1577	88 
1578	66 
1579	66 
1580	129 
1581	56 
1582	136 
1583	41 
1584	83 
1585	188 
1586	174 
1587	184 
1588	48 
1589	158 
1590	153 
1591	74 
1592	1 
1593	66 
1594	167 
1595	55 
1596	10 
1597	9 
1598	36 
1599	186 
1600	115 
1601	22 
1602	67 
1603	135 
1604	115 
1605	2 
1606	51 118 177 
1607	30 
1608	124 
1609	91 122 131 
1610	63 
1611	56 
1612	20 
1613	152 
1614	81 
1615	111 
1616	29 35 100 
1617	36 
1618	101 
1619	31 
1620	77 88 97 
1621	178 
1622	12 
1623	47 54 62 
1624	6 45 183 
1625	154 
1626	119 
1627	167 
1628	156 
1629	36 
1630	179 
1631	7 86 92 
1632	101 
1633	176 
1634	146 
1635	15 70 114 
1636	110 
1637	97 
1638	87 
1639	51 
1640	69 
1641	94 
1642	175 
1643	75 170 184 
1644	85 
1645	14 
1646	177 
1647	178 
1648	91 
1649	13 
1650	78 
1651	25 
1652	101 
1653	32 
1654	112 
1655	118 
1656	101 118 119 
1657	26 
1658	30 
1659	6 
1660	47 
1661	53 
1662	180 
1663	99 
1664	163 
1665	103 
1666	29 140 153 
1667	138 
1668	31 
1669	80 
1670	1 
1671	177 
1672	169 
1673	13 
1674	28 
1675	47 
1676	45 92 188 
1677	164 
1678	124 
1679	51 
1680	21 
1681	29 
1682	101 
1683	53 
1684	133 
1685	54 75 114 
1686	123 
1687	172 
1688	165 
1689	128 153 173 
1690	33 
1691	56 
1692	13 
1693	33 
1694	161 
1695	108 
1696	17 27 180 
1697	141 
1698	4 
1699	31 
1700	51 
1701	26 
1702	68 
1703	32 
1704	61 
1705	2 
1706	182 
1707	30 
1708	44 
1709	27 62 146 
1710	185 
1711	141 
1712	23 
1713	67 
1714	156 
1715	110 
1716	71 
1717	30 
1718	6 50 101 
1719	106 
1720	174 
1721	184 
1722	51 
1723	144 
1724	8 
1725	139 
1726	144 
1727	27 
1728	126 
1729	135 
1730	95 
1731	186 
1732	6 
1733	118 
1734	29 
1735	59 
1736	60 83 101 
1737	156 
1738	27 69 87 
1739	17 
1740	144 
1741	119 
1742	151 
1743	38 
1744	169 
1745	3 
1746	110 113 115 
1747	51 
1748	148 
1749	122 
1750	34 
1751	152 
1752	7 
1753	126 
1754	15 
1755	22 129 153 
1756	101 
1757	48 
1758	41 
1759	28 123 188 
1760	92 
1761	33 
1762	54 161 180 
1763	48 
1764	154 
1765	101 
1766	99 
1767	73 
1768	106 
1769	66 
1770	66 
1771	20 97 173 
1772	69 
1773	33 
1774	156 
1775	105 
1776	105 
1777	85 
1778	64 
1779	38 
1780	41 
1781	45 86 147 
1782	47 
1783	185 
1784	87 
1785	44 
1786	87 92 145 
1787	17 
1788	67 
1789	152 
1790	5 
1791	109 
1792	59 
1793	29 
1794	21 
1795	118 
1796	116 
1797	65 
1798	108 
1799	55 
1800	92 
1801	27 
1802	3 
1803	181 
1804	19 44 139 
1805	155 
1806	93 
1807	159 
1808	42 
1809	156 
1810	88 
1811	74 
1812	113 
1813	123 
1814	26 
1815	96 
1816	49 
1817	124 
1818	185 
1819	111 
1820	88 
1821	135 
1822	146 
1823	59 
1824	142 
1825	131 
1826	83 
1827	117 
1828	183 
1829	11 
1830	20 
1831	33 
1832	72 
1833	76 
1834	146 
1835	100 
1836	66 
1837	32 89 97 
1838	49 
1839	88 
1840	76 
1841	45 
1842	129 
1843	8 
1844	9 62 131 
1845	165 
1846	37 
1847	70 
1848	10 
1849	133 
1850	166 
1851	36 
1852	74 
1853	187 
1854	126 
1855	72 105 141 
1856	144 
1857	41 50 127 
1858	180 
1859	31 
1860	42 
1861	77 
1862	18 
1863	5 
1864	57 
1865	49 115 184 
1866	47 
1867	157 
1868	107 
1869	36 
1870	113 
1871	122 
1872	118 
1873	145 
1874	56 
1875	162 
1876	17 
1877	27 
1878	184 
1879	142 
1880	92 124 145 
1881	72 
1882	119 
1883	44 
1884	3 
1885	96 
1886	112 
1887	134 
1888	163 
1889	97 
1890	148 
1891	85 
1892	186 
1893	17 
1894	27 
1895	160 
1896	56 83 142 
1897	154 
1898	157 
1899	8 42 92 
1900	143 
1901	36 
1902	141 
1903	86 
1904	148 
1905	64 71 90 
1906	51 52 92 
1907	111 
1908	8 
1909	80 
1910	156 
1911	64 
1912	175 
1913	135 
1914	127 
1915	154 
1916	92 
1917	97 
1918	184 
1919	17 
1920	84 170 188 
1921	179 
1922	102 
1923	159 
1924	123 
1925	162 
1926	141 
1927	110 
1928	7 
1929	47 
1930	70 
1931	20 
1932	10 71 126 
1933	162 
1934	89 
1935	51 
1936	62 
1937	31 
1938	92 
1939	107 
1940	169 
1941	21 
1942	186 
1943	94 
1944	111 
1945	157 
1946	82 
1947	85 
1948	88 
1949	50 
1950	159 
1951	10 
1952	179 
1953	87 
1954	26 
1955	15 
1956	12 
1957	5 29 138 
1958	28 
1959	179 
1960	62 
1961	101 
1962	59 
1963	52 
1964	121 
1965	95 
1966	55 
1967	124 
1968	22 
1969	105 
1970	57 
1971	147 
1972	67 
1973	130 
1974	39 
1975	180 
1976	87 
1977	126 
1978	71 
1979	19 57 161 
1980	72 
1981	57 
1982	43 
1983	14 
1984	80 
1985	102 
1986	1 
1987	67 145 151 
1988	126 151 185 
1989	58 
1990	58 
1991	185 
1992	150 
1993	66 81 137 
1994	25 
1995	157 
1996	36 56 173 
1997	68 
1998	122 163 183 
1999	77 
2000	41 
2001	30 
2002	170 
2003	72 
2004	19 
2005	110 
2006	42 
2007	102 
2008	62 
2009	50 
2010	124 
2011	132 
2012	184 
2013	173 
2014	145 
2015	188 
2016	156 
2017	164 
2018	109 
2019	13 
2020	92 
2021	15 
2022	135 
2023	119 
2024	69 
2025	184 
2026	91 
2027	154 
2028	41 
2029	116 
2030	58 
2031	132 
2032	182 
2033	71 
2034	153 177 183 
2035	155 
2036	45 
2037	97 
2038	32 
2039	137 
2040	183 
2041	11 
2042	175 
2043	179 
2044	145 
2045	121 
2046	59 
2047	183 
2048	184 
2049	121 
2050	97 
2051	8 
2052	42 60 119 
2053	175 
2054	184 
2055	153 
2056	81 
2057	23 
2058	53 58 71 
2059	100 
2060	132 
2061	56 
2062	146 163 167 
2063	48 
2064	71 140 144 
2065	78 
2066	42 
2067	128 
2068	153 
2069	164 
2070	136 
2071	111 
2072	48 
2073	5 
2074	159 
2075	65 
2076	28 80 167 
2077	30 
2078	28 
2079	178 
2080	48 75 153 
2081	188 
2082	188 
2083	6 
2084	163 
2085	42 
2086	120 
2087	56 
2088	53 
2089	154 
2090	115 
2091	55 
2092	54 
2093	98 
2094	128 
2095	133 
2096	140 
2097	63 
2098	15 72 176 
2099	139 
2100	150 
2101	25 
2102	133 
2103	30 
2104	170 
2105	53 
2106	83 
2107	83 
2108	176 
2109	107 
2110	151 
2111	147 
2112	140 
2113	6 77 158 
2114	84 
2115	152 
2116	148 
2117	121 
2118	136 
2119	144 
2120	169 
2121	97 
2122	20 
2123	57 71 102 
2124	59 
2125	94 
2126	113 
2127	177 
2128	57 
2129	52 
2130	166 
2131	36 56 185 
2132	122 
2133	161 
2134	174 
2135	29 
2136	122 
2137	124 
2138	28 
2139	145 
2140	33 
2141	43 
2142	182 
2143	53 
2144	19 
2145	48 72 123 
2146	31 
2147	113 
2148	4 
2149	101 
2150	101 
2151	167 
2152	164 
2153	11 
2154	104 
2155	47 72 173 
2156	187 
2157	28 
2158	60 
2159	179 
2160	38 55 77 
2161	43 
2162	125 
2163	108 
2164	85 
2165	182 
2166	98 
2167	6 
2168	72 
2169	135 
2170	89 
2171	79 101 140 
2172	45 139 154 
2173	149 
2174	140 
2175	156 
2176	48 
2177	111 
2178	147 
2179	12 
2180	59 
2181	139 
2182	165 
2183	3 
2184	59 
2185	93 
2186	32 
2187	45 
2188	104 
2189	161 
2190	128 
2191	147 
2192	165 
2193	13 49 108 
2194	96 
2195	65 
2196	116 
2197	14 27 73 
2198	154 
2199	105 
2200	161 
2201	154 
2202	70 
2203	93 
2204	15 
2205	126 
2206	9 48 121 
2207	84 
2208	86 
2209	146 
2210	142 
2211	100 
2212	68 
2213	110 
2214	126 
2215	86 87 152 
2216	170 
2217	41 
2218	72 85 122 
2219	184 
2220	174 
2221	118 
2222	97 
2223	108 
2224	48 
2225	42 
2226	130 
2227	19 
2228	182 
2229	36 41 120 
2230	18 
2231	182 
2232	167 
2233	83 
2234	146 
2235	174 
2236	131 
2237	124 145 155 
2238	115 
2239	11 
2240	185 
2241	178 
2242	11 
2243	133 
2244	170 
2245	95 
2246	123 
2247	10 
2248	178 
2249	69 
2250	167 
2251	50 
2252	137 
2253	5 
2254	137 
2255	153 
2256	77 
2257	162 
2258	163 
2259	35 
2260	121 
2261	171 
2262	170 
2263	110 140 141 
2264	23 
2265	41 
2266	36 
2267	147 
2268	37 
2269	163 
2270	14 
2271	86 
2272	105 
2273	102 
2274	23 36 94 
2275	149 
2276	35 
2277	165 
2278	77 84 108 
2279	18 
2280	155 
2281	115 
2282	163 
2283	62 
2284	143 149 182 
2285	90 
2286	25 47 166 
2287	6 
2288	48 
2289	85 
2290	141 
2291	28 
2292	144 
2293	154 
2294	165 
2295	141 
2296	49 102 117 
2297	125 
2298	178 
2299	74 115 122 
2300	122 123 170 
2301	105 
2302	97 
2303	105 
2304	179 
2305	120 
2306	71 
2307	116 
2308	180 
2309	42 
2310	101 105 139 
2311	61 
2312	57 
2313	113 
2314	35 
2315	52 
2316	167 
2317	61 
2318	103 
2319	59 
2320	5 
2321	22 
2322	186 
2323	29 
2324	12 
2325	5 
2326	102 
2327	176 
2328	50 
2329	59 
2330	47 
2331	97 
2332	171 
2333	70 
2334	44 
2335	175 
2336	142 
2337	113 
2338	12 
2339	144 
2340	5 
2341	110 
2342	2 
2343	169 
2344	144 
2345	7 
2346	162 
2347	32 
2348	13 60 131 
2349	111 
2350	59 
2351	177 
2352	95 
2353	164 
2354	166 
2355	151 
2356	115 
2357	109 
2358	170 
2359	124 
2360	160 
2361	109 
2362	104 
2363	122 
2364	28 
2365	84 
2366	22 90 115 
2367	83 
2368	110 
2369	150 
2370	141 
2371	46 79 80 
2372	137 
2373	21 60 74 
2374	165 
2375	65 
2376	42 50 59 
2377	37 
2378	117 
2379	67 
2380	10 
2381	41 
2382	19 
2383	99 
2384	20 
2385	47 53 152 
2386	72 
2387	73 
2388	32 
2389	97 
2390	87 
2391	44 
2392	5 
2393	95 
2394	178 
2395	50 
2396	154 
2397	181 
2398	1 44 101 
2399	62 
2400	144 
2401	80 
2402	13 
2403	171 
2404	3 
2405	59 
2406	62 
2407	13 
2408	168 
2409	182 
2410	120 
2411	10 108 114 
2412	64 
2413	81 
2414	69 
2415	56 
2416	53 
2417	55 
2418	68 
2419	140 
2420	176 
2421	135 
2422	59 
2423	113 
2424	14 
2425	80 
2426	17 
2427	93 
2428	99 
2429	104 
2430	123 
2431	34 
2432	143 
2433	153 
2434	119 
2435	126 
2436	95 
2437	36 
2438	138 
2439	177 
2440	27 
2441	53 
2442	32 
2443	153 
2444	98 
2445	50 
2446	13 
2447	21 
2448	154 
2449	178 
2450	20 122 184 
2451	96 
2452	77 
2453	82 
2454	156 
2455	108 
2456	62 
2457	60 
2458	55 
2459	176 
2460	164 
2461	123 
2462	114 
2463	44 55 65 
2464	120 
2465	131 
2466	92 
2467	118 
2468	72 
2469	144 
2470	93 
2471	84 
2472	92 
2473	15 
2474	57 
2475	31 
2476	12 
2477	158 
2478	82 
2479	144 
2480	158 
2481	184 
2482	48 
2483	35 
2484	25 55 70 
2485	67 
2486	66 
2487	71 
2488	98 
2489	50 
2490	28 77 176 
2491	70 141 154 
2492	115 
2493	106 
2494	7 
2495	139 
2496	145 
2497	3 
2498	149 
2499	21 65 164 
2500	33 84 95 
2501	130 
2502	111 
2503	161 
2504	92 
2505	44 
2506	175 
2507	57 
2508	159 
2509	127 
2510	114 
2511	65 
2512	92 
2513	112 
2514	64 
2515	90 
2516	42 
2517	32 
2518	179 
2519	103 
2520	92 
2521	123 
2522	25 
2523	127 
2524	62 
2525	30 
2526	56 
2527	51 
2528	41 
2529	179 
2530	55 
2531	28 
2532	56 
2533	37 
2534	149 
2535	43 
2536	175 
2537	52 
2538	76 
2539	47 
2540	77 
2541	107 
2542	158 
2543	118 
2544	110 
2545	173 
2546	79 
2547	11 
2548	89 
2549	5 16 158 
2550	80 
2551	177 
2552	14 
2553	138 
2554	13 
2555	21 
2556	11 
2557	105 
2558	82 
2559	60 
2560	184 
2561	3 132 154 
2562	107 
2563	135 
2564	121 
2565	73 
2566	111 
2567	141 
2568	99 
2569	41 
2570	89 
2571	152 
2572	36 
2573	161 
2574	147 
2575	81 124 147 
2576	85 
2577	163 
2578	51 
2579	130 
2580	146 
2581	4 
2582	161 
2583	38 
2584	108 
2585	185 
2586	15 42 98 
2587	110 
2588	72 
2589	51 
2590	122 
2591	124 
2592	46 
2593	175 
2594	147 
2595	158 
2596	41 
2597	107 
2598	87 
2599	147 
2600	85 
2601	2 
2602	174 
2603	88 
2604	26 
2605	57 
2606	90 
2607	122 
2608	23 
2609	10 
2610	97 
2611	122 
2612	93 
2613	158 
2614	63 
2615	115 
2616	45 
2617	168 
2618	152 
2619	177 
2620	161 
2621	111 
2622	162 
2623	146 
2624	114 
2625	119 
2626	118 
2627	80 
2628	124 
2629	110 
2630	186 
2631	162 
2632	108 
2633	42 
2634	130 
2635	27 
2636	114 
2637	20 
2638	5 10 166 
2639	109 
2640	50 
2641	13 
2642	132 
2643	102 
2644	77 
2645	74 
2646	82 130 146 
2647	32 
2648	144 
2649	98 
2650	9 
2651	17 
2652	53 
2653	161 
2654	182 
2655	177 
2656	40 
2657	108 
2658	47 
2659	119 
2660	138 
2661	52 
2662	180 
2663	35 66 97 
2664	91 
2665	4 
2666	14 
2667	87 
2668	149 
2669	157 
2670	170 
2671	156 
2672	84 86 105 
2673	23 101 127 
2674	83 
2675	58 
2676	45 
2677	60 
2678	67 
2679	187 
2680	66 111 163 
2681	51 
2682	126 
2683	102 
2684	89 131 167 
2685	60 102 131 
2686	121 
2687	119 
2688	12 122 147 
2689	89 
2690	105 
2691	41 
2692	158 
2693	14 
2694	55 92 145 
2695	176 
2696	120 
2697	44 
2698	30 
2699	72 
2700	177 
2701	92 
2702	91 
2703	15 
2704	71 
2705	88 
2706	50 
2707	112 
2708	38 
2709	161 
2710	74 
2711	18 
2712	85 
2713	69 106 173 
2714	154 
2715	3 
2716	94 
2717	37 
2718	12 126 163 
2719	129 
2720	59 
2721	22 
2722	80 
2723	101 
2724	30 
2725	162 
2726	147 
2727	149 
2728	72 114 141 
2729	11 51 166 
2730	134 
2731	62 
2732	21 
2733	146 161 187 
2734	101 
2735	10 
2736	103 
2737	121 
2738	14 
2739	145 
2740	146 
2741	29 39 145 
2742	102 
2743	14 
2744	84 
2745	165 
2746	43 
2747	16 
2748	92 
2749	152 
2750	63 
2751	24 
2752	105 
2753	65 
2754	31 
2755	147 
2756	151 
2757	38 
2758	135 
2759	54 
2760	13 88 156 
2761	158 
2762	29 
2763	102 
2764	38 
2765	105 
2766	71 
2767	59 
2768	57 
2769	28 
2770	115 
2771	53 
2772	154 
2773	44 
2774	129 
2775	143 
2776	100 
2777	48 
2778	28 
2779	66 
2780	167 
2781	148 
2782	110 
2783	21 
2784	147 
2785	71 
2786	56 
2787	154 
2788	125 145 165 
2789	113 
2790	159 
2791	86 
2792	22 
2793	36 71 147 
2794	51 
2795	56 
2796	78 
2797	15 
2798	127 
2799	2 11 178 
2800	102 
2801	154 
2802	78 
2803	67 
2804	92 
2805	80 108 171 
2806	178 
2807	175 
2808	50 
2809	55 
2810	183 
2811	171 
2812	126 
2813	14 142 178 
2814	88 
2815	68 
2816	165 
2817	131 
2818	169 
2819	28 
2820	125 
2821	87 
2822	163 
2823	28 
2824	182 
2825	62 
2826	179 
2827	35 
2828	36 
2829	78 
2830	15 88 97 
2831	78 
2832	67 
2833	165 
2834	71 
2835	170 
2836	178 
2837	111 
2838	41 59 170 
2839	143 
2840	46 
2841	61 
2842	173 
2843	96 
2844	2 
2845	53 
2846	43 
2847	5 
2848	15 
2849	128 
2850	163 
2851	56 92 115 
2852	9 
2853	104 
2854	67 
2855	183 
2856	179 
2857	161 
2858	71 
2859	103 
2860	161 
2861	63 90 111 
2862	75 
2863	154 
2864	141 
2865	23 
2866	110 
2867	54 74 147 
2868	98 
2869	88 
2870	95 
2871	48 
2872	167 
2873	146 
2874	22 135 182 
2875	29 
2876	54 
2877	86 
2878	39 
2879	1 
2880	71 
2881	138 
2882	28 
2883	138 
2884	52 
2885	68 
2886	92 127 174 
2887	18 
2888	56 
2889	53 106 152 
2890	139 164 179 
2891	157 
2892	10 
2893	80 
2894	129 
2895	84 
2896	174 
2897	178 
2898	9 
2899	124 
2900	170 
2901	71 
2902	20 
2903	185 
2904	122 
2905	27 
2906	140 
2907	110 
2908	56 126 134 
2909	17 
2910	110 
2911	129 
2912	74 
2913	65 139 153 
2914	145 
2915	163 
2916	177 
2917	69 
2918	148 
2919	170 
2920	21 
2921	174 
2922	5 
2923	105 
2924	2 
2925	188 
2926	88 
2927	92 124 147 
2928	149 
2929	56 
2930	129 
2931	121 
2932	68 
2933	17 
2934	169 
2935	49 
2936	78 
2937	17 
2938	126 
2939	67 
2940	142 
2941	17 
2942	109 
2943	122 
2944	154 
2945	37 
2946	22 
2947	85 
2948	80 81 178 
2949	36 
2950	139 
2951	96 
2952	39 
2953	20 
2954	15 
2955	5 
2956	63 
2957	28 
2958	108 
2959	161 
2960	21 
2961	59 
2962	3 
2963	176 
2964	62 
2965	153 
2966	97 
2967	171 
2968	69 
2969	87 
2970	28 
2971	27 
2972	5 58 173 
2973	172 
2974	10 
2975	108 
2976	22 
2977	13 
2978	66 
2979	29 
2980	115 
2981	186 
2982	122 
2983	97 
2984	56 
2985	110 114 147 
2986	32 
2987	140 
2988	62 
2989	8 
2990	92 
2991	5 
2992	55 
2993	6 
2994	138 
2995	8 
2996	41 
2997	167 
2998	175 
2999	71 81 144 
3000	129 
3001	65 
3002	97 
3003	15 
3004	5 80 97 
3005	178 
3006	131 
3007	138 
3008	109 
3009	128 
3010	149 
3011	85 
3012	146 
3013	87 
3014	175 
3015	8 87 115 
3016	145 
3017	179 
3018	17 
3019	106 
3020	49 
3021	124 
3022	153 
3023	161 
3024	107 
3025	139 
3026	121 
3027	144 
3028	21 
3029	80 
3030	2 
3031	178 
3032	65 
3033	153 
3034	5 
3035	131 
3036	57 
3037	29 
3038	131 
3039	10 
3040	80 
3041	12 
3042	51 
3043	66 
3044	186 
3045	51 
3046	172 
3047	66 
3048	29 
3049	156 
3050	36 
3051	182 
3052	153 
3053	49 
3054	188 
3055	101 
3056	136 
3057	87 
3058	71 
3059	106 
3060	24 
3061	175 
3062	69 
3063	147 
3064	81 145 147 
3065	114 
3066	97 
3067	135 
3068	135 
3069	63 
3070	98 
3071	158 
3072	38 
3073	138 
3074	4 
3075	85 
3076	129 
3077	182 
3078	155 
3079	128 
3080	15 
3081	85 
3082	157 
3083	111 
3084	8 
3085	135 
3086	20 
3087	84 
3088	51 124 166 
3089	75 
3090	77 
3091	7 
3092	124 
3093	70 
3094	164 
3095	148 
3096	44 
3097	67 
3098	139 
3099	111 
3100	174 
3101	71 
3102	65 
3103	50 
3104	36 
3105	1 
3106	98 113 122 
3107	101 
3108	170 
3109	140 
3110	56 
3111	126 
3112	8 
3113	124 
3114	27 
3115	39 145 154 
3116	113 
3117	26 103 188 
3118	54 
3119	179 
3120	21 
3121	37 
3122	174 
3123	4 
3124	113 
3125	108 
3126	126 
3127	103 
3128	145 
3129	59 
3130	113 
3131	71 
3132	34 
3133	133 
3134	31 
3135	54 110 171 
3136	179 
3137	87 
3138	87 
3139	60 
3140	103 
3141	83 
3142	3 
3143	34 74 165 
3144	80 
3145	107 
3146	12 
3147	7 
3148	70 
3149	97 
3150	41 118 126 
3151	99 
3152	59 77 85 
3153	147 
3154	176 
3155	96 
3156	151 
3157	131 
3158	15 
3159	82 
3160	173 
3161	29 
3162	105 
3163	175 
3164	109 
3165	121 
3166	84 
3167	111 
3168	145 
3169	53 
3170	123 
3171	39 52 161 
3172	27 57 110 
3173	188 
3174	161 
3175	122 
3176	172 
3177	157 
3178	55 
3179	172 
3180	144 
3181	50 
3182	6 
3183	32 144 147 
3184	72 
3185	114 
3186	164 
3187	12 111 131 
3188	82 
3189	144 
3190	66 
3191	177 
3192	166 
3193	71 77 139 
3194	17 
3195	175 
3196	175 
3197	184 
3198	30 
3199	34 
3200	17 120 153 
3201	53 
3202	54 
3203	98 
3204	57 92 101 
3205	186 
3206	133 
3207	77 
3208	165 
3209	139 
3210	5 
3211	53 
3212	103 
3213	142 
3214	15 
3215	158 
3216	65 
3217	66 
3218	171 
3219	70 
3220	1 
3221	146 
3222	77 
3223	177 
3224	180 
3225	50 
3226	129 
3227	48 
3228	97 
3229	98 
3230	179 
3231	156 
3232	152 
3233	64 
3234	66 
3235	69 
3236	36 124 175 
3237	178 
3238	185 
3239	44 
3240	119 
3241	92 
3242	152 
3243	188 
3244	63 161 174 
3245	69 120 138 
3246	142 
3247	142 
3248	87 
3249	13 
3250	46 
3251	126 
3252	80 
3253	97 
3254	120 
3255	102 
3256	148 
3257	31 
3258	67 
3259	54 
3260	164 
3261	182 
3262	17 
3263	153 
3264	113 
3265	101 
3266	184 
3267	2 
3268	15 
3269	12 
3270	109 
3271	110 
3272	145 
3273	126 
3274	4 55 135 
3275	122 
3276	1 
3277	5 
3278	57 
3279	4 
3280	119 
3281	48 
3282	107 
3283	53 
3284	3 
3285	113 
3286	133 
3287	3 
3288	179 
3289	187 
3290	105 
3291	50 
3292	167 
3293	80 
3294	41 
3295	26 
3296	55 
3297	64 
3298	140 
3299	27 
3300	36 
3301	29 
3302	25 32 187 
3303	106 
3304	164 
3305	95 
3306	135 
3307	77 
3308	5 
3309	133 
3310	124 
3311	29 70 153 
3312	122 
3313	145 
3314	74 
3315	138 
3316	145 
3317	108 
3318	86 
3319	147 
3320	174 
3321	181 
3322	164 
3323	154 
3324	174 
3325	21 
3326	60 
3327	185 
3328	149 
3329	125 
3330	51 65 167 
3331	2 
3332	66 82 148 
3333	123 
3334	87 
3335	10 49 123 
3336	113 
3337	83 
3338	1 
3339	118 
3340	188 
3341	182 
3342	72 
3343	103 
3344	57 
3345	2 
3346	178 
3347	65 
3348	97 
3349	122 
3350	32 120 170 
3351	177 
3352	149 
3353	170 
3354	145 164 167 
3355	113 
3356	153 
3357	165 
3358	152 
3359	56 113 125 
3360	2 
3361	36 
3362	174 
3363	12 
3364	111 
3365	129 
3366	55 
3367	101 
3368	148 
3369	17 
3370	48 
3371	56 
3372	122 
3373	183 
3374	86 
3375	14 
3376	81 
3377	140 
3378	156 
3379	53 
3380	88 
3381	64 
3382	103 
3383	46 
3384	88 
3385	59 170 172 
3386	181 
3387	64 
3388	161 
3389	46 
3390	10 109 111 
3391	142 
3392	175 
3393	41 
3394	179 
3395	124 
3396	13 34 65 
3397	174 
3398	177 
3399	71 
3400	128 147 188 
3401	12 133 135 
3402	188 
3403	186 
3404	161 
3405	182 
3406	57 
3407	126 
3408	139 
3409	48 124 143 
3410	29 
3411	63 
3412	11 
3413	187 
3414	115 
3415	142 
3416	118 
3417	29 
3418	186 
3419	25 91 155 
3420	180 
3421	111 
3422	66 
3423	153 
3424	10 
3425	121 
3426	65 
3427	124 
3428	56 
3429	15 
3430	129 
3431	101 
3432	60 
3433	154 
3434	125 
3435	85 
3436	56 
3437	70 
3438	92 
3439	171 
3440	120 
3441	170 
3442	62 
3443	12 
3444	60 
3445	179 
3446	7 
3447	102 
3448	105 
3449	86 
3450	51 
3451	2 28 147 
3452	158 
3453	187 
3454	69 
3455	49 
3456	92 
3457	69 
3458	123 
3459	178 
3460	138 
3461	100 
3462	161 
3463	81 
3464	53 
3465	81 
3466	17 
3467	115 
3468	85 
3469	108 
3470	96 110 166 
3471	139 
3472	62 
3473	122 
3474	174 
3475	188 
3476	49 
3477	59 
3478	70 
3479	145 
3480	56 
3481	84 
3482	113 
3483	54 
3484	69 
3485	15 
3486	60 
3487	149 
3488	88 131 174 
3489	164 
3490	184 
3491	179 
3492	48 
3493	15 130 178 
3494	42 
3495	179 
3496	186 
3497	108 
3498	50 
3499	175 
3500	146 
3501	174 
3502	103 
3503	177 
3504	28 
3505	123 
3506	12 
3507	70 102 138 
3508	30 
3509	48 
3510	28 
3511	102 
3512	32 
3513	13 
3514	103 
3515	12 
3516	102 
3517	29 
3518	177 
3519	20 
3520	32 
3521	182 
3522	87 101 169 
3523	26 66 102 
3524	36 
3525	32 111 179 
3526	87 
3527	140 
3528	54 
3529	154 
3530	15 
3531	34 66 112 
3532	42 
3533	36 
3534	44 
3535	36 
3536	158 
3537	97 
3538	71 
3539	174 
3540	158 
3541	59 
3542	88 
3543	69 
3544	46 
3545	59 
3546	77 
3547	14 30 97 
3548	3 
3549	87 
3550	178 
3551	51 
3552	59 
3553	60 
3554	100 
3555	113 
3556	108 
3557	70 
3558	17 129 148 
3559	102 
3560	36 
3561	123 
3562	178 
3563	157 
3564	126 
3565	170 
3566	50 122 163 
3567	177 
3568	21 
3569	120 
3570	179 
3571	124 
3572	164 
3573	88 
3574	69 
3575	84 
3576	114 
3577	141 
3578	60 
3579	30 
3580	183 
3581	32 
3582	62 
3583	15 86 88 
3584	101 
3585	46 
3586	27 
3587	186 
3588	125 
3589	139 
3590	101 
3591	113 
3592	95 
3593	66 
3594	2 145 175 
3595	121 
3596	146 
3597	142 
3598	186 
3599	30 
3600	108 
3601	5 
3602	32 
3603	184 
3604	85 
3605	57 
3606	131 
3607	139 
3608	174 
3609	175 
3610	51 
3611	6 10 30 
3612	145 
3613	50 
3614	124 
3615	57 
3616	56 60 85 
3617	27 
3618	42 
3619	70 
3620	183 
3621	186 
3622	175 
3623	53 
3624	52 66 131 
3625	100 111 115 
3626	29 
3627	46 
3628	29 
3629	158 
3630	182 
3631	46 
3632	84 110 126 
3633	145 
3634	157 
3635	50 
3636	114 
3637	71 
3638	157 
3639	182 
3640	51 
3641	178 
3642	125 
3643	157 
3644	111 
3645	149 
3646	2 71 148 
3647	51 
3648	144 
3649	125 
3650	51 
3651	35 83 128 
3652	179 
3653	186 
3654	123 
3655	118 
3656	110 
3657	84 
3658	10 
3659	188 
3660	66 
3661	72 142 154 
3662	182 
3663	135 
3664	119 
3665	110 
3666	98 
3667	55 69 115 
3668	98 
3669	21 
3670	56 
3671	2 
3672	80 
3673	69 
3674	188 
3675	85 
3676	118 
3677	92 
3678	149 
3679	179 
3680	17 
3681	49 84 125 
3682	170 
3683	165 
3684	138 
3685	179 
3686	5 23 142 
3687	32 
3688	120 
3689	183 
3690	80 
3691	41 
3692	135 
3693	5 
3694	113 
3695	36 
3696	30 36 178 
3697	59 85 89 
3698	110 
3699	146 
3700	88 
3701	139 
3702	161 
3703	146 
3704	14 
3705	144 
3706	186 
3707	118 
3708	5 
3709	101 
3710	126 
3711	71 
3712	177 
3713	2 31 184 
3714	53 
3715	22 109 127 
3716	158 
3717	122 
3718	146 
3719	107 108 127 
3720	186 
3721	105 
3722	125 
3723	114 
3724	2 
3725	98 
3726	15 
3727	50 80 170 
3728	51 
3729	66 135 138 
3730	138 
3731	186 
3732	174 
3733	175 
3734	156 
3735	50 
3736	30 
3737	79 88 188 
3738	111 
3739	163 
3740	41 69 136 
3741	188 
3742	31 37 119 
3743	144 
3744	41 
3745	13 
3746	80 
3747	123 
3748	153 
3749	5 
3750	26 78 148 
3751	62 
3752	5 
3753	60 
3754	98 111 140 
3755	165 
3756	174 
3757	139 
3758	131 
3759	2 
3760	80 
3761	55 
3762	48 
3763	114 143 180 
3764	105 
3765	111 
3766	62 
3767	84 86 183 
3768	188 
3769	110 
3770	41 59 172 
3771	69 
3772	60 
3773	138 
3774	36 
3775	66 
3776	80 
3777	153 
3778	51 
3779	126 
3780	147 
3781	17 
3782	70 
3783	70 
3784	101 
3785	17 
3786	5 
3787	29 
3788	51 58 180 
3789	146 
3790	186 
3791	188 
3792	18 139 178 
3793	17 
3794	178 
3795	68 80 185 
3796	13 
3797	69 
3798	188 
3799	50 
3800	60 71 101 
3801	28 
3802	186 
3803	92 101 108 
3804	77 
3805	50 
3806	113 
3807	119 
3808	77 
3809	30 
3810	170 
3811	184 
3812	170 
3813	2 
3814	110 
3815	101 170 176 
3816	13 27 71 
3817	29 
3818	101 
3819	115 
3820	28 
3821	123 
3822	123 
3823	55 
3824	5 
3825	182 
3826	17 
3827	60 
3828	108 
3829	128 140 142 
3830	188 
3831	177 
3832	122 
3833	135 
3834	51 
3835	97 
3836	84 
3837	175 
3838	146 
3839	42 
3840	105 
3841	111 
3842	186 
3843	119 
3844	53 
3845	36 48 154 
3846	124 
3847	179 
3848	71 
3849	80 
3850	145 
3851	56 
3852	30 
3853	79 96 161 
3854	126 
3855	41 
3856	126 
3857	184 
3858	111 
3859	6 61 182 
3860	145 
3861	51 55 142 
3862	154 
3863	186 
3864	59 
3865	36 
3866	41 
3867	113 153 161 
3868	26 113 114 
3869	69 98 171 
3870	36 137 156 
3871	70 
3872	122 
3873	69 
3874	70 
3875	84 
3876	123 
3877	184 
3878	51 
3879	161 
3880	29 62 160 
3881	131 
3882	139 
3883	92 
3884	41 
3885	60 
3886	97 
3887	178 
3888	88 
3889	92 
3890	70 
3891	111 
3892	69 
3893	14 66 106 
3894	17 
3895	53 
3896	124 
3897	38 91 92 
3898	153 
3899	70 
3900	186 
3901	84 
3902	60 
3903	60 123 183 
3904	154 
3905	124 
3906	53 
3907	105 
3908	163 
3909	145 
3910	122 
3911	66 
3912	20 70 164 
3913	72 
3914	48 
3915	144 
3916	105 
3917	4 101 102 
3918	69 
3919	144 
3920	81 100 180 
3921	66 
3922	131 
3923	72 
3924	131 
3925	51 
3926	188 
3927	72 
3928	149 
3929	69 124 182 
3930	46 65 180 
3931	101 
3932	80 
3933	149 
3934	170 
3935	139 
3936	56 
3937	113 
3938	80 
3939	77 139 145 
3940	67 105 168 
3941	17 49 161 
3942	188 
3943	144 
3944	88 
3945	88 117 161 
3946	56 
3947	170 
3948	175 
3949	144 
3950	186 
3951	175 
3952	80 
3953	100 102 183 
3954	154 
3955	178 
3956	139 
3957	66 
3958	59 152 174 
3959	111 
3960	184 
3961	41 
3962	59 
3963	137 145 163 
3964	41 
3965	144 
3966	41 76 175 
3967	153 163 180 
3968	124 
3969	42 65 98 
3970	188 
3971	72 115 136 
3972	5 
3973	145 
3974	101 
3975	87 121 126 
3976	145 
3977	30 165 171 
3978	145 
3979	145 
3980	144 
3981	13 118 167 
3982	15 29 82 
3983	100 101 182 
3984	17 
3985	15 69 112 
3986	144 
3987	6 46 141 
3988	7 42 68 
3989	145 
3990	30 137 147 
3991	49 144 175 
3992	41 92 115 
3993	95 163 182 
3994	111 
3995	41 67 137 
3996	48 174 187 
3997	97 
3998	66 81 114 
3999	111 
4000	43 59 165 
