1	16 
2	109 
3	64 
4	105 
5	79 
6	56 
7	28 
8	90 
9	15 55 88 132 
10	88 
11	102 
12	50 
13	34 
14	83 
15	28 36 94 132 
16	104 
17	129 
18	92 
19	71 
20	11 77 102 107 
21	120 
22	122 
23	56 
24	47 
25	125 
26	57 
27	44 
28	34 
29	38 
30	89 
31	26 
32	13 
33	102 
34	113 
35	125 
36	30 
37	75 
38	14 
39	28 
40	85 
41	15 
42	50 
43	5 
44	28 
45	15 
46	106 
47	16 
48	115 
49	42 
50	101 
51	34 
52	75 
53	20 
54	17 
55	55 
56	135 
57	100 
58	108 
59	124 
60	118 
61	57 
62	50 
63	24 
64	34 
65	6 
66	131 
67	9 
68	88 
69	72 
70	5 
71	60 
72	131 
73	21 24 33 76 
74	61 
75	54 
76	5 
77	82 
78	117 
79	66 
80	70 
81	28 
82	106 
83	83 
84	9 31 77 95 
85	24 
86	105 
87	121 
88	10 
89	53 92 125 127 
90	7 
91	115 
92	99 106 121 122 
93	125 
94	106 
95	49 
96	15 
97	21 
98	17 
99	34 
100	92 
101	110 
102	18 
103	5 
104	103 
105	129 
106	82 
107	15 
108	20 60 103 118 
109	28 
110	102 
111	8 
112	97 
113	58 
114	101 
115	38 
116	33 
117	30 
118	13 
119	80 
120	84 
121	13 
122	88 
123	123 
124	110 
125	107 
126	103 
127	21 
128	115 
129	63 
130	9 
131	117 
132	53 
133	59 
134	72 
135	30 53 82 103 
136	121 
137	55 
138	49 
139	55 
140	41 
141	102 
142	45 
143	13 69 73 92 
144	41 
145	35 
146	41 
147	34 
148	7 19 55 66 
149	2 
150	28 
151	75 
152	38 47 81 132 
153	58 
154	9 
155	39 
156	12 
157	121 
158	55 
159	120 
160	3 
161	72 
162	55 
163	82 111 118 126 
164	131 
165	66 
166	45 
167	101 
168	101 
169	16 50 91 117 
170	6 21 82 88 
171	41 
172	127 
173	35 
174	12 
175	50 
176	15 
177	49 
178	55 
179	115 
180	21 
181	66 
182	5 
183	68 
184	80 
185	104 
186	121 
187	81 125 126 130 
188	16 
189	116 
190	76 
191	128 
192	55 
193	45 
194	133 
195	16 
196	88 105 118 135 
197	131 
198	19 
199	118 
200	52 
201	103 
202	14 51 71 130 
203	80 
204	97 
205	4 
206	85 
207	121 
208	33 
209	88 
210	12 
211	85 
212	78 
213	107 
214	84 
215	81 
216	90 
217	22 
218	80 
219	1 
220	31 
221	59 
222	60 
223	97 
224	63 
225	46 
226	5 
227	3 37 101 109 
228	55 
229	44 
230	76 
231	81 
232	125 
233	63 
234	57 80 90 102 
235	11 
236	5 
237	49 
238	121 
239	46 
240	45 
241	15 
242	81 
243	5 
244	120 
245	50 
246	88 
247	9 
248	121 
249	97 
250	19 
251	66 
252	33 55 62 71 
253	112 
254	18 
255	40 
256	46 
257	21 
258	34 
259	2 
260	74 
261	19 
262	31 
263	99 
264	2 
265	107 
266	89 
267	111 
268	19 
269	49 63 117 129 
270	18 
271	28 
272	115 
273	121 
274	103 
275	41 
276	61 
277	108 
278	92 
279	15 
280	72 
281	47 
282	7 
283	85 
284	21 43 63 75 
285	122 
286	17 
287	58 
288	10 
289	28 
290	90 
291	82 
292	79 
293	112 
294	82 
295	67 
296	22 
297	62 
298	97 
299	9 41 61 70 
300	53 
301	13 
302	55 
303	58 
304	55 
305	115 
306	7 
307	86 
308	43 
309	30 
310	12 
311	21 
312	131 
313	23 
314	30 
315	45 
316	39 60 94 105 
317	43 
318	94 
319	44 
320	34 
321	69 
322	5 
323	14 
324	40 
325	46 
326	16 30 53 91 
327	50 
328	120 
329	89 
330	114 
331	84 
332	45 
333	91 
334	38 
335	11 
336	81 
337	70 
338	127 
339	52 
340	18 
341	11 
342	106 
343	115 
344	119 
345	50 
346	3 17 37 131 
347	34 
348	104 
349	131 
350	123 
351	95 
352	105 
353	61 
354	5 59 90 116 
355	76 
356	69 81 84 123 
357	87 
358	45 53 112 126 
359	93 
360	118 
361	109 
362	116 
363	21 
364	56 
365	121 
366	135 
367	2 
368	121 
369	35 
370	53 
371	21 
372	66 
373	89 
374	56 
375	4 91 103 106 
376	30 
377	79 
378	54 
379	93 
380	27 
381	63 80 105 114 
382	63 
383	90 
384	12 
385	44 
386	125 
387	27 
388	61 
389	122 
390	9 
391	53 
392	85 
393	49 
394	50 
395	9 62 107 133 
396	73 
397	58 80 84 127 
398	29 
399	15 
400	61 
401	28 
402	70 
403	79 
404	84 
405	83 
406	77 
407	18 
408	87 
409	77 
410	55 87 95 107 
411	109 
412	72 
413	85 
414	129 
415	37 
416	11 57 74 129 
417	4 16 60 100 
418	115 
419	53 
420	43 
421	29 
422	8 
423	25 
424	4 
425	64 
426	125 
427	3 
428	115 
429	80 
430	56 
431	122 
432	132 
433	110 
434	25 43 60 107 
435	117 
436	66 
437	13 
438	31 
439	83 
440	132 
441	38 
442	93 
443	3 44 119 131 
444	50 
445	60 
446	15 
447	101 
448	53 83 88 115 
449	14 
450	78 
451	50 
452	61 
453	57 
454	113 
455	133 
456	69 
457	102 
458	16 61 79 122 
459	112 
460	112 
461	21 30 38 93 
462	63 
463	102 
464	79 
465	51 
466	15 
467	112 
468	6 31 45 53 
469	80 
470	4 
471	42 
472	33 
473	32 44 68 126 
474	70 
475	108 
476	5 
477	50 
478	99 
479	38 
480	115 
481	124 
482	110 
483	101 
484	33 
485	28 
486	5 
487	67 
488	27 44 112 123 
489	88 
490	14 
491	112 
492	30 75 115 121 
493	50 
494	89 
495	3 
496	135 
497	114 
498	6 43 46 80 
499	103 
500	108 
501	70 
502	46 
503	131 
504	21 
505	4 
506	5 17 85 121 
507	75 
508	131 
509	65 
510	58 
511	60 
512	18 
513	20 21 103 114 
514	81 
515	90 
516	88 
517	43 
518	31 
519	66 
520	48 
521	55 
522	120 
523	53 77 80 123 
524	18 
525	10 
526	126 
527	45 
528	117 
529	108 
530	15 
531	65 
532	63 
533	34 
534	10 15 72 75 
535	125 
536	25 
537	95 
538	51 61 110 123 
539	56 
540	5 
541	14 
542	55 
543	16 61 115 135 
544	115 
545	44 
546	53 
547	105 
548	102 
549	83 
550	9 
551	50 
552	94 
553	16 
554	103 
555	88 
556	106 
557	125 
558	50 102 118 130 
559	64 
560	64 
561	5 34 60 84 
562	18 
563	13 21 101 108 
564	31 60 116 132 
565	119 
566	51 
567	26 
568	117 
569	31 69 80 135 
570	21 41 129 131 
571	119 
572	16 
573	130 
574	61 
575	68 
576	21 32 49 83 
577	103 
578	130 
579	94 
580	92 
581	112 
582	79 
583	15 
584	50 
585	102 
586	27 
587	1 88 110 127 
588	74 
589	48 
590	115 
591	129 
592	60 
593	71 
594	96 
595	41 
596	116 
597	134 
598	41 
599	60 
600	95 
601	103 
602	103 
603	104 
604	31 
605	7 
606	110 
607	2 
608	19 
609	107 
610	84 
611	6 
612	113 
613	26 
614	13 49 55 124 
615	69 
616	121 
617	14 
618	90 
619	18 
620	84 
621	14 89 91 103 
622	88 
623	22 
624	64 
625	70 
626	72 
627	28 95 100 118 
628	61 
629	45 84 89 118 
630	71 
631	39 
632	8 121 122 129 
633	51 
634	81 
635	92 
636	9 
637	68 
638	42 56 78 85 
639	41 
640	129 
641	16 
642	13 
643	38 
644	124 
645	114 
646	7 
647	94 
648	110 
649	74 
650	19 
651	11 
652	44 
653	67 
654	14 45 105 109 
655	129 
656	92 
657	56 
658	63 
659	80 
660	31 
661	72 
662	44 71 82 84 
663	39 
664	50 
665	91 
666	18 
667	51 
668	17 
669	121 
670	30 49 109 115 
671	24 45 82 109 
672	114 
673	7 
674	76 
675	8 27 58 74 
676	14 
677	30 32 45 55 
678	25 
679	32 
680	131 
681	80 
682	68 
683	61 
684	132 
685	125 
686	87 
687	97 
688	82 
689	108 
690	29 
691	103 
692	111 
693	69 
694	9 
695	17 
696	47 105 128 129 
697	2 
698	21 
699	32 79 115 118 
700	21 
701	116 
702	88 
703	56 
704	123 
705	118 
706	75 
707	80 86 119 128 
708	2 
709	17 
710	11 41 121 129 
711	18 
712	121 
713	51 
714	107 
715	120 
716	14 
717	82 
718	63 
719	74 
720	107 
721	19 
722	58 
723	61 
724	132 
725	95 
726	80 
727	25 43 53 54 
728	80 
729	107 
730	25 
731	55 
732	57 
733	90 
734	88 
735	19 
736	85 
737	28 
738	7 
739	19 
740	7 
741	117 
742	123 
743	25 
744	124 
745	34 
746	35 
747	89 
748	133 
749	59 
750	114 
751	85 
752	115 
753	75 
754	84 
755	76 
756	22 
757	19 
758	113 
759	118 
760	15 
761	5 
762	19 35 50 72 
763	131 
764	71 
765	90 
766	71 
767	84 
768	112 
769	87 
770	12 
771	83 
772	55 
773	6 
774	91 
775	107 
776	86 
777	45 
778	126 
779	73 
780	33 
781	105 
782	34 39 43 118 
783	94 
784	94 
785	83 
786	5 
787	52 
788	15 
789	51 
790	112 
791	30 
792	81 
793	5 
794	90 
795	77 
796	60 
797	78 
798	21 
799	14 
800	14 
801	45 
802	58 
803	66 74 101 117 
804	105 
805	111 
806	30 68 80 114 
807	54 
808	34 46 90 103 
809	37 
810	102 
811	4 
812	118 
813	36 96 118 121 
814	30 
815	11 
816	86 
817	3 
818	61 
819	51 
820	9 
821	34 
822	35 
823	59 
824	29 
825	123 
826	3 
827	122 
828	121 
829	75 
830	25 
831	134 
832	28 63 124 131 
833	104 
834	77 
835	50 
836	110 
837	80 
838	54 
839	80 
840	18 
841	3 
842	65 
843	49 
844	80 
845	34 
846	1 
847	57 
848	66 
849	112 
850	43 
851	61 
852	68 
853	11 
854	46 
855	85 
856	117 
857	90 
858	83 
859	10 
860	118 
861	105 
862	122 
863	83 
864	30 32 70 115 
865	125 
866	6 
867	16 19 56 135 
868	14 
869	71 
870	107 
871	45 
872	123 
873	15 
874	49 
875	68 
876	106 
877	35 
878	13 
879	125 
880	50 
881	14 
882	80 
883	131 
884	5 
885	18 
886	19 
887	3 
888	15 21 39 127 
889	5 
890	12 38 71 134 
891	76 
892	19 
893	53 
894	84 
895	66 
896	28 
897	5 
898	50 
899	102 
900	39 
901	93 
902	90 
903	86 
904	13 
905	14 
906	43 80 85 93 
907	27 
908	129 
909	116 
910	117 
911	122 
912	71 
913	21 
914	51 
915	59 
916	20 
917	55 
918	14 19 46 115 
919	6 
920	59 
921	129 
922	35 
923	5 
924	38 
925	19 30 64 123 
926	56 
927	65 
928	17 
929	83 
930	81 
931	69 
932	81 
933	79 
934	34 
935	69 
936	56 
937	14 
938	55 
939	105 
940	72 
941	14 
942	83 
943	79 
944	5 
945	30 
946	125 
947	71 
948	56 
949	19 
950	49 
951	18 41 59 69 
952	57 
953	45 
954	98 
955	61 
956	14 45 55 74 
957	87 
958	25 
959	45 
960	56 
961	77 
962	7 
963	116 
964	7 15 84 122 
965	121 
966	71 
967	6 
968	34 
969	38 
970	31 
971	39 
972	37 
973	85 
974	82 
975	32 
976	100 
977	41 
978	61 
979	71 
980	97 
981	74 
982	133 
983	41 51 110 129 
984	85 
985	120 
986	58 
987	21 
988	112 
989	53 
990	15 
991	54 
992	7 
993	71 
994	92 
995	56 
996	67 
997	23 
998	84 
999	120 
1000	18 
1001	127 
1002	59 
1003	129 
1004	21 44 85 93 
1005	115 
1006	29 
1007	85 
1008	6 
1009	1 
1010	112 
1011	4 16 47 50 
1012	108 
1013	129 
1014	55 
1015	75 
1016	84 
1017	118 
1018	109 
1019	131 
1020	90 
1021	73 
1022	55 
1023	23 
1024	76 
1025	98 
1026	95 
1027	75 
1028	53 
1029	21 
1030	38 39 71 129 
1031	85 
1032	26 
1033	69 
1034	116 
1035	79 
1036	27 46 66 75 
1037	59 
1038	37 
1039	102 
1040	69 
1041	38 
1042	31 
1043	121 
1044	15 
1045	11 
1046	56 
1047	88 
1048	6 
1049	107 
1050	39 
1051	78 
1052	84 
1053	60 
1054	121 
1055	126 
1056	37 
1057	40 
1058	100 
1059	113 
1060	110 
1061	19 
1062	131 
1063	103 
1064	93 
1065	93 
1066	110 
1067	2 
1068	80 87 103 119 
1069	115 
1070	17 
1071	4 62 105 122 
1072	5 
1073	89 
1074	8 
1075	46 
1076	29 
1077	66 
1078	6 15 21 30 
1079	92 
1080	60 
1081	26 43 80 125 
1082	78 
1083	16 
1084	109 
1085	89 
1086	39 
1087	75 
1088	118 
1089	19 
1090	36 
1091	42 
1092	103 
1093	26 45 89 104 
1094	85 
1095	73 
1096	110 
1097	75 
1098	116 
1099	76 
1100	71 
1101	8 
1102	42 
1103	106 
1104	45 
1105	88 
1106	49 
1107	121 
1108	91 
1109	66 
1110	123 
1111	123 
1112	49 
1113	45 
1114	41 
1115	69 
1116	102 
1117	56 
1118	118 
1119	103 
1120	115 
1121	98 
1122	75 
1123	15 
1124	15 
1125	30 
1126	53 
1127	125 
1128	80 
1129	132 
1130	28 
1131	111 
1132	56 
1133	66 
1134	55 60 61 72 
1135	13 
1136	34 
1137	129 
1138	11 
1139	23 
1140	21 
1141	89 
1142	38 
1143	122 
1144	49 
1145	69 
1146	44 56 69 73 
1147	80 
1148	40 
1149	84 
1150	102 
1151	102 
1152	71 
1153	85 
1154	17 
1155	123 
1156	94 
1157	103 
1158	3 
1159	81 
1160	114 
1161	35 
1162	131 
1163	85 
1164	102 
1165	21 34 35 119 
1166	10 13 58 66 
1167	25 
1168	49 
1169	85 
1170	71 
1171	72 
1172	34 44 118 121 
1173	112 
1174	110 
1175	5 79 89 119 
1176	86 
1177	70 
1178	71 
1179	53 
1180	1 
1181	132 
1182	57 
1183	115 
1184	76 
1185	9 
1186	122 
1187	31 
1188	60 
1189	25 
1190	83 
1191	53 
1192	19 
1193	94 
1194	31 
1195	69 
1196	46 
1197	81 
1198	80 
1199	121 
1200	95 
1201	15 53 64 103 
1202	84 
1203	36 55 61 124 
1204	106 
1205	44 
1206	34 
1207	31 
1208	56 
1209	22 
1210	83 
1211	60 
1212	53 78 116 123 
1213	20 
1214	99 
1215	3 
1216	8 45 49 110 
1217	45 
1218	55 
1219	104 
1220	30 67 83 121 
1221	52 
1222	19 
1223	118 
1224	130 
1225	46 
1226	85 
1227	90 
1228	50 
1229	44 
1230	1 
1231	15 
1232	50 
1233	56 
1234	41 
1235	84 
1236	133 
1237	135 
1238	78 
1239	104 
1240	39 
1241	50 
1242	126 
1243	132 
1244	126 
1245	35 
1246	5 
1247	126 
1248	57 83 92 98 
1249	55 
1250	65 
1251	37 
1252	72 99 104 129 
1253	81 
1254	129 
1255	32 
1256	134 
1257	15 
1258	5 
1259	62 
1260	128 
1261	109 
1262	124 
1263	122 
1264	21 
1265	21 
1266	99 
1267	32 
1268	115 
1269	56 
1270	17 
1271	33 
1272	15 21 34 78 
1273	104 
1274	2 
1275	46 
1276	43 
1277	23 69 89 120 
1278	51 
1279	84 
1280	119 
1281	7 45 83 102 
1282	70 
1283	66 
1284	21 
1285	53 82 88 126 
1286	112 
1287	61 
1288	57 
1289	82 
1290	122 
1291	5 
1292	68 
1293	17 
1294	67 
1295	57 
1296	19 
1297	15 
1298	112 
1299	129 
1300	50 53 82 121 
1301	77 
1302	8 
1303	23 
1304	66 
1305	51 
1306	69 
1307	74 
1308	97 
1309	21 102 107 121 
1310	29 
1311	53 55 66 79 
1312	73 
1313	57 
1314	85 
1315	124 
1316	23 74 109 134 
1317	56 
1318	34 
1319	21 
1320	31 
1321	107 
1322	30 
1323	86 
1324	117 
1325	61 
1326	133 
1327	106 
1328	81 
1329	38 
1330	67 
1331	23 
1332	119 
1333	90 
1334	41 49 88 102 
1335	64 
1336	108 
1337	59 
1338	119 
1339	84 
1340	34 
1341	19 21 66 131 
1342	2 16 46 76 
1343	80 
1344	15 
1345	84 
1346	53 
1347	17 
1348	5 
1349	41 
1350	60 
1351	90 
1352	50 
1353	107 
1354	81 
1355	129 
1356	30 32 53 121 
1357	17 
1358	85 
1359	38 
1360	110 
1361	46 
1362	126 
1363	33 
1364	12 
1365	82 
1366	14 
1367	128 
1368	13 123 126 135 
1369	66 
1370	56 
1371	84 
1372	11 88 104 125 
1373	103 
1374	134 
1375	45 
1376	63 
1377	132 
1378	82 
1379	62 
1380	134 
1381	44 
1382	23 
1383	112 
1384	120 
1385	72 
1386	107 
1387	34 84 85 116 
1388	79 
1389	31 49 64 85 
1390	45 
1391	99 
1392	4 9 51 52 
1393	5 
1394	18 
1395	48 
1396	9 
1397	69 
1398	107 
1399	98 
1400	82 
1401	17 
1402	38 
1403	13 
1404	49 
1405	22 
1406	120 
1407	37 
1408	83 
1409	37 
1410	82 
1411	14 
1412	102 
1413	130 
1414	55 
1415	27 
1416	71 
1417	34 
1418	75 
1419	10 
1420	20 
1421	91 
1422	2 19 126 134 
1423	48 
1424	44 
1425	29 
1426	9 
1427	131 
1428	119 
1429	38 
1430	15 
1431	53 84 113 130 
1432	123 
1433	114 
1434	2 
1435	67 
1436	4 
1437	102 
1438	5 
1439	41 
1440	13 
1441	19 
1442	68 85 112 135 
1443	132 
1444	99 
1445	90 
1446	23 50 74 132 
1447	53 
1448	72 
1449	99 
1450	110 
1451	57 
1452	84 
1453	51 
1454	43 49 54 84 
1455	55 
1456	64 
1457	27 
1458	75 
1459	62 
1460	50 
1461	14 
1462	130 
1463	8 
1464	101 
1465	34 
1466	26 64 86 98 
1467	35 
1468	67 
1469	36 
1470	53 
1471	10 
1472	38 
1473	72 
1474	1 
1475	5 
1476	8 
1477	74 
1478	54 
1479	11 
1480	50 
1481	19 
1482	30 
1483	20 
1484	135 
1485	130 
1486	101 
1487	121 
1488	60 
1489	21 
1490	69 
1491	45 
1492	76 
1493	123 
1494	41 
1495	80 
1496	122 
1497	46 50 83 88 
1498	60 
1499	74 
1500	46 82 88 101 
1501	98 
1502	9 
1503	95 
1504	100 
1505	96 
1506	79 
1507	131 
1508	33 51 85 90 
1509	65 
1510	34 
1511	132 
1512	61 
1513	25 
1514	58 
1515	116 
1516	135 
1517	6 
1518	46 
1519	6 
1520	69 
1521	99 
1522	64 
1523	5 
1524	53 
1525	82 
1526	79 
1527	95 
1528	61 
1529	127 
1530	48 
1531	91 
1532	14 
1533	21 
1534	30 
1535	82 
1536	9 
1537	76 
1538	89 
1539	58 
1540	49 
1541	27 
1542	62 
1543	110 
1544	121 
1545	115 
1546	69 
1547	53 
1548	122 
1549	65 
1550	134 
1551	126 
1552	133 
1553	11 
1554	97 
1555	118 
1556	118 
1557	45 104 113 121 
1558	116 
1559	101 
1560	15 
1561	123 
1562	70 
1563	117 
1564	58 
1565	19 
1566	64 
1567	47 
1568	91 
1569	52 
1570	104 
1571	56 71 82 118 
1572	89 
1573	5 
1574	118 
1575	34 
1576	18 
1577	84 
1578	4 59 97 112 
1579	43 
1580	50 
1581	108 
1582	82 
1583	82 
1584	121 
1585	17 31 66 71 
1586	129 
1587	12 95 121 126 
1588	85 
1589	43 
1590	107 
1591	13 
1592	22 
1593	14 
1594	104 
1595	24 
1596	46 
1597	38 
1598	55 
1599	69 
1600	77 
1601	106 
1602	84 
1603	67 89 119 130 
1604	71 
1605	83 
1606	30 48 54 107 
1607	35 
1608	50 
1609	22 
1610	38 
1611	61 
1612	52 
1613	55 
1614	89 
1615	45 
1616	68 
1617	31 
1618	30 
1619	108 
1620	38 
1621	31 
1622	13 23 83 107 
1623	52 
1624	39 
1625	50 55 95 123 
1626	104 
1627	51 
1628	90 
1629	75 
1630	17 
1631	89 
1632	32 
1633	14 
1634	27 
1635	115 
1636	45 
1637	27 33 84 123 
1638	44 
1639	25 
1640	12 
1641	15 
1642	63 
1643	84 
1644	124 
1645	11 
1646	31 
1647	21 
1648	61 
1649	13 64 100 112 
1650	67 
1651	40 
1652	68 95 102 116 
1653	36 76 82 88 
1654	97 
1655	59 
1656	18 79 105 126 
1657	88 
1658	125 
1659	38 74 107 115 
1660	107 
1661	13 
1662	98 
1663	31 
1664	114 
1665	13 
1666	34 
1667	104 
1668	62 
1669	61 
1670	18 
1671	83 
1672	38 
1673	79 
1674	90 
1675	32 
1676	101 
1677	85 
1678	88 
1679	133 
1680	10 21 53 54 
1681	24 
1682	85 
1683	53 
1684	37 46 72 77 
1685	68 
1686	2 
1687	3 
1688	69 
1689	66 79 96 113 
1690	82 
1691	46 
1692	23 
1693	86 
1694	96 
1695	62 
1696	118 
1697	55 
1698	118 
1699	57 
1700	7 
1701	5 43 61 133 
1702	15 17 45 123 
1703	46 
1704	43 52 76 134 
1705	24 
1706	97 
1707	42 43 74 129 
1708	103 
1709	101 
1710	125 
1711	2 
1712	110 
1713	131 
1714	31 
1715	46 
1716	45 
1717	65 
1718	6 17 79 131 
1719	86 
1720	85 
1721	66 
1722	77 
1723	82 
1724	30 
1725	80 
1726	47 
1727	63 
1728	59 69 82 90 
1729	105 
1730	106 
1731	85 
1732	112 
1733	33 
1734	66 
1735	129 
1736	6 
1737	67 
1738	80 
1739	69 
1740	39 
1741	118 
1742	128 
1743	45 
1744	37 64 90 113 
1745	43 
1746	109 
1747	69 
1748	65 
1749	72 
1750	101 
1751	21 
1752	34 
1753	15 
1754	94 
1755	49 
1756	85 
1757	36 
1758	46 47 64 127 
1759	5 
1760	28 
1761	43 
1762	83 
1763	76 
1764	19 59 61 113 
1765	8 43 105 135 
1766	92 
1767	21 
1768	30 
1769	31 
1770	90 
1771	23 
1772	59 
1773	72 
1774	18 
1775	115 
1776	118 
1777	74 
1778	120 
1779	11 
1780	40 52 64 71 
1781	94 
1782	83 
1783	64 
1784	16 31 111 133 
1785	92 
1786	116 
1787	16 
1788	23 
1789	126 
1790	5 
1791	44 
1792	44 
1793	128 
1794	102 
1795	48 
1796	4 16 45 68 
1797	121 
1798	23 38 46 56 
1799	83 
1800	49 
1801	103 
1802	57 
1803	123 
1804	121 
1805	79 
1806	112 
1807	34 
1808	80 
1809	96 
1810	72 
1811	117 
1812	107 
1813	118 
1814	114 
1815	13 
1816	121 
1817	4 98 115 130 
1818	131 
1819	53 
1820	30 48 66 76 
1821	98 
1822	126 
1823	2 
1824	42 
1825	63 
1826	56 
1827	19 
1828	102 
1829	22 
1830	50 
1831	115 
1832	131 
1833	60 
1834	58 
1835	31 
1836	40 
1837	77 
1838	100 
1839	58 
1840	51 
1841	21 
1842	17 38 58 71 
1843	80 
1844	56 
1845	52 
1846	46 
1847	43 
1848	5 
1849	23 
1850	30 
1851	100 
1852	126 
1853	53 
1854	41 
1855	34 
1856	14 43 96 102 
1857	8 19 32 41 
1858	83 
1859	53 
1860	66 
1861	23 
1862	98 
1863	104 
1864	135 
1865	92 
1866	86 
1867	9 
1868	131 
1869	31 
1870	33 
1871	67 
1872	65 
1873	15 
1874	5 19 52 107 
1875	53 
1876	27 
1877	7 
1878	112 
1879	51 
1880	101 
1881	38 
1882	41 
1883	129 
1884	125 
1885	127 
1886	79 
1887	66 71 103 112 
1888	11 79 92 104 
1889	90 
1890	15 17 60 103 
1891	64 
1892	65 
1893	121 
1894	11 
1895	50 
1896	130 
1897	27 
1898	64 
1899	81 
1900	80 81 90 129 
1901	38 
1902	118 
1903	82 
1904	65 84 98 129 
1905	27 
1906	78 
1907	33 
1908	86 
1909	41 
1910	13 23 70 125 
1911	34 
1912	18 
1913	105 
1914	44 
1915	18 
1916	32 33 71 108 
1917	118 
1918	95 
1919	79 
1920	43 107 112 129 
1921	126 
1922	115 
1923	99 
1924	85 
1925	82 
1926	47 
1927	44 
1928	48 
1929	20 
1930	39 
1931	80 
1932	120 
1933	26 28 41 101 
1934	131 
1935	56 
1936	98 
1937	11 116 118 125 
1938	123 
1939	21 
1940	17 
1941	80 
1942	10 32 43 107 
1943	38 
1944	9 37 55 89 
1945	112 
1946	104 
1947	101 
1948	21 36 61 107 
1949	21 
1950	1 
1951	35 
1952	131 
1953	1 
1954	70 
1955	115 
1956	131 
1957	85 
1958	30 50 103 117 
1959	90 
1960	115 
1961	59 
1962	57 
1963	131 
1964	96 
1965	118 
1966	89 
1967	12 
1968	111 
1969	21 38 71 77 
1970	128 
1971	15 
1972	18 
1973	118 
1974	13 43 76 83 
1975	96 
1976	107 
1977	45 56 68 104 
1978	118 
1979	103 
1980	122 
1981	47 55 74 131 
1982	45 53 56 91 
1983	6 
1984	5 59 121 132 
1985	44 
1986	84 
1987	31 
1988	126 
1989	102 
1990	53 
1991	71 
1992	92 
1993	17 
1994	115 
1995	34 84 105 121 
1996	110 
1997	56 
1998	84 
1999	75 
2000	4 66 131 132 
2001	68 
2002	112 
2003	111 
2004	114 
2005	84 
2006	96 
2007	3 45 58 110 
2008	16 
2009	8 
2010	90 
2011	56 
2012	73 
2013	69 
2014	121 
2015	24 
2016	15 
2017	84 
2018	15 
2019	91 
2020	115 
2021	50 
2022	93 
2023	15 
2024	8 
2025	44 
2026	106 
2027	126 
2028	8 53 65 97 
2029	118 
2030	9 
2031	112 113 116 135 
2032	36 
2033	15 28 40 110 
2034	31 
2035	56 
2036	53 
2037	117 
2038	121 
2039	61 
2040	56 
2041	58 
2042	5 
2043	11 
2044	39 
2045	91 
2046	110 
2047	110 
2048	128 
2049	90 
2050	61 
2051	19 
2052	21 
2053	22 61 105 111 
2054	62 
2055	30 
2056	71 
2057	78 
2058	28 
2059	72 
2060	127 
2061	31 
2062	121 
2063	93 
2064	46 
2065	83 
2066	45 
2067	53 
2068	2 
2069	5 
2070	11 107 123 125 
2071	57 
2072	89 
2073	8 
2074	46 
2075	33 
2076	69 
2077	38 48 80 112 
2078	33 56 75 88 
2079	130 
2080	14 
2081	14 38 53 80 
2082	76 
2083	61 
2084	42 
2085	106 
2086	46 
2087	46 
2088	71 
2089	84 
2090	34 35 49 56 
2091	85 
2092	105 
2093	127 
2094	6 
2095	16 
2096	57 81 84 125 
2097	28 32 52 57 
2098	83 
2099	32 
2100	28 
2101	6 
2102	1 
2103	15 
2104	2 5 47 72 
2105	6 49 131 132 
2106	65 
2107	22 
2108	2 46 67 74 
2109	59 
2110	116 
2111	45 
2112	24 
2113	45 
2114	5 
2115	77 
2116	46 
2117	93 
2118	120 
2119	85 
2120	105 
2121	56 
2122	109 
2123	18 
2124	58 
2125	47 48 123 134 
2126	41 45 49 126 
2127	124 
2128	1 
2129	58 
2130	128 
2131	105 
2132	132 
2133	78 
2134	74 
2135	83 
2136	52 
2137	81 
2138	71 
2139	38 
2140	110 
2141	113 
2142	87 
2143	76 
2144	59 
2145	118 
2146	48 
2147	16 
2148	115 
2149	18 
2150	107 
2151	87 
2152	14 
2153	61 
2154	129 
2155	78 
2156	107 
2157	80 
2158	5 21 30 41 
2159	84 
2160	33 
2161	84 
2162	58 
2163	8 
2164	121 
2165	72 80 108 124 
2166	67 
2167	6 
2168	10 15 19 32 
2169	86 
2170	47 
2171	43 
2172	103 
2173	15 
2174	109 
2175	21 
2176	75 
2177	2 
2178	3 
2179	16 
2180	43 53 126 129 
2181	102 
2182	73 
2183	30 
2184	108 
2185	27 
2186	80 
2187	9 
2188	85 
2189	30 
2190	91 
2191	43 46 97 121 
2192	45 
2193	85 
2194	130 
2195	31 
2196	51 
2197	71 
2198	81 
2199	78 
2200	71 
2201	66 
2202	107 
2203	15 
2204	85 
2205	26 
2206	92 
2207	44 
2208	5 30 35 107 
2209	26 
2210	127 
2211	16 58 109 126 
2212	118 
2213	69 
2214	48 72 78 92 
2215	108 
2216	74 
2217	13 
2218	115 
2219	118 
2220	98 
2221	80 
2222	118 
2223	52 
2224	53 
2225	49 
2226	34 65 102 112 
2227	49 
2228	19 
2229	43 
2230	14 
2231	106 
2232	39 
2233	86 
2234	83 
2235	115 
2236	49 
2237	21 
2238	31 
2239	16 
2240	108 
2241	103 
2242	79 
2243	30 
2244	3 
2245	89 
2246	97 
2247	66 
2248	64 
2249	120 
2250	21 
2251	52 
2252	59 
2253	58 
2254	87 
2255	41 
2256	14 39 48 53 
2257	4 
2258	32 
2259	117 
2260	102 
2261	74 
2262	112 
2263	56 
2264	55 
2265	56 
2266	95 
2267	3 
2268	101 
2269	98 
2270	33 
2271	127 
2272	34 
2273	64 
2274	106 
2275	69 
2276	2 34 40 118 
2277	22 
2278	110 
2279	91 
2280	50 
2281	16 
2282	125 
2283	93 
2284	31 
2285	44 
2286	20 
2287	41 
2288	117 
2289	21 
2290	38 
2291	49 
2292	35 
2293	91 
2294	46 
2295	80 
2296	13 
2297	122 
2298	54 
2299	125 
2300	18 
2301	131 
2302	57 
2303	13 
2304	47 
2305	56 
2306	17 58 64 101 
2307	110 
2308	26 
2309	112 
2310	48 
2311	21 51 53 108 
2312	10 38 59 97 
2313	38 56 61 92 
2314	85 
2315	122 
2316	129 
2317	29 33 45 56 
2318	26 
2319	21 
2320	46 108 115 134 
2321	60 
2322	50 
2323	123 
2324	19 
2325	84 
2326	59 
2327	34 
2328	106 
2329	48 
2330	73 90 103 110 
2331	21 
2332	84 
2333	33 
2334	13 
2335	14 
2336	66 
2337	96 
2338	15 
2339	120 
2340	110 
2341	103 
2342	83 
2343	117 
2344	107 
2345	18 
2346	64 
2347	63 
2348	32 
2349	104 
2350	4 80 114 121 
2351	96 
2352	121 
2353	112 
2354	111 
2355	17 
2356	61 
2357	127 
2358	64 
2359	16 56 78 129 
2360	44 
2361	111 
2362	15 
2363	106 
2364	82 
2365	44 
2366	13 
2367	36 
2368	49 
2369	131 
2370	45 
2371	29 82 98 118 
2372	20 
2373	38 
2374	56 
2375	90 
2376	6 19 45 65 
2377	38 
2378	72 
2379	97 
2380	41 
2381	76 
2382	131 
2383	57 
2384	2 23 61 125 
2385	103 
2386	74 
2387	41 
2388	80 
2389	15 
2390	121 
2391	29 
2392	2 
2393	5 56 58 85 
2394	52 56 71 85 
2395	6 
2396	79 
2397	63 
2398	73 
2399	46 
2400	42 
2401	30 61 85 91 
2402	16 
2403	89 
2404	104 
2405	102 
2406	103 
2407	87 
2408	6 
2409	17 
2410	93 
2411	45 
2412	110 
2413	64 
2414	37 
2415	28 
2416	30 
2417	112 
2418	21 
2419	88 
2420	47 
2421	5 
2422	38 
2423	53 
2424	126 
2425	126 
2426	49 
2427	37 
2428	95 
2429	84 
2430	55 
2431	45 
2432	3 
2433	82 
2434	30 
2435	21 
2436	37 61 75 102 
2437	124 
2438	15 
2439	38 
2440	112 
2441	30 
2442	44 46 59 123 
2443	122 
2444	69 
2445	71 108 117 124 
2446	69 
2447	31 
2448	5 
2449	106 
2450	120 
2451	20 
2452	13 
2453	46 
2454	52 
2455	80 
2456	24 
2457	11 
2458	45 58 65 123 
2459	25 
2460	61 
2461	113 
2462	17 56 98 121 
2463	11 
2464	8 
2465	90 
2466	11 
2467	43 
2468	83 
2469	51 
2470	93 
2471	42 
2472	110 
2473	46 
2474	68 
2475	93 
2476	121 
2477	45 
2478	21 
2479	86 
2480	61 
2481	60 
2482	89 
2483	3 
2484	91 
2485	33 35 76 126 
2486	32 
2487	56 
2488	1 
2489	21 
2490	48 
2491	73 
2492	5 
2493	59 
2494	6 
2495	102 
2496	110 
2497	135 
2498	33 
2499	28 44 85 134 
2500	87 
2501	123 
2502	57 
2503	53 
2504	129 
2505	110 
2506	81 
2507	74 
2508	85 
2509	71 
2510	107 
2511	11 
2512	52 
2513	16 
2514	4 34 53 56 
2515	64 
2516	123 
2517	6 
2518	85 
2519	87 
2520	17 
2521	45 
2522	61 74 78 125 
2523	42 
2524	16 
2525	56 
2526	7 
2527	5 
2528	17 
2529	115 
2530	87 
2531	8 
2532	17 
2533	33 
2534	64 
2535	123 
2536	69 
2537	130 
2538	25 
2539	132 
2540	91 
2541	112 
2542	129 
2543	90 
2544	54 
2545	84 
2546	126 
2547	80 
2548	13 
2549	28 
2550	64 
2551	122 
2552	41 
2553	45 
2554	57 
2555	108 
2556	120 
2557	5 
2558	91 
2559	117 
2560	119 
2561	3 
2562	63 
2563	28 
2564	46 
2565	122 
2566	51 
2567	59 
2568	76 
2569	18 
2570	115 
2571	81 
2572	95 
2573	129 
2574	112 
2575	78 
2576	24 
2577	80 
2578	97 
2579	72 
2580	98 
2581	45 
2582	118 
2583	81 
2584	129 
2585	10 
2586	18 
2587	118 
2588	2 
2589	38 
2590	50 
2591	60 
2592	58 
2593	110 
2594	55 
2595	115 
2596	105 
2597	21 45 50 115 
2598	15 
2599	115 
2600	121 
2601	13 
2602	60 
2603	68 
2604	98 
2605	37 
2606	52 
2607	75 
2608	11 31 116 118 
2609	21 
2610	85 
2611	21 45 60 126 
2612	13 41 44 80 
2613	34 
2614	5 
2615	98 
2616	107 
2617	45 
2618	42 46 83 103 
2619	12 
2620	64 
2621	34 
2622	123 
2623	114 
2624	120 
2625	36 
2626	129 
2627	116 
2628	34 
2629	37 
2630	107 
2631	34 
2632	120 
2633	61 
2634	43 
2635	99 
2636	60 
2637	11 
2638	26 
2639	131 
2640	13 
2641	8 
2642	85 
2643	125 
2644	30 
2645	5 
2646	126 
2647	46 
2648	98 
2649	17 
2650	126 
2651	55 
2652	56 
2653	113 
2654	14 72 77 117 
2655	32 
2656	75 
2657	76 
2658	41 
2659	37 
2660	36 
2661	61 
2662	51 
2663	117 
2664	84 
2665	56 
2666	70 
2667	113 
2668	5 35 41 79 
2669	101 
2670	38 
2671	38 
2672	19 20 57 130 
2673	95 
2674	31 
2675	40 
2676	15 
2677	51 
2678	13 
2679	45 
2680	116 
2681	11 
2682	93 
2683	41 
2684	28 
2685	84 
2686	76 
2687	5 
2688	68 
2689	80 
2690	23 34 113 133 
2691	19 
2692	130 
2693	31 
2694	45 
2695	53 
2696	107 
2697	84 
2698	15 39 47 115 
2699	70 
2700	37 
2701	9 56 118 127 
2702	13 
2703	109 
2704	71 
2705	102 
2706	55 
2707	31 
2708	19 
2709	63 
2710	83 
2711	84 
2712	92 
2713	23 
2714	129 
2715	90 
2716	112 
2717	30 53 80 107 
2718	50 
2719	71 
2720	45 
2721	72 
2722	11 41 112 129 
2723	6 
2724	134 
2725	41 
2726	97 
2727	15 
2728	51 
2729	117 
2730	108 
2731	43 
2732	30 
2733	115 
2734	7 50 69 116 
2735	60 
2736	28 
2737	19 
2738	123 
2739	44 
2740	25 
2741	112 
2742	16 
2743	73 
2744	121 
2745	60 
2746	57 
2747	129 
2748	43 
2749	106 
2750	74 
2751	102 
2752	113 
2753	53 
2754	8 49 77 103 
2755	89 
2756	13 
2757	135 
2758	85 
2759	8 
2760	33 
2761	66 
2762	30 
2763	85 
2764	78 
2765	5 
2766	58 75 101 106 
2767	63 
2768	32 
2769	17 33 43 55 
2770	5 
2771	38 59 67 116 
2772	58 
2773	116 
2774	19 55 104 133 
2775	92 
2776	35 
2777	26 
2778	48 
2779	125 
2780	107 
2781	68 
2782	80 
2783	5 
2784	54 
2785	46 
2786	110 
2787	61 68 73 133 
2788	110 
2789	61 
2790	115 
2791	60 
2792	105 
2793	108 
2794	83 
2795	48 64 90 116 
2796	62 
2797	45 53 57 114 
2798	3 
2799	5 31 75 92 
2800	110 
2801	94 
2802	104 
2803	45 
2804	112 
2805	19 
2806	5 
2807	71 
2808	31 
2809	76 
2810	53 
2811	135 
2812	56 
2813	123 
2814	84 
2815	114 
2816	16 
2817	30 
2818	71 80 109 133 
2819	44 
2820	67 
2821	59 
2822	106 
2823	106 
2824	112 
2825	42 
2826	131 
2827	50 
2828	103 
2829	22 
2830	86 
2831	106 
2832	50 79 118 124 
2833	60 
2834	110 
2835	59 
2836	92 
2837	53 
2838	59 
2839	57 
2840	69 
2841	81 
2842	8 
2843	98 
2844	84 97 103 121 
2845	57 
2846	38 
2847	3 11 89 129 
2848	56 
2849	81 
2850	32 90 107 133 
2851	31 
2852	5 
2853	72 
2854	35 56 57 63 
2855	46 
2856	129 
2857	55 
2858	84 
2859	135 
2860	53 
2861	39 
2862	31 
2863	121 
2864	57 
2865	115 
2866	34 
2867	104 
2868	100 
2869	10 
2870	72 
2871	1 
2872	31 
2873	132 
2874	62 
2875	63 
2876	41 
2877	62 
2878	25 
2879	93 
2880	13 
2881	41 
2882	35 
2883	121 
2884	46 
2885	18 
2886	17 
2887	41 
2888	7 29 61 89 
2889	102 
2890	75 
2891	91 
2892	17 
2893	72 
2894	30 
2895	35 
2896	50 
2897	85 
2898	118 
2899	29 52 53 123 
2900	79 
2901	99 
2902	88 
2903	130 
2904	46 
2905	55 
2906	14 
2907	11 
2908	75 
2909	76 
2910	55 
2911	131 
2912	8 
2913	2 
2914	127 
2915	5 66 83 109 
2916	3 37 41 129 
2917	59 
2918	60 
2919	135 
2920	87 
2921	10 
2922	107 
2923	84 
2924	78 
2925	2 
2926	38 
2927	110 
2928	54 
2929	28 
2930	115 
2931	34 
2932	6 
2933	98 
2934	88 
2935	126 
2936	33 
2937	19 
2938	64 
2939	76 
2940	60 
2941	10 15 82 116 
2942	58 
2943	98 
2944	20 45 88 97 
2945	81 
2946	53 
2947	102 105 121 130 
2948	93 
2949	15 
2950	5 
2951	92 
2952	54 
2953	45 
2954	128 
2955	14 
2956	1 38 51 111 
2957	63 
2958	122 
2959	17 
2960	72 
2961	22 
2962	13 
2963	121 
2964	118 
2965	26 
2966	79 
2967	14 
2968	38 
2969	30 
2970	5 
2971	58 
2972	86 
2973	3 
2974	126 
2975	105 
2976	22 47 56 131 
2977	14 
2978	31 
2979	15 46 62 80 
2980	72 
2981	38 
2982	40 
2983	57 
2984	15 18 83 129 
2985	60 
2986	116 
2987	5 
2988	66 
2989	18 
2990	63 
2991	9 
2992	66 
2993	35 67 102 107 
2994	13 
2995	20 
2996	80 
2997	30 
2998	66 
2999	21 
3000	69 96 115 122 
3001	19 38 64 125 
3002	14 
3003	87 
3004	38 
3005	16 21 30 120 
3006	31 
3007	64 
3008	19 
3009	5 
3010	83 
3011	30 
3012	13 
3013	9 
3014	74 
3015	85 
3016	69 
3017	17 
3018	7 
3019	104 
3020	85 
3021	84 88 105 128 
3022	26 
3023	53 
3024	122 
3025	11 
3026	26 
3027	96 
3028	60 
3029	131 
3030	69 
3031	131 
3032	84 
3033	128 
3034	56 
3035	69 
3036	33 
3037	118 
3038	19 31 46 58 
3039	86 
3040	2 
3041	50 
3042	60 
3043	9 
3044	34 
3045	117 
3046	5 
3047	81 
3048	47 
3049	111 
3050	116 
3051	125 
3052	103 
3053	17 83 104 115 
3054	27 
3055	7 
3056	90 
3057	7 
3058	102 
3059	91 
3060	12 
3061	13 14 100 123 
3062	64 74 94 132 
3063	35 
3064	82 
3065	53 
3066	53 
3067	59 
3068	105 
3069	88 
3070	10 
3071	60 
3072	10 
3073	84 
3074	84 
3075	32 
3076	15 
3077	40 
3078	19 54 66 68 
3079	71 
3080	11 16 19 84 
3081	21 
3082	116 
3083	37 69 87 122 
3084	15 
3085	88 
3086	100 
3087	33 
3088	125 
3089	56 
3090	19 
3091	55 
3092	33 
3093	94 
3094	112 
3095	30 60 70 80 
3096	54 
3097	77 
3098	47 
3099	22 
3100	5 65 112 121 
3101	57 58 74 107 
3102	118 
3103	117 
3104	111 
3105	38 
3106	72 
3107	66 
3108	119 
3109	13 38 85 103 
3110	14 
3111	50 
3112	113 
3113	5 
3114	41 71 84 88 
3115	90 
3116	71 
3117	10 
3118	115 
3119	110 
3120	71 
3121	49 
3122	126 
3123	56 
3124	55 
3125	15 
3126	56 
3127	14 21 79 89 
3128	31 
3129	69 
3130	33 
3131	104 
3132	18 
3133	85 
3134	28 
3135	48 
3136	134 
3137	19 
3138	46 
3139	117 
3140	58 
3141	112 
3142	71 
3143	49 
3144	58 
3145	31 
3146	83 
3147	38 41 66 80 
3148	4 
3149	68 
3150	75 
3151	72 
3152	29 
3153	119 
3154	79 
3155	71 
3156	72 
3157	43 
3158	45 
3159	78 
3160	99 
3161	71 
3162	72 
3163	40 61 111 126 
3164	18 
3165	9 45 88 114 
3166	105 
3167	65 
3168	24 
3169	9 
3170	38 
3171	103 
3172	127 
3173	30 
3174	117 
3175	59 
3176	71 
3177	7 
3178	50 
3179	25 
3180	58 
3181	91 
3182	123 
3183	53 
3184	34 
3185	83 
3186	50 
3187	121 
3188	13 
3189	45 
3190	18 
3191	85 
3192	5 
3193	98 
3194	115 
3195	15 
3196	58 
3197	32 
3198	27 
3199	67 
3200	91 
3201	66 
3202	88 
3203	80 
3204	131 
3205	45 
3206	7 
3207	54 
3208	61 
3209	115 
3210	69 72 89 128 
3211	122 
3212	76 
3213	42 
3214	129 
3215	100 
3216	19 
3217	17 
3218	110 
3219	130 
3220	126 
3221	64 
3222	14 
3223	63 
3224	10 
3225	13 
3226	45 
3227	123 
3228	133 
3229	37 
3230	116 
3231	18 
3232	74 
3233	36 
3234	21 
3235	127 
3236	12 31 35 126 
3237	82 
3238	126 
3239	5 19 34 129 
3240	66 
3241	66 
3242	82 
3243	38 
3244	130 
3245	36 38 53 134 
3246	75 
3247	131 
3248	32 
3249	2 
3250	2 
3251	15 45 115 129 
3252	61 
3253	116 
3254	15 106 117 129 
3255	101 
3256	108 
3257	23 38 100 130 
3258	92 
3259	20 
3260	18 
3261	38 
3262	86 
3263	114 
3264	60 
3265	103 
3266	8 
3267	76 
3268	85 
3269	107 
3270	21 
3271	6 
3272	84 
3273	29 
3274	115 
3275	41 
3276	43 
3277	71 
3278	52 
3279	127 
3280	78 
3281	41 
3282	54 
3283	19 
3284	69 
3285	118 
3286	76 
3287	9 
3288	38 
3289	64 
3290	129 
3291	127 
3292	105 
3293	75 
3294	74 
3295	3 
3296	16 22 113 126 
3297	72 
3298	10 
3299	39 
3300	103 
3301	43 
3302	45 
3303	3 
3304	102 
3305	47 
3306	10 55 63 125 
3307	92 
3308	34 
3309	52 
3310	53 
3311	13 
3312	131 
3313	109 
3314	30 
3315	90 
3316	107 
3317	116 
3318	68 
3319	107 
3320	125 
3321	21 
3322	9 
3323	46 53 58 61 
3324	5 29 46 49 
3325	61 
3326	69 
3327	58 
3328	71 88 114 126 
3329	118 
3330	91 
3331	53 
3332	98 
3333	122 
3334	66 
3335	14 
3336	19 
3337	19 
3338	69 
3339	67 
3340	115 
3341	40 
3342	118 
3343	66 
3344	78 
3345	75 
3346	19 
3347	43 
3348	63 
3349	90 
3350	46 
3351	49 
3352	17 
3353	39 
3354	64 
3355	5 38 48 82 
3356	102 
3357	122 
3358	60 
3359	72 
3360	125 
3361	119 
3362	106 
3363	44 
3364	68 
3365	15 
3366	80 85 104 123 
3367	30 
3368	56 
3369	109 
3370	13 
3371	89 
3372	13 
3373	106 
3374	29 
3375	30 
3376	115 
3377	15 
3378	42 
3379	107 
3380	83 
3381	134 
3382	41 
3383	41 73 95 101 
3384	15 17 102 110 
3385	16 34 60 111 
3386	55 
3387	63 
3388	57 
3389	7 
3390	123 
3391	20 22 61 122 
3392	41 
3393	112 
3394	93 
3395	121 
3396	7 
3397	102 
3398	21 84 87 115 
3399	122 
3400	129 
3401	101 
3402	5 
3403	78 
3404	126 
3405	10 
3406	37 
3407	84 
3408	85 
3409	101 
3410	46 
3411	74 
3412	15 
3413	78 
3414	70 
3415	56 
3416	17 
3417	34 44 90 97 
3418	14 
3419	17 
3420	70 
3421	121 
3422	41 
3423	118 
3424	44 
3425	17 
3426	45 
3427	21 
3428	2 
3429	32 
3430	110 
3431	11 
3432	35 
3433	107 
3434	74 87 121 126 
3435	41 
3436	68 
3437	13 
3438	13 
3439	26 
3440	2 
3441	72 
3442	63 71 79 107 
3443	15 
3444	102 
3445	126 
3446	53 
3447	15 19 49 102 
3448	127 
3449	92 
3450	95 
3451	71 
3452	45 59 64 85 
3453	11 
3454	110 
3455	31 
3456	68 
3457	3 
3458	79 
3459	108 
3460	1 
3461	49 
3462	52 
3463	102 
3464	126 
3465	100 
3466	106 
3467	14 
3468	78 
3469	61 
3470	80 
3471	126 
3472	31 
3473	109 
3474	64 
3475	30 
3476	22 
3477	30 42 69 124 
3478	32 
3479	89 
3480	130 
3481	53 
3482	6 55 92 129 
3483	71 
3484	80 
3485	107 
3486	67 
3487	20 
3488	6 
3489	118 
3490	59 
3491	32 47 120 132 
3492	21 
3493	8 
3494	43 
3495	34 
3496	94 
3497	69 
3498	76 112 123 129 
3499	6 
3500	46 55 78 97 
3501	27 
3502	7 
3503	55 
3504	56 
3505	116 
3506	112 
3507	53 60 113 131 
3508	49 
3509	63 
3510	56 
3511	53 
3512	115 
3513	76 
3514	21 
3515	122 
3516	38 
3517	121 
3518	21 
3519	44 
3520	61 
3521	59 
3522	122 
3523	117 
3524	24 50 93 107 
3525	83 
3526	132 
3527	121 
3528	103 
3529	74 
3530	17 
3531	108 
3532	12 
3533	38 
3534	112 
3535	94 
3536	76 
3537	107 
3538	71 
3539	50 
3540	67 
3541	92 
3542	21 
3543	15 
3544	13 19 56 58 
3545	89 
3546	66 
3547	8 
3548	115 
3549	16 
3550	132 
3551	61 
3552	58 
3553	44 
3554	63 
3555	23 
3556	34 
3557	13 
3558	129 
3559	119 
3560	126 
3561	26 
3562	38 
3563	88 
3564	97 
3565	85 
3566	60 
3567	123 
3568	105 
3569	115 
3570	87 
3571	45 
3572	71 
3573	113 
3574	55 
3575	51 
3576	76 
3577	93 
3578	34 
3579	1 
3580	98 
3581	92 
3582	79 
3583	19 53 79 129 
3584	84 
3585	89 
3586	2 
3587	90 
3588	100 
3589	8 38 117 120 
3590	12 
3591	101 
3592	17 
3593	31 
3594	84 
3595	3 
3596	103 
3597	93 
3598	67 84 104 107 
3599	48 
3600	87 
3601	123 
3602	51 
3603	48 
3604	107 
3605	21 
3606	51 
3607	72 
3608	77 
3609	55 
3610	11 
3611	14 
3612	121 
3613	5 
3614	122 
3615	13 
3616	118 
3617	49 
3618	35 57 110 122 
3619	50 
3620	74 
3621	55 
3622	118 
3623	129 
3624	16 
3625	41 
3626	121 
3627	30 
3628	48 65 80 124 
3629	115 
3630	104 
3631	34 
3632	90 
3633	66 
3634	54 
3635	114 
3636	31 
3637	41 
3638	118 
3639	63 
3640	16 
3641	8 53 70 76 
3642	5 
3643	119 
3644	43 
3645	19 
3646	118 
3647	43 45 58 118 
3648	49 
3649	41 
3650	19 
3651	125 
3652	124 
3653	84 
3654	58 
3655	69 
3656	125 
3657	33 
3658	13 58 91 114 
3659	21 
3660	46 
3661	45 
3662	69 
3663	43 
3664	63 
3665	99 109 110 125 
3666	63 
3667	73 
3668	11 
3669	103 
3670	74 
3671	25 
3672	52 
3673	9 15 59 66 
3674	111 
3675	66 
3676	79 
3677	92 
3678	5 49 104 116 
3679	15 
3680	85 112 121 126 
3681	39 
3682	81 
3683	59 
3684	14 15 34 41 
3685	13 79 93 120 
3686	38 
3687	19 
3688	1 
3689	73 
3690	38 
3691	48 
3692	127 
3693	120 
3694	100 
3695	45 
3696	80 
3697	88 
3698	28 30 83 119 
3699	125 
3700	52 
3701	118 
3702	15 
3703	133 
3704	116 
3705	85 
3706	92 
3707	114 
3708	76 
3709	19 
3710	5 33 58 69 
3711	72 
3712	26 
3713	34 82 85 121 
3714	1 
3715	106 
3716	35 
3717	32 
3718	31 
3719	39 
3720	14 
3721	112 
3722	16 
3723	24 
3724	14 
3725	14 
3726	134 
3727	14 
3728	62 91 104 133 
3729	62 
3730	132 
3731	64 
3732	124 
3733	51 
3734	106 
3735	126 
3736	53 
3737	102 
3738	40 
3739	103 
3740	22 
3741	122 
3742	52 
3743	24 
3744	89 
3745	121 
3746	41 
3747	18 
3748	64 
3749	1 80 89 129 
3750	110 
3751	44 
3752	55 
3753	11 30 37 103 
3754	56 
3755	78 
3756	3 35 38 129 
3757	126 
3758	114 
3759	121 
3760	116 
3761	86 
3762	96 
3763	16 
3764	76 
3765	39 
3766	15 
3767	26 49 64 75 
3768	16 
3769	57 
3770	17 
3771	64 
3772	75 
3773	19 62 85 108 
3774	55 
3775	131 
3776	69 
3777	11 
3778	51 
3779	99 
3780	19 
3781	82 
3782	56 
3783	106 
3784	126 
3785	88 
3786	54 
3787	40 
3788	29 
3789	41 57 95 128 
3790	50 
3791	54 92 100 101 
3792	30 40 50 129 
3793	67 
3794	16 
3795	44 
3796	7 
3797	117 
3798	82 
3799	76 
3800	53 
3801	129 
3802	6 
3803	38 74 89 95 
3804	30 
3805	55 
3806	121 
3807	45 
3808	28 
3809	125 
3810	80 
3811	122 
3812	13 
3813	95 
3814	34 
3815	58 
3816	80 
3817	20 69 70 131 
3818	16 
3819	69 
3820	58 
3821	115 
3822	34 44 55 88 
3823	17 115 118 128 
3824	55 
3825	47 
3826	92 
3827	66 
3828	19 
3829	5 
3830	32 
3831	71 
3832	55 
3833	16 
3834	45 
3835	46 
3836	30 
3837	56 
3838	33 
3839	30 53 62 84 
3840	110 
3841	121 
3842	30 
3843	122 
3844	11 
3845	51 64 121 134 
3846	33 
3847	61 
3848	104 
3849	101 
3850	110 
3851	81 
3852	121 
3853	125 
3854	116 
3855	80 
3856	57 
3857	36 
3858	4 
3859	56 
3860	129 
3861	6 
3862	2 
3863	83 85 89 93 
3864	67 
3865	83 
3866	13 
3867	33 
3868	130 
3869	112 
3870	128 
3871	13 
3872	99 
3873	133 
3874	16 
3875	112 
3876	123 
3877	57 
3878	62 
3879	118 
3880	115 
3881	12 53 68 71 
3882	30 59 79 133 
3883	128 
3884	31 
3885	45 
3886	107 
3887	32 
3888	21 
3889	30 
3890	12 
3891	78 
3892	98 
3893	129 
3894	101 
3895	38 
3896	31 40 42 48 
3897	49 
3898	80 
3899	37 
3900	38 
3901	48 
3902	3 
3903	7 46 53 66 
3904	124 
3905	47 
3906	62 
3907	134 
3908	105 
3909	32 64 86 103 
3910	90 
3911	89 
3912	43 45 70 83 
3913	112 
3914	125 
3915	90 
3916	113 
3917	124 
3918	134 
3919	12 47 102 131 
3920	67 
3921	61 
3922	53 
3923	57 
3924	53 
3925	52 
3926	112 
3927	57 
3928	97 
3929	63 
3930	69 
3931	77 
3932	104 
3933	55 
3934	22 
3935	118 
3936	34 
3937	46 124 125 129 
3938	38 
3939	77 
3940	102 
3941	63 
3942	129 
3943	124 
3944	59 
3945	52 
3946	13 
3947	71 
3948	128 
3949	70 
3950	50 
3951	6 
3952	104 
3953	110 
3954	80 
3955	60 
3956	98 
3957	106 
3958	101 
3959	51 
3960	105 
3961	63 
3962	14 
3963	76 
3964	56 
3965	5 
3966	16 23 84 90 
3967	62 
3968	131 
3969	69 
3970	127 
3971	35 
3972	93 
3973	34 
3974	51 
3975	58 
3976	96 
3977	106 
3978	78 
3979	70 
3980	112 
3981	101 
3982	17 
3983	75 
3984	128 
3985	118 
3986	89 
3987	17 
3988	122 
3989	133 
3990	5 
3991	55 
3992	131 
3993	79 
3994	16 
3995	55 
3996	126 
3997	49 
3998	90 
3999	67 
4000	105 
4001	118 
4002	64 
4003	93 
4004	71 
4005	118 
4006	5 
4007	53 
4008	1 46 61 127 
4009	122 
4010	88 
4011	15 
4012	35 
4013	83 
4014	8 
4015	95 
4016	38 
4017	98 
4018	115 
4019	120 
4020	47 
4021	49 
4022	15 
4023	130 
4024	84 
4025	79 
4026	115 
4027	110 
4028	92 
4029	35 
4030	99 
4031	47 
4032	7 
4033	35 53 68 126 
4034	37 
4035	82 
4036	42 
4037	96 
4038	80 
4039	25 
4040	85 
4041	85 
4042	55 
4043	36 
4044	34 
4045	88 
4046	43 76 123 134 
4047	30 
4048	122 
4049	111 
4050	131 
4051	106 
4052	123 
4053	53 
4054	84 
4055	87 
4056	76 
4057	16 
4058	63 
4059	71 
4060	108 
4061	59 
4062	21 
4063	71 
4064	77 
4065	85 
4066	13 16 79 132 
4067	122 
4068	110 
4069	123 
4070	79 
4071	85 
4072	115 
4073	131 
4074	129 
4075	103 
4076	39 
4077	63 
4078	78 
4079	63 
4080	7 
4081	19 
4082	15 69 85 92 
4083	17 
4084	41 
4085	82 
4086	90 
4087	26 
4088	33 42 57 126 
4089	71 
4090	31 
4091	21 
4092	43 
4093	16 
4094	114 
4095	60 
4096	17 
4097	129 
4098	57 
4099	22 49 69 129 
4100	72 
4101	2 
4102	85 
4103	35 
4104	117 
4105	44 
4106	112 
4107	104 
4108	38 
4109	8 13 73 123 
4110	82 
4111	15 
4112	42 
4113	23 
4114	2 
4115	7 
4116	43 45 91 98 
4117	53 
4118	19 
4119	53 
4120	111 
4121	15 
4122	115 
4123	14 
4124	83 
4125	12 
4126	72 
4127	7 
4128	8 31 122 132 
4129	85 
4130	47 
4131	28 
4132	88 
4133	106 
4134	30 
4135	107 
4136	71 
4137	36 
4138	38 
4139	128 
4140	75 
4141	45 
4142	58 
4143	34 
4144	8 
4145	45 
4146	107 
4147	10 
4148	104 
4149	107 
4150	129 
4151	12 18 60 133 
4152	31 
4153	14 
4154	43 
4155	21 
4156	45 
4157	88 
4158	67 
4159	66 121 125 126 
4160	88 
4161	56 
4162	95 
4163	49 
4164	57 
4165	38 
4166	21 
4167	46 74 106 125 
4168	32 
4169	19 
4170	4 
4171	131 
4172	88 
4173	67 90 102 131 
4174	88 
4175	50 
4176	64 
4177	107 
4178	106 
4179	99 
4180	104 
4181	61 
4182	38 
4183	124 
4184	131 
4185	14 
4186	11 
4187	82 
4188	2 
4189	11 79 80 108 
4190	90 
4191	64 77 89 131 
4192	86 
4193	126 
4194	1 
4195	6 
4196	119 
4197	58 60 72 96 
4198	71 
4199	72 
4200	57 
4201	73 
4202	2 
4203	62 
4204	41 
4205	60 
4206	44 
4207	33 
4208	31 95 107 119 
4209	99 
4210	57 
4211	115 
4212	100 
4213	55 
4214	107 
4215	125 
4216	61 85 114 121 
4217	54 
4218	39 
4219	44 
4220	131 
4221	20 24 53 80 
4222	107 
4223	4 
4224	90 
4225	135 
4226	19 
4227	81 
4228	56 
4229	53 
4230	85 
4231	5 
4232	79 
4233	63 
4234	30 
4235	12 86 90 100 
4236	11 
4237	82 
4238	4 
4239	28 
4240	64 85 98 129 
4241	55 
4242	5 43 55 74 
4243	23 69 73 81 
4244	16 
4245	10 
4246	130 
4247	96 
4248	59 
4249	36 
4250	35 
4251	90 
4252	70 
4253	7 
4254	131 
4255	105 
4256	99 
4257	7 
4258	81 
4259	118 
4260	13 
4261	35 
4262	40 
4263	114 
4264	49 
4265	71 
4266	89 
4267	56 
4268	52 
4269	28 31 58 93 
4270	21 
4271	98 
4272	47 
4273	127 
4274	7 
4275	15 
4276	84 
4277	50 
4278	4 
4279	5 7 31 70 
4280	82 
4281	110 
4282	109 
4283	58 71 88 122 
4284	31 
4285	69 
4286	96 
4287	52 
4288	85 
4289	39 
4290	16 
4291	125 
4292	135 
4293	85 
4294	32 
4295	90 
4296	132 
4297	116 
4298	11 14 61 109 
4299	101 
4300	89 
4301	54 
4302	42 
4303	122 
4304	67 
4305	35 
4306	73 
4307	86 
4308	83 
4309	7 
4310	96 
4311	91 
4312	32 
4313	21 
4314	5 
4315	1 
4316	69 
4317	110 
4318	52 71 122 125 
4319	47 
4320	57 
4321	93 
4322	66 
4323	131 
4324	49 
4325	49 
4326	71 
4327	5 
4328	17 
4329	85 
4330	43 
4331	89 
4332	75 
4333	41 
4334	112 
4335	102 
4336	19 
4337	46 
4338	101 
4339	4 
4340	21 
4341	60 
4342	43 
4343	106 
4344	88 
4345	129 
4346	60 
4347	2 
4348	11 
4349	24 
4350	129 
4351	78 
4352	5 
4353	51 
4354	122 
4355	105 
4356	131 
4357	59 85 96 131 
4358	21 
4359	84 
4360	47 
4361	17 
4362	50 81 88 107 
4363	9 
4364	114 
4365	78 
4366	90 
4367	35 
4368	121 
4369	107 
4370	76 
4371	66 
4372	21 
4373	79 
4374	66 
4375	59 
4376	34 
4377	106 
4378	103 112 115 121 
4379	107 
4380	17 
4381	65 
4382	28 
4383	134 
4384	81 
4385	113 
4386	8 
4387	15 
4388	134 
4389	13 68 86 103 
4390	51 
4391	31 
4392	60 
4393	31 
4394	74 
4395	92 
4396	90 
4397	131 
4398	83 
4399	49 53 76 107 
4400	63 
4401	43 
4402	47 
4403	66 
4404	29 
4405	129 
4406	71 
4407	60 
4408	87 
4409	122 
4410	64 
4411	62 
4412	117 
4413	33 55 108 134 
4414	36 69 74 125 
4415	125 
4416	58 
4417	5 
4418	24 
4419	111 
4420	38 57 72 75 
4421	63 
4422	66 
4423	29 
4424	11 
4425	102 
4426	117 
4427	88 
4428	38 
4429	2 
4430	30 79 103 105 
4431	40 
4432	5 
4433	36 
4434	101 
4435	102 
4436	20 28 31 122 
4437	83 
4438	90 
4439	47 
4440	62 
4441	67 
4442	55 
4443	36 
4444	48 
4445	121 
4446	118 
4447	37 
4448	73 104 106 131 
4449	28 
4450	1 30 113 123 
4451	2 
4452	13 
4453	102 
4454	17 
4455	123 
4456	63 
4457	47 
4458	29 
4459	4 
4460	116 
4461	22 
4462	98 
4463	5 
4464	73 
4465	26 
4466	75 
4467	9 46 67 80 
4468	30 
4469	58 
4470	88 
4471	57 
4472	56 
4473	34 
4474	103 
4475	80 
4476	38 
4477	38 
4478	46 
4479	33 
4480	46 
4481	14 
4482	97 
4483	30 
4484	17 39 93 133 
4485	45 
4486	116 
4487	64 
4488	49 
4489	61 
4490	64 
4491	80 
4492	124 
4493	17 49 66 130 
4494	50 
4495	32 
4496	15 
4497	6 13 61 97 
4498	81 
4499	107 
4500	126 
4501	20 
4502	41 
4503	69 
4504	28 43 73 127 
4505	7 
4506	14 
4507	50 
4508	104 
4509	88 
4510	71 
4511	58 61 89 105 
4512	80 
4513	44 
4514	16 33 58 131 
4515	71 
4516	41 
4517	21 
4518	18 56 88 112 
4519	7 
4520	7 
4521	118 
4522	31 
4523	84 
4524	38 
4525	119 
4526	123 
4527	82 
4528	39 
4529	85 
4530	23 
4531	124 
4532	6 
4533	63 
4534	93 
4535	122 
4536	131 
4537	1 
4538	49 
4539	36 
4540	34 45 46 90 
4541	102 
4542	43 
4543	4 
4544	13 
4545	66 
4546	15 
4547	129 
4548	126 
4549	5 26 31 49 
4550	3 
4551	52 
4552	34 59 64 116 
4553	16 43 77 120 
4554	121 
4555	34 
4556	112 
4557	60 
4558	84 
4559	118 
4560	58 
4561	13 15 53 75 
4562	28 
4563	43 
4564	82 
4565	118 
4566	13 
4567	116 
4568	132 
4569	134 
4570	90 
4571	39 
4572	95 
4573	50 
4574	45 
4575	49 
4576	124 
4577	110 
4578	50 
4579	72 
4580	8 
4581	4 24 102 126 
4582	5 
4583	135 
4584	89 
4585	50 
4586	87 
4587	44 
4588	43 
4589	53 
4590	131 
4591	3 5 107 133 
4592	76 
4593	31 54 69 101 
4594	66 
4595	21 
4596	34 
4597	91 
4598	5 
4599	4 
4600	34 
4601	58 
4602	21 
4603	123 
4604	53 
4605	41 
4606	14 
4607	118 
4608	64 
4609	110 
4610	33 
4611	75 
4612	10 72 94 126 
4613	12 
4614	106 
4615	2 17 107 112 
4616	105 
4617	38 
4618	129 
4619	97 
4620	2 60 84 110 
4621	75 
4622	56 85 105 120 
4623	28 
4624	66 
4625	24 58 69 90 
4626	62 
4627	2 
4628	5 
4629	117 
4630	83 
4631	102 
4632	7 
4633	15 
4634	83 
4635	31 41 59 65 
4636	121 
4637	75 
4638	110 
4639	87 
4640	84 
4641	10 
4642	13 
4643	15 
4644	30 
4645	116 
4646	115 
4647	110 
4648	45 
4649	31 56 103 121 
4650	48 
4651	92 
4652	62 
4653	32 
4654	71 
4655	125 
4656	34 
4657	3 
4658	89 
4659	102 
4660	54 
4661	34 
4662	115 
4663	60 
4664	33 
4665	124 
4666	19 
4667	112 
4668	30 
4669	31 
4670	7 
4671	118 
4672	55 
4673	87 
4674	89 
4675	16 
4676	1 
4677	129 
4678	80 
4679	14 
4680	19 
4681	109 
4682	1 46 47 118 
4683	66 
4684	103 
4685	46 
4686	43 
4687	69 
4688	16 
4689	106 
4690	71 
4691	23 26 30 130 
4692	61 
4693	38 41 71 94 
4694	50 107 117 118 
4695	57 
4696	28 38 76 95 
4697	97 
4698	122 
4699	112 
4700	41 
4701	53 
4702	46 
4703	59 
4704	71 98 117 131 
4705	13 21 55 81 
4706	41 
4707	34 
4708	122 
4709	112 
4710	58 
4711	89 
4712	48 61 110 122 
4713	52 
4714	49 
4715	2 
4716	30 
4717	13 
4718	92 
4719	62 
4720	58 
4721	34 
4722	17 80 107 124 
4723	17 
4724	58 
4725	48 
4726	67 
4727	106 
4728	129 
4729	115 
4730	44 
4731	88 
4732	89 
4733	129 
4734	41 
4735	107 
4736	41 
4737	69 
4738	14 
4739	104 
4740	44 
4741	38 
4742	79 
4743	55 
4744	129 
4745	52 53 84 121 
4746	38 
4747	117 
4748	66 
4749	46 
4750	131 
4751	11 
4752	72 
4753	17 
4754	89 
4755	105 
4756	116 
4757	14 
4758	43 
4759	75 105 115 131 
4760	97 
4761	49 
4762	5 
4763	98 
4764	51 72 82 122 
4765	129 
4766	13 17 81 85 
4767	21 
4768	61 
4769	106 
4770	64 
4771	5 21 93 129 
4772	120 
4773	121 
4774	38 
4775	30 
4776	17 
4777	126 
4778	84 
4779	97 
4780	32 
4781	114 
4782	53 
4783	82 
4784	107 
4785	35 
4786	31 
4787	28 
4788	112 
4789	42 61 63 77 
4790	21 
4791	131 
4792	52 
4793	60 
4794	115 
4795	121 
4796	66 
4797	53 
4798	116 
4799	14 69 71 112 
4800	45 
4801	121 
4802	85 
4803	58 
4804	46 
4805	101 
4806	117 
4807	52 
4808	16 
4809	110 
4810	82 
4811	55 
4812	17 
4813	50 
4814	56 
4815	31 64 90 126 
4816	4 
4817	129 
4818	30 
4819	53 
4820	45 
4821	59 
4822	60 
4823	88 
4824	84 
4825	14 
4826	55 
4827	83 
4828	30 31 60 108 
4829	5 
4830	72 
4831	38 
4832	131 
4833	44 
4834	19 
4835	102 
4836	64 
4837	46 
4838	71 84 109 123 
4839	104 
4840	121 
4841	69 
4842	6 45 58 66 
4843	35 
4844	38 
4845	98 
4846	110 
4847	30 63 80 130 
4848	28 
4849	30 71 88 123 
4850	38 
4851	125 
4852	3 12 49 92 
4853	56 
4854	117 
4855	112 
4856	8 21 46 115 
4857	11 106 116 121 
4858	84 
4859	84 
4860	56 
4861	112 
4862	82 
4863	115 
4864	49 
4865	20 36 37 58 
4866	33 
4867	50 
4868	131 
4869	14 41 46 134 
4870	60 
4871	63 
4872	131 
4873	102 
4874	6 56 60 115 
4875	5 27 114 126 
4876	116 
4877	15 
4878	55 
4879	74 
4880	59 
4881	41 
4882	15 
4883	45 
4884	15 21 72 83 
4885	84 
4886	30 45 65 97 
4887	116 
4888	126 
4889	15 
4890	84 
4891	84 
4892	46 
4893	32 
4894	19 
4895	16 
4896	72 
4897	22 56 64 77 
4898	38 
4899	60 
4900	63 
4901	83 
4902	50 
4903	126 
4904	18 72 112 122 
4905	72 
4906	80 
4907	115 
4908	30 
4909	90 
4910	123 
4911	61 
4912	53 
4913	102 
4914	103 
4915	41 
4916	66 
4917	45 
4918	89 
4919	13 
4920	28 34 67 102 
4921	15 
4922	129 
4923	41 
4924	52 54 61 131 
4925	46 56 85 133 
4926	32 
4927	7 
4928	72 
4929	34 
4930	118 
4931	44 
4932	38 
4933	19 
4934	64 
4935	38 
4936	7 64 121 129 
4937	46 
4938	121 
4939	5 
4940	13 
4941	19 
4942	71 
4943	35 
4944	85 
4945	55 
4946	55 
4947	30 
4948	4 15 72 84 
4949	30 
4950	13 19 50 83 
4951	110 
4952	15 
4953	21 
4954	5 
4955	45 85 94 131 
4956	75 
4957	21 
4958	107 
4959	83 
4960	15 
4961	90 
4962	53 
4963	18 
4964	75 
4965	6 
4966	56 
4967	6 27 62 69 
4968	64 
4969	38 
4970	18 
4971	30 
4972	63 
4973	121 
4974	110 
4975	46 
4976	17 71 90 100 
4977	102 
4978	21 
4979	75 
4980	5 9 45 83 
4981	123 
4982	79 92 118 122 
4983	44 
4984	64 
4985	13 
4986	115 
4987	17 
4988	57 
4989	112 
4990	5 
4991	121 
4992	5 45 66 82 
4993	102 
4994	85 
4995	69 
4996	85 
4997	41 
4998	71 
4999	112 
5000	11 
