1	28 
2	110 
3	33 
4	90 
5	92 
6	30 53 56 125 126 128 144 
7	138 
8	117 
9	72 
10	69 
11	126 
12	41 
13	34 55 72 101 121 125 136 
14	28 
15	34 50 53 69 117 122 125 
16	53 
17	115 
18	41 
19	13 
20	8 
21	49 
22	15 
23	103 
24	81 
25	68 
26	6 
27	15 17 23 30 50 74 121 
28	58 
29	47 
30	108 
31	150 
32	136 
33	116 
34	114 
35	160 
36	71 106 112 113 135 143 158 
37	55 
38	86 
39	50 
40	114 
41	116 
42	7 
43	156 
44	88 
45	105 
46	94 
47	8 
48	121 
49	139 
50	126 
51	152 
52	17 
53	2 
54	95 
55	106 
56	137 
57	159 
58	38 
59	122 
60	98 
61	34 
62	38 
63	23 
64	32 
65	34 51 56 58 122 145 147 
66	117 
67	121 
68	89 
69	47 
70	71 
71	85 
72	129 
73	58 
74	5 
75	109 
76	115 
77	125 
78	53 
79	55 
80	158 
81	9 25 46 70 90 109 126 
82	1 
83	41 47 66 75 112 119 144 
84	84 
85	10 61 70 80 125 156 158 
86	85 
87	55 
88	16 
89	161 
90	133 
91	152 
92	159 
93	110 
94	164 
95	136 
96	102 
97	126 
98	50 
99	102 
100	15 16 62 67 71 90 114 
101	161 
102	83 
103	6 
104	142 
105	79 
106	37 
107	50 
108	118 
109	8 21 46 59 139 146 159 
110	19 
111	162 
112	38 
113	159 
114	156 
115	165 
116	129 
117	45 
118	83 
119	9 31 45 47 84 93 142 
120	146 
121	55 
122	125 
123	125 
124	81 93 116 118 129 132 138 
125	84 
126	137 
127	37 
128	147 
129	69 
130	80 
131	14 53 71 81 85 95 112 
132	17 
133	61 
134	113 
135	91 
136	125 
137	52 
138	2 13 38 66 80 110 131 
139	127 
140	115 
141	128 
142	120 
143	34 40 88 98 137 148 151 
144	20 28 84 105 118 139 163 
145	131 
146	136 
147	20 31 33 102 123 140 159 
148	140 
149	11 55 102 109 117 136 162 
150	13 42 85 90 123 129 153 
151	26 
152	55 
153	31 
154	18 
155	93 
156	102 
157	164 
158	110 
159	160 
160	100 
161	38 
162	4 
163	3 38 41 64 146 150 156 
164	92 
165	13 
166	111 
167	154 
168	118 
169	5 16 42 49 90 113 164 
170	139 
171	157 
172	6 
173	37 
174	85 
175	118 
176	154 
177	30 43 76 104 115 118 146 
178	3 
179	100 
180	121 
181	46 
182	30 
183	53 
184	78 
185	32 
186	59 
187	138 
188	153 
189	164 
190	122 
191	126 
192	58 
193	102 
194	136 
195	116 
196	15 18 32 80 107 129 154 
197	106 
198	72 
199	122 
200	35 
201	6 
202	80 
203	6 
204	56 
205	25 
206	116 
207	75 
208	106 
209	43 
210	62 
211	165 
212	31 
213	114 
214	19 
215	107 
216	162 
217	87 
218	71 
219	110 
220	30 
221	117 
222	32 
223	14 34 64 79 80 123 151 
224	93 
225	87 
226	55 
227	112 
228	136 
229	77 
230	21 
231	155 
232	116 
233	121 
234	146 
235	88 
236	26 
237	130 
238	146 
239	54 
240	130 
241	61 
242	88 
243	83 
244	76 
245	27 30 55 131 136 155 164 
246	115 
247	2 
248	156 
249	117 
250	93 
251	116 
252	30 76 97 118 144 152 162 
253	148 
254	122 
255	110 
256	13 
257	41 42 44 45 80 84 122 
258	54 
259	58 79 95 99 126 129 141 
260	151 
261	160 
262	38 
263	112 
264	2 
265	13 33 56 57 65 138 150 
266	104 
267	6 
268	83 
269	137 
270	144 
271	161 
272	7 
273	161 
274	145 
275	162 
276	19 
277	46 
278	13 
279	19 
280	11 
281	11 
282	8 
283	160 
284	13 
285	37 
286	66 
287	145 
288	73 
289	88 
290	14 60 82 83 104 116 133 
291	41 
292	111 
293	15 
294	66 
295	105 
296	158 
297	21 64 82 92 106 137 158 
298	31 
299	1 
300	30 
301	118 
302	17 
303	38 
304	7 
305	141 
306	63 
307	75 
308	121 
309	46 
310	163 
311	143 
312	55 
313	44 
314	53 
315	15 
316	31 
317	61 
318	90 
319	13 
320	137 
321	151 
322	51 
323	95 
324	15 
325	41 57 59 105 106 154 155 
326	104 
327	44 
328	27 
329	12 
330	60 
331	92 
332	30 
333	33 
334	114 
335	98 
336	4 
337	154 
338	72 
339	10 61 91 94 101 122 140 
340	62 
341	77 
342	79 
343	19 28 43 61 67 79 107 
344	143 
345	137 
346	21 29 30 46 87 92 150 
347	142 
348	7 
349	13 
350	54 
351	162 
352	56 
353	79 
354	3 
355	103 
356	22 
357	36 
358	29 
359	19 
360	136 
361	38 
362	74 
363	47 
364	14 
365	137 
366	22 
367	30 
368	55 58 59 122 141 162 164 
369	150 
370	13 
371	85 
372	45 
373	157 
374	92 
375	34 
376	57 
377	149 
378	50 
379	9 
380	151 
381	72 
382	147 
383	80 
384	135 
385	5 
386	61 
387	114 
388	60 
389	147 
390	121 
391	15 
392	60 
393	21 
394	139 
395	39 
396	129 
397	10 
398	80 
399	69 
400	61 
401	91 
402	83 
403	51 
404	147 
405	50 
406	89 
407	109 
408	128 
409	105 
410	20 
411	137 
412	21 56 64 76 121 129 149 
413	6 
414	132 
415	138 
416	49 
417	49 
418	77 
419	165 
420	139 
421	108 
422	142 
423	102 
424	144 
425	82 
426	139 
427	145 
428	120 
429	22 
430	80 
431	83 
432	98 
433	115 
434	22 
435	112 
436	71 
437	135 
438	46 
439	105 
440	129 
441	141 
442	34 
443	93 
444	55 
445	74 
446	53 
447	118 
448	121 
449	85 
450	49 
451	150 
452	134 
453	147 
454	47 
455	74 
456	75 
457	70 
458	147 
459	89 
460	80 
461	41 
462	14 
463	129 
464	137 
465	63 
466	75 
467	141 
468	129 
469	31 
470	3 
471	51 52 85 109 150 152 157 
472	37 
473	45 
474	20 
475	37 
476	41 
477	74 
478	70 
479	72 
480	136 
481	121 
482	70 
483	138 
484	63 
485	118 
486	11 88 112 118 124 142 158 
487	27 45 55 123 131 137 141 
488	57 
489	13 
490	49 
491	140 
492	107 
493	72 
494	8 17 30 60 64 83 135 
495	154 
496	16 35 40 118 134 142 158 
497	137 
498	131 
499	103 
500	162 
501	30 38 41 44 85 92 160 
502	15 
503	16 
504	56 57 62 110 147 150 163 
505	83 
506	7 12 14 38 50 116 159 
507	136 
508	150 
509	38 
510	5 
511	91 
512	113 
513	33 37 75 91 137 147 161 
514	6 
515	84 
516	17 
517	131 
518	86 
519	49 56 60 107 115 119 126 
520	38 
521	54 
522	21 
523	72 
524	69 
525	77 
526	55 101 102 115 123 151 158 
527	1 
528	45 
529	69 
530	55 
531	139 
532	13 15 58 84 90 117 133 
533	46 
534	25 
535	38 
536	53 
537	119 
538	165 
539	142 
540	150 
541	14 26 38 51 77 78 129 
542	148 
543	122 
544	45 
545	76 
546	115 
547	45 
548	131 
549	38 
550	7 
551	91 
552	87 
553	16 
554	34 
555	33 62 113 115 138 140 155 
556	26 45 55 79 141 142 151 
557	49 
558	162 
559	44 
560	46 
561	107 
562	139 
563	30 
564	1 
565	118 
566	154 
567	53 
568	46 
569	67 
570	48 
571	114 
572	88 
573	8 
574	17 19 80 98 101 118 131 
575	14 
576	51 
577	138 
578	165 
579	77 
580	32 
581	82 
582	136 
583	35 71 80 100 118 121 142 
584	39 
585	85 
586	15 55 83 84 85 134 137 
587	80 
588	101 
589	28 
590	78 
591	139 
592	69 
593	160 
594	13 
595	14 44 55 84 107 136 162 
596	60 
597	50 
598	161 
599	137 
600	133 
601	123 
602	138 
603	6 
604	126 
605	88 
606	80 
607	162 
608	99 
609	48 
610	151 
611	106 
612	18 26 43 54 96 145 161 
613	15 26 34 60 72 107 119 
614	139 
615	19 
616	74 
617	19 
618	6 
619	158 
620	59 
621	5 11 18 32 58 81 136 
622	57 
623	63 
624	54 
625	14 
626	13 45 50 81 112 127 164 
627	70 
628	88 
629	41 49 69 103 110 139 141 
630	146 
631	41 
632	137 
633	106 
634	49 
635	138 
636	156 
637	15 45 56 66 70 100 123 
638	60 
639	164 
640	66 
641	71 
642	79 
643	59 
644	142 
645	154 
646	48 
647	41 
648	117 
649	136 
650	102 
651	23 
652	3 
653	125 
654	1 
655	158 
656	33 
657	149 
658	58 
659	28 
660	21 
661	139 
662	88 
663	19 31 35 56 114 121 129 
664	164 
665	102 
666	125 
667	17 
668	61 
669	11 
670	46 
671	19 
672	30 31 46 64 88 106 153 
673	142 
674	41 
675	81 
676	83 
677	53 
678	45 
679	26 
680	102 
681	31 
682	116 
683	96 
684	9 
685	155 
686	21 47 73 81 88 102 103 
687	29 
688	23 45 69 75 79 108 146 
689	1 19 36 72 102 103 139 
690	75 
691	84 
692	152 
693	50 
694	58 
695	107 
696	59 
697	6 
698	79 
699	115 
700	74 
701	2 30 38 84 100 118 162 
702	48 
703	155 
704	155 
705	10 
706	137 
707	38 
708	30 64 66 73 114 142 160 
709	122 
710	86 102 103 112 136 139 153 
711	165 
712	83 
713	159 
714	158 
715	98 
716	88 
717	10 
718	115 
719	68 
720	116 
721	142 
722	157 
723	16 55 71 130 138 141 147 
724	141 
725	83 
726	66 
727	13 17 32 44 99 140 142 
728	4 
729	101 
730	29 55 56 67 78 112 151 
731	22 
732	13 21 45 57 58 112 135 
733	8 13 24 124 131 132 162 
734	14 
735	68 
736	38 
737	122 
738	36 
739	7 69 76 82 101 138 150 
740	130 
741	79 
742	142 
743	8 
744	118 
745	15 
746	136 
747	31 
748	122 
749	76 
750	163 
751	67 
752	28 
753	154 
754	102 
755	83 
756	50 
757	140 
758	17 60 79 100 139 142 155 
759	129 
760	92 
761	59 
762	84 
763	92 
764	83 
765	64 
766	118 
767	82 
768	64 
769	136 
770	150 
771	135 
772	105 
773	115 
774	148 
775	53 
776	147 
777	53 
778	158 
779	156 
780	38 
781	150 
782	135 
783	20 
784	57 
785	154 
786	55 
787	67 
788	46 
789	28 
790	82 
791	55 
792	117 
793	63 
794	97 
795	5 
796	139 
797	134 
798	44 
799	15 
800	7 
801	89 
802	154 
803	84 
804	64 
805	28 
806	132 
807	50 
808	88 
809	79 
810	126 
811	117 
812	34 
813	122 
814	45 
815	34 
816	87 
817	113 
818	61 
819	46 
820	72 
821	145 
822	81 
823	16 
824	82 
825	59 
826	129 
827	7 14 45 122 147 150 151 
828	161 
829	34 
830	85 
831	151 
832	2 
833	71 
834	114 
835	14 
836	13 
837	16 21 65 107 115 137 146 
838	8 
839	34 
840	133 
841	131 
842	19 38 46 55 105 137 140 
843	43 
844	70 
845	31 
846	1 
847	139 
848	71 
849	44 
850	30 
851	146 
852	1 
853	137 
854	69 
855	105 
856	120 
857	122 
858	155 
859	16 32 51 70 105 132 137 
860	33 
861	68 
862	115 
863	64 
864	76 
865	142 
866	139 
867	16 
868	72 
869	82 
870	67 
871	118 
872	17 
873	112 
874	59 
875	44 
876	8 15 35 74 80 82 121 
877	88 
878	9 
879	92 
880	132 
881	53 
882	34 
883	19 
884	53 
885	69 
886	55 
887	69 
888	7 11 16 117 140 156 160 
889	5 17 31 36 38 79 157 
890	96 
891	131 
892	165 
893	123 
894	146 
895	41 
896	61 
897	161 
898	111 
899	19 61 101 112 120 130 139 
900	40 
901	19 
902	15 
903	102 
904	3 
905	154 
906	137 
907	81 
908	77 
909	152 
910	121 
911	8 
912	137 
913	155 
914	107 
915	83 
916	120 
917	49 
918	136 
919	75 
920	58 
921	78 
922	93 
923	49 60 69 102 125 141 162 
924	18 
925	14 45 46 103 109 110 137 
926	71 
927	144 
928	11 61 68 129 142 154 164 
929	140 
930	88 
931	5 
932	81 
933	118 
934	115 
935	12 75 84 102 122 125 138 
936	159 
937	49 
938	36 
939	19 
940	56 
941	1 
942	74 
943	110 
944	102 
945	81 
946	35 
947	49 
948	45 
949	58 
950	66 
951	161 
952	58 
953	52 
954	13 30 39 53 95 117 146 
955	3 
956	59 
957	15 
958	43 
959	44 
960	78 
961	138 
962	47 
963	21 36 43 46 94 142 151 
964	56 
965	36 
966	49 
967	135 
968	85 
969	49 
970	61 
971	130 
972	67 
973	30 
974	30 
975	43 
976	69 
977	121 
978	53 
979	117 
980	27 
981	78 85 107 116 126 144 147 
982	19 
983	131 
984	119 
985	142 
986	19 
987	48 
988	157 
989	50 
990	32 
991	108 
992	30 
993	13 
994	38 
995	34 
996	21 
997	34 
998	19 
999	15 
1000	87 
1001	80 
1002	83 
1003	66 
1004	22 
1005	15 
1006	134 
1007	118 
1008	77 
1009	158 
1010	165 
1011	37 
1012	122 
1013	137 
1014	33 
1015	61 
1016	70 
1017	124 
1018	133 
1019	98 
1020	136 
1021	88 
1022	43 
1023	2 
1024	5 25 55 78 99 110 116 
1025	7 
1026	149 
1027	71 
1028	32 
1029	123 
1030	124 
1031	162 
1032	9 23 41 48 71 102 104 
1033	123 
1034	12 
1035	163 
1036	44 
1037	12 
1038	158 
1039	130 
1040	77 
1041	69 
1042	18 41 45 71 110 116 118 
1043	158 
1044	92 
1045	15 46 115 121 125 140 158 
1046	116 
1047	80 
1048	19 
1049	126 
1050	53 86 99 112 118 123 142 
1051	38 
1052	19 
1053	17 
1054	108 
1055	139 
1056	15 38 56 71 86 126 137 
1057	72 
1058	17 
1059	117 
1060	131 
1061	47 
1062	131 
1063	141 
1064	14 
1065	65 80 83 108 134 135 150 
1066	67 
1067	95 
1068	83 
1069	144 
1070	132 
1071	85 
1072	133 
1073	71 101 129 142 158 162 165 
1074	45 
1075	36 59 60 80 110 141 154 
1076	54 
1077	82 
1078	5 
1079	83 
1080	4 
1081	139 
1082	34 44 49 69 122 131 141 
1083	141 
1084	122 
1085	80 
1086	2 
1087	60 
1088	4 
1089	107 
1090	54 
1091	31 68 77 118 123 142 150 
1092	151 
1093	57 
1094	72 
1095	19 
1096	126 
1097	55 
1098	142 
1099	46 
1100	44 
1101	31 
1102	15 
1103	69 
1104	83 
1105	10 11 77 102 119 144 163 
1106	116 
1107	138 
1108	45 
1109	89 
1110	34 
1111	31 46 57 64 83 84 97 
1112	111 
1113	122 
1114	15 
1115	150 
1116	130 
1117	61 
1118	139 
1119	130 
1120	41 62 68 90 106 114 146 
1121	86 
1122	6 50 73 109 129 145 150 
1123	112 
1124	24 
1125	88 
1126	79 
1127	160 
1128	35 
1129	15 26 35 55 61 66 126 
1130	15 35 43 53 138 139 159 
1131	78 
1132	58 
1133	121 
1134	83 
1135	104 
1136	120 
1137	16 
1138	101 
1139	126 
1140	15 
1141	41 
1142	56 
1143	49 
1144	102 
1145	22 
1146	38 
1147	137 
1148	28 
1149	138 
1150	2 84 92 105 127 140 141 
1151	81 
1152	134 
1153	21 
1154	11 
1155	46 
1156	122 
1157	21 30 90 104 130 131 149 
1158	74 
1159	86 107 129 136 141 145 147 
1160	52 
1161	5 
1162	1 11 18 21 66 118 162 
1163	43 
1164	130 
1165	32 
1166	18 
1167	112 
1168	28 
1169	82 
1170	144 
1171	104 
1172	66 
1173	13 30 38 41 47 52 55 
1174	38 
1175	21 
1176	41 
1177	131 
1178	19 54 89 97 131 153 160 
1179	123 
1180	80 
1181	57 80 85 126 131 140 157 
1182	44 
1183	54 
1184	17 
1185	156 
1186	35 
1187	30 
1188	8 
1189	75 
1190	19 
1191	155 
1192	164 
1193	134 
1194	45 
1195	118 
1196	30 70 104 115 117 142 158 
1197	135 
1198	101 
1199	21 
1200	120 
1201	85 
1202	84 
1203	141 
1204	26 
1205	112 
1206	56 
1207	84 
1208	136 
1209	6 10 21 33 82 132 158 
1210	113 
1211	116 
1212	85 
1213	114 
1214	16 27 71 83 84 85 121 
1215	52 
1216	55 
1217	91 
1218	111 
1219	21 31 47 79 108 152 161 
1220	46 
1221	3 8 59 61 78 151 164 
1222	64 
1223	61 
1224	2 37 46 53 119 127 159 
1225	139 
1226	131 
1227	89 
1228	46 
1229	60 
1230	143 
1231	9 53 56 62 85 126 151 
1232	45 
1233	4 59 64 75 110 131 164 
1234	95 
1235	65 
1236	9 
1237	104 
1238	151 
1239	131 
1240	55 
1241	123 
1242	56 
1243	116 
1244	66 
1245	85 
1246	126 
1247	72 
1248	97 
1249	129 
1250	14 
1251	14 
1252	32 
1253	110 
1254	66 
1255	27 
1256	3 
1257	56 
1258	60 
1259	97 
1260	46 
1261	2 
1262	162 
1263	21 52 56 58 90 159 164 
1264	118 
1265	149 
1266	59 
1267	2 
1268	26 41 50 66 80 85 117 
1269	30 
1270	80 
1271	118 
1272	39 
1273	75 
1274	129 
1275	31 
1276	31 37 38 71 72 131 151 
1277	163 
1278	72 
1279	21 55 56 97 114 122 140 
1280	120 
1281	149 
1282	10 
1283	128 
1284	21 
1285	6 15 41 125 129 152 153 
1286	161 
1287	51 
1288	149 
1289	18 
1290	82 
1291	70 
1292	46 
1293	136 
1294	32 
1295	141 
1296	13 21 28 30 81 108 141 
1297	21 
1298	12 
1299	22 
1300	139 
1301	83 
1302	125 
1303	146 
1304	153 
1305	121 
1306	41 
1307	30 32 73 78 82 88 105 
1308	14 
1309	124 
1310	22 
1311	14 
1312	33 
1313	154 
1314	5 39 60 79 105 113 156 
1315	47 50 55 62 141 146 164 
1316	4 
1317	85 
1318	151 
1319	52 
1320	117 
1321	64 
1322	151 
1323	16 
1324	84 
1325	15 
1326	15 
1327	66 
1328	147 
1329	115 
1330	157 
1331	69 
1332	66 
1333	68 
1334	129 
1335	87 
1336	33 
1337	80 
1338	20 
1339	3 
1340	94 
1341	40 56 65 84 107 122 154 
1342	21 34 43 55 106 112 159 
1343	115 
1344	139 
1345	154 
1346	8 36 67 103 152 153 154 
1347	35 
1348	4 
1349	129 
1350	15 16 17 21 119 129 151 
1351	32 
1352	15 30 65 103 109 136 164 
1353	10 
1354	89 
1355	33 
1356	121 
1357	139 
1358	15 
1359	54 
1360	146 
1361	30 
1362	49 
1363	136 
1364	45 
1365	41 
1366	71 
1367	118 
1368	33 
1369	35 38 52 56 85 102 126 
1370	3 
1371	12 
1372	71 
1373	94 
1374	23 
1375	84 
1376	69 
1377	66 
1378	30 
1379	126 
1380	90 
1381	69 
1382	150 
1383	92 
1384	69 
1385	150 
1386	16 
1387	22 
1388	149 
1389	146 
1390	56 
1391	155 
1392	53 
1393	123 
1394	35 
1395	85 
1396	57 
1397	123 
1398	112 
1399	121 
1400	56 
1401	31 80 85 112 115 129 159 
1402	51 
1403	4 34 44 60 80 83 137 
1404	46 
1405	51 89 90 101 131 137 153 
1406	18 
1407	103 
1408	73 
1409	7 
1410	92 
1411	13 
1412	6 15 78 136 138 157 164 
1413	136 
1414	164 
1415	21 
1416	137 
1417	53 
1418	141 
1419	37 
1420	9 
1421	137 
1422	85 
1423	34 
1424	35 
1425	158 
1426	17 
1427	131 
1428	164 
1429	55 
1430	66 
1431	57 
1432	45 
1433	7 13 80 136 140 143 164 
1434	72 
1435	165 
1436	132 
1437	66 
1438	7 50 56 138 148 157 163 
1439	123 
1440	81 
1441	154 
1442	6 
1443	17 53 79 82 97 114 131 
1444	55 
1445	8 45 65 80 89 100 105 
1446	59 
1447	116 
1448	15 61 82 103 146 155 162 
1449	81 
1450	43 
1451	78 
1452	53 
1453	14 
1454	79 
1455	136 
1456	55 
1457	141 
1458	134 
1459	46 
1460	72 
1461	71 
1462	162 
1463	85 
1464	9 
1465	80 
1466	142 
1467	77 
1468	152 
1469	30 
1470	136 
1471	114 
1472	145 
1473	8 53 75 91 121 134 137 
1474	9 
1475	30 
1476	49 61 75 110 114 137 138 
1477	69 
1478	112 
1479	164 
1480	89 
1481	104 
1482	72 
1483	5 37 60 83 85 94 159 
1484	30 
1485	158 
1486	45 
1487	50 
1488	37 
1489	41 
1490	21 
1491	142 
1492	139 
1493	44 
1494	103 
1495	115 
1496	28 
1497	41 
1498	19 
1499	131 
1500	51 54 56 72 79 154 158 
1501	99 
1502	127 
1503	34 72 90 96 103 112 155 
1504	82 
1505	154 
1506	82 
1507	104 
1508	121 
1509	115 
1510	69 
1511	146 
1512	107 
1513	4 
1514	68 
1515	128 
1516	50 
1517	106 
1518	89 
1519	69 
1520	107 
1521	14 
1522	6 43 116 137 139 140 141 
1523	155 
1524	38 
1525	139 
1526	102 
1527	156 
1528	32 
1529	165 
1530	10 15 29 44 112 113 129 
1531	156 
1532	137 
1533	154 
1534	17 
1535	152 
1536	145 
1537	12 
1538	5 18 63 65 86 162 164 
1539	28 
1540	49 
1541	45 
1542	18 21 35 39 50 83 122 
1543	4 
1544	126 
1545	31 
1546	4 20 83 125 129 160 164 
1547	91 
1548	129 
1549	66 
1550	28 49 74 85 119 120 144 
1551	24 
1552	160 
1553	77 
1554	72 
1555	48 
1556	30 58 97 106 109 135 142 
1557	66 
1558	28 
1559	102 
1560	18 
1561	83 
1562	53 
1563	28 
1564	31 
1565	122 
1566	160 
1567	158 
1568	3 17 97 121 125 158 162 
1569	10 33 80 103 110 149 157 
1570	58 
1571	120 
1572	55 
1573	102 
1574	13 
1575	126 
1576	16 
1577	28 
1578	34 
1579	48 
1580	137 
1581	41 
1582	7 
1583	93 
1584	50 
1585	16 
1586	137 
1587	57 
1588	53 
1589	3 17 21 52 94 104 164 
1590	69 
1591	80 
1592	19 
1593	3 28 71 101 110 126 131 
1594	124 
1595	129 
1596	71 
1597	19 
1598	16 
1599	10 
1600	38 53 74 76 109 142 147 
1601	125 
1602	120 
1603	155 
1604	64 
1605	38 
1606	38 53 64 89 115 121 136 
1607	63 
1608	35 57 60 107 111 115 135 
1609	102 
1610	80 
1611	139 
1612	30 
1613	53 
1614	140 
1615	35 
1616	121 
1617	19 
1618	101 
1619	19 
1620	17 
1621	12 
1622	36 
1623	92 
1624	110 
1625	161 
1626	107 
1627	115 
1628	89 
1629	11 
1630	84 
1631	18 55 67 69 87 139 159 
1632	149 
1633	17 
1634	146 
1635	63 
1636	104 
1637	62 
1638	29 
1639	121 
1640	73 91 105 121 133 159 163 
1641	33 
1642	61 
1643	131 
1644	126 
1645	70 
1646	21 
1647	56 
1648	2 
1649	19 
1650	112 
1651	56 
1652	41 
1653	69 
1654	59 
1655	136 
1656	39 
1657	41 56 60 82 86 129 138 
1658	139 
1659	159 
1660	21 
1661	157 
1662	2 
1663	19 49 90 122 123 149 164 
1664	136 
1665	139 
1666	71 
1667	57 
1668	58 
1669	107 
1670	152 
1671	45 
1672	164 
1673	161 
1674	102 
1675	155 
1676	67 
1677	81 
1678	102 
1679	155 
1680	105 
1681	98 
1682	53 
1683	121 
1684	143 
1685	38 
1686	50 
1687	24 
1688	107 
1689	2 
1690	53 
1691	60 
1692	84 
1693	95 
1694	56 
1695	75 
1696	21 25 66 71 112 118 146 
1697	63 
1698	42 
1699	22 
1700	157 
1701	160 
1702	92 
1703	144 
1704	139 
1705	61 
1706	52 62 83 93 101 115 141 
1707	25 
1708	39 45 108 116 125 142 145 
1709	30 
1710	142 
1711	41 56 64 67 121 142 152 
1712	130 
1713	136 
1714	110 
1715	150 
1716	53 
1717	147 
1718	123 
1719	6 
1720	128 
1721	135 
1722	6 17 21 33 81 106 112 
1723	147 
1724	60 64 94 98 141 146 155 
1725	3 37 67 89 90 102 112 
1726	4 30 31 43 81 92 111 
1727	107 
1728	157 
1729	154 
1730	126 
1731	80 
1732	146 
1733	61 
1734	162 
1735	38 
1736	129 
1737	116 
1738	1 50 91 98 112 151 159 
1739	71 
1740	64 
1741	44 
1742	32 
1743	57 
1744	59 
1745	139 
1746	15 
1747	57 
1748	84 
1749	143 
1750	162 
1751	156 
1752	34 
1753	101 
1754	17 24 69 105 107 114 137 
1755	132 
1756	13 
1757	49 
1758	117 
1759	60 
1760	39 
1761	8 15 23 50 64 94 118 
1762	93 
1763	165 
1764	121 
1765	38 
1766	95 
1767	128 
1768	50 
1769	118 
1770	55 
1771	25 
1772	38 
1773	121 
1774	17 
1775	130 
1776	38 
1777	55 
1778	90 
1779	87 
1780	15 27 53 118 121 150 164 
1781	63 
1782	34 
1783	16 
1784	66 
1785	56 
1786	52 
1787	123 
1788	12 41 85 118 119 154 156 
1789	88 
1790	88 
1791	28 
1792	152 
1793	33 
1794	19 
1795	90 
1796	23 
1797	51 91 102 130 141 150 159 
1798	34 
1799	121 
1800	66 
1801	103 
1802	35 
1803	163 
1804	164 
1805	27 
1806	93 
1807	33 
1808	7 26 47 100 106 127 164 
1809	112 
1810	130 
1811	35 
1812	118 
1813	138 
1814	30 
1815	112 
1816	74 
1817	2 
1818	58 
1819	155 
1820	1 16 45 48 99 110 121 
1821	19 
1822	59 
1823	131 
1824	91 
1825	19 
1826	59 
1827	33 
1828	34 
1829	80 
1830	165 
1831	44 
1832	32 
1833	95 
1834	1 13 17 65 95 121 148 
1835	94 
1836	125 
1837	66 
1838	7 
1839	41 
1840	52 
1841	79 
1842	59 
1843	63 
1844	100 
1845	58 
1846	15 46 69 79 84 105 113 
1847	45 
1848	16 75 86 138 157 161 163 
1849	19 
1850	18 21 49 63 69 136 157 
1851	25 
1852	18 
1853	91 
1854	6 
1855	32 39 45 68 102 125 127 
1856	54 
1857	84 
1858	44 
1859	3 
1860	95 
1861	50 
1862	79 
1863	114 
1864	60 
1865	53 
1866	157 
1867	43 50 80 84 121 155 161 
1868	142 
1869	34 42 69 71 99 113 139 
1870	19 
1871	158 
1872	23 
1873	126 
1874	138 
1875	60 
1876	65 
1877	99 
1878	161 
1879	75 
1880	84 
1881	9 
1882	34 
1883	57 
1884	125 
1885	136 
1886	96 
1887	72 
1888	151 
1889	45 51 84 106 112 148 160 
1890	53 
1891	104 
1892	57 
1893	87 
1894	79 
1895	122 
1896	83 
1897	1 9 12 24 64 110 148 
1898	71 
1899	104 
1900	59 
1901	110 
1902	15 45 48 50 88 116 154 
1903	82 
1904	61 
1905	57 
1906	21 
1907	83 
1908	51 
1909	3 71 82 89 105 117 163 
1910	21 26 34 69 103 115 157 
1911	92 
1912	141 
1913	133 
1914	41 
1915	165 
1916	41 
1917	19 39 51 69 88 103 133 
1918	121 
1919	114 
1920	15 31 44 92 129 156 162 
1921	82 
1922	134 
1923	26 
1924	110 
1925	141 
1926	67 
1927	74 
1928	121 
1929	76 
1930	130 
1931	17 
1932	76 
1933	6 59 78 117 123 139 149 
1934	154 
1935	53 
1936	121 
1937	34 
1938	136 
1939	148 
1940	9 11 32 104 111 149 158 
1941	133 
1942	19 
1943	49 
1944	89 
1945	14 76 90 101 137 142 162 
1946	154 
1947	72 
1948	52 
1949	2 26 65 80 113 137 159 
1950	157 
1951	61 
1952	27 61 99 110 115 139 146 
1953	103 
1954	34 
1955	77 
1956	161 
1957	89 
1958	55 
1959	149 
1960	62 
1961	124 
1962	108 
1963	61 
1964	52 
1965	61 
1966	74 
1967	9 19 30 38 45 78 142 
1968	105 
1969	19 29 36 52 115 118 161 
1970	139 
1971	13 
1972	67 
1973	12 15 67 97 129 131 164 
1974	100 
1975	31 
1976	19 
1977	113 
1978	53 
1979	18 
1980	3 
1981	120 
1982	160 
1983	12 33 53 78 115 126 131 
1984	137 
1985	139 
1986	160 
1987	121 
1988	159 
1989	141 
1990	142 
1991	34 
1992	129 
1993	84 
1994	14 
1995	48 
1996	37 38 45 97 107 119 131 
1997	110 
1998	24 
1999	135 
2000	56 
2001	118 
2002	150 
2003	14 
2004	154 
2005	121 
2006	160 
2007	68 
2008	146 
2009	127 
2010	94 
2011	66 
2012	82 
2013	34 
2014	34 
2015	15 60 73 127 138 142 158 
2016	47 
2017	52 
2018	159 
2019	85 
2020	104 
2021	5 
2022	83 
2023	13 22 33 46 73 77 126 
2024	131 
2025	13 
2026	61 
2027	15 
2028	153 
2029	149 
2030	10 
2031	138 
2032	120 
2033	24 
2034	19 
2035	124 
2036	121 
2037	15 
2038	86 
2039	77 
2040	41 84 110 115 122 123 146 
2041	112 
2042	43 84 96 122 137 158 164 
2043	107 
2044	35 56 87 90 142 143 147 
2045	157 
2046	9 
2047	54 
2048	17 
2049	21 
2050	16 
2051	146 
2052	136 
2053	21 
2054	19 52 62 65 105 150 158 
2055	34 38 82 104 118 136 164 
2056	5 58 81 91 110 122 131 
2057	88 
2058	88 
2059	55 
2060	130 
2061	125 
2062	64 
2063	129 
2064	4 27 38 55 84 94 138 
2065	112 
2066	15 
2067	154 
2068	56 
2069	79 
2070	74 
2071	138 
2072	114 
2073	101 
2074	71 
2075	28 
2076	145 
2077	21 34 96 97 121 137 157 
2078	129 
2079	158 
2080	30 32 74 89 105 112 157 
2081	57 
2082	136 
2083	56 
2084	22 
2085	105 
2086	121 
2087	121 
2088	136 
2089	26 60 64 71 110 115 143 
2090	58 
2091	84 
2092	10 
2093	74 
2094	103 
2095	53 
2096	66 
2097	137 
2098	21 
2099	111 
2100	21 
2101	117 
2102	80 
2103	19 
2104	150 
2105	45 
2106	65 
2107	14 
2108	140 
2109	163 
2110	38 53 69 76 84 102 118 
2111	102 
2112	120 
2113	25 
2114	146 
2115	72 
2116	43 
2117	7 
2118	19 32 33 105 121 129 147 
2119	112 
2120	123 
2121	29 
2122	21 
2123	30 
2124	40 
2125	8 21 96 97 123 147 165 
2126	80 
2127	34 
2128	139 
2129	20 
2130	116 
2131	14 45 72 75 100 110 163 
2132	159 
2133	134 
2134	140 
2135	40 
2136	33 
2137	129 
2138	125 
2139	98 
2140	44 46 84 88 120 149 162 
2141	4 
2142	65 
2143	107 
2144	6 
2145	56 
2146	154 
2147	61 
2148	89 
2149	84 
2150	126 
2151	82 
2152	56 
2153	112 
2154	17 53 59 78 121 132 165 
2155	61 
2156	51 
2157	107 
2158	84 
2159	144 
2160	161 
2161	48 
2162	45 
2163	30 
2164	118 
2165	164 
2166	106 
2167	102 
2168	71 
2169	75 
2170	30 
2171	5 
2172	8 45 68 74 93 112 131 
2173	112 
2174	150 
2175	47 
2176	83 
2177	34 
2178	32 49 58 101 107 129 136 
2179	121 
2180	66 
2181	38 
2182	125 
2183	89 
2184	32 
2185	110 
2186	102 
2187	151 
2188	53 
2189	59 
2190	71 
2191	76 
2192	117 
2193	2 
2194	34 
2195	16 51 58 89 131 142 160 
2196	139 
2197	16 31 53 77 110 138 159 
2198	15 28 51 61 131 136 162 
2199	49 
2200	97 
2201	84 97 109 124 140 142 154 
2202	107 
2203	134 
2204	84 
2205	164 
2206	55 
2207	143 
2208	103 
2209	56 
2210	84 
2211	163 
2212	53 
2213	35 
2214	92 
2215	112 
2216	45 
2217	4 
2218	8 
2219	33 
2220	68 
2221	50 
2222	63 71 93 113 136 139 163 
2223	91 
2224	121 
2225	112 
2226	19 56 122 133 135 146 161 
2227	50 
2228	155 
2229	11 
2230	53 
2231	141 
2232	81 
2233	46 
2234	81 
2235	45 
2236	81 
2237	32 
2238	31 
2239	17 
2240	85 
2241	69 
2242	78 
2243	27 
2244	96 
2245	84 
2246	16 
2247	140 
2248	101 
2249	147 
2250	104 
2251	45 
2252	132 
2253	76 
2254	19 35 43 49 106 124 136 
2255	126 
2256	14 
2257	50 
2258	121 
2259	104 
2260	43 64 68 74 80 130 164 
2261	3 
2262	84 
2263	123 
2264	71 
2265	116 
2266	2 13 27 48 72 74 139 
2267	50 
2268	25 28 31 39 48 138 139 
2269	92 
2270	50 
2271	42 43 66 95 126 127 142 
2272	43 
2273	75 
2274	146 
2275	14 63 68 103 129 130 164 
2276	15 
2277	3 
2278	45 
2279	49 
2280	75 
2281	107 
2282	45 
2283	110 
2284	57 
2285	112 
2286	105 
2287	72 
2288	91 
2289	47 
2290	98 
2291	28 30 39 43 44 55 112 
2292	78 
2293	141 
2294	58 
2295	51 63 69 72 85 146 164 
2296	138 
2297	58 
2298	163 
2299	99 
2300	1 
2301	16 39 45 55 71 97 148 
2302	96 
2303	13 
2304	111 
2305	17 
2306	105 
2307	67 
2308	148 
2309	61 
2310	142 
2311	2 
2312	52 
2313	18 
2314	153 
2315	126 
2316	7 
2317	81 
2318	71 
2319	164 
2320	45 
2321	6 
2322	122 
2323	164 
2324	154 
2325	56 
2326	129 
2327	90 
2328	131 
2329	152 
2330	39 
2331	13 21 45 77 117 123 151 
2332	121 
2333	159 
2334	137 
2335	107 
2336	102 
2337	111 
2338	3 21 109 119 126 128 129 
2339	72 
2340	44 
2341	138 
2342	18 72 79 85 123 124 150 
2343	80 
2344	117 
2345	48 
2346	41 
2347	140 
2348	32 
2349	139 
2350	14 
2351	30 
2352	50 
2353	159 
2354	146 
2355	75 
2356	137 
2357	17 38 45 49 55 75 160 
2358	77 
2359	43 
2360	50 
2361	45 
2362	87 
2363	149 
2364	139 
2365	156 
2366	19 42 76 102 138 142 145 
2367	146 
2368	11 
2369	158 
2370	31 
2371	91 
2372	112 
2373	121 
2374	137 
2375	6 44 53 55 72 79 80 
2376	106 
2377	62 
2378	80 
2379	14 
2380	104 
2381	139 
2382	134 
2383	164 
2384	60 
2385	2 
2386	53 
2387	83 
2388	125 
2389	82 
2390	13 
2391	142 
2392	89 
2393	34 
2394	69 
2395	43 
2396	92 
2397	11 
2398	62 
2399	131 
2400	45 
2401	88 
2402	158 
2403	108 
2404	122 
2405	23 
2406	58 
2407	34 
2408	73 
2409	12 
2410	85 
2411	64 
2412	11 
2413	86 
2414	28 36 72 83 118 123 125 
2415	76 
2416	153 
2417	34 
2418	152 
2419	43 
2420	71 
2421	14 
2422	156 
2423	118 
2424	109 
2425	41 
2426	149 
2427	163 
2428	29 31 61 102 126 129 160 
2429	33 
2430	93 
2431	127 
2432	109 
2433	96 
2434	40 
2435	9 
2436	60 
2437	123 
2438	50 
2439	157 
2440	88 
2441	7 
2442	90 
2443	58 
2444	131 
2445	80 
2446	31 
2447	127 
2448	81 
2449	110 
2450	147 
2451	71 
2452	137 
2453	82 
2454	139 
2455	118 
2456	139 
2457	104 
2458	130 
2459	6 38 49 79 115 141 153 
2460	51 
2461	25 
2462	5 
2463	163 
2464	121 
2465	157 
2466	66 
2467	41 
2468	149 
2469	38 
2470	79 
2471	69 
2472	17 
2473	48 
2474	1 3 11 29 107 118 162 
2475	67 
2476	58 
2477	80 
2478	34 
2479	129 
2480	135 
2481	17 23 51 71 120 158 165 
2482	139 
2483	15 
2484	98 
2485	106 
2486	132 
2487	122 
2488	4 21 46 85 90 127 141 
2489	19 
2490	64 
2491	154 
2492	69 
2493	155 
2494	68 
2495	113 
2496	30 
2497	162 
2498	21 
2499	27 
2500	60 
2501	54 
2502	84 
2503	50 
2504	129 
2505	1 
2506	21 
2507	15 
2508	137 
2509	38 63 90 112 113 140 142 
2510	136 
2511	18 
2512	21 
2513	96 
2514	125 
2515	131 
2516	76 
2517	20 
2518	142 
2519	90 
2520	103 
2521	127 
2522	7 
2523	139 
2524	34 
2525	78 
2526	56 
2527	132 
2528	144 
2529	118 
2530	160 
2531	40 
2532	115 
2533	60 
2534	81 
2535	24 30 39 55 93 106 129 
2536	90 
2537	158 
2538	18 
2539	4 
2540	40 
2541	45 
2542	52 
2543	103 
2544	23 
2545	123 
2546	6 13 16 66 76 80 163 
2547	153 
2548	106 
2549	136 
2550	131 
2551	132 
2552	31 57 93 98 104 109 160 
2553	64 
2554	159 
2555	39 
2556	85 
2557	156 
2558	49 
2559	34 56 76 85 86 91 164 
2560	14 44 69 93 136 159 163 
2561	21 
2562	121 
2563	148 
2564	92 
2565	60 
2566	80 
2567	154 
2568	158 
2569	35 
2570	55 
2571	142 
2572	130 
2573	84 
2574	30 
2575	53 66 82 85 115 150 158 
2576	154 
2577	28 
2578	98 
2579	118 
2580	15 
2581	17 
2582	43 
2583	123 
2584	80 
2585	3 9 14 36 63 98 106 
2586	60 
2587	11 
2588	75 
2589	31 
2590	75 
2591	120 
2592	126 
2593	154 
2594	45 
2595	147 
2596	14 41 95 115 118 119 123 
2597	69 
2598	155 
2599	122 
2600	48 
2601	142 
2602	13 
2603	70 
2604	85 
2605	18 
2606	150 
2607	15 49 64 101 112 121 151 
2608	106 
2609	53 
2610	56 
2611	139 
2612	36 
2613	33 64 92 117 122 139 147 
2614	4 
2615	126 
2616	125 
2617	58 
2618	74 
2619	13 
2620	163 
2621	13 
2622	90 
2623	5 9 31 84 139 141 161 
2624	143 
2625	31 32 55 69 75 108 131 
2626	3 
2627	18 
2628	45 67 75 122 137 150 156 
2629	35 
2630	94 
2631	64 
2632	140 
2633	131 
2634	121 
2635	45 
2636	93 
2637	161 
2638	76 
2639	145 
2640	138 
2641	15 
2642	71 
2643	7 55 66 91 92 137 140 
2644	112 
2645	9 
2646	15 52 56 58 78 102 136 
2647	129 
2648	128 
2649	32 
2650	76 
2651	61 
2652	160 
2653	158 
2654	26 30 45 105 107 131 139 
2655	149 
2656	53 
2657	142 
2658	88 
2659	152 
2660	47 
2661	139 
2662	2 
2663	7 50 58 60 71 157 158 
2664	129 
2665	85 
2666	45 
2667	121 
2668	83 
2669	117 
2670	21 
2671	12 
2672	126 
2673	33 
2674	87 
2675	19 
2676	112 
2677	116 
2678	164 
2679	115 
2680	58 
2681	60 62 83 88 93 138 143 
2682	27 50 58 82 116 132 149 
2683	11 63 97 115 146 147 159 
2684	12 23 38 54 90 134 162 
2685	74 
2686	15 
2687	124 
2688	137 
2689	142 
2690	29 43 112 116 137 142 158 
2691	83 
2692	35 
2693	35 
2694	15 38 73 136 146 149 154 
2695	129 
2696	60 
2697	76 
2698	31 
2699	5 
2700	123 
2701	118 
2702	6 41 43 111 116 124 160 
2703	155 
2704	100 
2705	144 
2706	163 
2707	80 
2708	45 
2709	145 
2710	159 
2711	14 
2712	34 
2713	15 
2714	11 49 72 73 130 135 146 
2715	106 
2716	44 
2717	13 
2718	83 
2719	146 
2720	115 
2721	8 46 107 115 145 154 158 
2722	52 
2723	100 
2724	74 
2725	152 
2726	43 
2727	34 
2728	14 46 48 53 58 88 120 
2729	115 
2730	159 
2731	162 
2732	1 
2733	82 
2734	69 
2735	155 
2736	109 
2737	2 
2738	136 
2739	40 
2740	142 
2741	34 
2742	56 
2743	162 
2744	13 
2745	8 
2746	126 
2747	7 
2748	40 
2749	104 
2750	114 
2751	150 
2752	37 
2753	50 
2754	115 
2755	56 
2756	76 
2757	13 
2758	21 
2759	130 
2760	31 46 110 140 150 159 162 
2761	30 
2762	13 
2763	162 
2764	145 
2765	38 
2766	40 50 76 85 89 119 132 
2767	28 
2768	2 56 58 71 118 155 156 
2769	68 
2770	51 
2771	22 
2772	11 
2773	80 
2774	124 
2775	30 38 56 98 146 147 164 
2776	47 
2777	39 
2778	140 
2779	74 
2780	62 
2781	27 
2782	113 
2783	39 
2784	39 
2785	122 
2786	88 
2787	162 
2788	64 
2789	14 18 19 47 56 100 154 
2790	87 
2791	2 
2792	34 
2793	21 
2794	11 53 55 61 80 96 159 
2795	91 
2796	155 
2797	45 
2798	154 
2799	84 
2800	78 
2801	2 
2802	57 
2803	41 
2804	53 92 98 101 103 104 122 
2805	86 
2806	154 
2807	71 
2808	56 
2809	141 
2810	106 
2811	7 
2812	67 
2813	54 
2814	56 
2815	64 
2816	12 28 41 80 131 139 142 
2817	141 
2818	58 
2819	10 
2820	37 39 58 71 74 141 162 
2821	37 72 84 95 119 129 157 
2822	104 
2823	125 
2824	6 15 23 34 100 154 155 
2825	16 
2826	133 
2827	35 
2828	60 
2829	150 
2830	137 
2831	154 
2832	119 
2833	87 
2834	90 
2835	136 
2836	117 
2837	118 
2838	118 
2839	17 
2840	23 
2841	15 
2842	110 
2843	141 
2844	137 
2845	19 
2846	115 
2847	104 
2848	21 
2849	95 
2850	80 
2851	56 
2852	55 
2853	30 
2854	67 
2855	30 
2856	55 
2857	136 
2858	142 
2859	95 
2860	47 
2861	61 
2862	53 
2863	37 
2864	18 35 45 60 83 146 157 
2865	111 
2866	88 
2867	88 
2868	122 
2869	131 
2870	14 
2871	106 
2872	32 71 76 87 103 107 131 
2873	103 
2874	18 27 50 61 123 129 142 
2875	38 
2876	137 
2877	75 
2878	16 
2879	42 
2880	123 
2881	132 
2882	83 
2883	106 
2884	110 
2885	34 
2886	146 
2887	8 15 37 52 71 93 139 
2888	59 
2889	103 
2890	10 
2891	115 
2892	107 
2893	15 
2894	58 
2895	74 
2896	45 
2897	151 
2898	28 
2899	59 
2900	15 
2901	59 
2902	18 
2903	158 
2904	162 
2905	115 
2906	16 
2907	27 
2908	136 
2909	61 
2910	42 
2911	140 
2912	134 
2913	134 
2914	148 
2915	27 43 45 103 107 114 144 
2916	129 
2917	29 
2918	115 
2919	110 
2920	15 
2921	31 56 60 89 90 107 136 
2922	115 
2923	98 
2924	140 
2925	107 
2926	146 
2927	88 
2928	39 
2929	129 
2930	85 
2931	139 
2932	31 
2933	165 
2934	11 
2935	150 
2936	136 
2937	160 
2938	111 
2939	4 
2940	132 
2941	135 
2942	150 
2943	33 
2944	145 
2945	53 
2946	11 56 69 115 125 136 157 
2947	75 
2948	16 30 57 83 92 101 105 
2949	108 
2950	21 
2951	49 
2952	95 
2953	110 
2954	66 
2955	108 
2956	84 
2957	90 
2958	12 
2959	101 
2960	10 
2961	38 
2962	81 
2963	127 
2964	37 
2965	9 
2966	108 
2967	113 
2968	90 
2969	126 
2970	64 
2971	49 
2972	134 
2973	146 
2974	90 
2975	14 16 28 88 115 124 158 
2976	30 
2977	160 
2978	62 
2979	38 46 58 64 86 125 138 
2980	121 
2981	30 
2982	134 
2983	71 
2984	139 
2985	76 
2986	161 
2987	136 
2988	154 
2989	53 
2990	145 
2991	31 
2992	5 18 23 74 90 122 158 
2993	11 49 121 122 149 151 152 
2994	108 
2995	74 
2996	121 
2997	26 
2998	110 
2999	128 
3000	55 
3001	72 
3002	43 
3003	34 52 79 102 109 118 125 
3004	165 
3005	146 
3006	111 
3007	71 
3008	66 
3009	31 
3010	122 
3011	54 
3012	80 
3013	8 
3014	141 
3015	14 
3016	118 
3017	53 
3018	72 
3019	164 
3020	2 
3021	15 21 49 90 119 140 150 
3022	7 
3023	64 
3024	49 
3025	103 
3026	159 
3027	115 117 140 142 150 153 162 
3028	67 
3029	137 
3030	55 
3031	30 
3032	107 
3033	155 
3034	17 
3035	33 43 64 80 88 112 116 
3036	164 
3037	136 
3038	37 
3039	115 
3040	116 
3041	141 
3042	63 
3043	89 
3044	50 
3045	95 
3046	68 
3047	15 
3048	59 
3049	142 
3050	137 
3051	129 
3052	9 
3053	13 
3054	140 
3055	110 
3056	58 
3057	91 
3058	105 
3059	103 
3060	85 
3061	69 
3062	85 
3063	28 66 141 146 147 153 158 
3064	73 
3065	103 
3066	41 
3067	69 
3068	110 
3069	46 
3070	138 
3071	30 
3072	80 
3073	115 
3074	50 53 56 79 87 139 158 
3075	41 43 80 92 101 141 160 
3076	23 36 39 48 101 104 129 
3077	72 
3078	89 
3079	46 
3080	34 43 49 58 71 80 123 
3081	38 
3082	64 
3083	14 
3084	110 
3085	21 
3086	148 
3087	32 
3088	78 
3089	105 
3090	145 
3091	19 
3092	118 
3093	136 
3094	38 61 70 95 129 139 146 
3095	122 
3096	110 
3097	19 59 85 109 127 142 158 
3098	14 44 75 86 101 116 138 
3099	47 
3100	3 10 49 63 90 98 105 
3101	44 
3102	24 
3103	88 
3104	49 
3105	147 
3106	12 42 45 75 87 102 162 
3107	58 
3108	84 
3109	103 
3110	62 
3111	52 
3112	150 
3113	85 
3114	71 
3115	98 
3116	18 
3117	142 
3118	13 
3119	41 
3120	149 
3121	154 
3122	149 
3123	126 
3124	18 53 55 84 90 92 107 
3125	103 
3126	6 
3127	92 
3128	136 
3129	85 
3130	115 
3131	89 
3132	112 
3133	80 
3134	51 
3135	116 
3136	129 
3137	158 
3138	158 
3139	164 
3140	110 
3141	83 
3142	42 
3143	8 13 64 107 154 159 160 
3144	8 30 34 57 66 119 129 
3145	38 
3146	145 
3147	4 
3148	106 
3149	147 
3150	13 
3151	46 
3152	28 
3153	59 
3154	159 
3155	11 
3156	66 
3157	68 
3158	158 
3159	15 
3160	160 
3161	3 
3162	83 
3163	21 
3164	21 
3165	50 
3166	123 
3167	124 
3168	63 
3169	38 
3170	117 
3171	131 
3172	94 
3173	60 
3174	32 
3175	21 
3176	87 
3177	60 
3178	11 
3179	52 
3180	7 31 61 75 107 127 139 
3181	54 
3182	17 44 53 89 121 140 151 
3183	141 
3184	96 
3185	16 
3186	102 
3187	165 
3188	21 
3189	125 
3190	37 51 58 76 124 152 153 
3191	102 
3192	46 
3193	41 
3194	30 
3195	81 
3196	127 
3197	60 
3198	59 
3199	66 
3200	41 
3201	58 
3202	66 
3203	40 
3204	97 
3205	38 
3206	73 
3207	129 
3208	34 
3209	86 
3210	50 
3211	17 
3212	71 
3213	45 47 103 110 141 157 159 
3214	71 
3215	13 14 17 76 138 158 160 
3216	128 
3217	115 
3218	75 
3219	158 
3220	14 62 67 89 98 112 146 
3221	1 
3222	2 
3223	52 
3224	103 
3225	87 
3226	46 
3227	149 
3228	56 
3229	74 
3230	121 
3231	1 31 36 85 129 146 164 
3232	22 
3233	63 
3234	123 
3235	137 
3236	69 
3237	72 82 88 97 137 138 146 
3238	118 
3239	2 
3240	98 
3241	66 94 107 116 117 135 149 
3242	53 
3243	45 
3244	134 
3245	152 
3246	108 
3247	157 
3248	146 
3249	10 
3250	23 
3251	133 
3252	59 
3253	84 
3254	139 
3255	113 
3256	43 
3257	32 
3258	154 
3259	157 
3260	164 
3261	58 
3262	96 
3263	142 
3264	145 
3265	108 
3266	58 
3267	90 
3268	115 
3269	16 21 37 40 49 71 85 
3270	125 
3271	46 
3272	71 
3273	34 
3274	31 
3275	63 
3276	82 
3277	42 
3278	49 
3279	40 
3280	45 
3281	49 
3282	5 
3283	143 
3284	72 
3285	110 
3286	96 
3287	137 
3288	14 15 48 56 91 102 139 
3289	52 
3290	162 
3291	82 
3292	83 
3293	120 
3294	6 28 83 88 98 118 142 
3295	97 
3296	109 
3297	107 
3298	57 
3299	137 
3300	86 
3301	152 
3302	107 
3303	7 8 38 44 45 82 134 
3304	123 
3305	13 23 43 69 87 137 150 
3306	53 
3307	69 
3308	33 
3309	30 
3310	21 
3311	24 57 60 68 106 124 139 
3312	88 
3313	13 15 55 58 63 93 158 
3314	142 
3315	53 
3316	15 71 85 124 154 155 160 
3317	19 
3318	83 
3319	20 
3320	149 
3321	63 
3322	56 
3323	38 84 129 131 141 156 158 
3324	15 
3325	63 
3326	53 
3327	150 
3328	63 
3329	46 
3330	136 
3331	43 
3332	52 
3333	140 
3334	145 
3335	14 
3336	120 
3337	142 
3338	25 32 90 107 121 137 160 
3339	163 
3340	136 
3341	1 5 50 85 103 116 120 
3342	32 
3343	108 
3344	116 
3345	125 
3346	49 
3347	149 
3348	137 
3349	40 
3350	26 31 36 84 118 121 138 
3351	153 
3352	136 
3353	132 
3354	119 
3355	53 
3356	163 
3357	41 
3358	164 
3359	93 
3360	8 
3361	55 
3362	66 
3363	102 
3364	108 
3365	21 63 80 81 98 138 141 
3366	120 
3367	64 
3368	111 
3369	139 
3370	158 
3371	107 
3372	3 
3373	7 
3374	164 
3375	2 66 84 96 110 118 149 
3376	21 
3377	67 
3378	25 
3379	163 
3380	109 
3381	53 
3382	126 
3383	74 
3384	90 
3385	126 
3386	84 
3387	14 
3388	85 
3389	13 
3390	164 
3391	146 
3392	56 
3393	147 
3394	73 
3395	146 
3396	101 
3397	116 
3398	63 
3399	69 
3400	142 
3401	95 
3402	158 
3403	7 
3404	2 
3405	140 
3406	38 
3407	16 
3408	85 
3409	51 
3410	23 
3411	48 
3412	74 
3413	26 44 59 74 98 146 158 
3414	103 
3415	89 
3416	149 
3417	71 
3418	63 
3419	117 
3420	71 
3421	60 72 75 76 111 137 154 
3422	66 
3423	107 
3424	115 
3425	120 
3426	63 
3427	130 
3428	44 
3429	137 
3430	11 
3431	20 
3432	94 
3433	67 
3434	11 23 53 89 102 129 133 
3435	83 
3436	28 
3437	116 
3438	21 33 38 61 66 131 139 
3439	81 
3440	18 33 46 68 98 101 164 
3441	95 
3442	150 
3443	45 
3444	148 
3445	149 
3446	57 63 70 103 114 136 150 
3447	17 
3448	55 
3449	125 
3450	98 
3451	85 
3452	46 
3453	15 
3454	145 
3455	13 
3456	92 
3457	105 
3458	43 
3459	43 
3460	115 
3461	13 
3462	88 
3463	149 
3464	38 
3465	63 
3466	107 
3467	18 
3468	103 
3469	84 
3470	89 
3471	118 
3472	113 
3473	53 
3474	126 
3475	74 
3476	34 
3477	98 
3478	16 
3479	15 52 61 65 71 75 100 
3480	84 
3481	160 
3482	115 
3483	36 
3484	97 
3485	42 
3486	154 
3487	144 
3488	85 
3489	115 
3490	14 
3491	59 
3492	130 
3493	38 
3494	131 
3495	50 
3496	84 
3497	104 
3498	31 
3499	110 
3500	50 
3501	60 
3502	164 
3503	46 
3504	45 
3505	82 
3506	55 57 71 107 129 132 137 
3507	2 
3508	35 
3509	21 
3510	55 
3511	72 
3512	56 
3513	154 
3514	87 
3515	105 
3516	16 
3517	54 
3518	122 
3519	34 
3520	149 
3521	116 
3522	67 
3523	102 
3524	90 
3525	138 
3526	76 
3527	106 
3528	121 
3529	95 
3530	46 
3531	6 
3532	155 
3533	131 
3534	63 
3535	47 
3536	57 
3537	11 
3538	56 
3539	41 
3540	118 
3541	6 
3542	3 68 108 115 125 138 155 
3543	136 
3544	97 
3545	38 
3546	10 
3547	102 
3548	118 
3549	85 
3550	53 
3551	35 
3552	9 
3553	26 
3554	31 
3555	32 
3556	48 
3557	19 
3558	23 42 44 63 107 136 141 
3559	57 
3560	119 
3561	62 
3562	85 
3563	58 
3564	121 
3565	20 
3566	163 
3567	12 
3568	129 
3569	7 
3570	19 
3571	81 
3572	69 
3573	30 31 62 132 134 155 163 
3574	148 
3575	103 
3576	18 21 31 72 104 118 137 
3577	127 
3578	145 
3579	90 
3580	121 
3581	66 
3582	9 
3583	83 
3584	39 
3585	35 46 49 61 82 88 125 
3586	115 
3587	75 
3588	103 
3589	56 
3590	72 
3591	45 
3592	129 
3593	6 
3594	55 
3595	164 
3596	79 
3597	8 21 80 99 112 138 160 
3598	79 
3599	15 79 102 113 132 142 160 
3600	18 29 59 61 71 148 165 
3601	55 
3602	53 
3603	101 
3604	21 
3605	16 
3606	123 
3607	46 
3608	47 
3609	96 
3610	133 
3611	154 
3612	75 
3613	13 
3614	136 
3615	17 
3616	144 
3617	108 
3618	118 
3619	129 
3620	157 
3621	123 
3622	148 
3623	10 
3624	161 
3625	35 
3626	158 
3627	39 
3628	51 
3629	75 
3630	50 
3631	38 
3632	102 
3633	150 
3634	2 33 40 44 81 107 114 
3635	67 
3636	15 61 85 123 136 137 156 
3637	107 
3638	55 
3639	75 
3640	97 
3641	136 
3642	164 
3643	113 
3644	19 
3645	19 
3646	137 
3647	67 
3648	146 
3649	144 
3650	16 
3651	75 
3652	88 
3653	15 
3654	64 
3655	89 
3656	73 
3657	33 
3658	7 
3659	88 
3660	46 
3661	122 
3662	97 
3663	149 
3664	158 
3665	152 
3666	117 
3667	154 
3668	94 
3669	124 
3670	43 
3671	20 
3672	17 44 49 56 60 85 123 
3673	30 42 49 57 101 143 155 
3674	47 
3675	101 
3676	133 
3677	69 
3678	46 
3679	95 
3680	63 
3681	49 
3682	76 88 126 142 150 157 165 
3683	100 
3684	143 
3685	89 
3686	79 
3687	13 
3688	89 
3689	103 
3690	19 38 70 83 93 96 146 
3691	50 
3692	19 
3693	46 
3694	50 59 112 113 138 144 164 
3695	83 
3696	64 
3697	108 
3698	3 14 56 63 89 90 159 
3699	58 
3700	105 
3701	19 
3702	124 
3703	91 
3704	89 
3705	156 
3706	53 83 84 90 126 147 155 
3707	89 
3708	64 
3709	53 
3710	43 
3711	9 
3712	50 
3713	66 
3714	55 
3715	12 
3716	151 
3717	150 
3718	56 57 60 61 66 86 118 
3719	50 
3720	160 
3721	65 
3722	137 
3723	17 
3724	41 
3725	44 
3726	30 
3727	162 
3728	122 
3729	107 
3730	139 
3731	104 
3732	148 
3733	155 
3734	112 
3735	129 
3736	144 
3737	133 
3738	15 
3739	123 
3740	146 
3741	46 
3742	15 
3743	125 
3744	1 
3745	121 
3746	114 
3747	112 
3748	42 
3749	24 
3750	7 72 76 79 85 104 120 
3751	63 
3752	88 
3753	89 
3754	65 
3755	142 
3756	139 
3757	94 
3758	91 
3759	55 
3760	145 
3761	81 
3762	160 
3763	139 
3764	38 85 88 99 105 126 150 
3765	158 
3766	79 
3767	89 
3768	86 
3769	29 42 63 69 76 93 164 
3770	94 
3771	92 
3772	86 
3773	46 56 57 84 90 116 131 
3774	117 
3775	150 
3776	53 
3777	15 45 57 121 125 157 160 
3778	155 
3779	107 
3780	126 
3781	46 
3782	61 
3783	11 
3784	100 
3785	26 
3786	84 
3787	31 
3788	47 
3789	160 
3790	145 
3791	18 
3792	41 
3793	20 
3794	53 
3795	152 
3796	56 
3797	21 
3798	21 
3799	141 
3800	45 
3801	58 
3802	32 
3803	112 
3804	105 
3805	34 58 88 91 99 139 142 
3806	158 
3807	50 
3808	147 
3809	158 
3810	34 
3811	121 
3812	26 
3813	132 
3814	150 
3815	56 
3816	52 
3817	137 
3818	13 
3819	7 11 56 90 91 102 107 
3820	55 
3821	107 
3822	45 59 63 79 82 85 98 
3823	41 
3824	74 
3825	24 
3826	131 
3827	124 
3828	43 
3829	80 
3830	131 
3831	140 
3832	164 
3833	59 
3834	70 
3835	60 
3836	25 
3837	156 
3838	120 
3839	42 
3840	136 
3841	141 
3842	156 
3843	4 
3844	14 
3845	147 
3846	157 
3847	107 
3848	36 
3849	45 
3850	46 
3851	129 
3852	99 
3853	102 
3854	82 
3855	17 
3856	159 
3857	150 
3858	44 
3859	2 
3860	159 
3861	64 
3862	127 
3863	30 
3864	142 
3865	18 
3866	22 
3867	14 
3868	85 
3869	34 
3870	127 
3871	2 
3872	14 
3873	35 
3874	16 
3875	68 
3876	11 
3877	92 
3878	147 
3879	110 
3880	159 
3881	51 
3882	155 
3883	19 31 50 55 122 150 152 
3884	137 
3885	59 70 84 102 131 148 161 
3886	36 
3887	113 
3888	141 
3889	140 
3890	154 
3891	159 
3892	3 
3893	15 28 80 81 106 122 144 
3894	136 
3895	56 
3896	143 
3897	13 43 64 70 115 121 130 
3898	13 19 21 35 43 115 162 
3899	34 
3900	46 
3901	126 
3902	21 
3903	69 
3904	37 
3905	107 
3906	132 
3907	107 
3908	120 
3909	109 
3910	82 
3911	107 
3912	19 
3913	21 
3914	85 
3915	10 
3916	126 
3917	6 11 31 46 68 125 126 
3918	74 
3919	72 
3920	43 
3921	147 
3922	52 
3923	50 
3924	46 
3925	95 
3926	110 
3927	142 
3928	98 
3929	131 
3930	8 
3931	89 
3932	24 25 35 72 84 137 164 
3933	53 
3934	11 14 17 18 44 115 160 
3935	61 
3936	137 
3937	13 
3938	107 
3939	34 
3940	32 
3941	19 
3942	128 
3943	34 
3944	104 
3945	53 
3946	34 
3947	30 66 76 88 130 139 158 
3948	69 
3949	84 
3950	8 49 64 80 84 116 129 
3951	13 19 53 103 112 136 157 
3952	33 
3953	149 
3954	15 
3955	36 
3956	6 21 30 41 61 118 136 
3957	150 
3958	28 
3959	59 
3960	70 
3961	88 
3962	30 
3963	71 
3964	43 
3965	60 
3966	38 
3967	66 
3968	46 
3969	156 
3970	142 
3971	129 
3972	7 53 71 78 107 110 112 
3973	118 
3974	30 
3975	71 
3976	12 
3977	44 
3978	39 
3979	60 
3980	156 
3981	46 
3982	76 
3983	14 
3984	26 
3985	21 23 105 112 115 131 161 
3986	79 
3987	33 
3988	80 
3989	103 
3990	119 
3991	92 
3992	31 
3993	39 
3994	101 
3995	115 
3996	135 
3997	123 
3998	19 60 64 95 108 142 151 
3999	125 
4000	17 
4001	29 
4002	60 
4003	143 
4004	56 
4005	82 
4006	148 
4007	4 
4008	41 
4009	95 
4010	60 
4011	6 
4012	16 
4013	21 
4014	134 
4015	76 
4016	161 
4017	117 
4018	21 
4019	39 
4020	150 
4021	48 
4022	34 
4023	118 
4024	69 
4025	43 
4026	56 
4027	119 
4028	48 63 115 142 145 150 154 
4029	7 45 47 49 64 112 163 
4030	106 
4031	161 
4032	13 24 55 71 131 137 162 
4033	158 
4034	28 
4035	102 
4036	141 
4037	95 
4038	5 37 53 63 133 158 163 
4039	80 
4040	17 66 89 108 122 158 163 
4041	112 
4042	53 
4043	28 30 58 65 69 118 137 
4044	43 
4045	158 
4046	48 
4047	61 
4048	77 
4049	82 
4050	1 
4051	30 
4052	16 
4053	121 
4054	13 
4055	31 
4056	84 
4057	38 
4058	30 
4059	57 
4060	20 
4061	80 
4062	73 
4063	97 
4064	98 
4065	150 
4066	143 
4067	133 
4068	47 
4069	160 
4070	143 
4071	41 
4072	30 
4073	61 
4074	30 
4075	50 
4076	79 
4077	80 
4078	34 69 71 117 120 157 160 
4079	43 
4080	49 
4081	127 
4082	20 
4083	61 
4084	159 
4085	136 
4086	104 
4087	86 
4088	135 
4089	92 
4090	20 
4091	90 
4092	6 22 30 50 85 142 156 
4093	9 
4094	70 
4095	57 
4096	142 
4097	103 
4098	88 
4099	38 
4100	14 
4101	132 
4102	134 
4103	56 
4104	73 
4105	33 
4106	25 
4107	97 
4108	112 
4109	79 
4110	72 
4111	131 
4112	17 
4113	11 
4114	158 
4115	107 
4116	21 41 52 75 110 133 158 
4117	72 
4118	65 
4119	103 
4120	99 
4121	118 
4122	136 
4123	88 107 115 116 139 148 165 
4124	15 
4125	150 
4126	93 
4127	29 
4128	128 
4129	137 
4130	13 
4131	116 
4132	125 
4133	62 
4134	52 
4135	71 
4136	38 
4137	19 
4138	156 
4139	6 
4140	106 
4141	123 
4142	82 
4143	123 
4144	131 
4145	65 
4146	19 
4147	63 
4148	31 
4149	125 
4150	122 
4151	64 
4152	78 
4153	69 
4154	31 
4155	128 
4156	156 
4157	54 
4158	28 39 60 77 81 89 107 
4159	68 
4160	158 
4161	139 
4162	60 
4163	19 32 44 65 140 141 164 
4164	129 
4165	108 
4166	84 
4167	101 
4168	103 
4169	85 
4170	13 
4171	103 
4172	159 
4173	97 
4174	58 
4175	80 
4176	106 
4177	79 
4178	110 
4179	23 
4180	137 
4181	11 61 78 82 104 115 155 
4182	160 
4183	109 
4184	135 
4185	64 
4186	90 
4187	24 
4188	123 
4189	118 
4190	47 
4191	13 
4192	37 
4193	107 
4194	149 
4195	125 
4196	162 
4197	154 
4198	82 
4199	84 
4200	43 
4201	24 
4202	154 
4203	104 
4204	45 
4205	104 
4206	33 
4207	40 
4208	122 
4209	50 
4210	41 
4211	66 
4212	8 22 121 141 144 149 151 
4213	27 
4214	57 
4215	126 
4216	11 
4217	114 
4218	162 
4219	7 
4220	165 
4221	85 
4222	7 40 59 131 148 155 158 
4223	127 
4224	56 
4225	11 
4226	75 
4227	141 
4228	85 
4229	67 
4230	106 
4231	85 
4232	50 
4233	163 
4234	121 
4235	164 
4236	49 84 121 125 136 142 149 
4237	84 
4238	58 
4239	15 22 45 56 61 150 154 
4240	15 
4241	150 
4242	36 
4243	54 
4244	129 
4245	15 58 64 90 92 140 156 
4246	58 
4247	61 69 85 104 134 143 159 
4248	131 
4249	14 17 41 84 95 111 146 
4250	2 29 69 71 123 136 141 
4251	43 
4252	112 
4253	123 
4254	3 8 15 21 24 62 139 
4255	104 
4256	133 
4257	34 
4258	121 
4259	19 
4260	85 
4261	25 
4262	85 
4263	142 
4264	158 
4265	126 
4266	38 
4267	110 
4268	154 
4269	154 
4270	29 
4271	14 
4272	125 
4273	112 
4274	158 
4275	82 
4276	121 
4277	137 
4278	141 
4279	4 8 11 45 78 83 121 
4280	80 105 120 137 138 144 151 
4281	61 
4282	142 
4283	160 
4284	163 
4285	121 
4286	118 
4287	18 
4288	4 31 38 70 78 105 110 
4289	128 
4290	128 
4291	77 
4292	85 
4293	59 
4294	76 
4295	50 
4296	46 
4297	30 
4298	45 
4299	152 
4300	150 
4301	142 
4302	84 
4303	60 
4304	126 
4305	160 
4306	4 41 57 121 134 146 162 
4307	133 
4308	38 
4309	51 
4310	127 
4311	66 
4312	61 
4313	35 
4314	85 
4315	17 
4316	164 
4317	47 
4318	40 
4319	3 
4320	100 
4321	100 
4322	66 
4323	156 
4324	139 
4325	137 
4326	149 
4327	111 
4328	89 
4329	19 20 78 84 118 126 159 
4330	61 
4331	13 
4332	11 15 43 46 54 103 106 
4333	82 
4334	31 53 55 58 84 111 139 
4335	11 13 42 49 138 148 159 
4336	28 36 38 54 73 85 121 
4337	21 
4338	149 
4339	22 
4340	106 
4341	129 
4342	20 
4343	85 
4344	122 
4345	14 
4346	45 
4347	53 
4348	89 
4349	163 
4350	98 
4351	24 58 61 62 139 141 162 
4352	90 
4353	55 
4354	48 
4355	131 
4356	155 
4357	82 
4358	71 
4359	55 
4360	32 
4361	139 
4362	153 
4363	38 
4364	25 
4365	136 
4366	34 
4367	71 
4368	138 
4369	81 
4370	23 
4371	72 
4372	105 
4373	80 
4374	128 
4375	21 29 35 58 71 90 97 
4376	5 
4377	17 42 65 96 123 126 163 
4378	150 
4379	4 13 14 21 66 103 149 
4380	17 23 60 61 72 91 98 
4381	27 
4382	61 
4383	41 
4384	106 
4385	64 
4386	109 
4387	56 
4388	119 
4389	34 
4390	53 
4391	84 
4392	10 
4393	30 
4394	50 
4395	68 
4396	83 
4397	64 
4398	144 
4399	74 
4400	13 
4401	55 
4402	53 
4403	57 69 75 109 128 136 155 
4404	70 
4405	7 
4406	63 
4407	56 
4408	16 
4409	63 
4410	33 
4411	39 
4412	91 
4413	17 48 52 118 131 137 158 
4414	9 
4415	128 
4416	87 
4417	141 
4418	6 
4419	85 
4420	89 
4421	45 
4422	79 93 101 124 131 152 161 
4423	158 
4424	152 
4425	29 
4426	15 45 81 84 118 125 143 
4427	58 
4428	42 
4429	89 
4430	82 
4431	83 
4432	51 
4433	5 
4434	54 
4435	152 
4436	146 
4437	88 
4438	141 
4439	67 
4440	6 
4441	103 
4442	84 
4443	34 
4444	18 
4445	73 
4446	68 
4447	18 
4448	92 
4449	73 
4450	46 
4451	150 
4452	162 
4453	139 
4454	124 
4455	115 
4456	6 45 57 66 121 141 159 
4457	47 
4458	34 51 72 85 90 122 130 
4459	140 
4460	55 
4461	157 
4462	30 
4463	115 
4464	9 38 57 63 85 90 165 
4465	152 
4466	105 
4467	100 
4468	163 
4469	83 
4470	47 
4471	53 
4472	117 
4473	8 
4474	142 
4475	66 
4476	43 
4477	128 
4478	51 
4479	10 
4480	154 
4481	123 
4482	34 
4483	81 
4484	57 
4485	15 28 33 35 41 87 141 
4486	129 
4487	16 
4488	4 
4489	16 21 46 132 153 160 164 
4490	143 
4491	136 
4492	114 
4493	126 
4494	30 
4495	27 44 60 87 90 115 159 
4496	112 
4497	8 
4498	88 
4499	2 
4500	106 
4501	74 
4502	31 43 48 53 84 112 158 
4503	123 
4504	138 
4505	52 
4506	99 
4507	59 
4508	140 
4509	75 
4510	45 
4511	158 
4512	105 
4513	129 
4514	116 
4515	20 
4516	61 
4517	73 
4518	103 
4519	5 29 30 90 127 137 162 
4520	25 
4521	81 
4522	17 
4523	86 
4524	110 
4525	96 
4526	147 
4527	147 
4528	116 
4529	129 
4530	148 
4531	53 
4532	19 
4533	98 
4534	139 
4535	148 
4536	117 
4537	59 
4538	31 
4539	155 
4540	17 
4541	85 
4542	121 
4543	19 
4544	47 
4545	30 37 41 49 60 107 153 
4546	98 
4547	1 
4548	136 
4549	31 
4550	126 
4551	72 
4552	7 
4553	104 
4554	56 
4555	139 
4556	68 
4557	19 53 55 109 142 146 162 
4558	16 
4559	123 
4560	58 
4561	28 74 77 108 129 150 155 
4562	127 
4563	63 
4564	38 
4565	66 
4566	16 
4567	22 38 60 71 92 110 124 
4568	15 
4569	159 
4570	112 
4571	115 
4572	41 
4573	39 79 85 93 116 131 135 
4574	78 
4575	70 
4576	91 
4577	3 
4578	106 
4579	22 
4580	80 
4581	84 
4582	53 
4583	48 
4584	13 
4585	16 
4586	44 
4587	17 31 62 94 116 134 137 
4588	148 
4589	139 
4590	51 
4591	44 61 87 88 102 107 115 
4592	31 62 80 83 102 112 131 
4593	51 
4594	31 44 55 103 118 127 162 
4595	14 
4596	71 
4597	45 
4598	154 
4599	13 14 30 74 106 146 154 
4600	109 
4601	7 14 16 21 41 51 136 
4602	17 
4603	88 89 90 102 114 142 154 
4604	163 
4605	86 
4606	7 13 38 71 82 117 132 
4607	76 
4608	80 
4609	142 
4610	118 
4611	88 
4612	17 
4613	5 
4614	57 
4615	71 
4616	156 
4617	158 
4618	45 
4619	93 
4620	137 
4621	4 
4622	52 
4623	82 
4624	5 38 77 83 107 130 144 
4625	80 
4626	45 
4627	30 
4628	121 
4629	41 
4630	15 86 101 106 112 141 162 
4631	44 
4632	137 
4633	93 
4634	118 
4635	66 
4636	138 
4637	137 
4638	141 
4639	38 
4640	116 
4641	110 
4642	142 
4643	22 30 90 121 150 156 163 
4644	21 
4645	7 9 10 14 46 85 105 
4646	85 
4647	142 
4648	9 
4649	140 
4650	90 
4651	154 
4652	80 
4653	163 
4654	71 
4655	125 
4656	22 
4657	124 
4658	108 
4659	154 
4660	76 
4661	165 
4662	103 
4663	158 
4664	151 
4665	53 57 77 78 96 139 159 
4666	38 
4667	150 
4668	159 
4669	56 
4670	137 
4671	158 
4672	71 
4673	63 
4674	43 
4675	164 
4676	61 
4677	126 
4678	47 
4679	21 
4680	76 
4681	2 
4682	164 
4683	90 
4684	162 
4685	132 
4686	5 
4687	4 
4688	9 
4689	46 
4690	137 
4691	21 28 54 99 103 129 136 
4692	121 
4693	93 
4694	66 
4695	51 
4696	154 
4697	102 
4698	34 
4699	142 
4700	74 
4701	141 
4702	61 
4703	53 
4704	118 
4705	7 10 16 53 54 90 159 
4706	149 
4707	67 
4708	13 44 71 97 107 110 162 
4709	129 
4710	159 
4711	58 
4712	162 
4713	23 
4714	97 
4715	117 
4716	21 
4717	78 
4718	115 
4719	132 
4720	131 
4721	50 
4722	142 
4723	82 
4724	146 
4725	103 
4726	142 
4727	118 
4728	11 
4729	43 
4730	154 
4731	68 
4732	68 
4733	16 45 49 74 103 122 123 
4734	16 
4735	62 
4736	126 
4737	84 99 118 131 133 140 154 
4738	45 
4739	41 
4740	147 
4741	79 
4742	66 
4743	130 
4744	21 
4745	126 
4746	1 46 51 66 89 121 152 
4747	13 21 32 57 64 75 92 
4748	14 128 137 139 142 150 161 
4749	16 34 37 44 80 129 157 
4750	41 
4751	61 
4752	50 
4753	45 
4754	23 
4755	121 
4756	6 
4757	78 
4758	66 
4759	20 46 49 57 110 133 140 
4760	59 
4761	38 46 48 60 79 125 139 
4762	62 
4763	124 
4764	129 
4765	85 
4766	137 
4767	4 
4768	120 
4769	60 
4770	158 
4771	43 
4772	38 
4773	30 
4774	82 
4775	38 
4776	5 
4777	51 
4778	61 
4779	84 
4780	30 
4781	69 
4782	129 
4783	117 
4784	48 
4785	161 
4786	31 55 73 112 138 157 158 
4787	76 
4788	31 49 61 112 147 156 164 
4789	138 
4790	53 
4791	34 
4792	31 
4793	159 
4794	141 
4795	142 
4796	71 
4797	21 25 99 115 146 147 151 
4798	124 
4799	56 
4800	84 
4801	152 
4802	52 
4803	50 
4804	136 
4805	162 
4806	11 
4807	91 
4808	2 
4809	75 
4810	125 
4811	49 
4812	33 
4813	150 
4814	75 
4815	159 
4816	28 
4817	19 35 90 102 108 131 137 
4818	9 
4819	2 18 20 46 107 108 143 
4820	46 
4821	139 
4822	15 
4823	107 
4824	2 
4825	45 63 64 82 115 160 164 
4826	30 46 49 69 101 115 126 
4827	63 
4828	131 
4829	141 
4830	141 
4831	164 
4832	79 
4833	104 
4834	117 
4835	67 
4836	45 
4837	56 61 64 77 93 126 137 
4838	69 
4839	3 11 53 58 59 99 121 
4840	115 
4841	38 
4842	158 
4843	154 
4844	121 
4845	17 
4846	9 15 26 66 69 112 163 
4847	110 
4848	50 
4849	41 
4850	13 
4851	45 
4852	139 
4853	121 
4854	41 
4855	28 63 67 71 72 85 89 
4856	43 
4857	21 
4858	80 
4859	149 
4860	131 
4861	102 
4862	41 
4863	157 
4864	139 
4865	141 
4866	110 
4867	149 
4868	9 
4869	2 
4870	1 14 61 62 69 81 154 
4871	164 
4872	106 
4873	64 
4874	19 
4875	2 
4876	122 
4877	72 
4878	90 
4879	33 
4880	31 
4881	16 
4882	115 
4883	12 38 46 56 57 104 133 
4884	107 
4885	126 
4886	125 
4887	59 
4888	102 
4889	17 
4890	35 
4891	76 
4892	158 
4893	31 
4894	51 
4895	79 
4896	15 
4897	42 65 66 85 110 115 126 
4898	159 
4899	34 
4900	154 
4901	11 16 32 82 142 146 154 
4902	88 
4903	17 
4904	115 
4905	41 
4906	13 
4907	137 
4908	76 
4909	49 
4910	112 
4911	138 
4912	17 
4913	46 
4914	43 
4915	38 
4916	102 
4917	18 
4918	11 89 90 102 107 139 140 
4919	90 
4920	136 
4921	31 32 45 64 92 124 138 
4922	146 
4923	31 
4924	46 
4925	38 
4926	15 
4927	34 
4928	53 
4929	76 
4930	69 
4931	76 
4932	102 
4933	41 
4934	46 
4935	57 
4936	35 
4937	71 
4938	150 
4939	21 
4940	31 
4941	31 
4942	116 
4943	84 
4944	131 
4945	158 
4946	141 
4947	64 
4948	16 18 69 85 93 142 162 
4949	138 
4950	106 
4951	44 
4952	50 
4953	64 
4954	14 
4955	50 
4956	140 
4957	164 
4958	72 
4959	12 16 72 73 114 141 159 
4960	142 
4961	64 
4962	155 
4963	64 
4964	139 
4965	137 
4966	35 53 56 83 84 98 139 
4967	158 
4968	17 
4969	53 
4970	154 
4971	69 
4972	84 
4973	44 
4974	90 
4975	15 
4976	72 
4977	31 
4978	5 10 41 60 92 114 154 
4979	11 
4980	59 
4981	123 
4982	154 
4983	106 
4984	58 
4985	17 24 26 55 80 85 122 
4986	126 
4987	107 
4988	85 
4989	90 
4990	80 
4991	21 
4992	123 
4993	38 71 84 97 136 147 149 
4994	55 
4995	64 
4996	31 
4997	79 
4998	129 
4999	162 
5000	17 33 45 56 83 101 159 
