1000
5052
1	730
1	789
1	859
1	889
2	189
2	221
2	719
2	982
3	405
3	491
3	975
3	984
4	232
4	731
4	859
4	889
5	454
5	729
5	800
5	880
6	418
6	643
6	761
6	960
7	578
7	782
7	847
7	877
8	628
8	846
8	923
8	988
8	989
9	331
9	785
9	882
9	894
10	94
10	207
10	684
10	992
11	280
11	379
11	534
11	684
12	442
12	460
12	636
12	758
13	838
13	925
13	961
13	998
14	822
14	889
14	978
14	994
15	931
15	954
15	962
15	981
16	649
16	952
16	954
16	999
17	371
17	836
17	975
17	984
18	247
18	456
18	505
18	790
19	438
19	548
19	880
19	922
20	114
20	244
20	387
20	991
21	890
21	915
21	949
21	981
22	965
22	968
22	985
22	994
23	691
23	910
23	965
23	982
24	448
24	910
24	986
24	995
25	946
25	952
25	983
25	997
26	633
26	790
26	922
26	954
27	544
27	802
27	858
27	895
27	942
27	989
28	525
28	800
28	839
28	893
29	179
29	747
29	829
29	858
30	593
30	819
30	830
30	988
31	254
31	785
31	809
31	894
32	500
32	920
32	924
32	926
33	77
33	877
33	941
33	997
34	117
34	571
34	758
34	931
35	118
35	364
35	739
35	799
36	62
36	973
36	980
36	1000
37	834
37	954
37	960
37	970
38	936
38	974
38	983
38	997
39	373
39	987
39	996
39	998
40	701
40	854
40	894
40	899
41	62
41	819
41	983
41	988
42	650
42	863
42	925
42	961
43	469
43	731
43	799
43	842
44	903
44	968
44	986
44	995
45	588
45	946
45	956
45	981
46	154
46	973
46	980
46	1000
47	479
47	855
47	907
47	922
48	106
48	870
48	878
48	935
49	161
49	767
49	960
49	970
50	272
50	780
50	786
50	829
51	363
51	531
51	570
51	745
52	232
52	436
52	814
52	885
53	439
53	682
53	915
53	958
54	407
54	481
54	975
54	984
55	205
55	213
55	282
55	613
56	431
56	445
56	677
56	861
57	502
57	517
57	614
57	935
58	235
58	945
58	977
58	982
59	606
59	735
59	757
59	923
60	906
60	941
60	948
60	997
61	592
61	907
61	922
61	980
62	36
62	41
62	897
62	970
62	992
63	883
63	939
63	957
63	993
64	592
64	910
64	965
64	982
65	480
65	855
65	895
65	907
66	734
66	822
66	927
66	976
67	298
67	809
67	877
67	893
67	923
67	997
67	998
68	565
68	749
68	920
68	924
69	788
69	869
69	909
69	959
70	678
70	785
70	882
70	977
71	137
71	345
71	706
71	805
72	749
72	902
72	920
72	955
73	337
73	423
73	852
73	861
73	909
73	996
74	560
74	810
74	975
74	984
75	460
75	670
75	873
75	922
76	788
76	801
76	810
76	846
77	33
77	978
77	985
77	994
78	206
78	357
78	904
78	959
78	975
78	990
79	87
79	526
79	714
79	932
80	576
80	974
80	986
80	995
81	565
81	598
81	742
81	880
82	486
82	827
82	829
82	858
83	165
83	187
83	719
83	948
84	404
84	640
84	967
84	979
84	1000
85	263
85	948
85	983
85	997
86	246
86	952
86	981
86	999
87	79
87	308
87	932
87	985
88	676
88	978
88	985
88	994
89	453
89	904
89	936
89	961
89	971
89	980
89	992
90	418
90	643
90	761
90	904
91	729
91	880
91	934
91	966
92	941
92	946
92	989
92	997
93	193
93	792
93	856
93	857
94	10
94	489
94	842
94	851
95	891
95	945
95	965
95	991
96	729
96	953
96	963
96	971
97	832
97	953
97	963
97	965
98	457
98	696
98	935
98	963
99	163
99	619
99	722
99	986
100	569
100	757
100	923
100	925
101	464
101	937
101	979
101	993
102	782
102	847
102	877
102	906
103	577
103	686
103	732
103	932
104	448
104	837
104	939
104	957
105	431
105	434
105	677
105	679
106	48
106	937
106	979
106	993
107	294
107	675
107	947
107	984
108	122
108	646
108	816
108	898
109	237
109	442
109	571
109	758
110	480
110	910
110	945
110	982
111	386
111	941
111	948
111	997
112	791
112	824
112	857
112	919
113	198
113	604
113	786
113	905
114	20
114	618
114	795
114	972
115	568
115	746
115	939
115	957
116	578
116	802
116	904
116	987
117	34
117	844
117	908
117	989
118	35
118	131
118	739
118	951
119	143
119	466
119	571
119	758
120	173
120	735
120	757
120	923
121	823
121	899
121	977
121	994
122	108
122	801
122	970
122	975
122	979
122	994
123	158
123	363
123	531
123	570
124	424
124	675
124	711
124	790
125	662
125	760
125	851
125	932
126	147
126	194
126	252
126	814
127	595
127	729
127	825
127	880
128	717
128	768
128	810
128	875
129	652
129	709
129	975
129	984
130	545
130	602
130	870
130	897
131	118
131	739
131	799
131	928
132	663
132	692
132	768
132	911
133	877
133	973
133	980
133	1000
134	493
134	814
134	873
134	921
135	182
135	314
135	503
135	520
136	578
136	802
136	904
136	990
137	71
137	444
137	805
137	933
138	823
138	839
138	969
138	994
139	278
139	389
139	966
139	977
140	658
140	921
140	927
140	976
141	308
141	954
141	981
141	999
142	407
142	859
142	889
142	994
143	119
143	460
143	564
143	758
144	899
144	966
144	977
144	987
145	504
145	679
145	861
145	917
146	489
146	968
146	985
146	994
147	126
147	514
147	725
147	814
148	171
148	266
148	677
148	999
149	678
149	937
149	979
149	993
150	397
150	893
150	904
150	960
150	977
151	497
151	568
151	761
151	923
151	948
151	985
152	946
152	966
152	983
152	997
153	633
153	945
153	965
153	982
154	46
154	741
154	850
154	959
155	728
155	765
155	844
155	989
156	820
156	910
156	945
156	982
157	625
157	924
157	926
157	971
158	123
158	259
158	363
158	570
159	626
159	836
159	845
159	912
160	649
160	761
160	965
160	982
161	49
161	678
161	716
161	894
162	425
162	859
162	889
162	959
163	99
163	213
163	722
163	909
164	684
164	696
164	939
164	957
165	83
165	233
165	314
165	719
166	272
166	764
166	829
166	947
167	383
167	747
167	831
167	927
168	505
168	730
168	859
168	889
169	781
169	815
169	940
169	965
170	288
170	507
170	558
170	905
171	148
171	895
171	907
171	922
172	468
172	527
172	974
172	995
173	120
173	732
173	753
173	807
173	850
173	982
174	700
174	892
174	980
174	1000
175	692
175	863
175	925
175	961
176	543
176	968
176	969
176	985
177	555
177	987
177	996
177	998
178	974
178	986
178	995
178	998
179	29
179	375
179	963
179	971
180	655
180	964
180	990
180	992
181	429
181	987
181	996
181	998
182	135
182	730
182	859
182	889
183	947
183	950
183	960
183	970
184	372
184	611
184	647
184	685
185	803
185	920
185	924
185	926
186	486
186	834
186	960
186	970
187	83
187	304
187	453
187	503
188	515
188	613
188	665
188	996
189	2
189	719
189	839
189	944
190	666
190	829
190	858
190	993
191	656
191	987
191	996
191	998
192	900
192	904
192	959
192	960
192	961
192	998
193	93
193	953
193	963
193	971
194	126
194	311
194	557
194	814
195	611
195	709
195	975
195	984
196	406
196	856
196	942
196	986
197	272
197	661
197	996
197	998
198	113
198	634
198	688
198	905
199	391
199	807
199	891
199	954
199	959
199	993
200	305
200	933
200	980
200	1000
201	532
201	638
201	898
201	987
202	637
202	772
202	869
202	991
203	907
203	922
203	934
203	986
204	293
204	534
204	745
204	927
205	55
205	561
205	572
205	643
205	895
205	997
205	1000
206	78
206	723
206	967
206	972
207	10
207	857
207	880
208	606
208	942
208	986
208	995
209	227
209	764
209	910
209	962
210	666
210	939
210	946
210	983
211	393
211	877
211	961
211	975
211	992
212	753
212	861
212	875
212	876
213	55
213	163
213	613
213	973
214	505
214	663
214	692
214	811
215	730
215	943
215	981
215	999
216	234
216	904
216	957
216	978
216	993
217	314
217	799
217	857
217	980
217	989
217	992
217	996
218	783
218	866
218	875
218	956
219	782
219	787
219	847
219	877
220	902
220	974
220	986
220	995
221	2
221	290
221	719
221	776
222	521
222	760
222	904
222	962
222	997
223	699
223	797
223	951
223	969
224	701
224	722
224	882
224	913
225	306
225	937
225	979
225	993
226	473
226	869
226	940
226	965
227	209
227	293
227	806
227	964
228	232
228	311
228	995
228	999
229	800
229	839
229	893
229	955
230	417
230	761
230	876
230	897
230	935
230	976
230	977
230	999
231	514
231	761
231	920
231	924
231	926
232	4
232	52
232	228
232	338
232	493
233	165
233	401
233	971
233	975
233	984
234	216
234	590
234	626
234	712
234	845
235	58
235	945
235	965
235	982
235	996
236	946
236	972
236	987
236	996
236	998
237	109
237	750
237	816
237	833
237	898
238	751
238	795
238	872
238	972
238	981
239	341
239	418
239	643
239	799
239	857
239	877
239	993
239	994
240	495
240	624
240	733
240	742
240	947
241	339
241	583
241	769
241	972
241	983
242	478
242	588
242	710
242	775
242	880
243	736
243	822
243	908
243	944
243	989
244	20
244	489
244	570
244	756
244	898
245	912
245	951
245	953
245	963
245	971
246	86
246	712
246	987
246	996
246	998
247	18
247	855
247	893
247	895
247	922
248	272
248	383
248	689
248	783
248	829
249	855
249	892
249	974
249	986
249	995
250	561
250	732
250	760
250	766
250	851
251	799
251	955
251	987
251	996
251	998
252	126
252	346
252	931
252	954
252	999
253	447
253	686
253	714
253	932
253	979
254	31
254	516
254	882
254	894
254	918
255	856
255	874
255	964
255	990
255	992
256	822
256	844
256	908
256	921
256	989
257	266
257	316
257	334
257	704
257	988
258	410
258	601
258	691
258	733
258	748
259	158
259	943
259	980
259	981
259	999
260	893
260	946
260	948
260	983
260	997
261	807
261	848
261	891
261	990
261	992
262	532
262	782
262	791
262	847
262	877
263	85
263	512
263	563
263	601
263	971
264	348
264	786
264	805
264	933
264	990
265	751
265	806
265	824
265	967
265	972
266	148
266	257
266	723
266	864
266	988
267	716
267	781
267	815
267	823
267	940
268	292
268	631
268	686
268	714
268	932
269	356
269	921
269	926
269	927
269	976
270	277
270	412
270	445
270	679
270	908
271	515
271	767
271	923
271	960
271	970
272	50
272	166
272	197
272	248
272	581
273	497
273	619
273	722
273	887
273	897
274	452
274	832
274	883
274	939
274	957
275	290
275	530
275	959
275	962
275	982
275	993
275	999
276	577
276	654
276	774
276	875
276	956
277	270
277	955
277	987
277	996
277	998
278	139
278	576
278	684
278	809
278	898
279	352
279	529
279	670
279	989
279	991
280	11
280	834
280	923
280	961
280	972
280	999
281	386
281	396
281	590
281	877
281	880
281	999
282	55
282	325
282	665
282	936
282	947
283	474
283	934
283	938
283	973
283	1000
284	598
284	780
284	921
284	927
284	976
285	754
285	863
285	925
285	961
285	992
286	484
286	660
286	685
286	879
286	905
287	641
287	812
287	910
287	945
287	965
288	170
288	707
288	905
288	914
288	938
289	831
289	898
289	958
289	991
289	995
290	221
290	275
290	391
290	503
290	520
291	561
291	565
291	732
291	760
291	851
292	268
292	489
292	499
292	781
292	932
293	204
293	227
293	481
293	886
293	888
294	107
294	386
294	407
294	975
294	984
295	560
295	918
295	975
295	984
295	995
296	668
296	840
296	896
296	966
296	977
297	490
297	681
297	689
297	718
297	946
298	67
298	659
298	705
298	785
298	935
299	626
299	941
299	946
299	983
299	997
300	537
300	937
300	965
300	979
300	993
301	585
301	937
301	968
301	979
301	993
302	582
302	605
302	714
302	932
302	991
303	670
303	868
303	945
303	965
303	982
304	187
304	944
304	952
304	954
304	981
305	200
305	766
305	793
305	933
305	962
306	225
306	614
306	921
306	927
306	976
307	524
307	751
307	872
307	967
307	972
308	87
308	141
308	855
308	932
308	988
309	667
309	756
309	812
309	868
309	948
310	670
310	855
310	889
310	907
310	924
311	194
311	228
311	338
311	686
311	814
312	681
312	689
312	718
312	953
312	988
313	529
313	942
313	972
313	986
313	995
314	135
314	165
314	217
314	503
314	847
315	497
315	576
315	611
315	657
315	833
316	257
316	386
316	426
316	850
316	958
317	885
317	896
317	961
317	986
317	995
318	345
318	444
318	471
318	574
318	805
319	493
319	725
319	732
319	760
319	851
320	749
320	920
320	924
320	926
320	972
321	470
321	645
321	815
321	887
321	956
322	555
322	876
322	945
322	965
322	982
323	579
323	632
323	862
323	929
323	930
324	641
324	775
324	802
324	889
324	918
324	939
324	976
324	978
325	282
325	613
325	665
325	851
325	947
326	678
326	850
326	909
326	958
326	959
327	510
327	915
327	973
327	980
327	1000
328	373
328	755
328	852
328	875
328	935
329	770
329	777
329	868
329	965
329	982
330	551
330	573
330	751
330	780
330	972
331	9
331	883
331	952
331	981
331	999
332	789
332	827
332	960
332	970
332	1000
333	856
333	881
333	942
333	974
333	995
334	257
334	544
334	930
334	976
334	988
335	848
335	865
335	933
335	951
335	990
336	507
336	849
336	890
336	914
336	949
337	73
337	346
337	610
337	956
337	962
338	232
338	311
338	809
338	814
338	922
339	241
339	872
339	913
339	967
339	972
340	487
340	753
340	861
340	876
340	901
341	239
341	586
341	820
341	911
341	962
342	637
342	941
342	946
342	983
342	997
343	545
343	798
343	852
343	888
343	935
344	350
344	563
344	626
344	907
344	923
344	997
345	71
345	318
345	471
345	805
345	937
346	252
346	337
346	417
346	962
346	986
347	656
347	750
347	861
347	876
347	883
348	264
348	844
348	900
348	964
348	992
349	442
349	460
349	571
349	758
349	961
350	344
350	533
350	803
350	914
350	949
351	422
351	515
351	619
351	722
351	851
352	279
352	815
352	823
352	869
352	887
353	620
353	755
353	847
353	858
353	962
353	993
354	403
354	485
354	626
354	912
354	922
355	604
355	611
355	741
355	864
355	905
356	269
356	828
356	931
356	981
356	999
357	78
357	883
357	939
357	957
357	993
358	482
358	526
358	876
358	961
358	977
359	578
359	739
359	802
359	904
360	533
360	875
360	906
360	934
360	956
361	415
361	736
361	765
361	908
361	989
362	585
362	937
362	943
362	979
362	993
363	51
363	123
363	158
363	570
363	831
364	35
364	937
364	960
364	979
364	993
365	391
365	588
365	703
365	775
365	943
366	388
366	504
366	717
366	810
366	846
367	741
367	968
367	969
367	978
367	986
368	938
368	964
368	980
368	984
368	1000
369	575
369	782
369	811
369	847
369	877
370	667
370	750
370	868
370	909
370	982
371	17
371	849
371	914
371	915
371	949
372	184
372	427
372	642
372	733
372	742
373	39
373	328
373	633
373	878
373	935
374	603
374	710
374	886
374	917
374	932
375	179
375	407
375	953
375	971
375	984
376	827
376	834
376	950
376	960
376	970
377	528
377	647
377	707
377	905
377	910
378	458
378	541
378	675
378	819
378	991
379	11
379	713
379	862
379	963
379	971
380	841
380	845
380	907
380	953
380	997
381	679
381	746
381	909
381	911
381	955
381	961
381	997
382	904
382	949
382	987
382	996
382	998
383	167
383	248
383	739
383	895
383	934
383	962
383	995
384	520
384	812
384	910
384	933
384	965
384	982
385	902
385	928
385	937
385	973
385	979
385	993
386	111
386	281
386	294
386	316
386	425
386	544
387	20
387	489
387	657
387	833
387	857
387	898
388	366
388	503
388	730
388	859
388	885
388	889
389	139
389	460
389	802
389	843
389	966
389	977
390	500
390	873
390	896
390	950
390	976
390	984
390	997
391	199
391	290
391	365
391	588
391	703
391	958
392	556
392	943
392	955
392	987
392	996
392	998
393	211
393	734
393	884
393	921
393	927
393	976
394	494
394	720
394	727
394	845
394	866
394	912
395	597
395	740
395	823
395	940
395	946
395	991
396	281
396	397
396	749
396	920
396	924
396	926
397	150
397	396
397	462
397	844
397	920
397	926
398	849
398	879
398	890
398	914
398	949
398	1000
399	510
399	545
399	594
399	705
399	852
399	897
400	439
400	506
400	638
400	790
400	848
400	886
401	233
401	546
401	836
401	973
401	975
401	984
402	838
402	863
402	925
402	961
402	978
402	986
403	354
403	720
403	756
403	845
403	912
403	978
404	84
404	903
404	936
404	942
404	974
404	986
405	3
405	471
405	678
405	697
405	882
405	917
406	196
406	943
406	944
406	952
406	954
406	992
407	54
407	142
407	294
407	375
407	975
407	984
408	773
408	864
408	902
408	937
408	979
408	993
409	632
409	813
409	832
409	963
409	971
409	981
410	258
410	430
410	598
410	601
410	814
410	958
411	591
411	679
411	895
411	931
411	971
411	976
411	993
411	998
412	270
412	825
412	858
412	904
412	923
412	942
412	990
413	639
413	677
413	709
413	872
413	975
413	984
414	586
414	589
414	610
414	764
414	962
414	999
415	361
415	838
415	863
415	905
415	925
415	961
416	513
416	710
416	811
416	870
416	957
416	978
416	980
416	989
417	230
417	346
417	793
417	918
417	955
417	956
418	6
418	90
418	239
418	643
418	761
418	880
419	465
419	919
419	944
419	952
419	981
419	999
420	642
420	756
420	771
420	868
420	945
420	982
421	681
421	689
421	718
421	821
421	937
421	977
422	351
422	515
422	619
422	722
422	816
422	874
423	73
423	576
423	657
423	680
423	833
423	898
424	124
424	934
424	938
424	973
424	980
424	1000
425	162
425	386
425	478
425	544
425	958
425	988
426	316
426	743
426	955
426	987
426	996
426	998
427	372
427	712
427	799
427	819
427	976
427	977
428	719
428	874
428	934
428	938
428	973
428	1000
429	181
429	718
429	934
429	973
429	980
429	1000
430	410
430	486
430	563
430	598
430	789
430	984
431	56
431	105
431	559
431	677
431	679
431	917
432	522
432	854
432	914
432	915
432	949
432	953
433	629
433	912
433	974
433	986
433	990
433	995
434	105
434	457
434	605
434	659
434	878
434	935
435	705
435	871
435	944
435	954
435	981
435	999
436	52
436	930
436	934
436	938
436	973
436	1000
437	698
437	735
437	757
437	867
437	923
437	957
438	19
438	496
438	595
438	729
438	880
438	926
439	53
439	400
439	506
439	758
439	782
439	958
440	755
440	805
440	902
440	937
440	979
440	993
441	670
441	682
441	764
441	807
441	981
441	984
441	997
441	1000
442	12
442	109
442	349
442	712
442	758
442	929
443	841
443	883
443	885
443	964
443	990
443	992
444	137
444	318
444	471
444	803
444	805
444	837
445	56
445	270
445	493
445	677
445	679
445	773
446	458
446	755
446	806
446	819
446	928
446	981
447	253
447	769
447	872
447	930
447	947
447	967
448	24
448	104
448	900
448	942
448	986
448	995
449	533
449	600
449	826
449	875
449	956
449	958
450	577
450	625
450	920
450	924
450	926
450	970
451	661
451	786
451	930
451	953
451	963
451	971
452	274
452	951
452	960
452	978
452	985
452	994
453	89
453	187
453	581
453	829
453	858
453	941
454	5
454	496
454	595
454	729
454	880
454	976
455	799
455	830
455	892
455	962
455	974
455	995
456	18
456	458
456	663
456	675
456	781
456	790
457	98
457	434
457	654
457	659
457	897
457	940
458	378
458	446
458	456
458	567
458	755
458	965
459	681
459	881
459	930
459	953
459	963
459	983
460	12
460	75
460	143
460	349
460	389
460	571
461	685
461	738
461	822
461	883
461	939
461	957
462	397
462	877
462	920
462	924
462	926
462	982
463	557
463	799
463	838
463	858
463	873
463	956
463	986
464	101
464	470
464	645
464	852
464	875
464	956
465	419
465	788
465	850
465	909
465	959
465	976
466	119
466	562
466	815
466	823
466	940
466	951
467	884
467	893
467	921
467	927
467	976
467	980
468	172
468	794
468	900
468	903
468	942
468	995
469	43
469	713
469	827
469	834
469	960
469	970
470	321
470	464
470	600
470	645
470	903
470	956
471	318
471	345
471	405
471	444
471	766
471	805
472	644
472	788
472	850
472	909
472	913
472	959
473	226
473	545
473	940
473	950
473	958
473	991
474	283
474	930
474	953
474	963
474	971
474	984
475	569
475	735
475	757
475	853
475	923
475	973
476	761
476	763
476	820
476	930
476	953
476	963
477	892
477	900
477	955
477	987
477	996
477	998
478	242
478	425
478	621
478	677
478	876
478	970
478	974
478	978
479	47
479	716
479	752
479	800
479	839
479	893
480	65
480	110
480	838
480	863
480	925
480	961
481	54
481	293
481	764
481	766
481	826
481	962
482	358
482	816
482	842
482	887
482	932
482	967
483	703
483	884
483	968
483	969
483	978
483	994
484	286
484	944
484	968
484	969
484	985
484	994
485	354
485	765
485	822
485	845
485	908
485	989
486	82
486	186
486	430
486	851
486	889
486	943
486	973
486	985
487	340
487	492
487	968
487	969
487	978
487	985
487	994
488	699
488	727
488	798
488	908
488	954
488	982
488	989
489	94
489	146
489	244
489	292
489	387
489	833
489	958
490	297
490	681
490	689
490	718
490	860
490	924
490	980
491	3
491	709
491	765
491	928
491	975
491	984
491	989
492	487
492	653
492	769
492	795
492	872
492	967
492	972
493	134
493	232
493	319
493	445
493	831
493	881
493	997
494	394
494	778
494	780
494	845
494	885
494	912
494	916
495	240
495	528
495	827
495	834
495	865
495	960
495	970
496	438
496	454
496	729
496	880
496	936
496	997
496	1000
497	151
497	273
497	315
497	515
497	619
497	722
497	867
498	738
498	837
498	883
498	886
498	911
498	939
498	957
499	292
499	551
499	582
499	605
499	686
499	932
499	991
500	32
500	390
500	934
500	938
500	973
500	980
500	1000
501	841
501	865
501	933
501	954
501	964
501	987
501	990
502	57
502	540
502	747
502	817
502	878
502	897
502	935
503	135
503	187
503	290
503	314
503	388
503	654
503	719
504	145
504	366
504	513
504	664
504	728
504	801
504	846
505	18
505	168
505	214
505	641
505	663
505	790
505	829
506	400
506	439
506	715
506	884
506	928
506	958
506	970
507	170
507	336
507	685
507	739
507	741
507	905
507	918
508	523
508	694
508	806
508	837
508	939
508	945
508	957
509	624
509	628
509	708
509	733
509	742
509	764
509	804
510	327
510	399
510	783
510	792
510	797
510	824
510	857
511	699
511	765
511	775
511	822
511	908
511	989
511	998
512	263
512	659
512	775
512	781
512	827
512	930
512	932
512	967
513	416
513	504
513	549
513	828
513	876
513	889
513	972
513	985
513	998
514	147
514	231
514	944
514	959
514	964
514	977
514	983
514	984
514	998
515	188
515	271
515	351
515	422
515	497
515	631
515	722
516	254
516	687
516	697
516	720
516	882
516	894
516	947
517	57
517	579
517	705
517	747
517	897
517	903
517	935
518	648
518	852
518	900
518	903
518	974
518	986
518	995
519	575
519	870
519	931
519	952
519	954
519	981
519	999
520	135
520	290
520	384
520	634
520	646
520	719
520	941
521	222
521	773
521	813
521	843
521	899
521	911
521	966
522	432
522	893
522	895
522	935
522	962
522	982
522	983
523	508
523	817
523	840
523	882
523	911
523	966
523	977
524	307
524	569
524	658
524	688
524	837
524	939
524	957
525	28
525	853
525	913
525	955
525	987
525	996
525	998
526	79
526	358
526	589
526	789
526	834
526	960
526	970
527	172
527	694
527	753
527	865
527	891
527	933
527	992
528	377
528	495
528	721
528	789
528	827
528	960
528	970
529	279
529	313
529	575
529	670
529	895
529	907
529	922
530	275
530	631
530	683
530	792
530	929
530	932
530	964
530	993
531	51
531	123
531	570
531	793
531	854
531	918
531	925
532	201
532	262
532	657
532	684
532	833
532	898
532	906
533	350
533	360
533	449
533	539
533	600
533	875
533	956
534	11
534	204
534	648
534	884
534	921
534	927
534	976
535	625
535	715
535	749
535	886
535	920
535	924
535	926
536	774
536	787
536	838
536	863
536	925
536	961
536	999
537	300
537	832
537	931
537	943
537	952
537	981
537	999
538	599
538	747
538	851
538	852
538	870
538	878
538	888
539	533
539	716
539	721
539	800
539	839
539	893
539	974
540	502
540	645
540	717
540	796
540	810
540	846
540	876
541	378
541	567
541	755
541	797
541	819
541	907
541	988
542	761
542	805
542	847
542	852
542	876
542	912
542	925
542	1000
543	176
543	552
543	862
543	953
543	963
543	971
543	985
544	27
544	334
544	386
544	425
544	958
544	988
544	997
545	130
545	343
545	399
545	473
545	599
545	649
545	897
546	401
546	560
546	639
546	966
546	967
546	975
546	984
547	811
547	892
547	908
547	942
547	974
547	986
547	995
548	19
548	595
548	659
548	729
548	880
548	916
548	944
549	513
549	838
549	863
549	893
549	925
549	951
549	961
550	653
550	703
550	884
550	921
550	927
550	976
550	979
551	330
551	499
551	641
551	887
551	891
551	990
551	992
552	543
552	582
552	668
552	930
552	953
552	963
552	971
553	585
553	599
553	633
553	782
553	852
553	878
553	901
554	761
554	832
554	862
554	886
554	930
554	953
554	963
555	177
555	322
555	724
555	868
555	910
555	945
555	965
556	392
556	934
556	938
556	973
556	980
556	988
556	1000
557	194
557	463
557	592
557	898
557	946
557	982
557	985
557	996
558	170
558	664
558	768
558	801
558	804
558	904
558	994
559	431
559	667
559	910
559	945
559	961
559	965
559	982
560	74
560	295
560	546
560	573
560	802
560	918
560	975
560	984
561	205
561	250
561	291
561	732
561	760
561	796
561	851
561	901
562	466
562	622
562	793
562	834
562	869
562	919
562	940
562	997
563	263
563	344
563	430
563	598
563	601
563	736
563	793
563	821
564	143
564	602
564	634
564	720
564	845
564	860
564	863
564	912
565	68
565	81
565	291
565	841
565	922
565	961
565	970
565	984
565	999
566	810
566	830
566	841
566	913
566	955
566	987
566	996
566	998
567	458
567	541
567	593
567	755
567	819
567	944
567	959
567	988
568	115
568	151
568	828
568	890
568	914
568	915
568	949
568	952
569	100
569	475
569	524
569	735
569	757
569	923
569	987
570	51
570	123
570	158
570	244
570	363
570	531
570	854
570	910
571	34
571	109
571	119
571	349
571	460
571	627
571	660
571	758
572	205
572	732
572	856
572	896
572	900
572	974
572	986
572	995
573	330
573	560
573	618
573	778
573	795
573	900
573	972
573	997
574	318
574	665
574	675
574	852
574	893
574	923
574	956
574	983
574	985
575	369
575	519
575	529
575	782
575	847
575	877
576	80
576	278
576	315
576	423
576	684
576	807
576	816
576	991
577	103
577	276
577	450
577	612
577	654
577	875
577	886
577	956
578	7
578	116
578	136
578	359
578	802
578	904
578	929
579	323
579	517
579	750
579	753
579	780
579	861
579	876
580	691
580	762
580	821
580	843
580	899
580	911
580	966
580	977
581	272
581	453
581	636
581	666
581	821
581	927
581	939
581	965
582	302
582	499
582	552
582	605
582	686
582	932
582	952
582	988
583	241
583	769
583	795
583	854
583	872
583	967
583	972
583	975
584	757
584	783
584	792
584	797
584	824
584	833
584	837
584	857
585	301
585	362
585	553
585	604
585	633
585	747
585	870
585	935
586	341
586	414
586	745
586	764
586	794
586	823
586	873
586	962
587	861
587	951
587	964
587	968
587	969
587	978
587	985
587	994
588	45
588	242
588	365
588	391
588	603
588	703
588	775
588	938
589	414
589	526
589	767
589	789
589	808
589	827
589	960
589	970
590	234
590	281
590	703
590	805
590	880
590	894
590	938
590	986
590	989
591	411
591	673
591	941
591	946
591	948
591	970
591	983
591	997
592	61
592	64
592	557
592	792
592	855
592	895
592	907
592	922
593	30
593	567
593	681
593	715
593	755
593	819
593	928
593	985
594	399
594	783
594	791
594	792
594	797
594	824
594	857
594	870
595	127
595	438
595	454
595	548
595	632
595	666
595	729
595	880
596	651
596	710
596	817
596	883
596	911
596	938
596	966
596	977
597	395
597	622
597	627
597	891
597	933
597	964
597	990
597	992
598	81
598	284
598	410
598	430
598	563
598	601
598	662
598	991
599	538
599	545
599	553
599	828
599	852
599	878
599	897
599	936
600	449
600	470
600	533
600	612
600	808
600	815
600	875
600	956
601	258
601	263
601	410
601	563
601	598
601	709
601	793
601	836
602	130
602	564
602	614
602	635
602	720
602	912
602	918
602	952
603	374
603	588
603	667
603	710
603	775
603	780
603	812
603	886
604	113
604	355
604	585
604	611
604	660
604	741
604	905
604	990
605	302
605	434
605	499
605	582
605	714
605	744
605	753
605	932
606	59
606	208
606	936
606	941
606	946
606	948
606	983
606	997
607	608
607	644
607	700
607	754
607	850
607	909
607	959
607	992
608	607
608	700
608	788
608	798
608	850
608	909
608	959
608	983
609	913
609	920
609	955
609	964
609	987
609	996
609	998
609	1000
610	337
610	414
610	766
610	918
610	950
610	962
610	980
610	986
611	184
611	195
611	315
611	355
611	604
611	647
611	741
611	905
612	577
612	600
612	645
612	654
612	875
612	944
612	956
612	991
613	55
613	188
613	213
613	325
613	773
613	780
613	985
613	988
614	57
614	306
614	602
614	626
614	845
614	912
614	953
614	991
615	672
615	807
615	870
615	951
615	968
615	969
615	985
615	994
616	689
616	731
616	763
616	764
616	815
616	816
616	957
616	967
616	996
617	724
617	828
617	849
617	890
617	895
617	914
617	915
617	949
618	114
618	573
618	872
618	881
618	930
618	967
618	972
618	979
619	99
619	273
619	351
619	422
619	497
619	722
619	923
619	1000
620	353
620	763
620	832
620	862
620	878
620	953
620	963
620	971
621	478
621	674
621	688
621	738
621	837
621	883
621	939
621	957
622	562
622	597
622	848
622	864
622	865
622	950
622	964
622	990
622	992
623	640
623	705
623	852
623	870
623	897
623	950
623	963
623	970
623	981
624	240
624	509
624	650
624	708
624	731
624	733
624	758
624	873
624	930
625	157
625	450
625	535
625	718
625	752
625	920
625	924
625	926
625	928
626	159
626	234
626	299
626	344
626	354
626	614
626	630
626	967
626	991
627	571
627	597
627	693
627	734
627	796
627	884
627	921
627	927
627	976
628	8
628	509
628	642
628	650
628	708
628	724
628	731
628	942
628	943
629	433
629	801
629	830
629	892
629	903
629	974
629	979
629	995
629	996
630	626
630	858
630	859
630	862
630	870
630	922
630	959
630	962
630	993
630	997
631	268
631	515
631	530
631	710
631	745
631	861
631	958
631	961
631	984
632	323
632	409
632	595
632	763
632	833
632	862
632	930
632	963
632	971
633	26
633	153
633	373
633	553
633	585
633	878
633	897
633	935
633	984
634	198
634	520
634	564
634	889
634	956
634	958
634	962
634	969
634	984
635	602
635	742
635	746
635	823
635	898
635	909
635	953
635	982
635	985
635	989
636	12
636	581
636	824
636	893
636	932
636	948
636	962
636	974
636	982
637	202
637	342
637	740
637	815
637	866
637	869
637	895
637	920
637	940
638	201
638	400
638	880
638	890
638	895
638	940
638	968
638	988
638	996
638	999
639	413
639	546
639	709
639	839
639	858
639	864
639	919
639	975
639	984
640	84
640	623
640	681
640	745
640	750
640	760
640	768
640	894
640	944
641	287
641	324
641	505
641	551
641	663
641	675
641	692
641	790
641	859
642	372
642	420
642	628
642	650
642	669
642	708
642	731
642	742
642	956
643	6
643	90
643	205
643	239
643	418
643	761
643	820
643	915
643	982
644	472
644	607
644	700
644	767
644	788
644	850
644	909
644	950
644	959
645	321
645	464
645	470
645	540
645	612
645	692
645	785
645	875
645	956
646	108
646	520
646	660
646	907
646	940
646	960
646	970
646	976
646	984
647	184
647	377
647	611
647	707
647	708
647	741
647	905
647	918
647	986
648	518
648	534
648	653
648	844
648	884
648	893
648	921
648	927
648	976
649	16
649	160
649	545
649	812
649	910
649	929
649	945
649	965
649	982
650	42
650	624
650	628
650	642
650	708
650	731
650	733
650	809
650	917
651	596
651	817
651	840
651	899
651	924
651	952
651	966
651	977
651	985
652	129
652	731
652	809
652	892
652	896
652	903
652	974
652	986
652	995
653	492
653	550
653	648
653	693
653	856
653	884
653	921
653	927
653	976
654	276
654	457
654	503
654	577
654	612
654	779
654	875
654	917
654	956
655	180
655	732
655	866
655	880
655	915
655	953
655	956
655	966
655	976
655	980
656	191
656	347
656	813
656	840
656	843
656	911
656	966
656	977
656	998
657	315
657	387
657	423
657	532
657	816
657	911
657	958
657	964
657	991
658	140
658	524
658	696
658	738
658	764
658	808
658	883
658	939
658	957
659	298
659	434
659	457
659	512
659	548
659	687
659	852
659	897
659	923
660	286
660	571
660	604
660	646
660	685
660	690
660	707
660	905
660	985
661	197
661	451
661	676
661	682
661	891
661	963
661	964
661	990
661	992
662	125
662	598
662	771
662	891
662	933
662	943
662	964
662	990
662	992
663	132
663	214
663	456
663	505
663	641
663	692
663	734
663	831
663	932
664	504
664	558
664	768
664	796
664	804
664	810
664	857
664	869
664	931
665	188
665	282
665	325
665	574
665	714
665	873
665	947
665	969
665	992
666	190
666	210
666	581
666	595
666	826
666	829
666	858
666	873
666	947
667	309
667	370
667	559
667	603
667	808
667	910
667	963
667	965
667	982
668	296
668	552
668	736
668	813
668	817
668	840
668	872
668	911
668	966
668	977
669	642
669	716
669	721
669	800
669	839
669	893
669	968
669	990
670	75
670	279
670	303
670	310
670	441
670	529
670	855
670	895
670	917
670	922
671	754
671	763
671	832
671	862
671	863
671	930
671	938
671	953
671	963
671	971
672	615
672	840
672	931
672	943
672	944
672	952
672	953
672	954
672	981
672	999
673	591
673	680
673	742
673	931
673	943
673	944
673	952
673	954
673	981
673	999
674	621
674	825
674	853
674	874
674	934
674	938
674	973
674	980
674	985
674	1000
675	107
675	124
675	378
675	456
675	574
675	641
675	692
675	790
675	866
675	868
676	88
676	661
676	699
676	841
676	848
676	933
676	964
676	985
676	990
676	992
677	56
677	105
677	148
677	413
677	431
677	445
677	478
677	679
677	974
677	996
678	70
678	149
678	161
678	326
678	405
678	697
678	785
678	882
678	894
678	987
679	105
679	145
679	270
679	381
679	411
679	431
679	445
679	677
679	864
679	974
680	423
680	673
680	901
680	936
680	941
680	946
680	948
680	966
680	983
680	997
681	297
681	312
681	421
681	459
681	490
681	593
681	640
681	689
681	718
681	820
682	53
682	441
682	661
682	891
682	926
682	933
682	964
682	987
682	990
682	992
683	530
683	795
683	901
683	936
683	941
683	946
683	948
683	963
683	983
683	997
684	10
684	11
684	164
684	278
684	532
684	576
684	735
684	743
684	833
684	898
685	184
685	286
685	461
685	507
685	660
685	707
685	741
685	837
685	847
685	905
686	103
686	253
686	268
686	311
686	499
686	582
686	714
686	932
686	961
686	987
687	516
687	659
687	697
687	701
687	777
687	785
687	878
687	882
687	894
687	917
688	198
688	524
688	621
688	696
688	739
688	837
688	850
688	883
688	939
688	957
689	248
689	297
689	312
689	421
689	490
689	616
689	681
689	718
689	886
689	918
690	660
690	743
690	803
690	832
690	886
690	890
690	914
690	915
690	949
690	996
691	23
691	258
691	580
691	737
691	813
691	874
691	899
691	911
691	966
691	977
692	132
692	175
692	214
692	641
692	645
692	663
692	675
692	790
692	866
692	935
693	627
693	653
693	705
693	734
693	749
693	884
693	921
693	927
693	976
693	993
694	508
694	527
694	778
694	848
694	865
694	933
694	964
694	984
694	990
694	992
695	842
695	931
695	937
695	943
695	944
695	952
695	954
695	974
695	981
695	999
696	98
696	164
696	658
696	688
696	837
696	883
696	939
696	957
696	987
696	999
697	405
697	516
697	678
697	687
697	701
697	866
697	873
697	882
697	894
697	946
698	437
698	739
698	816
698	905
698	956
698	959
698	970
698	979
698	999
698	1000
699	223
699	488
699	511
699	676
699	727
699	765
699	798
699	837
699	908
699	989
700	174
700	607
700	608
700	644
700	711
700	788
700	850
700	909
700	923
700	959
701	40
701	224
701	687
701	697
701	772
701	785
701	882
701	892
701	894
701	941
702	848
702	853
702	874
702	934
702	938
702	964
702	965
702	973
702	980
702	1000
703	365
703	391
703	483
703	550
703	588
703	590
703	710
703	775
703	786
703	960
704	257
704	726
704	746
704	762
704	807
704	903
704	921
705	298
705	399
705	435
705	517
705	623
705	693
705	747
705	870
705	935
705	996
706	71
706	769
706	845
706	951
706	968
706	969
706	978
706	985
706	994
707	288
707	377
707	647
707	660
707	685
707	793
707	819
707	827
707	905
707	972
708	509
708	624
708	628
708	642
708	647
708	650
708	731
708	733
708	742
708	840
709	129
709	195
709	413
709	491
709	601
709	639
709	975
709	984
709	988
709	997
710	242
710	374
710	416
710	596
710	603
710	631
710	703
710	775
710	842
710	977
711	124
711	700
711	779
711	853
711	874
711	925
711	934
711	938
711	973
711	980
711	1000
712	234
712	246
712	427
712	442
712	933
712	949
712	957
712	972
712	978
712	990
712	1000
713	379
713	469
713	719
713	730
713	822
713	904
713	912
713	931
713	959
713	982
713	989
714	79
714	253
714	268
714	302
714	605
714	665
714	686
714	932
714	980
714	988
714	998
715	506
715	535
715	593
715	755
715	898
715	950
715	951
715	959
715	979
715	986
715	1000
716	161
716	267
716	479
716	539
716	669
716	721
716	800
716	839
716	893
716	964
717	128
717	366
717	540
717	796
717	801
717	804
717	846
717	854
717	874
717	912
717	945
718	297
718	312
718	421
718	429
718	490
718	625
718	681
718	689
718	826
718	849
718	886
719	2
719	83
719	165
719	189
719	221
719	428
719	503
719	520
719	713
719	894
719	953
720	394
720	403
720	516
720	564
720	602
720	845
720	877
720	885
720	912
720	918
720	950
721	528
721	539
721	669
721	716
721	800
721	839
721	893
721	912
721	970
722	99
722	163
722	224
722	273
722	351
722	422
722	497
722	515
722	619
722	813
722	967
723	206
723	266
723	745
723	847
723	856
723	882
723	941
723	943
723	949
723	958
723	996
724	555
724	617
724	628
724	779
724	853
724	874
724	934
724	938
724	973
724	980
724	1000
725	147
725	319
725	785
725	787
725	872
725	959
725	961
725	965
725	989
725	993
725	995
726	704
726	746
726	762
726	807
726	848
726	966
726	992
727	394
727	488
727	699
727	736
727	798
727	822
727	844
727	908
727	965
727	989
727	993
728	155
728	504
728	762
728	790
728	898
728	927
728	932
728	948
728	972
728	983
728	993
729	5
729	91
729	96
729	127
729	438
729	454
729	496
729	548
729	595
729	880
729	957
730	1
730	168
730	182
730	215
730	388
730	713
730	853
730	859
730	870
730	889
730	955
731	4
731	43
731	616
731	624
731	628
731	642
731	650
731	652
731	708
731	733
731	742
732	103
732	173
732	250
732	291
732	319
732	561
732	572
732	655
732	760
732	851
732	909
733	240
733	258
733	372
733	509
733	624
733	650
733	708
733	731
733	742
733	763
733	944
734	66
734	393
734	627
734	663
734	693
734	884
734	921
734	922
734	927
734	947
734	976
735	59
735	120
735	437
735	475
735	569
735	684
735	757
735	923
735	926
735	957
735	995
736	243
736	361
736	563
736	668
736	727
736	769
736	798
736	844
736	908
736	989
736	994
737	691
737	817
737	840
737	843
737	871
737	899
737	911
737	918
737	966
737	977
737	995
738	461
738	498
738	621
738	658
738	837
738	875
738	883
738	889
738	936
738	939
738	957
739	35
739	118
739	131
739	359
739	383
739	507
739	688
739	698
739	792
739	799
739	917
740	395
740	637
740	781
740	823
740	840
740	869
740	929
740	940
740	968
740	991
740	1000
741	154
741	355
741	367
741	507
741	604
741	611
741	647
741	685
741	860
741	890
741	905
742	81
742	240
742	372
742	509
742	635
742	642
742	673
742	708
742	731
742	733
742	976
743	426
743	684
743	690
743	819
743	828
743	849
743	890
743	914
743	915
743	937
743	949
744	605
744	754
744	776
744	864
744	902
744	907
744	937
744	956
744	979
744	993
745	51
745	204
745	586
745	631
745	640
745	723
745	766
745	806
745	867
745	889
745	918
745	962
746	115
746	381
746	635
746	704
746	726
746	762
746	807
746	841
746	867
746	899
746	929
746	947
747	29
747	167
747	502
747	517
747	538
747	585
747	705
747	861
747	870
747	878
747	917
747	921
748	258
748	853
748	874
748	934
748	938
748	956
748	958
748	973
748	980
748	984
748	1000
749	68
749	72
749	320
749	396
749	535
749	693
749	920
749	924
749	926
749	962
749	975
749	988
750	237
750	347
750	370
750	579
750	640
750	753
750	779
750	861
750	876
750	881
750	988
750	994
751	238
751	265
751	307
751	330
751	778
751	795
751	853
751	872
751	897
751	949
751	969
751	972
752	479
752	625
752	835
752	836
752	951
752	968
752	969
752	976
752	978
752	985
752	986
752	994
753	173
753	212
753	340
753	527
753	579
753	605
753	750
753	861
753	863
753	876
753	920
753	988
754	285
754	607
754	671
754	744
754	776
754	864
754	902
754	937
754	979
754	993
755	328
755	353
755	440
755	446
755	458
755	541
755	567
755	593
755	715
755	819
755	928
755	967
756	244
756	309
756	403
756	420
756	812
756	868
756	869
756	910
756	945
756	965
756	975
756	982
757	59
757	100
757	120
757	437
757	475
757	569
757	584
757	735
757	868
757	917
757	923
757	935
758	12
758	34
758	109
758	119
758	143
758	349
758	439
758	442
758	571
758	624
758	948
758	979
759	794
759	836
759	870
759	896
759	943
759	951
759	968
759	969
759	978
759	985
759	989
759	994
760	125
760	222
760	250
760	291
760	319
760	561
760	640
760	732
760	851
760	924
760	960
760	998
761	6
761	90
761	151
761	160
761	230
761	231
761	418
761	476
761	542
761	554
761	643
761	820
762	580
762	704
762	726
762	728
762	746
762	797
762	807
762	929
762	947
762	996
763	476
763	616
763	620
763	632
763	671
763	733
763	862
763	913
763	930
763	953
763	963
763	971
764	166
764	209
764	414
764	441
764	481
764	509
764	586
764	616
764	658
764	766
764	820
764	887
765	155
765	361
765	485
765	491
765	511
765	699
765	800
765	822
765	884
765	907
765	908
765	989
766	250
766	305
766	471
766	481
766	610
766	745
766	764
766	771
766	813
766	873
766	928
766	962
767	49
767	271
767	589
767	644
767	789
767	827
767	829
767	834
767	910
767	960
767	968
767	970
768	128
768	132
768	558
768	640
768	664
768	796
768	801
768	804
768	810
768	846
768	885
768	916
769	241
769	447
769	492
769	583
769	706
769	736
769	778
769	865
769	929
769	967
769	972
769	977
770	329
770	804
770	814
770	869
770	915
770	967
770	974
770	975
770	976
770	984
770	994
770	995
771	420
771	662
771	766
771	821
771	841
771	848
771	929
771	933
771	937
771	964
771	990
771	992
772	202
772	701
772	835
772	836
772	908
772	932
772	951
772	968
772	969
772	978
772	985
772	994
773	408
773	445
773	521
773	613
773	814
773	861
773	948
773	959
773	964
773	972
773	973
773	983
773	990
774	276
774	536
774	838
774	863
774	887
774	925
774	946
774	950
774	961
775	242
775	324
775	365
775	511
775	512
775	588
775	603
775	703
775	710
775	778
775	780
775	917
775	999
776	221
776	744
776	754
776	835
776	864
776	902
776	924
776	937
776	949
776	979
776	993
777	329
777	687
777	888
777	901
777	934
777	936
777	941
777	946
777	948
777	974
777	983
777	997
778	494
778	573
778	694
778	751
778	769
778	775
778	795
778	872
778	919
778	927
778	929
778	967
778	972
779	654
779	711
779	724
779	750
779	853
779	874
779	934
779	938
779	973
779	980
779	986
779	994
779	1000
780	50
780	284
780	330
780	494
780	579
780	603
780	613
780	775
780	851
780	939
780	945
780	962
780	966
780	967
780	983
781	169
781	267
781	292
781	456
781	512
781	740
781	823
781	869
781	886
781	919
781	940
781	950
781	958
782	7
782	102
782	219
782	262
782	369
782	439
782	553
782	575
782	847
782	877
782	955
783	218
783	248
783	510
783	584
783	594
783	791
783	792
783	797
783	824
783	857
783	885
783	906
783	939
784	794
784	835
784	836
784	882
784	890
784	909
784	915
784	951
784	968
784	969
784	978
784	985
784	994
785	9
785	31
785	70
785	298
785	645
785	678
785	687
785	701
785	725
785	859
785	882
785	885
785	894
786	50
786	113
786	264
786	451
786	703
786	917
786	925
786	940
786	961
786	967
786	970
786	977
786	993
787	219
787	536
787	725
787	825
787	871
787	924
787	931
787	943
787	944
787	952
787	954
787	981
787	999
788	69
788	76
788	465
788	472
788	608
788	644
788	700
788	850
788	887
788	905
788	909
788	921
788	959
789	1
789	332
789	430
789	526
789	528
789	589
789	767
789	827
789	834
789	886
789	960
789	970
789	988
790	18
790	26
790	124
790	400
790	456
790	505
790	641
790	675
790	692
790	728
790	798
790	856
790	966
791	112
791	262
791	594
791	783
791	792
791	797
791	824
791	837
791	857
791	914
791	918
792	93
792	510
792	530
792	584
792	592
792	594
792	739
792	783
792	791
792	797
792	824
792	857
792	948
793	305
793	417
793	531
793	562
793	563
793	601
793	707
793	850
793	890
793	970
793	974
793	976
793	987
794	468
794	586
794	759
794	784
794	835
794	951
794	958
794	967
794	968
794	969
794	978
794	985
794	994
795	114
795	238
795	492
795	573
795	583
795	683
795	751
795	778
795	872
795	967
795	972
795	975
795	977
796	540
796	561
796	627
796	664
796	717
796	768
796	801
796	804
796	810
796	846
796	950
796	993
796	999
797	223
797	510
797	541
797	584
797	594
797	762
797	783
797	791
797	792
797	824
797	839
797	857
797	885
798	343
798	488
798	608
798	699
798	727
798	736
798	790
798	802
798	844
798	860
798	908
798	928
798	989
799	35
799	43
799	131
799	217
799	239
799	251
799	427
799	455
799	463
799	739
799	904
799	917
799	1000
800	5
800	28
800	229
800	479
800	539
800	669
800	716
800	721
800	765
800	839
800	893
800	896
800	935
801	76
801	122
801	504
801	558
801	629
801	717
801	768
801	796
801	804
801	810
801	846
801	902
801	961
802	27
802	116
802	136
802	324
802	359
802	389
802	560
802	578
802	798
802	881
802	904
802	918
802	929
803	185
803	350
803	444
803	690
803	806
803	828
803	849
803	890
803	914
803	915
803	946
803	949
803	966
804	509
804	558
804	664
804	717
804	768
804	770
804	796
804	801
804	810
804	897
804	907
804	950
804	959
804	962
805	71
805	137
805	264
805	318
805	345
805	440
805	444
805	471
805	542
805	590
805	806
805	866
805	878
805	962
806	227
806	265
806	446
806	508
806	745
806	803
806	805
806	819
806	896
806	941
806	972
806	983
806	992
806	998
807	173
807	199
807	261
807	441
807	576
807	615
807	704
807	726
807	746
807	762
807	867
807	929
807	947
807	948
808	589
808	600
808	658
808	667
808	818
808	865
808	879
808	906
808	913
808	916
808	955
808	987
808	996
808	998
809	31
809	67
809	278
809	338
809	650
809	652
809	856
809	892
809	896
809	900
809	903
809	942
809	974
809	995
810	74
810	76
810	128
810	366
810	540
810	566
810	664
810	768
810	796
810	801
810	804
810	846
810	968
810	992
811	214
811	369
811	416
811	547
811	825
811	871
811	919
811	931
811	943
811	944
811	952
811	954
811	981
811	999
812	287
812	309
812	384
812	603
812	649
812	756
812	868
812	908
812	910
812	945
812	965
812	972
812	982
812	996
813	409
813	521
813	656
813	668
813	691
813	722
813	766
813	817
813	843
813	899
813	911
813	966
813	977
813	986
814	52
814	126
814	134
814	147
814	194
814	311
814	338
814	410
814	770
814	773
814	816
814	867
814	982
814	983
815	169
815	267
815	321
815	352
815	466
815	600
815	616
815	637
815	823
815	829
815	859
815	940
815	950
815	958
816	108
816	237
816	422
816	482
816	576
816	616
816	657
816	698
816	814
816	833
816	898
816	917
816	918
816	925
817	502
817	523
817	596
817	651
817	668
817	737
817	813
817	843
817	899
817	911
817	914
817	927
817	966
817	976
818	808
818	852
818	855
818	879
818	906
818	913
818	916
818	947
818	955
818	978
818	987
818	996
818	998
819	30
819	41
819	378
819	427
819	446
819	541
819	567
819	593
819	707
819	743
819	755
819	806
819	858
819	988
819	999
820	156
820	341
820	476
820	643
820	681
820	761
820	764
820	876
820	909
820	935
820	969
820	970
820	979
820	993
820	994
821	421
821	563
821	580
821	581
821	771
821	851
821	858
821	925
821	955
821	959
821	961
821	970
821	989
821	992
821	993
822	14
822	66
822	243
822	256
822	461
822	485
822	511
822	713
822	727
822	765
822	844
822	908
822	978
822	980
822	989
823	121
823	138
823	267
823	352
823	395
823	466
823	586
823	635
823	740
823	781
823	815
823	869
823	887
823	940
823	999
824	112
824	265
824	510
824	584
824	594
824	636
824	783
824	791
824	792
824	797
824	842
824	857
824	859
824	938
824	984
825	127
825	412
825	674
825	787
825	811
825	871
825	931
825	943
825	944
825	952
825	954
825	981
825	996
825	999
826	449
826	481
826	666
826	718
826	828
826	940
826	943
826	962
826	969
826	976
826	981
826	983
826	994
826	997
826	998
827	82
827	332
827	376
827	469
827	495
827	512
827	528
827	589
827	707
827	767
827	789
827	834
827	960
827	970
827	979
828	356
828	513
828	568
828	599
828	617
828	743
828	803
828	826
828	849
828	890
828	914
828	915
828	949
828	950
828	989
829	29
829	50
829	82
829	166
829	190
829	248
829	453
829	505
829	666
829	767
829	815
829	840
829	858
829	922
829	947
830	30
830	455
830	566
830	629
830	856
830	892
830	896
830	900
830	903
830	942
830	945
830	947
830	954
830	974
830	995
831	167
831	289
831	363
831	493
831	663
831	870
831	900
831	908
831	926
831	949
831	957
831	975
831	981
831	986
831	999
832	97
832	274
832	409
832	537
832	554
832	620
832	671
832	690
832	862
832	885
832	930
832	953
832	963
832	971
832	988
833	237
833	315
833	387
833	423
833	489
833	532
833	584
833	632
833	684
833	816
833	887
833	898
833	949
833	957
833	991
834	37
834	186
834	280
834	376
834	469
834	495
834	526
834	562
834	767
834	789
834	827
834	858
834	954
834	960
834	970
834	979
835	752
835	772
835	776
835	784
835	794
835	836
835	838
835	857
835	873
835	951
835	967
835	968
835	969
835	978
835	985
835	994
836	17
836	159
836	401
836	601
836	752
836	759
836	772
836	784
836	835
836	877
836	951
836	968
836	969
836	978
836	985
836	994
837	104
837	444
837	498
837	508
837	524
837	584
837	621
837	685
837	688
837	696
837	699
837	738
837	791
837	883
837	939
837	957
838	13
838	402
838	415
838	463
838	480
838	536
838	549
838	774
838	835
838	863
838	925
838	961
838	972
838	995
838	998
839	28
839	138
839	189
839	229
839	479
839	539
839	639
839	669
839	716
839	721
839	797
839	800
839	893
840	296
840	523
840	651
840	656
840	668
840	672
840	708
840	737
840	740
840	829
840	843
840	899
840	911
840	966
840	975
840	977
841	380
841	443
841	501
841	565
841	566
841	676
841	746
841	771
841	865
841	891
841	950
841	958
841	963
841	964
841	990
841	992
842	43
842	94
842	482
842	695
842	710
842	824
842	844
842	847
842	861
842	877
842	923
842	952
842	969
842	989
842	994
842	1000
843	389
843	521
843	580
843	656
843	737
843	813
843	817
843	840
843	860
843	868
843	891
843	899
843	911
843	958
843	966
843	977
844	117
844	155
844	256
844	348
844	397
844	648
844	727
844	736
844	798
844	822
844	842
844	885
844	908
844	928
844	958
844	989
844	995
845	159
845	234
845	380
845	394
845	403
845	485
845	494
845	564
845	614
845	706
845	720
845	860
845	891
845	912
845	919
845	966
845	991
846	8
846	76
846	366
846	504
846	540
846	717
846	768
846	796
846	801
846	810
846	854
846	919
846	936
846	942
846	950
846	972
846	994
847	7
847	102
847	219
847	262
847	314
847	353
847	369
847	542
847	575
847	685
847	723
847	782
847	842
847	877
847	885
847	963
847	969
848	261
848	335
848	400
848	622
848	676
848	694
848	702
848	726
848	771
848	865
848	891
848	896
848	933
848	949
848	964
848	990
848	992
849	336
849	371
849	398
849	617
849	718
849	743
849	803
849	828
849	873
849	890
849	914
849	915
849	949
849	959
849	961
849	963
849	985
850	154
850	173
850	316
850	326
850	465
850	472
850	607
850	608
850	644
850	688
850	700
850	788
850	793
850	909
850	951
850	959
850	989
851	94
851	125
851	250
851	291
851	319
851	325
851	351
851	486
851	538
851	561
851	732
851	760
851	780
851	821
851	854
851	942
851	980
852	73
852	328
852	343
852	399
852	464
852	518
852	538
852	542
852	553
852	574
852	599
852	623
852	659
852	818
852	890
852	897
852	935
853	475
853	525
853	674
853	702
853	711
853	724
853	730
853	748
853	751
853	779
853	874
853	930
853	934
853	938
853	973
853	980
853	1000
854	40
854	432
854	531
854	570
854	583
854	717
854	846
854	851
854	855
854	858
854	907
854	915
854	932
854	943
854	983
854	995
854	998
855	47
855	65
855	247
855	249
855	308
855	310
855	592
855	670
855	818
855	854
855	873
855	895
855	907
855	922
855	962
855	972
855	991
856	93
856	196
856	255
856	333
856	572
856	653
856	723
856	790
856	809
856	830
856	892
856	896
856	900
856	942
856	974
856	986
856	995
857	93
857	112
857	207
857	217
857	239
857	387
857	510
857	584
857	594
857	664
857	783
857	791
857	792
857	797
857	824
857	835
857	941
858	27
858	29
858	82
858	190
858	353
858	412
858	453
858	463
858	630
858	639
858	666
858	819
858	821
858	829
858	834
858	854
858	959
859	1
859	4
859	142
859	162
859	168
859	182
859	388
859	630
859	641
859	730
859	785
859	815
859	824
859	866
859	885
859	889
859	909
860	490
860	564
860	741
860	798
860	843
860	845
860	917
860	930
860	933
860	941
860	964
860	969
860	971
860	980
860	989
860	997
860	1000
861	56
861	73
861	145
861	212
861	340
861	347
861	579
861	587
861	631
861	747
861	750
861	753
861	773
861	842
861	876
861	901
861	931
861	988
862	323
862	379
862	543
862	554
862	620
862	630
862	632
862	671
862	763
862	832
862	873
862	882
862	930
862	953
862	963
862	971
862	987
862	1000
863	42
863	175
863	285
863	402
863	415
863	480
863	536
863	549
863	564
863	671
863	753
863	774
863	838
863	925
863	942
863	961
863	989
863	993
864	266
864	355
864	408
864	622
864	639
864	679
864	744
864	754
864	776
864	902
864	937
864	979
864	993
864	994
865	335
865	495
865	501
865	527
865	622
865	694
865	769
865	808
865	841
865	848
865	891
865	918
865	923
865	933
865	964
865	985
865	990
865	992
866	218
866	394
866	637
866	655
866	675
866	692
866	697
866	805
866	859
866	889
866	912
866	924
866	926
866	934
866	940
866	941
866	951
866	985
867	437
867	497
867	745
867	746
867	807
867	814
867	912
867	914
867	924
867	931
867	951
867	962
867	983
867	989
867	991
867	992
867	997
868	303
868	309
868	329
868	370
868	420
868	555
868	675
868	756
868	757
868	812
868	843
868	898
868	910
868	945
868	948
868	965
868	982
868	991
869	69
869	202
869	226
869	352
869	562
869	637
869	664
869	740
869	756
869	770
869	781
869	823
869	885
869	929
869	931
869	940
869	951
869	957
870	48
870	130
870	416
870	519
870	538
870	585
870	594
870	615
870	623
870	630
870	705
870	730
870	747
870	759
870	831
870	878
870	887
870	897
870	935
871	435
871	737
871	787
871	811
871	825
871	875
871	925
871	930
871	931
871	943
871	944
871	952
871	954
871	981
871	990
871	999
872	238
872	307
872	339
872	413
872	447
872	492
872	583
872	618
872	668
872	725
872	751
872	778
872	795
872	933
872	957
872	967
872	972
872	975
872	994
873	75
873	134
873	390
873	463
873	586
873	624
873	665
873	666
873	697
873	766
873	835
873	849
873	855
873	862
873	915
873	960
873	977
873	979
873	993
874	255
874	422
874	428
874	674
874	691
874	702
874	711
874	717
874	724
874	748
874	779
874	853
874	896
874	934
874	938
874	973
874	977
874	980
874	1000
875	128
875	212
875	218
875	276
875	328
875	360
875	449
875	464
875	533
875	577
875	600
875	612
875	645
875	654
875	738
875	871
875	892
875	928
875	956
876	212
876	230
876	322
876	340
876	347
876	358
876	478
876	513
876	540
876	542
876	579
876	750
876	753
876	820
876	861
876	925
876	931
876	988
876	989
877	7
877	33
877	67
877	102
877	133
877	211
877	219
877	239
877	262
877	281
877	369
877	462
877	575
877	720
877	782
877	836
877	842
877	847
877	881
878	48
878	373
878	434
878	502
878	538
878	553
878	599
878	620
878	633
878	687
878	747
878	805
878	870
878	897
878	935
878	950
878	957
878	997
878	999
879	286
879	398
879	808
879	818
879	881
879	903
879	906
879	913
879	916
879	929
879	953
879	955
879	987
879	996
879	998
880	5
880	19
880	81
880	91
880	127
880	207
880	242
880	281
880	418
880	438
880	454
880	496
880	548
880	590
880	595
880	638
880	655
880	729
880	999
881	333
881	459
881	493
881	618
881	750
881	802
881	877
881	879
881	904
881	923
881	928
881	933
881	965
881	967
881	971
881	973
881	976
881	982
881	992
882	9
882	70
882	224
882	254
882	405
882	516
882	523
882	678
882	687
882	697
882	701
882	723
882	784
882	785
882	862
882	883
882	894
882	960
882	978
883	63
883	274
883	331
883	347
883	357
883	443
883	461
883	498
883	596
883	621
883	658
883	688
883	696
883	738
883	837
883	882
883	919
883	939
883	957
884	393
884	467
884	483
884	506
884	534
884	550
884	627
884	648
884	653
884	693
884	734
884	765
884	921
884	927
884	956
884	959
884	976
884	988
884	991
885	52
885	317
885	388
885	443
885	494
885	720
885	768
885	783
885	785
885	797
885	832
885	844
885	847
885	859
885	869
885	909
885	930
885	940
885	959
886	293
886	374
886	400
886	498
886	535
886	554
886	577
886	603
886	689
886	690
886	718
886	781
886	789
886	928
886	933
886	940
886	949
886	962
886	975
886	984
887	273
887	321
887	352
887	482
887	551
887	764
887	774
887	788
887	823
887	833
887	870
887	923
887	935
887	956
887	966
887	973
887	977
887	992
887	997
887	1000
888	293
888	343
888	538
888	777
888	901
888	912
888	936
888	941
888	946
888	947
888	948
888	953
888	983
888	997
889	1
889	4
889	14
889	142
889	162
889	168
889	182
889	310
889	324
889	388
889	486
889	513
889	634
889	730
889	738
889	745
889	859
889	866
889	968
889	974
890	21
890	336
890	398
890	568
890	617
890	638
890	690
890	741
890	743
890	784
890	793
890	803
890	828
890	849
890	852
890	914
890	915
890	949
890	950
890	983
891	95
891	199
891	261
891	527
891	551
891	597
891	661
891	662
891	682
891	841
891	843
891	845
891	848
891	865
891	925
891	933
891	964
891	990
891	992
891	997
892	174
892	249
892	455
892	477
892	547
892	629
892	652
892	701
892	809
892	830
892	856
892	875
892	896
892	903
892	935
892	942
892	974
892	977
892	986
892	995
893	28
893	67
893	150
893	229
893	247
893	260
893	467
893	479
893	522
893	539
893	549
893	574
893	636
893	648
893	669
893	716
893	721
893	800
893	839
893	900
894	9
894	31
894	40
894	161
894	254
894	516
894	590
894	640
894	678
894	687
894	697
894	701
894	719
894	785
894	882
894	916
894	926
894	990
894	994
894	998
895	27
895	65
895	171
895	205
895	247
895	383
895	411
895	522
895	529
895	592
895	617
895	637
895	638
895	670
895	855
895	907
895	922
895	952
895	978
895	991
896	296
896	317
896	390
896	572
896	652
896	759
896	800
896	806
896	809
896	830
896	848
896	856
896	874
896	892
896	900
896	903
896	942
896	974
896	986
896	995
897	62
897	130
897	230
897	273
897	399
897	457
897	502
897	517
897	545
897	599
897	623
897	633
897	659
897	751
897	804
897	852
897	870
897	878
897	928
897	990
897	991
898	108
898	201
898	237
898	244
898	278
898	289
898	387
898	423
898	532
898	557
898	635
898	684
898	715
898	728
898	816
898	833
898	868
898	922
898	932
898	973
898	985
899	40
899	121
899	144
899	521
899	580
899	651
899	691
899	737
899	746
899	813
899	817
899	840
899	843
899	911
899	913
899	947
899	966
899	972
899	976
899	977
899	997
900	192
900	348
900	448
900	468
900	477
900	518
900	572
900	573
900	809
900	830
900	831
900	856
900	893
900	896
900	903
900	942
900	955
900	974
900	986
900	990
900	995
901	340
901	553
901	561
901	680
901	683
901	777
901	861
901	888
901	918
901	936
901	941
901	946
901	948
901	983
901	993
901	997
902	72
902	220
902	385
902	408
902	440
902	744
902	754
902	776
902	801
902	864
902	937
902	944
902	971
902	979
902	988
902	991
902	993
903	44
903	404
903	468
903	470
903	517
903	518
903	629
903	652
903	704
903	809
903	830
903	879
903	892
903	896
903	900
903	942
903	957
903	974
903	982
903	986
903	995
904	78
904	89
904	90
904	116
904	136
904	150
904	192
904	216
904	222
904	359
904	382
904	412
904	558
904	578
904	713
904	799
904	802
904	881
904	918
904	929
904	961
904	991
905	113
905	170
905	198
905	286
905	288
905	355
905	377
905	415
905	507
905	604
905	611
905	647
905	660
905	685
905	698
905	707
905	741
905	788
905	920
905	946
905	977
905	995
906	60
906	102
906	360
906	532
906	783
906	808
906	818
906	879
906	913
906	916
906	955
906	981
906	987
906	988
906	996
906	998
907	47
907	61
907	65
907	171
907	203
907	310
907	344
907	380
907	529
907	541
907	592
907	646
907	744
907	765
907	804
907	854
907	855
907	895
907	922
907	929
907	969
907	991
908	117
908	243
908	256
908	270
908	361
908	485
908	488
908	511
908	547
908	699
908	727
908	736
908	765
908	772
908	798
908	812
908	822
908	831
908	844
908	958
908	983
908	989
909	69
909	73
909	163
909	326
909	370
909	381
909	465
909	472
909	607
909	608
909	635
909	644
909	700
909	732
909	784
909	788
909	820
909	850
909	859
909	885
909	959
909	977
909	991
910	23
910	24
910	64
910	110
910	156
910	209
910	287
910	377
910	384
910	555
910	559
910	570
910	649
910	667
910	756
910	767
910	812
910	868
910	929
910	942
910	945
910	965
910	982
911	132
911	341
911	381
911	498
911	521
911	523
911	580
911	596
911	656
911	657
911	668
911	691
911	737
911	813
911	817
911	840
911	843
911	899
911	966
911	975
911	977
911	981
911	998
912	159
912	245
912	354
912	394
912	403
912	433
912	494
912	542
912	564
912	602
912	614
912	713
912	717
912	720
912	721
912	845
912	866
912	867
912	888
912	919
912	964
912	973
912	991
913	224
913	339
913	472
913	525
913	566
913	609
913	763
913	808
913	818
913	879
913	899
913	906
913	916
913	955
913	986
913	987
913	996
913	998
914	288
914	336
914	350
914	371
914	398
914	432
914	568
914	617
914	690
914	743
914	791
914	803
914	817
914	828
914	849
914	867
914	890
914	915
914	949
914	955
914	958
914	971
914	980
915	21
915	53
915	327
915	371
915	432
915	568
915	617
915	643
915	655
915	690
915	743
915	770
915	784
915	803
915	828
915	849
915	854
915	873
915	890
915	914
915	933
915	949
915	958
916	494
916	548
916	768
916	808
916	818
916	879
916	894
916	906
916	913
916	947
916	953
916	955
916	977
916	987
916	996
916	998
917	145
917	374
917	405
917	431
917	650
917	654
917	670
917	687
917	739
917	747
917	757
917	775
917	786
917	799
917	816
917	860
917	920
917	923
917	935
917	943
917	944
917	952
917	956
918	254
918	295
918	324
918	417
918	507
918	531
918	560
918	602
918	610
918	647
918	689
918	720
918	737
918	745
918	791
918	802
918	816
918	865
918	901
918	904
918	968
918	975
918	994
919	112
919	419
919	562
919	639
919	778
919	781
919	811
919	845
919	846
919	883
919	912
919	930
919	933
919	934
919	945
919	967
919	971
919	975
919	984
919	990
919	992
919	996
919	998
920	32
920	68
920	72
920	185
920	231
920	320
920	396
920	397
920	450
920	462
920	535
920	609
920	625
920	637
920	749
920	753
920	905
920	917
920	924
920	926
920	971
920	988
920	990
920	991
921	134
921	140
921	256
921	269
921	284
921	306
921	393
921	467
921	534
921	550
921	627
921	648
921	653
921	693
921	704
921	734
921	747
921	788
921	884
921	927
921	976
921	980
921	991
921	1000
922	19
922	26
922	47
922	61
922	75
922	171
922	203
922	247
922	338
922	354
922	529
922	565
922	592
922	630
922	670
922	734
922	829
922	855
922	895
922	898
922	907
922	950
922	954
922	991
923	8
923	59
923	67
923	100
923	120
923	151
923	271
923	280
923	344
923	412
923	437
923	475
923	569
923	574
923	619
923	659
923	700
923	735
923	757
923	842
923	865
923	881
923	887
923	917
924	32
924	68
924	157
924	185
924	231
924	310
924	320
924	396
924	450
924	462
924	490
924	535
924	625
924	651
924	749
924	760
924	776
924	787
924	866
924	867
924	920
924	926
924	929
924	930
924	988
925	13
925	42
925	100
925	175
925	285
925	402
925	415
925	480
925	531
925	536
925	542
925	549
925	711
925	774
925	786
925	816
925	821
925	838
925	863
925	871
925	876
925	891
925	961
925	967
926	32
926	157
926	185
926	231
926	269
926	320
926	396
926	397
926	438
926	450
926	462
926	535
926	625
926	682
926	735
926	749
926	831
926	866
926	894
926	920
926	924
926	929
926	940
926	957
926	988
926	994
927	66
927	140
927	167
927	204
927	269
927	284
927	306
927	393
927	467
927	534
927	550
927	581
927	627
927	648
927	653
927	693
927	728
927	734
927	778
927	817
927	884
927	921
927	949
927	971
927	976
927	991
928	131
928	385
928	446
928	491
928	506
928	593
928	625
928	755
928	766
928	798
928	844
928	875
928	881
928	886
928	897
928	950
928	952
928	956
928	962
928	975
928	983
928	984
928	989
928	993
928	996
928	998
929	323
929	442
929	530
929	578
929	649
929	740
929	746
929	762
929	769
929	771
929	778
929	802
929	807
929	869
929	879
929	904
929	907
929	910
929	924
929	926
929	956
929	967
929	975
929	984
929	990
929	992
929	995
930	323
930	334
930	436
930	447
930	451
930	459
930	474
930	476
930	512
930	552
930	554
930	618
930	624
930	632
930	671
930	763
930	832
930	853
930	860
930	862
930	871
930	885
930	919
930	924
930	953
930	963
930	971
931	15
931	34
931	252
931	356
931	411
931	519
931	537
931	664
931	672
931	673
931	695
931	713
931	787
931	811
931	825
931	861
931	867
931	869
931	871
931	876
931	940
931	943
931	944
931	952
931	954
931	981
931	999
932	79
932	87
932	103
932	125
932	253
932	268
932	292
932	302
932	308
932	374
932	482
932	499
932	512
932	530
932	582
932	605
932	636
932	663
932	686
932	714
932	728
932	772
932	854
932	898
932	939
932	972
932	988
933	137
933	200
933	264
933	305
933	335
933	384
933	501
933	527
933	597
933	662
933	676
933	682
933	694
933	712
933	771
933	848
933	860
933	865
933	872
933	881
933	886
933	891
933	915
933	919
933	964
933	990
933	992
934	91
934	203
934	283
934	360
934	383
934	424
934	428
934	429
934	436
934	500
934	556
934	674
934	702
934	711
934	724
934	748
934	777
934	779
934	853
934	866
934	874
934	919
934	938
934	973
934	978
934	980
934	992
934	1000
935	48
935	57
935	98
935	230
935	298
935	328
935	343
935	373
935	434
935	502
935	517
935	522
935	585
935	633
935	692
935	705
935	757
935	800
935	820
935	852
935	870
935	878
935	887
935	892
935	917
935	940
935	950
935	988
936	38
936	89
936	282
936	404
936	496
936	599
936	606
936	680
936	683
936	738
936	777
936	846
936	888
936	901
936	941
936	946
936	948
936	968
936	981
936	983
936	997
937	101
937	106
937	149
937	225
937	300
937	301
937	345
937	362
937	364
937	385
937	408
937	421
937	440
937	695
937	743
937	744
937	754
937	771
937	776
937	864
937	902
937	938
937	944
937	979
937	982
937	988
937	993
938	283
938	288
938	368
938	424
938	428
938	436
938	500
938	556
938	588
938	590
938	596
938	671
938	674
938	702
938	711
938	724
938	748
938	779
938	824
938	853
938	874
938	934
938	937
938	949
938	969
938	973
938	980
938	1000
939	63
939	104
939	115
939	164
939	210
939	274
939	324
939	357
939	461
939	498
939	508
939	524
939	581
939	621
939	658
939	688
939	696
939	738
939	780
939	783
939	837
939	883
939	932
939	957
939	966
939	981
939	998
939	999
940	169
940	226
940	267
940	395
940	457
940	466
940	473
940	562
940	637
940	638
940	646
940	740
940	781
940	786
940	815
940	823
940	826
940	866
940	869
940	885
940	886
940	926
940	931
940	935
940	948
940	973
940	991
940	997
941	33
941	60
941	92
941	111
941	299
941	342
941	453
941	520
941	591
941	606
941	680
941	683
941	701
941	723
941	777
941	806
941	857
941	860
941	866
941	888
941	901
941	936
941	946
941	948
941	965
941	983
941	997
941	1000
942	27
942	196
942	208
942	313
942	333
942	404
942	412
942	448
942	468
942	547
942	628
942	809
942	830
942	846
942	851
942	856
942	863
942	892
942	896
942	900
942	903
942	910
942	954
942	962
942	974
942	986
942	990
942	995
942	999
943	215
943	259
943	362
943	365
943	392
943	406
943	486
943	537
943	628
943	662
943	672
943	673
943	695
943	723
943	759
943	787
943	811
943	825
943	826
943	854
943	871
943	917
943	931
943	944
943	950
943	952
943	954
943	981
943	999
944	189
944	243
944	304
944	406
944	419
944	435
944	484
944	514
944	548
944	567
944	612
944	640
944	672
944	673
944	695
944	733
944	787
944	811
944	825
944	871
944	902
944	917
944	931
944	937
944	943
944	952
944	954
944	981
944	999
945	58
945	95
945	110
945	153
945	156
945	235
945	287
945	303
945	322
945	420
945	508
945	555
945	559
945	649
945	717
945	756
945	780
945	812
945	830
945	868
945	910
945	919
945	959
945	960
945	965
945	974
945	982
945	992
945	995
946	25
946	45
946	92
946	152
946	210
946	236
946	260
946	297
946	299
946	342
946	395
946	557
946	591
946	606
946	680
946	683
946	697
946	774
946	777
946	803
946	888
946	901
946	905
946	936
946	941
946	948
946	950
946	983
946	988
946	997
947	107
947	166
947	183
947	240
947	282
947	325
947	447
947	516
947	665
947	666
947	734
947	746
947	762
947	807
947	818
947	829
947	830
947	888
947	899
947	916
947	960
947	966
947	967
947	970
947	972
947	977
947	978
947	985
947	994
947	1000
948	60
948	83
948	85
948	111
948	151
948	260
948	309
948	591
948	606
948	636
948	680
948	683
948	728
948	758
948	773
948	777
948	792
948	807
948	868
948	888
948	901
948	936
948	940
948	941
948	946
948	967
948	976
948	983
948	988
948	991
948	997
949	21
949	336
949	350
949	371
949	382
949	398
949	432
949	568
949	617
949	690
949	712
949	723
949	743
949	751
949	776
949	803
949	828
949	831
949	833
949	848
949	849
949	886
949	890
949	914
949	915
949	927
949	938
949	950
949	958
949	963
949	975
950	183
950	376
950	390
950	473
950	610
950	622
950	623
950	644
950	715
950	720
950	774
950	781
950	796
950	804
950	815
950	828
950	841
950	846
950	878
950	890
950	922
950	928
950	935
950	943
950	946
950	949
950	951
950	968
950	978
950	990
950	992
951	118
951	223
951	245
951	335
951	452
951	466
951	549
951	587
951	615
951	706
951	715
951	752
951	759
951	772
951	784
951	794
951	835
951	836
951	850
951	866
951	867
951	869
951	950
951	968
951	969
951	978
951	985
951	994
952	16
952	25
952	86
952	304
952	331
952	406
952	419
952	519
952	537
952	568
952	582
952	602
952	651
952	672
952	673
952	695
952	787
952	811
952	825
952	842
952	871
952	895
952	917
952	928
952	931
952	943
952	944
952	954
952	976
952	981
952	999
953	96
953	97
953	193
953	245
953	312
953	375
953	380
953	432
953	451
953	459
953	474
953	476
953	543
953	552
953	554
953	614
953	620
953	635
953	655
953	671
953	672
953	719
953	763
953	832
953	862
953	879
953	888
953	916
953	930
953	963
953	971
953	989
954	15
954	16
954	26
954	37
954	141
954	199
954	252
954	304
954	406
954	435
954	488
954	501
954	519
954	672
954	673
954	695
954	787
954	811
954	825
954	830
954	834
954	871
954	922
954	931
954	942
954	943
954	944
954	952
954	981
954	987
954	997
954	999
955	72
955	229
955	251
955	277
955	381
955	392
955	417
955	426
955	477
955	525
955	566
955	609
955	730
955	782
955	808
955	818
955	821
955	879
955	900
955	906
955	913
955	914
955	916
955	987
955	988
955	991
955	996
955	998
956	45
956	218
956	276
956	321
956	337
956	360
956	417
956	449
956	463
956	464
956	470
956	533
956	574
956	577
956	600
956	612
956	634
956	642
956	645
956	654
956	655
956	698
956	744
956	748
956	875
956	884
956	887
956	917
956	928
956	929
956	978
956	993
957	63
957	104
957	115
957	164
957	216
957	274
957	357
957	416
957	437
957	461
957	498
957	508
957	524
957	616
957	621
957	658
957	688
957	696
957	712
957	729
957	735
957	738
957	831
957	833
957	837
957	869
957	872
957	878
957	883
957	903
957	926
957	939
958	53
958	289
958	316
958	326
958	391
958	410
958	425
958	439
958	449
958	473
958	489
958	506
958	544
958	631
958	634
958	657
958	723
958	748
958	781
958	794
958	815
958	841
958	843
958	844
958	908
958	914
958	915
958	949
958	981
958	989
958	990
958	992
959	69
959	78
959	154
959	162
959	192
959	199
959	275
959	326
959	465
959	472
959	514
959	567
959	607
959	608
959	630
959	644
959	698
959	700
959	713
959	715
959	725
959	773
959	788
959	804
959	821
959	849
959	850
959	858
959	884
959	885
959	909
959	945
959	971
960	6
960	37
960	49
960	150
960	183
960	186
960	192
960	271
960	332
960	364
960	376
960	452
960	469
960	495
960	526
960	528
960	589
960	646
960	703
960	760
960	767
960	789
960	827
960	834
960	873
960	882
960	945
960	947
960	970
960	999
961	13
961	42
961	89
961	175
961	192
961	211
961	280
961	285
961	317
961	349
961	358
961	381
961	402
961	415
961	480
961	536
961	549
961	559
961	565
961	631
961	686
961	725
961	774
961	786
961	801
961	821
961	838
961	849
961	863
961	904
961	925
961	975
961	996
962	15
962	209
962	222
962	275
962	305
962	337
962	341
962	346
962	353
962	383
962	414
962	455
962	481
962	522
962	586
962	610
962	630
962	634
962	636
962	745
962	749
962	766
962	780
962	804
962	805
962	826
962	855
962	867
962	886
962	928
962	942
962	966
962	998
963	96
963	97
963	98
963	179
963	193
963	245
963	379
963	409
963	451
963	459
963	474
963	476
963	543
963	552
963	554
963	620
963	623
963	632
963	661
963	667
963	671
963	683
963	763
963	832
963	841
963	847
963	849
963	862
963	930
963	949
963	953
963	971
963	990
964	180
964	227
964	255
964	348
964	368
964	443
964	501
964	514
964	530
964	587
964	597
964	609
964	622
964	657
964	661
964	662
964	676
964	682
964	694
964	702
964	716
964	771
964	773
964	841
964	848
964	860
964	865
964	891
964	912
964	933
964	978
964	981
964	990
964	992
965	22
965	23
965	64
965	95
965	97
965	153
965	160
965	169
965	226
965	235
965	287
965	300
965	303
965	322
965	329
965	384
965	458
965	555
965	559
965	581
965	649
965	667
965	702
965	725
965	727
965	756
965	812
965	868
965	881
965	910
965	941
965	945
965	982
965	991
966	91
966	139
966	144
966	152
966	296
966	389
966	521
966	523
966	546
966	580
966	596
966	651
966	655
966	656
966	668
966	680
966	691
966	726
966	737
966	780
966	790
966	803
966	813
966	817
966	840
966	843
966	845
966	887
966	899
966	911
966	939
966	947
966	962
966	977
967	84
967	206
967	265
967	307
967	339
967	447
967	482
967	492
967	512
967	546
967	583
967	616
967	618
967	626
967	722
967	755
967	769
967	770
967	778
967	780
967	786
967	794
967	795
967	835
967	872
967	881
967	919
967	925
967	929
967	947
967	948
967	972
967	978
967	982
968	22
968	44
968	146
968	176
968	301
968	367
968	483
968	484
968	487
968	587
968	615
968	638
968	669
968	706
968	740
968	752
968	759
968	767
968	772
968	784
968	794
968	810
968	835
968	836
968	889
968	918
968	936
968	950
968	951
968	969
968	978
968	985
968	988
968	994
969	138
969	176
969	223
969	367
969	483
969	484
969	487
969	587
969	615
969	634
969	665
969	706
969	751
969	752
969	759
969	772
969	784
969	794
969	820
969	826
969	835
969	836
969	842
969	847
969	860
969	907
969	938
969	951
969	968
969	978
969	980
969	984
969	985
969	989
969	994
970	37
970	49
970	62
970	122
970	183
970	186
970	271
970	332
970	376
970	450
970	469
970	478
970	495
970	506
970	526
970	528
970	565
970	589
970	591
970	623
970	646
970	698
970	721
970	767
970	786
970	789
970	793
970	820
970	821
970	827
970	834
970	947
970	960
970	989
970	993
971	89
971	96
971	157
971	179
971	193
971	233
971	245
971	263
971	375
971	379
971	409
971	411
971	451
971	474
971	543
971	552
971	620
971	632
971	671
971	763
971	832
971	860
971	862
971	881
971	902
971	914
971	919
971	920
971	927
971	930
971	953
971	959
971	963
971	981
971	1000
972	114
972	206
972	236
972	238
972	241
972	265
972	280
972	307
972	313
972	320
972	330
972	339
972	492
972	513
972	573
972	583
972	618
972	707
972	712
972	728
972	751
972	769
972	773
972	778
972	795
972	806
972	812
972	838
972	846
972	855
972	872
972	899
972	932
972	947
972	967
972	991
973	36
973	46
973	133
973	213
973	283
973	327
973	385
973	401
973	424
973	428
973	429
973	436
973	475
973	486
973	500
973	556
973	674
973	702
973	711
973	724
973	748
973	773
973	779
973	853
973	874
973	881
973	887
973	898
973	912
973	934
973	938
973	940
973	980
973	990
973	995
973	1000
974	38
974	80
974	172
974	178
974	220
974	249
974	333
974	404
974	433
974	455
974	478
974	518
974	539
974	547
974	572
974	629
974	636
974	652
974	677
974	679
974	695
974	770
974	777
974	793
974	809
974	830
974	856
974	889
974	892
974	896
974	900
974	903
974	942
974	945
974	979
974	986
974	995
975	3
975	17
975	54
975	74
975	78
975	122
975	129
975	195
975	211
975	233
975	294
975	295
975	401
975	407
975	413
975	491
975	546
975	560
975	583
975	639
975	709
975	749
975	756
975	770
975	795
975	831
975	840
975	872
975	886
975	911
975	918
975	919
975	928
975	929
975	949
975	961
975	984
975	987
976	66
976	140
976	230
976	269
976	284
976	306
976	324
976	334
976	390
976	393
976	411
976	427
976	454
976	465
976	467
976	534
976	550
976	627
976	646
976	648
976	653
976	655
976	693
976	734
976	742
976	752
976	770
976	793
976	817
976	826
976	881
976	884
976	899
976	921
976	927
976	948
976	952
976	991
976	995
977	58
977	70
977	121
977	139
977	144
977	150
977	230
977	296
977	358
977	389
977	421
977	427
977	514
977	523
977	580
977	596
977	651
977	656
977	668
977	691
977	710
977	737
977	769
977	786
977	795
977	813
977	840
977	843
977	873
977	874
977	887
977	892
977	899
977	905
977	909
977	911
977	916
977	947
977	966
978	14
978	77
978	88
978	216
978	324
978	367
978	402
978	403
978	416
978	452
978	478
978	483
978	487
978	587
978	706
978	712
978	752
978	759
978	772
978	784
978	794
978	818
978	822
978	835
978	836
978	882
978	895
978	934
978	947
978	950
978	951
978	956
978	964
978	967
978	968
978	969
978	985
978	994
978	996
979	84
979	101
979	106
979	122
979	149
979	225
979	253
979	300
979	301
979	362
979	364
979	385
979	408
979	440
979	550
979	618
979	629
979	698
979	715
979	744
979	754
979	758
979	776
979	820
979	827
979	834
979	864
979	873
979	902
979	937
979	974
979	980
979	983
979	988
979	993
979	998
980	36
980	46
980	61
980	89
980	133
980	174
980	200
980	217
980	259
980	327
980	368
980	416
980	424
980	429
980	467
980	490
980	500
980	556
980	610
980	655
980	674
980	702
980	711
980	714
980	724
980	748
980	779
980	822
980	851
980	853
980	860
980	874
980	914
980	921
980	934
980	938
980	969
980	973
980	979
980	1000
981	15
981	21
981	45
981	86
981	141
981	215
981	238
981	259
981	304
981	331
981	356
981	409
981	419
981	435
981	441
981	446
981	519
981	537
981	623
981	672
981	673
981	695
981	787
981	811
981	825
981	826
981	831
981	871
981	906
981	911
981	931
981	936
981	939
981	943
981	944
981	952
981	954
981	958
981	964
981	971
981	999
982	2
982	23
982	58
982	64
982	110
982	153
982	156
982	160
982	173
982	235
982	275
982	303
982	322
982	329
982	370
982	384
982	420
982	462
982	488
982	522
982	557
982	559
982	635
982	636
982	643
982	649
982	667
982	713
982	756
982	812
982	814
982	868
982	881
982	903
982	910
982	937
982	945
982	965
982	967
982	991
982	1000
983	25
983	38
983	41
983	85
983	152
983	210
983	241
983	260
983	299
983	342
983	459
983	514
983	522
983	574
983	591
983	606
983	608
983	680
983	683
983	728
983	773
983	777
983	780
983	806
983	814
983	826
983	854
983	867
983	888
983	890
983	901
983	908
983	928
983	936
983	941
983	946
983	948
983	979
983	986
983	988
983	997
984	3
984	17
984	54
984	74
984	107
984	129
984	195
984	233
984	294
984	295
984	368
984	375
984	390
984	401
984	407
984	413
984	430
984	441
984	474
984	491
984	514
984	546
984	560
984	565
984	631
984	633
984	634
984	639
984	646
984	694
984	709
984	748
984	770
984	824
984	886
984	919
984	928
984	929
984	969
984	975
984	990
984	994
985	22
985	77
985	87
985	88
985	146
985	151
985	176
985	452
985	484
985	486
985	487
985	513
985	543
985	557
985	574
985	587
985	593
985	613
985	615
985	635
985	651
985	660
985	674
985	676
985	706
985	752
985	759
985	772
985	784
985	794
985	835
985	836
985	849
985	865
985	866
985	898
985	947
985	951
985	968
985	969
985	978
985	994
986	24
986	44
986	80
986	99
986	178
986	196
986	203
986	208
986	220
986	249
986	313
986	317
986	346
986	367
986	402
986	404
986	433
986	448
986	463
986	518
986	547
986	572
986	590
986	610
986	647
986	652
986	715
986	752
986	779
986	813
986	831
986	856
986	892
986	896
986	900
986	903
986	913
986	942
986	974
986	983
986	989
986	995
987	39
987	116
987	144
987	177
987	181
987	191
987	201
987	236
987	246
987	251
987	277
987	382
987	392
987	426
987	477
987	501
987	525
987	566
987	569
987	609
987	678
987	682
987	686
987	696
987	793
987	808
987	818
987	862
987	879
987	906
987	913
987	916
987	954
987	955
987	975
987	991
987	996
987	998
988	8
988	30
988	41
988	257
988	266
988	308
988	312
988	334
988	425
988	541
988	544
988	556
988	567
988	582
988	613
988	638
988	709
988	714
988	749
988	750
988	753
988	789
988	819
988	832
988	861
988	876
988	884
988	902
988	906
988	920
988	924
988	926
988	932
988	935
988	937
988	946
988	948
988	955
988	968
988	979
988	983
988	993
988	997
989	8
989	27
989	92
989	117
989	155
989	217
989	243
989	256
989	279
989	361
989	416
989	485
989	488
989	491
989	511
989	590
989	635
989	699
989	713
989	725
989	727
989	736
989	759
989	765
989	798
989	821
989	822
989	828
989	842
989	844
989	850
989	860
989	863
989	867
989	876
989	908
989	928
989	953
989	958
989	969
989	970
989	986
989	991
989	996
990	78
990	136
990	180
990	255
990	261
990	264
990	335
990	412
990	433
990	443
990	501
990	551
990	597
990	604
990	622
990	661
990	662
990	669
990	676
990	682
990	694
990	712
990	771
990	773
990	841
990	848
990	865
990	871
990	891
990	894
990	897
990	900
990	919
990	920
990	929
990	933
990	942
990	950
990	958
990	963
990	964
990	973
990	984
990	992
990	998
991	20
991	95
991	202
991	279
991	289
991	302
991	378
991	395
991	473
991	499
991	576
991	598
991	612
991	614
991	626
991	657
991	740
991	833
991	845
991	855
991	867
991	868
991	884
991	895
991	897
991	902
991	904
991	907
991	909
991	912
991	920
991	921
991	922
991	927
991	940
991	948
991	955
991	965
991	972
991	976
991	982
991	987
991	989
991	996
991	998
992	10
992	62
992	89
992	180
992	211
992	217
992	255
992	261
992	285
992	348
992	406
992	443
992	527
992	551
992	597
992	607
992	622
992	661
992	662
992	665
992	676
992	682
992	694
992	726
992	771
992	806
992	810
992	821
992	841
992	848
992	865
992	867
992	881
992	887
992	891
992	919
992	929
992	933
992	934
992	945
992	950
992	958
992	964
992	990
992	999
993	63
993	101
993	106
993	149
993	190
993	199
993	216
993	225
993	239
993	275
993	300
993	301
993	353
993	357
993	362
993	364
993	385
993	408
993	411
993	440
993	530
993	630
993	693
993	725
993	727
993	728
993	744
993	754
993	776
993	786
993	796
993	820
993	821
993	863
993	864
993	873
993	901
993	902
993	928
993	937
993	956
993	970
993	979
993	988
993	1000
994	14
994	22
994	77
994	88
994	121
994	122
994	138
994	142
994	146
994	239
994	452
994	483
994	484
994	487
994	558
994	587
994	615
994	706
994	736
994	750
994	752
994	759
994	770
994	772
994	779
994	784
994	794
994	820
994	826
994	835
994	836
994	842
994	846
994	864
994	872
994	894
994	918
994	926
994	947
994	951
994	968
994	969
994	978
994	984
994	985
994	996
995	24
995	44
995	80
995	172
995	178
995	208
995	220
995	228
995	249
995	289
995	295
995	313
995	317
995	333
995	383
995	433
995	448
995	455
995	468
995	518
995	547
995	572
995	629
995	652
995	725
995	735
995	737
995	770
995	809
995	830
995	838
995	844
995	854
995	856
995	892
995	896
995	900
995	903
995	905
995	929
995	942
995	945
995	973
995	974
995	976
995	986
995	999
996	39
996	73
996	177
996	181
996	188
996	191
996	197
996	217
996	235
996	236
996	246
996	251
996	277
996	382
996	392
996	426
996	477
996	525
996	557
996	566
996	609
996	616
996	629
996	638
996	677
996	690
996	705
996	723
996	762
996	808
996	812
996	818
996	825
996	879
996	906
996	913
996	916
996	919
996	928
996	955
996	961
996	978
996	987
996	989
996	991
996	994
996	997
996	998
997	25
997	33
997	38
997	60
997	67
997	85
997	92
997	111
997	152
997	205
997	222
997	260
997	299
997	342
997	344
997	380
997	381
997	390
997	441
997	493
997	496
997	544
997	562
997	573
997	591
997	606
997	630
997	680
997	683
997	709
997	777
997	826
997	860
997	867
997	878
997	887
997	888
997	891
997	899
997	901
997	936
997	940
997	941
997	946
997	948
997	954
997	983
997	988
997	996
998	13
998	39
998	67
998	177
998	178
998	181
998	191
998	192
998	197
998	236
998	246
998	251
998	277
998	382
998	392
998	411
998	426
998	477
998	511
998	513
998	514
998	525
998	566
998	609
998	656
998	714
998	760
998	806
998	808
998	818
998	826
998	838
998	854
998	879
998	894
998	906
998	911
998	913
998	916
998	919
998	928
998	939
998	955
998	962
998	979
998	987
998	990
998	991
998	996
999	16
999	86
999	141
999	148
999	215
999	228
999	230
999	252
999	259
999	275
999	280
999	281
999	331
999	356
999	414
999	419
999	435
999	519
999	536
999	537
999	565
999	638
999	672
999	673
999	695
999	696
999	698
999	775
999	787
999	796
999	811
999	819
999	823
999	825
999	831
999	871
999	878
999	880
999	931
999	939
999	942
999	943
999	944
999	952
999	954
999	960
999	981
999	992
999	995
1000	36
1000	46
1000	84
1000	133
1000	174
1000	200
1000	205
1000	283
1000	327
1000	332
1000	368
1000	398
1000	424
1000	428
1000	429
1000	436
1000	441
1000	496
1000	500
1000	542
1000	556
1000	609
1000	619
1000	674
1000	698
1000	702
1000	711
1000	712
1000	715
1000	724
1000	740
1000	748
1000	779
1000	799
1000	842
1000	853
1000	860
1000	862
1000	874
1000	887
1000	921
1000	934
1000	938
1000	941
1000	947
1000	971
1000	973
1000	980
1000	982
1000	993
