1 859
2 2
3 975
4 859
5 729
6 643
7 782
8 708 757 846 989
9 882
10 729
11 898 963
12 758
13 925
14 994
15 999
16 999
17 975
18 692
19 729
20 898
21 949
22 994
23 982
24 995
25 997
26 692 907 935
27 544 858
28 839
29 858
30 819
31 882
32 926
33 997
34 758
35 799
36 1000
37 960
38 997
39 998
40 882
41 819
42 925
43 708 799 960
44 995
45 588
46 1000
47 907
48 935
49 960
50 272 858
51 570
52 311
53 439
54 975
55 613
56 677
57 935
58 982
59 757
60 997
61 907
62 819 935
63 957
64 982
65 907
66 927
67 757 782 839 935
68 926
69 909
70 882
71 471
72 926
73 766 898 935
74 975
75 907
76 846
77 994
78 578 972
79 932
80 995
81 601
82 858
83 503
84 993 995 1000
85 997
86 999
87 932
88 994
89 578 858 925 990
90 643
91 729
92 997
93 857
94 729 898
95 982
96 963
97 963
98 935
99 722
100 757
101 993
102 782
103 932
104 957
105 677
106 993
107 975
108 898
109 758
110 982
111 997
112 857
113 905
114 972
115 957
116 578
117 989
118 799
119 758
120 757
121 966
122 846 898
123 570
124 692
125 760
126 311
127 729
128 846
129 975
130 935
131 799
132 692
133 1000
134 311
135 503
136 578
137 471
138 994
139 966
140 927
141 999
142 859
143 758
144 966
145 677 846 861
146 994
147 311
148 677 907
149 993
150 578 926 960
151 722 757
152 997
153 982
154 909
155 989
156 982
157 926
158 570
159 845
160 982
161 882
162 859
163 722
164 957
165 503
166 272 766 858
167 272 935
168 859
169 940
170 905
171 907
172 995
173 757 760
174 1000
175 925
176 994
177 998
178 995
179 963
180 990
181 998
182 859
183 960
184 905
185 926
186 960
187 503
188 613
189 2
190 858
191 998
192 578 909 925 998
193 963
194 311
195 975
196 995
197 998
198 905
199 588 746 909
200 1000
201 898
202 940
203 907
204 927
205 613 643 760
206 972
207 729
208 995
209 766
210 997
211 782 925 990
212 861
213 613
214 692
215 999
216 845
217 503 799 989
218 875
219 782
220 995
221 2
222 760 766 966
223 994
224 882
225 993
226 940
227 766
228 311
229 839
230 861 935
231 926
232 311
233 975
234 845
235 982
236 998
237 898
238 972
239 643 766
240 708
241 972
242 588
243 989
244 898
245 963
246 998
247 907
248 272
249 995
250 760
251 998
252 999
253 932
254 882
255 990
256 989
257 544
258 601
259 999
260 997
261 990
262 782
263 601
264 990
265 972
266 544 993
267 940
268 932
269 927
270 677
271 960
272 272
273 722
274 957
275 2 766 909 993
276 875
277 998
278 898
279 907
280 925 960 999
281 544 729
282 613
283 1000
284 927
285 925
286 905
287 982
288 905
289 898 995
290 2
291 760
292 932
293 766 927
294 975
295 975
296 966
297 689
298 935
299 997
300 993
301 993
302 932
303 982
304 999
305 766
306 927
307 972
308 932
309 982
310 907
311 311
312 689
313 995
314 503
315 898
316 544
317 995
318 471
319 760
320 926
321 875
322 982
323 963
324 578 588 692 859
325 613
326 909
327 1000
328 935
329 982
330 972
331 999
332 960
333 995
334 544
335 990
336 949
337 766
338 311
339 972
340 861
341 766
342 997
343 935
344 601 845
345 471
346 766
347 861
348 990
349 758
350 949
351 722
352 940
353 819 858 993
354 845
355 905
356 999
357 957
358 861
359 578
360 875
361 989
362 993
363 570
364 993
365 588
366 846
367 994
368 1000
369 782
370 982
371 949
372 708
373 935
374 588
375 963
376 960
377 905
378 819
379 963
380 845
381 746
382 998
383 272
384 982
385 993
386 544
387 898
388 859
389 966
390 927 975 997
391 588
392 998
393 927
394 845
395 940
396 926
397 926
398 949
399 935
400 439
401 975
402 925
403 845
404 995
405 882
406 999
407 975
408 993
409 963
410 601
411 677 907 927 993
412 578 677 990
413 975
414 766
415 925
416 588 935 989 994
417 766 875 935
418 643
419 999
420 982
421 689
422 722
423 898
424 1000
425 544 859
426 998
427 708 799
428 1000
429 1000
430 601
431 677
432 949
433 995
434 935
435 999
436 1000
437 757
438 729
439 439
440 993
441 746 766 997 1000
442 758
443 990
444 471
445 677
446 819
447 972
448 995
449 875
450 926
451 963
452 994
453 858
454 729
455 995
456 692
457 935
458 819
459 963
460 758
461 957
462 926
463 799 858 875 925
464 875
465 909
466 940
467 927
468 995
469 960
470 875
471 471
472 909
473 935 940
474 963
475 757
476 963
477 998
478 544 588 677 861
479 839
480 925
481 766
482 861 898 932
483 994
484 994
485 989
486 601 760 858 859
487 994
488 989
489 898
490 689
491 975
492 972
493 311 677 760
494 845
495 960
496 729
497 722
498 957
499 932
500 1000
501 990
502 935
503 2 503
504 846
505 692
506 439
507 905
508 957
509 708
510 857
511 989
512 588 601 940
513 846 925 972 994
514 311 909 997 998
515 722
516 882
517 935
518 995
519 999
520 2 503
521 966
522 766 839 907 997
523 966
524 957
525 998
526 960
527 990
528 960
529 907
530 932 990 993
531 570
532 898
533 875
534 927
535 926
536 925
537 999
538 935
539 839
540 846
541 819
542 471 643 861
543 963
544 544
545 935
546 975
547 995
548 729
549 925
550 927
551 990
552 963
553 935
554 963
555 982
556 1000
557 311 898 907 982
558 846
559 982
560 975
561 760
562 940
563 601
564 845
565 601 925
566 998
567 819
568 949
569 757
570 570
571 758
572 995
573 972
574 471 613 692 757 875 935
575 782
576 898
577 875
578 578
579 861
580 966
581 272 858
582 932
583 972
584 857
585 935
586 766
587 994
588 588
589 960
590 471 588 729 845
591 997
592 907
593 819
594 857
595 729
596 966
597 990
598 601
599 935
600 875
601 601
602 845
603 588
604 905
605 932
606 997
607 909
608 909
609 998
610 766
611 905
612 875
613 613
614 845
615 994
616 689 766 898
617 949
618 972
619 722
620 963
621 957
622 990
623 935
624 708
625 926
626 845
627 927
628 708
629 995
630 766 845 858 909 993
631 588 722 932 975
632 963
633 935
634 766 845 875 905 975 994
635 746 845 898 909 982 989 994
636 758 839 982 997
637 940
638 439 898 907 940 998
639 975
640 689 760 846 861 882 935
641 692
642 708
643 643
644 909
645 875
646 898 960
647 905
648 927
649 982
650 708
651 966
652 995
653 927
654 875
655 729 760 875 927 949 966 1000
656 966
657 898
658 957
659 935
660 905
661 990
662 990
663 692
664 846
665 613
666 858
667 982
668 966
669 839
670 907
671 963
672 999
673 999
674 1000
675 692
676 990
677 677
678 882
679 677
680 997
681 689
682 990
683 997
684 898
685 905
686 932
687 882
688 957
689 689
690 949
691 966
692 692
693 927
694 990
695 999
696 957
697 882
698 799 875 960 993 1000
699 989
700 909
701 882
702 1000
703 588
704 746
705 935
706 994
707 905
708 708
709 975
710 588
711 1000
712 845 990
713 578 989
714 932
715 439 819 909
716 839
717 846
718 689
719 2 503
720 845
721 839
722 722
723 882 949 972 998
724 1000
725 311 909 925 989 993
726 746
727 989
728 932 972 997
729 729
730 859
731 708
732 760
733 708
734 927
735 757
736 989
737 966
738 957
739 799
740 940
741 905
742 708
743 949
744 993
745 570 766 927
746 746
747 935
748 1000
749 926
750 861
751 972
752 994
753 861
754 993
755 819
756 982
757 757
758 758
759 994
760 760
761 643 963
762 746
763 963
764 766
765 989
766 766
767 960
768 846
769 972
770 975 995
771 990
772 994
773 613 990 997
774 925
775 588
776 993
777 997
778 972
779 1000
780 588 613 972
781 940
782 782
783 857
784 994
785 882
786 588 905 925 960
787 999
788 909
789 960
790 692
791 857
792 857
793 570 601 766
794 994
795 972
796 846
797 857
798 989
799 799
800 839
801 846
802 578
803 949
804 846
805 471
806 766 819 972 997
807 746
808 998
809 995
810 846
811 999
812 982
813 966
814 311
815 940
816 898
817 966
818 998
819 819
820 643 766 993 994
821 858 925 990
822 989
823 940
824 857
825 999
826 766 994 997 999
827 960
828 949
829 272 858
830 995
831 995 999
832 963
833 898
834 960
835 994
836 994
837 957
838 925
839 839
840 966
841 990
842 782 989 994 999
843 966
844 989
845 845
846 846
847 782
848 990
849 949
850 909
851 760
852 935
853 1000
854 570 846 907 949
855 907
856 995
857 857
858 858
859 859
860 845 963 989 990 997 1000
861 861
862 963
863 925
864 993
865 990
866 692 845 859 926 940 994
867 746 766 997
868 982
869 940
870 935
871 999
872 972
873 766 907 949 993
874 1000
875 875
876 861
877 782
878 935
879 998
880 729
881 578 963 972 982 990
882 882
883 957
884 927
885 845 857 859 909 940 963
886 588 689 766 940 949 975
887 875 935 940 966 990 1000
888 997
889 859
890 949
891 990
892 995
893 839
894 882
895 907
896 995
897 935
898 898
899 966
900 995
901 997
902 993
903 995
904 578
905 905
906 998
907 907
908 989
909 909
910 982
911 966
912 845
913 998
914 949
915 949
916 998
917 588 757 799 875 882 935 999
918 578 766 845 905 975 994
919 845 963 972 975 990 998
920 926
921 927
922 907
923 722 757
924 926
925 925
926 926
927 927
928 766 819 875 975 989 993 998
929 578 746 926 940 972 975 990
930 963
931 999
932 932
933 990
934 1000
935 935
936 997
937 993
938 1000
939 957
940 940 997
941 997
942 995
943 999
944 999
945 982
946 997
947 613 746 960 966 972 994
948 997
949 949
950 846 935 940 949 990 994
951 994
952 999
953 963
954 999
955 998
956 875
957 957
958 439 544 898 940 949 989 990
959 909
960 960
961 925
962 766 995
963 963
964 990
965 982
966 966
967 972 994
968 994
969 994
970 960
971 963
972 972
973 1000
974 995
975 975
976 927
977 966
978 994
979 993
980 1000
981 999
982 982
983 997
984 975
985 994
986 995
987 998
988 544 819 861 926 932 993 997
989 989 994
990 990
991 845 898 907 927 940 982 998
992 990
993 993
994 994
995 995
996 998
997 997
998 998
999 999
1000 1000
