1	95 
2	61 
3	205 
4	310 
5	84 
6	268 
7	281 
8	256 
9	49 181 214 263 287 301 
10	76 
11	64 
12	309 
13	176 
14	224 
15	74 
16	305 
17	19 
18	151 
19	49 
20	305 
21	69 
22	55 
23	56 
24	4 
25	106 182 187 194 207 263 
26	271 
27	161 168 198 232 234 308 
28	267 
29	15 
30	214 
31	67 
32	111 
33	48 
34	136 
35	137 
36	64 110 115 139 166 181 
37	129 
38	254 
39	158 
40	85 
41	137 
42	130 
43	245 
44	218 
45	13 
46	110 
47	72 
48	167 
49	103 
50	102 
51	16 
52	6 30 140 154 159 259 
53	82 
54	246 
55	176 
56	287 
57	146 
58	34 
59	251 
60	232 
61	125 
62	156 
63	234 
64	33 
65	51 
66	103 
67	235 
68	239 
69	283 
70	253 
71	2 64 87 139 261 278 
72	38 
73	36 
74	58 
75	109 
76	50 85 155 206 221 245 
77	38 175 201 219 253 262 
78	186 
79	157 
80	32 
81	107 
82	304 
83	164 
84	91 
85	239 
86	103 107 150 152 208 217 
87	26 131 205 220 232 265 
88	221 
89	80 
90	19 130 162 225 259 282 
91	129 
92	189 
93	137 
94	114 
95	11 
96	271 
97	61 90 106 225 266 287 
98	109 
99	112 
100	39 
101	101 
102	24 
103	147 
104	273 
105	48 
106	285 
107	238 
108	225 
109	146 
110	140 
111	236 
112	298 
113	303 
114	262 
115	15 
116	196 
117	14 
118	292 
119	101 
120	112 
121	198 
122	300 
123	228 
124	295 
125	108 
126	15 
127	89 
128	235 
129	266 
130	222 
131	48 
132	48 91 119 149 194 209 
133	271 
134	84 118 130 143 184 210 
135	36 
136	14 21 71 155 171 190 
137	294 
138	33 
139	129 
140	29 
141	303 
142	39 
143	21 
144	238 
145	296 
146	6 
147	260 
148	305 
149	28 
150	175 
151	141 
152	269 
153	49 
154	78 
155	49 
156	11 14 31 137 141 169 
157	123 
158	24 
159	253 
160	93 
161	38 
162	166 
163	34 141 146 154 189 209 
164	22 
165	12 
166	121 
167	254 
168	72 
169	177 
170	80 
171	245 
172	162 
173	33 
174	122 
175	152 
176	172 
177	60 
178	274 
179	172 
180	85 
181	119 
182	294 
183	30 
184	291 
185	69 
186	136 
187	59 95 104 157 175 186 
188	217 
189	80 107 108 190 204 268 
190	56 
191	21 
192	142 
193	204 
194	134 
195	293 
196	48 121 141 163 209 295 
197	48 
198	31 32 105 158 166 279 
199	3 
200	2 68 80 137 246 253 
201	281 
202	303 
203	174 
204	173 
205	285 
206	121 
207	125 
208	47 
209	14 20 88 205 226 285 
210	39 
211	34 140 147 185 219 298 
212	30 
213	271 
214	282 
215	64 82 120 184 206 277 
216	261 
217	56 
218	38 
219	61 
220	192 
221	164 
222	177 
223	22 
224	261 
225	154 
226	231 
227	21 
228	194 
229	288 
230	107 174 182 221 258 281 
231	86 
232	76 162 239 278 296 310 
233	240 
234	219 
235	227 
236	23 
237	164 
238	58 
239	136 
240	19 
241	139 
242	17 62 208 214 253 276 
243	226 
244	152 
245	259 
246	107 
247	190 
248	17 
249	14 103 142 148 198 258 
250	5 
251	176 
252	216 
253	102 131 190 207 270 275 
254	80 
255	129 
256	195 
257	248 
258	206 
259	295 
260	206 
261	176 
262	40 
263	180 
264	117 
265	106 
266	61 
267	102 
268	258 
269	210 
270	185 
271	225 
272	190 
273	175 
274	91 
275	7 
276	216 
277	56 
278	115 
279	5 
280	301 
281	94 
282	59 
283	174 
284	200 
285	109 
286	198 
287	264 
288	164 
289	56 
290	268 
291	162 
292	49 
293	51 
294	38 
295	271 
296	185 
297	38 
298	3 23 66 77 175 233 
299	132 
300	64 
301	8 
302	143 
303	308 
304	7 13 85 231 268 287 
305	107 
306	160 
307	120 
308	302 
309	50 
310	45 
311	34 
312	232 
313	295 
314	285 
315	260 
316	174 
317	13 
318	224 
319	148 
320	133 
321	291 
322	75 
323	304 
324	46 
325	50 55 137 189 258 278 
326	80 
327	270 
328	178 
329	57 
330	269 
331	17 
332	177 
333	75 76 134 144 272 279 
334	99 
335	221 
336	69 
337	196 
338	110 
339	121 
340	293 
341	212 
342	301 
343	207 
344	53 104 141 158 264 285 
345	310 
346	136 
347	65 
348	247 
349	122 
350	211 
351	116 
352	267 
353	205 
354	285 
355	177 
356	65 
357	288 
358	5 
359	157 
360	61 
361	54 
362	213 
363	170 198 203 219 221 304 
364	16 
365	53 
366	272 
367	33 76 84 117 185 277 
368	261 
369	239 
370	165 
371	185 
372	116 
373	270 
374	51 
375	207 
376	4 
377	53 
378	279 
379	93 
380	71 
381	205 
382	15 
383	1 
384	58 
385	146 
386	26 
387	89 
388	120 
389	309 
390	204 
391	19 
392	58 
393	188 
394	240 
395	270 
396	129 
397	181 
398	203 
399	27 30 82 177 226 284 
400	5 60 71 112 116 139 
401	13 19 38 175 179 295 
402	234 
403	40 
404	141 
405	214 
406	22 
407	206 
408	243 
409	38 46 53 85 242 252 
410	190 
411	66 117 121 224 234 237 
412	30 
413	89 
414	311 
415	2 
416	239 
417	11 
418	80 
419	121 
420	161 
421	154 
422	309 
423	234 
424	58 
425	245 
426	213 
427	141 
428	301 
429	301 
430	62 
431	89 
432	201 
433	152 
434	14 31 112 148 198 262 
435	190 
436	103 
437	182 
438	100 
439	31 
440	84 
441	76 
442	30 70 82 94 151 164 
443	67 
444	67 
445	34 
446	110 
447	30 41 121 131 150 298 
448	68 
449	278 
450	179 
451	240 
452	159 
453	85 
454	33 
455	199 
456	16 
457	195 
458	239 
459	300 
460	263 
461	71 
462	186 
463	217 
464	296 
465	150 
466	297 
467	79 128 129 220 248 304 
468	5 21 69 235 246 270 
469	204 
470	171 
471	80 
472	79 
473	32 34 37 271 277 299 
474	113 
475	209 
476	292 
477	157 
478	161 
479	189 
480	60 
481	85 
482	34 60 61 87 252 259 
483	207 
484	58 
485	55 63 79 96 117 237 
486	256 
487	238 
488	8 137 145 199 277 283 
489	299 
490	82 
491	214 
492	38 70 80 91 218 233 
493	167 
494	123 
495	200 
496	114 
497	136 
498	65 
499	235 
500	8 
501	177 
502	2 
503	235 
504	260 
505	261 
506	287 
507	34 
508	43 
509	60 
510	41 
511	63 
512	71 
513	139 176 211 214 225 240 
514	180 
515	56 
516	124 
517	253 
518	281 
519	16 
520	195 
521	233 
522	274 
523	147 
524	263 
525	160 
526	111 
527	167 
528	299 
529	192 
530	260 
531	6 
532	239 
533	107 
534	293 
535	15 
536	118 
537	301 
538	145 
539	107 
540	274 
541	73 
542	279 
543	103 
544	186 
545	285 
546	271 
547	63 
548	72 
549	47 
550	164 
551	17 30 51 54 180 195 
552	24 94 95 192 240 269 
553	240 
554	115 
555	41 
556	34 68 80 198 274 278 
557	272 
558	269 
559	94 
560	163 
561	137 
562	228 
563	295 
564	85 
565	183 
566	53 189 213 242 261 268 
567	245 
568	231 
569	28 
570	250 
571	31 110 162 175 177 244 
572	32 
573	184 
574	10 41 46 115 185 236 
575	5 
576	244 
577	25 76 81 211 217 264 
578	207 
579	263 
580	156 
581	171 
582	129 
583	206 
584	234 
585	21 
586	242 
587	136 
588	68 
589	311 
590	140 
591	146 
592	213 
593	171 
594	55 
595	147 
596	54 
597	110 
598	25 
599	75 
600	111 
601	112 
602	35 
603	177 
604	285 
605	16 43 156 185 259 271 
606	171 
607	282 
608	35 
609	232 
610	63 
611	126 
612	295 
613	294 
614	5 
615	261 
616	225 
617	76 
618	234 
619	78 
620	201 
621	1 
622	155 
623	49 
624	35 
625	84 
626	67 
627	227 
628	178 
629	307 
630	205 
631	133 
632	19 
633	119 
634	124 
635	102 115 134 142 277 295 
636	137 
637	47 
638	74 
639	72 107 112 127 164 208 
640	45 
641	55 
642	162 
643	66 
644	6 46 97 230 251 271 
645	18 
646	270 
647	197 
648	138 
649	140 
650	46 
651	271 
652	279 
653	147 
654	21 99 121 141 142 198 
655	225 
656	4 
657	192 
658	38 
659	55 56 57 125 248 309 
660	45 
661	6 
662	203 
663	91 
664	282 
665	202 
666	44 
667	149 
668	253 
669	281 
670	133 
671	151 
672	195 
673	54 
674	115 
675	166 
676	186 
677	252 
678	109 147 157 170 231 245 
679	170 
680	204 
681	208 
682	104 
683	40 
684	56 146 184 196 243 271 
685	277 
686	246 
687	84 185 222 267 271 274 
688	47 
689	69 
690	166 
691	48 
692	198 
693	126 
694	102 
695	120 
696	5 
697	306 
698	190 
699	75 
700	296 
701	234 
702	205 
703	223 
704	157 
705	259 
706	88 104 131 146 236 305 
707	193 
708	26 
709	224 
710	118 
711	47 84 112 139 198 235 
712	141 
713	293 
714	238 
715	42 
716	146 
717	226 
718	107 
719	253 
720	50 
721	54 
722	71 
723	21 
724	282 
725	216 
726	6 
727	155 
728	9 
729	279 
730	62 66 106 165 180 270 
731	161 
732	134 
733	100 107 200 206 259 277 
734	229 
735	115 
736	51 
737	136 
738	7 
739	184 
740	169 
741	150 
742	243 
743	163 
744	251 
745	59 
746	92 
747	274 
748	75 
749	249 
750	274 
751	138 
752	257 
753	266 
754	19 
755	107 
756	15 
757	82 
758	300 
759	180 
760	153 
761	74 
762	171 
763	286 
764	72 
765	298 
766	128 
767	35 
768	154 
769	151 
770	60 
771	17 
772	227 
773	285 
774	263 
775	15 
776	65 
777	188 
778	280 
779	51 143 164 176 206 287 
780	14 
781	220 
782	46 
783	296 
784	16 
785	307 
786	272 
787	3 
788	41 
789	92 97 129 142 236 279 
790	237 
791	48 
792	201 
793	236 
794	204 
795	16 
796	228 
797	21 45 97 142 163 239 
798	43 50 129 199 259 296 
799	234 
800	79 
801	227 
802	259 
803	89 
804	46 
805	154 
806	116 
807	38 166 231 263 269 301 
808	15 60 104 175 243 305 
809	273 
810	109 
811	157 
812	248 
813	50 
814	235 
815	28 35 166 290 295 311 
816	277 
817	125 
818	33 
819	21 
820	58 108 162 183 277 297 
821	83 
822	121 167 185 207 211 258 
823	35 
824	282 
825	71 
826	21 
827	103 
828	58 
829	182 
830	245 
831	227 
832	55 97 158 215 272 278 
833	9 
834	212 
835	90 
836	30 
837	309 
838	79 
839	214 
840	269 
841	17 
842	14 
843	194 
844	231 
845	72 
846	160 
847	84 
848	11 16 31 66 177 237 
849	95 
850	304 
851	259 
852	56 
853	302 
854	61 
855	170 
856	127 
857	241 
858	180 
859	15 
860	52 
861	236 
862	174 
863	204 
864	309 
865	72 85 146 162 190 261 
866	197 
867	172 
868	182 
869	191 
870	247 
871	292 
872	126 
873	159 
874	281 
875	45 102 148 229 268 271 
876	30 
877	248 
878	4 
879	263 
880	142 
881	133 
882	88 
883	137 
884	2 
885	284 
886	58 85 157 271 279 281 
887	158 
888	310 
889	137 
890	281 
891	27 
892	119 
893	28 52 121 211 269 285 
894	248 
895	167 
896	206 
897	200 
898	255 
899	58 
900	110 
901	17 
902	92 
903	281 
904	104 
905	52 
906	43 
907	17 45 60 75 93 138 
908	11 42 62 124 207 226 
909	74 
910	124 
911	99 
912	81 
913	184 
914	48 
915	199 
916	35 
917	154 
918	215 
919	154 
920	229 
921	280 
922	82 
923	43 
924	200 
925	151 
926	17 
927	304 
928	192 
929	276 
930	201 
931	178 
932	33 67 84 103 138 281 
933	53 60 142 144 201 234 
934	139 
935	139 
936	258 
937	264 
938	71 
939	84 
940	123 
941	140 
942	223 
943	3 
944	271 
945	218 
946	78 
947	282 
948	57 81 115 167 221 290 
949	8 
950	215 
951	168 
952	176 
953	266 
954	305 
955	134 
956	232 
957	211 
958	102 
959	285 
960	14 
961	54 
962	131 173 185 236 237 238 
963	155 
964	34 
965	46 56 71 218 286 310 
966	308 
967	15 
968	11 
969	271 
970	202 
971	189 
972	184 
973	247 
974	33 103 118 167 171 206 
975	195 
976	92 
977	131 
978	264 
979	53 
980	161 
981	13 15 123 149 161 176 
982	15 34 51 71 86 192 
983	68 
984	250 
985	13 
986	104 
987	262 
988	201 
989	3 
990	142 
991	108 
992	160 
993	175 
994	180 
995	289 
996	82 106 200 208 217 239 
997	9 
998	17 50 131 175 261 280 
999	11 83 90 259 267 309 
1000	248 
1001	299 
1002	185 
1003	1 
1004	39 44 202 263 286 289 
1005	230 
1006	232 
1007	84 
1008	279 
1009	164 
1010	214 
1011	245 
1012	51 
1013	269 
1014	104 
1015	20 74 167 221 240 305 
1016	171 
1017	267 
1018	82 
1019	271 
1020	264 
1021	66 
1022	5 
1023	22 
1024	52 70 110 151 232 246 
1025	180 
1026	172 
1027	131 
1028	220 
1029	134 
1030	63 
1031	107 
1032	214 
1033	162 
1034	222 
1035	2 
1036	299 
1037	72 135 138 139 147 205 
1038	308 
1039	89 
1040	25 
1041	4 
1042	63 
1043	297 
1044	283 
1045	18 158 167 183 212 236 
1046	122 
1047	285 
1048	165 
1049	38 
1050	30 
1051	240 
1052	61 
1053	201 
1054	301 
1055	123 125 169 227 255 279 
1056	227 
1057	22 
1058	293 
1059	142 
1060	46 111 142 153 285 287 
1061	176 
1062	156 
1063	105 
1064	164 
1065	217 
1066	216 
1067	122 
1068	159 
1069	23 
1070	89 
1071	225 
1072	56 
1073	215 
1074	262 
1075	56 
1076	30 
1077	121 130 167 193 237 238 
1078	162 188 229 263 279 294 
1079	43 66 136 188 261 290 
1080	227 
1081	3 99 142 195 224 287 
1082	257 
1083	203 
1084	240 
1085	198 
1086	146 
1087	190 
1088	118 
1089	262 
1090	39 
1091	166 
1092	51 
1093	166 
1094	163 
1095	291 
1096	122 
1097	158 
1098	248 
1099	61 115 224 225 226 275 
1100	44 
1101	164 
1102	296 
1103	167 
1104	88 
1105	189 
1106	38 
1107	177 
1108	247 
1109	271 
1110	106 142 258 261 268 285 
1111	268 
1112	172 
1113	274 
1114	168 
1115	279 
1116	103 
1117	173 
1118	274 
1119	1 
1120	46 
1121	281 
1122	262 
1123	279 
1124	19 37 212 262 270 278 
1125	177 
1126	242 
1127	68 
1128	196 
1129	21 
1130	17 96 146 171 249 281 
1131	201 
1132	258 
1133	90 
1134	113 
1135	80 
1136	214 
1137	111 
1138	198 
1139	172 
1140	5 
1141	23 
1142	41 72 80 269 277 306 
1143	235 
1144	8 
1145	70 
1146	239 
1147	106 
1148	107 
1149	190 
1150	177 
1151	153 
1152	190 
1153	85 
1154	145 
1155	79 
1156	22 
1157	6 
1158	192 
1159	243 
1160	125 
1161	81 110 136 211 270 291 
1162	33 61 142 201 252 300 
1163	234 
1164	39 
1165	237 
1166	46 
1167	279 
1168	81 
1169	228 
1170	214 
1171	144 199 211 258 271 305 
1172	216 
1173	253 
1174	97 
1175	260 
1176	68 
1177	171 
1178	309 
1179	135 
1180	280 
1181	251 
1182	57 
1183	97 
1184	50 
1185	212 
1186	254 
1187	57 
1188	270 
1189	307 
1190	75 
1191	309 
1192	136 
1193	7 61 66 82 118 251 
1194	82 
1195	304 
1196	188 
1197	38 
1198	261 
1199	41 
1200	272 
1201	205 
1202	262 
1203	49 
1204	57 121 150 212 232 243 
1205	243 
1206	107 131 233 264 292 295 
1207	9 
1208	177 
1209	206 
1210	307 
1211	29 
1212	34 
1213	53 
1214	172 
1215	32 
1216	278 
1217	96 
1218	69 118 149 175 241 300 
1219	277 
1220	280 
1221	103 
1222	159 
1223	41 
1224	192 
1225	9 
1226	134 
1227	90 
1228	17 93 137 159 183 306 
1229	124 
1230	240 
1231	129 
1232	31 59 102 155 164 284 
1233	41 
1234	45 
1235	274 
1236	236 
1237	40 47 72 95 131 254 
1238	21 
1239	269 
1240	57 
1241	3 48 144 220 244 296 
1242	68 
1243	83 
1244	121 
1245	129 
1246	203 
1247	82 
1248	147 
1249	39 
1250	30 
1251	227 
1252	205 
1253	225 
1254	72 
1255	115 
1256	269 
1257	246 
1258	55 
1259	77 
1260	69 
1261	61 
1262	258 
1263	285 
1264	29 
1265	282 
1266	124 
1267	277 
1268	140 
1269	57 
1270	103 
1271	50 
1272	11 
1273	279 
1274	126 
1275	189 
1276	248 
1277	21 46 102 118 131 210 
1278	277 
1279	141 
1280	253 
1281	66 
1282	205 
1283	197 
1284	183 
1285	77 
1286	261 
1287	209 
1288	226 
1289	302 
1290	15 
1291	56 
1292	240 
1293	149 
1294	9 74 110 199 219 240 
1295	269 
1296	50 88 166 183 264 284 
1297	15 23 131 156 192 229 
1298	187 
1299	310 
1300	139 
1301	214 
1302	67 
1303	166 
1304	235 
1305	182 
1306	74 
1307	45 126 168 199 235 305 
1308	175 
1309	257 
1310	240 
1311	242 
1312	73 
1313	51 
1314	179 
1315	137 
1316	168 
1317	45 106 126 202 209 227 
1318	224 
1319	300 
1320	84 
1321	5 
1322	58 
1323	12 178 195 216 261 298 
1324	19 38 84 197 217 247 
1325	159 
1326	128 
1327	243 
1328	56 
1329	260 
1330	165 
1331	207 
1332	2 15 68 73 102 201 
1333	310 
1334	101 137 145 149 206 305 
1335	235 
1336	16 
1337	21 22 45 107 110 131 
1338	183 
1339	100 
1340	26 
1341	226 
1342	121 
1343	72 
1344	33 
1345	139 
1346	34 
1347	104 
1348	103 
1349	75 
1350	164 
1351	21 
1352	103 
1353	149 
1354	46 150 258 259 285 296 
1355	224 
1356	297 
1357	175 
1358	259 
1359	125 
1360	228 
1361	10 
1362	28 
1363	295 
1364	21 
1365	278 
1366	132 136 143 211 229 269 
1367	257 
1368	30 
1369	266 
1370	59 
1371	178 
1372	161 
1373	139 
1374	3 
1375	121 
1376	283 
1377	257 
1378	41 
1379	139 
1380	19 25 59 61 218 296 
1381	12 
1382	128 
1383	222 
1384	31 
1385	311 
1386	22 103 115 191 198 290 
1387	267 
1388	197 
1389	130 
1390	195 
1391	15 44 49 53 87 149 
1392	138 
1393	307 
1394	240 
1395	210 
1396	57 
1397	240 
1398	198 
1399	259 
1400	287 
1401	221 
1402	151 
1403	227 
1404	168 
1405	18 
1406	269 
1407	30 
1408	131 
1409	229 
1410	137 
1411	210 
1412	8 
1413	195 
1414	190 
1415	116 
1416	309 
1417	71 
1418	231 
1419	179 
1420	299 
1421	241 
1422	21 71 89 142 185 221 
1423	292 
1424	221 
1425	6 13 49 60 163 238 
1426	66 107 166 195 229 244 
1427	306 
1428	63 
1429	71 
1430	152 
1431	172 
1432	82 
1433	17 
1434	115 
1435	56 
1436	45 
1437	271 
1438	248 
1439	62 
1440	55 
1441	177 
1442	129 
1443	139 
1444	38 
1445	60 
1446	279 
1447	94 
1448	71 
1449	123 
1450	60 
1451	252 
1452	125 
1453	230 
1454	212 
1455	77 
1456	225 
1457	160 
1458	160 
1459	309 
1460	262 
1461	279 
1462	122 
1463	137 
1464	32 53 82 141 198 279 
1465	294 
1466	19 
1467	57 
1468	258 
1469	7 
1470	89 150 216 224 239 294 
1471	96 
1472	129 
1473	116 
1474	116 
1475	136 
1476	149 
1477	200 
1478	244 
1479	136 
1480	1 58 105 167 175 297 
1481	55 
1482	139 
1483	19 
1484	223 
1485	17 
1486	150 
1487	270 
1488	223 
1489	295 
1490	283 
1491	162 
1492	279 
1493	78 
1494	2 
1495	52 186 201 253 255 286 
1496	181 
1497	261 
1498	105 
1499	37 
1500	277 
1501	50 
1502	69 
1503	115 
1504	72 
1505	7 
1506	142 
1507	297 
1508	83 
1509	277 
1510	239 
1511	157 
1512	76 136 142 175 208 240 
1513	18 
1514	88 
1515	229 
1516	167 
1517	155 
1518	216 
1519	283 
1520	136 
1521	229 
1522	221 
1523	131 
1524	126 
1525	258 
1526	289 
1527	250 
1528	21 57 139 175 217 269 
1529	81 
1530	230 
1531	204 
1532	297 
1533	46 
1534	156 
1535	276 
1536	236 
1537	38 
1538	16 
1539	104 
1540	212 
1541	19 
1542	134 
1543	24 
1544	310 
1545	115 
1546	58 
1547	267 
1548	70 
1549	136 
1550	34 
1551	51 
1552	229 
1553	118 
1554	120 
1555	159 
1556	239 
1557	59 67 95 154 211 309 
1558	288 
1559	45 
1560	17 
1561	93 
1562	13 
1563	118 
1564	46 124 202 223 261 299 
1565	231 
1566	87 
1567	83 88 102 123 136 166 
1568	269 
1569	46 48 121 160 182 310 
1570	21 79 107 141 186 276 
1571	48 
1572	137 
1573	239 
1574	53 
1575	155 
1576	8 
1577	53 
1578	303 
1579	253 
1580	17 
1581	259 
1582	238 
1583	94 
1584	99 
1585	230 
1586	261 
1587	34 
1588	267 
1589	189 
1590	46 
1591	258 
1592	15 
1593	89 
1594	58 
1595	13 
1596	300 
1597	13 
1598	190 
1599	303 
1600	181 
1601	3 
1602	40 
1603	301 
1604	149 
1605	165 
1606	55 
1607	15 
1608	265 
1609	142 
1610	209 
1611	62 
1612	266 
1613	125 
1614	225 
1615	53 
1616	261 
1617	127 
1618	205 
1619	115 
1620	274 
1621	308 
1622	185 
1623	116 
1624	173 
1625	253 
1626	259 
1627	115 
1628	304 
1629	36 
1630	187 
1631	170 
1632	61 
1633	150 
1634	185 
1635	223 
1636	159 
1637	149 
1638	253 
1639	231 
1640	14 42 154 194 210 221 
1641	227 
1642	246 
1643	1 
1644	270 
1645	296 
1646	69 
1647	76 
1648	143 
1649	250 
1650	129 
1651	253 
1652	142 
1653	186 
1654	255 
1655	85 
1656	290 
1657	283 
1658	140 
1659	63 101 203 221 226 263 
1660	20 
1661	221 
1662	58 
1663	95 
1664	287 
1665	291 
1666	308 
1667	149 
1668	282 
1669	253 
1670	12 49 133 171 179 252 
1671	163 
1672	62 
1673	175 
1674	202 
1675	193 
1676	14 
1677	116 
1678	19 
1679	273 
1680	166 
1681	122 
1682	176 
1683	29 
1684	211 
1685	271 
1686	164 
1687	54 123 146 158 175 271 
1688	38 84 125 193 196 211 
1689	201 
1690	79 
1691	207 
1692	233 
1693	52 
1694	270 
1695	74 
1696	76 
1697	60 
1698	260 
1699	104 
1700	11 
1701	249 
1702	235 
1703	127 
1704	254 
1705	53 139 240 255 258 274 
1706	226 
1707	177 
1708	87 
1709	195 
1710	293 
1711	140 
1712	15 
1713	60 
1714	187 
1715	22 
1716	82 
1717	158 
1718	271 
1719	97 
1720	303 
1721	28 
1722	155 
1723	190 
1724	138 
1725	85 
1726	272 
1727	126 
1728	1 
1729	9 
1730	285 
1731	111 
1732	7 
1733	88 
1734	294 
1735	137 
1736	166 
1737	64 
1738	308 
1739	161 
1740	7 
1741	187 
1742	154 
1743	91 
1744	14 
1745	279 
1746	55 
1747	100 
1748	79 
1749	85 
1750	16 
1751	12 
1752	251 
1753	310 
1754	226 
1755	144 
1756	156 
1757	160 
1758	126 
1759	30 49 54 59 139 303 
1760	59 
1761	80 
1762	267 
1763	46 
1764	92 
1765	199 
1766	279 
1767	250 
1768	257 
1769	197 
1770	125 
1771	281 
1772	129 
1773	9 
1774	226 
1775	277 
1776	59 
1777	256 
1778	61 
1779	56 
1780	61 
1781	107 108 123 221 239 293 
1782	103 
1783	71 85 154 201 229 239 
1784	311 
1785	309 
1786	283 
1787	183 
1788	169 
1789	113 
1790	206 
1791	106 
1792	209 
1793	271 
1794	86 
1795	283 
1796	196 
1797	249 
1798	93 
1799	205 
1800	305 
1801	24 
1802	196 
1803	12 
1804	259 
1805	285 
1806	238 
1807	25 
1808	49 
1809	137 
1810	247 
1811	112 
1812	160 
1813	176 
1814	213 
1815	235 
1816	82 
1817	267 
1818	214 
1819	165 180 234 240 242 246 
1820	60 
1821	43 
1822	165 
1823	180 
1824	115 
1825	229 
1826	159 
1827	108 
1828	45 
1829	23 
1830	30 
1831	80 
1832	227 
1833	227 
1834	167 
1835	235 
1836	248 
1837	166 
1838	177 
1839	112 
1840	174 
1841	197 
1842	41 
1843	44 56 79 142 224 246 
1844	14 31 80 85 184 310 
1845	55 
1846	27 75 121 136 175 181 
1847	295 
1848	50 63 104 125 140 151 
1849	166 
1850	60 
1851	141 
1852	58 
1853	264 
1854	135 
1855	177 196 201 261 267 289 
1856	61 
1857	181 
1858	306 
1859	60 
1860	85 
1861	213 
1862	50 
1863	165 
1864	197 
1865	90 
1866	136 
1867	53 
1868	87 
1869	283 
1870	79 
1871	133 
1872	227 
1873	279 
1874	5 
1875	186 
1876	205 
1877	285 
1878	17 
1879	158 
1880	223 
1881	139 
1882	295 
1883	123 
1884	310 
1885	275 
1886	175 
1887	246 
1888	15 
1889	58 
1890	146 
1891	251 
1892	58 
1893	121 
1894	5 
1895	243 
1896	127 
1897	118 
1898	50 
1899	118 
1900	229 
1901	179 
1902	291 
1903	143 
1904	43 
1905	83 
1906	285 
1907	27 
1908	311 
1909	207 
1910	19 
1911	52 124 151 164 201 224 
1912	275 
1913	297 
1914	236 
1915	30 
1916	11 
1917	245 
1918	188 
1919	191 
1920	15 
1921	229 
1922	56 
1923	204 
1924	93 
1925	193 
1926	208 
1927	138 
1928	32 
1929	192 
1930	214 
1931	101 
1932	126 
1933	102 
1934	211 
1935	273 
1936	102 
1937	31 
1938	139 
1939	193 
1940	224 
1941	16 121 131 175 250 299 
1942	123 152 154 287 288 298 
1943	199 
1944	1 6 55 188 234 255 
1945	281 
1946	29 
1947	75 
1948	158 
1949	236 
1950	168 
1951	126 
1952	279 
1953	152 
1954	267 
1955	78 
1956	56 
1957	135 
1958	270 
1959	199 
1960	164 
1961	30 38 153 251 280 310 
1962	206 
1963	278 
1964	10 
1965	231 
1966	166 
1967	189 
1968	177 
1969	223 
1970	253 
1971	89 
1972	102 
1973	16 
1974	78 
1975	103 
1976	120 
1977	310 
1978	125 
1979	15 69 85 108 154 172 
1980	128 
1981	53 
1982	6 
1983	75 
1984	198 
1985	30 76 241 271 291 301 
1986	121 
1987	59 
1988	244 
1989	257 
1990	103 
1991	283 
1992	270 
1993	252 
1994	71 
1995	69 
1996	30 
1997	53 
1998	277 
1999	43 
2000	129 
2001	84 
2002	145 
2003	6 
2004	101 
2005	245 
2006	131 
2007	62 122 126 214 276 293 
2008	105 
2009	64 164 174 185 221 223 
2010	206 
2011	264 
2012	106 
2013	204 
2014	176 
2015	179 
2016	180 
2017	113 
2018	30 31 120 172 206 212 
2019	89 
2020	131 
2021	58 
2022	186 
2023	248 
2024	34 
2025	8 21 43 152 159 256 
2026	69 
2027	147 
2028	168 
2029	113 
2030	158 
2031	248 
2032	71 
2033	207 
2034	259 
2035	63 136 185 186 292 295 
2036	139 
2037	89 
2038	294 
2039	91 
2040	47 
2041	271 
2042	71 
2043	303 
2044	208 
2045	190 
2046	103 
2047	112 
2048	175 
2049	84 
2050	15 21 141 185 212 263 
2051	299 
2052	59 
2053	7 14 126 150 218 281 
2054	98 
2055	241 
2056	217 
2057	12 
2058	118 
2059	44 
2060	105 
2061	142 
2062	92 
2063	98 
2064	17 
2065	44 
2066	203 
2067	97 
2068	145 
2069	285 
2070	88 90 101 123 254 294 
2071	106 
2072	67 
2073	103 
2074	295 
2075	42 
2076	229 
2077	190 
2078	289 
2079	167 
2080	83 
2081	14 
2082	281 
2083	132 
2084	53 
2085	96 127 142 159 233 243 
2086	234 
2087	8 
2088	137 
2089	279 
2090	234 
2091	208 
2092	32 
2093	142 
2094	97 116 154 162 208 273 
2095	72 
2096	98 
2097	13 69 73 85 107 302 
2098	213 
2099	240 
2100	226 
2101	235 
2102	44 
2103	99 
2104	123 
2105	136 153 183 201 295 297 
2106	245 
2107	180 
2108	30 
2109	45 
2110	185 
2111	166 
2112	185 
2113	228 
2114	80 
2115	84 
2116	263 
2117	199 
2118	131 205 225 273 281 287 
2119	265 
2120	51 
2121	64 
2122	190 
2123	158 
2124	284 
2125	294 
2126	149 
2127	84 
2128	166 
2129	199 
2130	163 
2131	163 
2132	216 
2133	69 74 141 205 242 296 
2134	122 
2135	80 
2136	206 
2137	221 
2138	46 
2139	19 
2140	192 
2141	72 
2142	85 
2143	21 80 175 250 261 295 
2144	44 
2145	75 
2146	45 
2147	167 
2148	271 
2149	67 69 139 158 186 288 
2150	247 
2151	66 
2152	67 
2153	199 
2154	107 
2155	15 
2156	200 
2157	37 
2158	157 
2159	141 
2160	159 
2161	271 
2162	250 
2163	191 
2164	162 163 197 245 271 306 
2165	31 
2166	274 
2167	126 
2168	111 
2169	147 
2170	150 
2171	38 
2172	72 
2173	241 
2174	268 
2175	69 
2176	123 
2177	240 
2178	213 
2179	45 
2180	32 130 171 198 200 243 
2181	24 
2182	259 
2183	66 103 122 269 291 296 
2184	83 98 132 216 236 279 
2185	307 
2186	164 
2187	279 
2188	279 
2189	205 
2190	293 
2191	123 
2192	198 
2193	101 
2194	185 
2195	187 
2196	83 
2197	241 
2198	257 
2199	53 
2200	94 
2201	283 
2202	107 
2203	269 
2204	137 
2205	246 
2206	38 
2207	12 
2208	214 
2209	158 
2210	307 
2211	100 
2212	241 
2213	24 103 136 269 270 277 
2214	149 
2215	247 
2216	121 
2217	112 
2218	138 
2219	56 102 116 159 162 224 
2220	215 
2221	131 
2222	107 165 280 285 287 289 
2223	136 
2224	52 
2225	122 
2226	303 
2227	103 
2228	197 
2229	74 
2230	57 
2231	155 
2232	38 
2233	16 
2234	184 
2235	156 
2236	26 61 63 113 171 266 
2237	138 
2238	225 
2239	195 
2240	45 
2241	206 
2242	73 
2243	263 
2244	272 
2245	82 
2246	163 
2247	185 
2248	276 
2249	56 
2250	175 
2251	103 
2252	15 
2253	139 
2254	207 
2255	212 
2256	186 
2257	227 
2258	64 85 99 175 179 192 
2259	11 27 142 201 228 269 
2260	55 60 189 214 239 281 
2261	239 
2262	45 
2263	19 111 129 131 176 217 
2264	55 85 207 223 268 295 
2265	112 
2266	115 
2267	171 
2268	123 
2269	16 
2270	227 
2271	78 87 102 156 226 240 
2272	159 
2273	221 
2274	85 
2275	117 
2276	64 
2277	144 
2278	91 
2279	20 
2280	115 
2281	196 
2282	254 
2283	279 
2284	279 
2285	189 
2286	128 
2287	287 
2288	44 65 76 129 267 298 
2289	104 
2290	167 
2291	18 
2292	186 
2293	234 
2294	310 
2295	233 
2296	28 
2297	84 
2298	137 
2299	49 
2300	234 
2301	252 
2302	200 
2303	263 
2304	261 
2305	131 
2306	198 
2307	38 
2308	19 
2309	267 
2310	160 
2311	101 
2312	180 
2313	145 
2314	258 
2315	28 
2316	4 
2317	96 
2318	265 
2319	192 
2320	283 
2321	146 
2322	10 37 104 177 190 259 
2323	154 
2324	60 72 175 186 237 239 
2325	169 
2326	88 
2327	190 
2328	175 
2329	66 
2330	184 
2331	222 
2332	39 172 173 180 192 214 
2333	207 
2334	226 
2335	102 110 117 169 234 283 
2336	33 108 133 171 223 299 
2337	297 
2338	62 
2339	117 
2340	11 
2341	201 
2342	96 
2343	38 
2344	79 
2345	277 
2346	230 
2347	108 
2348	18 102 149 159 251 310 
2349	212 
2350	138 
2351	26 31 53 200 240 250 
2352	62 
2353	34 43 84 193 217 263 
2354	102 
2355	115 
2356	154 
2357	46 
2358	87 
2359	28 
2360	189 
2361	13 
2362	16 
2363	144 
2364	233 
2365	216 
2366	25 
2367	282 
2368	243 
2369	124 158 161 186 225 250 
2370	287 
2371	136 
2372	26 
2373	273 
2374	271 
2375	155 
2376	139 
2377	122 
2378	78 
2379	158 
2380	64 
2381	46 
2382	181 
2383	14 
2384	221 
2385	143 
2386	105 
2387	137 
2388	62 63 69 108 136 181 
2389	19 
2390	155 
2391	270 
2392	275 
2393	180 
2394	305 
2395	115 
2396	69 
2397	223 
2398	178 
2399	83 
2400	72 
2401	164 
2402	274 
2403	255 
2404	89 
2405	131 
2406	290 
2407	270 
2408	78 
2409	84 
2410	173 
2411	102 
2412	225 
2413	55 
2414	64 129 143 206 211 279 
2415	139 
2416	100 167 215 240 277 296 
2417	130 
2418	186 
2419	211 
2420	279 
2421	76 
2422	34 109 164 191 248 272 
2423	43 82 158 207 241 305 
2424	203 
2425	178 
2426	10 
2427	45 
2428	15 
2429	282 
2430	21 
2431	263 
2432	200 
2433	7 
2434	298 
2435	218 
2436	110 
2437	285 
2438	241 
2439	239 
2440	270 
2441	82 
2442	121 
2443	257 
2444	93 
2445	120 
2446	242 
2447	9 
2448	170 
2449	55 
2450	81 
2451	11 113 146 217 248 252 
2452	84 
2453	117 
2454	263 
2455	162 
2456	172 
2457	115 
2458	285 
2459	167 
2460	110 
2461	265 
2462	118 
2463	45 
2464	282 
2465	211 
2466	198 
2467	126 
2468	260 
2469	47 
2470	31 
2471	27 
2472	200 
2473	54 
2474	144 
2475	90 
2476	302 
2477	310 
2478	269 
2479	280 
2480	8 17 39 190 277 282 
2481	50 
2482	49 
2483	287 
2484	160 
2485	55 
2486	50 
2487	44 
2488	229 
2489	225 
2490	229 
2491	227 
2492	11 
2493	220 
2494	226 
2495	217 
2496	270 
2497	143 
2498	81 
2499	66 
2500	53 186 265 270 274 296 
2501	159 
2502	201 
2503	155 
2504	40 
2505	80 
2506	135 
2507	238 
2508	296 
2509	241 
2510	45 
2511	284 
2512	18 63 98 150 194 231 
2513	167 
2514	287 
2515	23 
2516	126 
2517	7 
2518	254 
2519	64 
2520	221 
2521	272 
2522	15 46 120 202 287 306 
2523	105 
2524	149 
2525	303 
2526	180 
2527	11 
2528	147 
2529	129 
2530	33 
2531	89 
2532	310 
2533	281 
2534	85 
2535	244 
2536	142 
2537	35 63 67 235 271 286 
2538	122 
2539	135 
2540	53 
2541	244 
2542	186 
2543	232 
2544	122 
2545	237 
2546	181 
2547	131 
2548	182 
2549	307 
2550	284 
2551	126 
2552	137 
2553	21 113 129 175 219 223 
2554	122 
2555	119 
2556	206 
2557	148 
2558	279 
2559	136 154 190 215 222 274 
2560	267 
2561	79 
2562	305 
2563	43 
2564	284 
2565	293 
2566	42 
2567	42 
2568	210 
2569	31 
2570	168 
2571	131 
2572	180 
2573	189 
2574	189 
2575	289 
2576	301 
2577	288 
2578	37 71 118 125 192 238 
2579	133 
2580	19 
2581	88 
2582	307 
2583	13 
2584	275 
2585	285 
2586	292 
2587	185 
2588	256 
2589	291 
2590	112 
2591	34 56 85 101 226 237 
2592	181 
2593	212 
2594	10 34 58 224 243 279 
2595	63 
2596	101 
2597	248 
2598	48 
2599	205 
2600	78 
2601	263 
2602	34 
2603	277 
2604	193 
2605	116 
2606	134 
2607	80 
2608	115 
2609	99 
2610	75 140 155 160 207 235 
2611	305 
2612	169 
2613	197 
2614	250 
2615	26 140 207 227 256 308 
2616	45 
2617	90 
2618	45 
2619	122 
2620	240 
2621	36 
2622	269 
2623	2 11 84 132 200 204 
2624	179 
2625	172 
2626	281 
2627	53 
2628	248 
2629	308 
2630	112 
2631	1 
2632	289 
2633	16 21 105 141 270 282 
2634	265 
2635	167 
2636	110 
2637	290 
2638	202 
2639	306 
2640	172 
2641	52 84 241 284 289 290 
2642	267 
2643	205 
2644	142 
2645	264 
2646	166 
2647	135 
2648	50 
2649	285 
2650	21 
2651	290 
2652	192 
2653	141 
2654	166 
2655	138 
2656	80 
2657	158 
2658	206 
2659	108 
2660	243 
2661	158 
2662	66 
2663	215 
2664	17 
2665	276 
2666	54 
2667	146 
2668	146 
2669	53 
2670	40 75 125 193 212 304 
2671	36 
2672	38 
2673	42 
2674	98 
2675	138 
2676	115 
2677	240 
2678	292 
2679	63 122 194 244 261 285 
2680	33 71 117 123 175 180 
2681	251 
2682	113 
2683	69 
2684	232 
2685	83 
2686	251 
2687	55 
2688	214 
2689	225 
2690	25 
2691	122 
2692	107 
2693	297 
2694	10 102 129 147 209 289 
2695	225 
2696	291 
2697	7 
2698	15 
2699	232 
2700	204 
2701	190 
2702	221 
2703	122 212 245 248 269 293 
2704	158 
2705	92 
2706	163 
2707	69 
2708	76 
2709	32 82 130 231 279 307 
2710	126 
2711	55 
2712	107 
2713	253 
2714	159 
2715	167 
2716	116 
2717	128 
2718	31 
2719	299 
2720	181 
2721	75 
2722	153 
2723	191 
2724	121 
2725	161 
2726	237 
2727	15 
2728	205 
2729	162 
2730	44 
2731	206 
2732	142 147 166 251 292 308 
2733	185 
2734	185 
2735	5 105 118 164 238 261 
2736	92 
2737	185 
2738	225 
2739	141 
2740	53 
2741	19 
2742	131 
2743	18 
2744	51 
2745	187 
2746	21 
2747	58 
2748	105 
2749	41 
2750	45 
2751	267 
2752	6 126 140 180 214 308 
2753	286 
2754	201 
2755	31 
2756	130 
2757	127 
2758	215 
2759	124 
2760	283 
2761	70 
2762	41 
2763	126 
2764	238 
2765	122 
2766	273 
2767	3 
2768	161 
2769	185 
2770	158 
2771	83 
2772	303 
2773	110 
2774	238 
2775	45 
2776	66 
2777	227 
2778	14 69 180 186 225 271 
2779	66 
2780	213 
2781	291 
2782	129 
2783	82 
2784	67 
2785	131 
2786	16 56 81 86 251 301 
2787	93 167 245 282 289 294 
2788	116 
2789	80 
2790	59 
2791	65 
2792	298 
2793	175 
2794	18 
2795	30 38 48 49 112 238 
2796	20 27 181 221 227 278 
2797	74 
2798	147 
2799	107 
2800	31 
2801	256 
2802	38 60 217 222 228 230 
2803	165 
2804	190 
2805	226 
2806	121 
2807	88 
2808	118 
2809	271 
2810	30 
2811	39 
2812	170 
2813	239 
2814	259 
2815	2 148 167 171 291 302 
2816	106 
2817	150 
2818	198 
2819	74 
2820	129 
2821	282 
2822	46 
2823	50 126 157 241 242 253 
2824	229 
2825	246 
2826	46 
2827	258 
2828	295 
2829	212 
2830	20 41 203 217 264 275 
2831	152 
2832	227 
2833	34 
2834	261 
2835	284 
2836	52 
2837	207 
2838	22 
2839	21 
2840	147 
2841	293 
2842	281 
2843	15 
2844	255 
2845	38 127 137 211 223 262 
2846	9 90 166 172 234 311 
2847	13 27 149 158 193 247 
2848	134 
2849	114 
2850	117 
2851	282 
2852	166 
2853	124 
2854	211 
2855	2 
2856	270 
2857	125 
2858	79 
2859	85 
2860	73 
2861	299 
2862	45 
2863	28 
2864	179 
2865	129 
2866	96 
2867	100 
2868	255 
2869	263 
2870	242 
2871	17 
2872	10 57 140 142 150 157 
2873	62 
2874	153 
2875	117 
2876	97 
2877	77 
2878	217 
2879	112 
2880	75 89 229 264 285 308 
2881	107 
2882	182 
2883	281 
2884	190 
2885	291 
2886	304 
2887	176 
2888	128 
2889	142 
2890	219 
2891	6 
2892	142 
2893	90 
2894	88 
2895	36 
2896	204 
2897	189 
2898	221 
2899	118 
2900	82 
2901	33 
2902	301 
2903	2 
2904	3 15 38 99 112 191 
2905	158 
2906	118 
2907	174 
2908	14 30 44 65 105 216 
2909	69 101 112 139 229 243 
2910	235 
2911	131 
2912	71 
2913	272 
2914	50 
2915	217 
2916	191 
2917	154 
2918	211 
2919	14 
2920	269 
2921	156 
2922	66 
2923	309 
2924	132 
2925	178 
2926	80 
2927	138 
2928	269 
2929	39 
2930	52 
2931	69 
2932	249 
2933	225 
2934	281 
2935	86 
2936	84 
2937	150 
2938	177 
2939	160 
2940	205 
2941	225 
2942	186 
2943	22 
2944	4 71 89 155 164 283 
2945	50 
2946	13 
2947	154 
2948	15 49 197 200 221 246 
2949	226 
2950	41 
2951	117 162 179 198 227 245 
2952	281 
2953	139 
2954	295 
2955	13 
2956	90 
2957	47 
2958	147 
2959	229 
2960	191 
2961	69 184 190 254 274 295 
2962	283 
2963	21 
2964	196 
2965	5 
2966	2 
2967	250 
2968	217 
2969	14 
2970	270 
2971	112 
2972	180 
2973	160 
2974	287 
2975	147 
2976	10 
2977	233 
2978	237 
2979	194 
2980	234 
2981	17 57 185 192 212 232 
2982	127 
2983	31 66 164 201 269 284 
2984	118 
2985	45 
2986	81 83 154 202 225 240 
2987	118 
2988	15 56 80 89 190 311 
2989	34 
2990	226 
2991	271 
2992	44 
2993	4 
2994	117 
2995	201 
2996	258 
2997	129 
2998	179 
2999	190 
3000	45 
3001	239 
3002	14 100 192 207 251 282 
3003	300 
3004	53 73 186 269 279 295 
3005	24 139 155 199 257 288 
3006	301 
3007	239 
3008	221 
3009	44 107 163 218 221 305 
3010	243 
3011	295 
3012	295 
3013	35 43 92 225 232 284 
3014	288 
3015	275 
3016	181 
3017	303 
3018	248 
3019	116 
3020	235 
3021	276 
3022	226 
3023	169 
3024	292 
3025	171 
3026	34 
3027	85 
3028	205 
3029	301 
3030	136 
3031	89 
3032	201 
3033	276 
3034	118 
3035	141 
3036	180 
3037	68 146 209 230 237 302 
3038	58 
3039	195 
3040	78 
3041	241 
3042	278 
3043	64 
3044	71 
3045	91 
3046	70 
3047	279 
3048	281 
3049	70 
3050	235 
3051	268 
3052	302 
3053	62 
3054	88 
3055	232 
3056	91 
3057	11 
3058	123 
3059	150 
3060	270 
3061	110 
3062	85 
3063	287 
3064	289 
3065	44 84 109 131 225 277 
3066	52 
3067	106 
3068	128 
3069	115 
3070	55 
3071	102 
3072	246 
3073	29 
3074	164 
3075	6 
3076	211 
3077	206 
3078	246 
3079	294 
3080	212 
3081	175 
3082	269 
3083	212 
3084	207 
3085	76 
3086	33 60 166 279 290 300 
3087	270 
3088	167 
3089	29 
3090	172 
3091	143 
3092	279 
3093	270 
3094	21 118 171 199 239 258 
3095	222 
3096	295 
3097	158 
3098	43 
3099	142 
3100	248 
3101	116 
3102	15 85 98 200 236 276 
3103	5 78 195 213 223 250 
3104	145 
3105	177 
3106	19 
3107	31 
3108	98 
3109	182 
3110	38 
3111	274 
3112	19 46 73 121 183 207 
3113	310 
3114	299 
3115	21 
3116	239 
3117	9 
3118	72 
3119	53 
3120	50 64 73 122 195 203 
3121	287 
3122	216 
3123	253 
3124	237 
3125	79 106 120 125 162 190 
3126	84 
3127	112 
3128	247 
3129	37 
3130	201 
3131	283 
3132	277 
3133	166 
3134	55 
3135	207 
3136	53 72 179 229 250 303 
3137	237 
3138	43 
3139	53 
3140	54 
3141	225 
3142	46 
3143	193 
3144	157 
3145	63 
3146	114 
3147	210 
3148	130 
3149	94 
3150	56 
3151	79 
3152	281 
3153	240 
3154	30 
3155	29 
3156	279 
3157	63 
3158	121 
3159	161 
3160	33 
3161	218 
3162	5 21 36 139 176 212 
3163	202 
3164	241 
3165	99 
3166	127 
3167	107 
3168	159 
3169	240 
3170	276 
3171	154 
3172	117 
3173	161 
3174	156 
3175	58 
3176	18 69 118 121 130 172 
3177	253 
3178	20 
3179	304 
3180	259 
3181	270 
3182	66 126 154 170 211 272 
3183	81 
3184	246 
3185	158 
3186	104 
3187	165 
3188	144 
3189	31 
3190	126 
3191	115 
3192	183 
3193	84 
3194	28 97 147 154 279 296 
3195	20 
3196	140 
3197	101 
3198	245 
3199	213 
3200	83 166 167 232 285 310 
3201	69 
3202	261 
3203	103 
3204	118 
3205	267 
3206	3 11 109 252 263 278 
3207	126 
3208	253 
3209	211 
3210	4 13 50 117 132 239 
3211	73 
3212	213 
3213	136 
3214	226 
3215	246 
3216	180 
3217	86 
3218	142 
3219	280 
3220	269 
3221	296 
3222	206 
3223	131 
3224	28 
3225	56 
3226	235 
3227	199 
3228	90 
3229	201 
3230	21 38 40 118 221 297 
3231	23 
3232	125 
3233	297 
3234	60 
3235	172 
3236	271 
3237	181 
3238	249 
3239	164 
3240	13 118 201 207 290 297 
3241	198 
3242	305 
3243	203 
3244	15 37 88 92 213 237 
3245	110 
3246	164 
3247	224 
3248	49 52 104 147 155 163 
3249	53 
3250	287 
3251	35 51 88 107 159 230 
3252	171 
3253	175 
3254	77 
3255	70 101 136 158 185 193 
3256	182 
3257	301 
3258	14 
3259	95 
3260	5 18 19 106 144 171 
3261	286 
3262	51 
3263	260 
3264	145 
3265	37 
3266	232 
3267	107 
3268	38 
3269	115 
3270	221 
3271	171 
3272	264 
3273	4 8 66 70 166 253 
3274	71 
3275	193 
3276	212 
3277	229 
3278	44 91 122 167 255 308 
3279	202 
3280	150 
3281	279 
3282	38 
3283	219 
3284	18 
3285	213 
3286	60 
3287	112 
3288	227 
3289	253 
3290	92 
3291	98 
3292	210 
3293	106 
3294	17 
3295	15 
3296	4 
3297	131 
3298	25 60 250 259 263 272 
3299	187 
3300	125 167 217 221 270 279 
3301	2 
3302	10 
3303	21 
3304	139 
3305	164 
3306	114 
3307	227 
3308	168 
3309	282 
3310	196 
3311	40 
3312	244 
3313	85 
3314	89 
3315	11 59 71 257 258 304 
3316	146 
3317	140 
3318	221 
3319	46 
3320	208 
3321	225 
3322	217 
3323	87 
3324	249 
3325	120 
3326	150 
3327	177 
3328	237 
3329	95 
3330	217 
3331	24 38 54 114 158 283 
3332	56 
3333	64 
3334	208 
3335	163 
3336	206 
3337	88 141 211 223 253 301 
3338	248 
3339	186 
3340	23 
3341	87 
3342	100 
3343	59 
3344	9 
3345	253 
3346	235 
3347	118 
3348	42 104 139 208 216 283 
3349	167 
3350	5 34 56 140 259 303 
3351	240 
3352	302 
3353	203 
3354	50 113 149 277 279 295 
3355	53 158 197 253 264 271 
3356	183 
3357	204 
3358	44 84 171 200 212 225 
3359	261 
3360	104 
3361	5 
3362	190 
3363	78 
3364	163 
3365	167 
3366	71 
3367	265 
3368	311 
3369	241 
3370	213 
3371	30 
3372	222 
3373	86 
3374	281 
3375	283 
3376	13 
3377	225 
3378	290 
3379	4 
3380	90 
3381	207 
3382	81 
3383	38 
3384	30 
3385	119 
3386	279 
3387	14 83 119 160 168 232 
3388	139 
3389	302 
3390	167 
3391	242 
3392	21 34 91 119 141 204 
3393	201 
3394	200 
3395	205 
3396	209 
3397	284 
3398	86 
3399	184 
3400	127 
3401	136 
3402	8 
3403	14 32 64 69 139 255 
3404	120 
3405	17 
3406	144 
3407	254 
3408	67 
3409	129 168 190 224 269 273 
3410	223 
3411	60 
3412	167 
3413	190 
3414	11 32 47 71 177 227 
3415	186 
3416	35 
3417	263 
3418	138 
3419	25 
3420	110 
3421	21 
3422	210 
3423	279 
3424	211 
3425	139 
3426	277 
3427	45 
3428	57 
3429	41 46 53 160 205 219 
3430	93 
3431	230 
3432	160 
3433	38 
3434	129 
3435	45 
3436	136 
3437	44 
3438	289 
3439	170 
3440	137 
3441	271 
3442	285 
3443	115 
3444	65 
3445	103 
3446	49 
3447	290 
3448	220 
3449	211 
3450	201 
3451	157 
3452	195 
3453	212 
3454	137 
3455	119 
3456	79 88 142 190 199 269 
3457	165 
3458	219 
3459	300 
3460	189 
3461	206 
3462	201 
3463	140 208 235 258 270 281 
3464	297 
3465	90 
3466	256 
3467	237 
3468	126 
3469	258 
3470	305 
3471	207 
3472	56 
3473	133 
3474	190 
3475	57 
3476	75 
3477	158 183 207 235 271 281 
3478	276 
3479	171 
3480	258 
3481	117 
3482	238 
3483	5 108 115 117 164 172 
3484	137 
3485	17 
3486	234 
3487	274 
3488	80 
3489	201 
3490	50 
3491	300 
3492	133 
3493	206 
3494	226 
3495	30 
3496	6 
3497	298 
3498	145 
3499	30 36 131 140 215 277 
3500	65 
3501	205 
3502	253 
3503	271 
3504	177 
3505	139 
3506	182 
3507	269 
3508	28 
3509	112 
3510	202 
3511	124 
3512	217 
3513	61 
3514	269 
3515	46 
3516	141 
3517	295 
3518	58 
3519	123 
3520	166 
3521	16 
3522	83 
3523	239 
3524	16 
3525	19 
3526	248 
3527	133 
3528	68 
3529	28 56 119 137 194 281 
3530	212 
3531	105 
3532	237 
3533	155 
3534	6 45 67 166 274 297 
3535	180 
3536	286 
3537	37 
3538	166 
3539	35 
3540	41 49 103 239 249 288 
3541	132 
3542	19 
3543	242 
3544	171 
3545	243 
3546	53 
3547	138 
3548	281 
3549	56 
3550	179 
3551	226 
3552	64 
3553	291 
3554	235 
3555	248 
3556	181 
3557	118 
3558	56 
3559	69 
3560	157 
3561	6 
3562	213 
3563	253 
3564	3 
3565	61 
3566	231 
3567	52 
3568	13 
3569	285 
3570	285 
3571	206 
3572	267 
3573	106 
3574	9 
3575	61 
3576	96 
3577	18 50 138 180 205 310 
3578	204 
3579	185 
3580	150 
3581	260 
3582	279 
3583	305 
3584	141 
3585	22 
3586	275 
3587	146 
3588	19 
3589	184 
3590	232 
3591	21 
3592	270 
3593	110 
3594	209 
3595	259 
3596	76 
3597	114 
3598	187 
3599	185 
3600	94 
3601	55 
3602	30 
3603	75 
3604	16 
3605	32 
3606	56 
3607	310 
3608	30 
3609	88 
3610	237 
3611	188 
3612	14 
3613	219 
3614	178 
3615	269 
3616	41 
3617	14 
3618	243 
3619	291 
3620	162 
3621	13 16 79 165 178 239 
3622	270 
3623	135 
3624	227 
3625	193 
3626	258 
3627	93 
3628	174 
3629	28 
3630	160 
3631	125 203 214 221 229 292 
3632	306 
3633	28 56 138 146 177 298 
3634	273 
3635	150 
3636	29 
3637	53 
3638	146 
3639	301 
3640	80 
3641	19 
3642	302 
3643	156 
3644	206 
3645	172 
3646	207 
3647	201 
3648	118 
3649	162 
3650	21 
3651	158 
3652	207 
3653	189 
3654	198 
3655	58 
3656	174 
3657	278 
3658	174 
3659	141 
3660	31 
3661	84 
3662	18 
3663	136 
3664	84 
3665	92 
3666	226 
3667	85 
3668	159 
3669	305 
3670	87 
3671	23 31 48 63 120 209 
3672	43 121 184 224 229 235 
3673	309 
3674	185 
3675	215 
3676	39 
3677	168 
3678	182 
3679	88 126 142 158 189 236 
3680	37 
3681	81 
3682	123 
3683	279 
3684	263 
3685	28 53 61 76 225 283 
3686	61 
3687	14 
3688	218 
3689	187 
3690	180 
3691	240 
3692	30 
3693	171 
3694	108 
3695	40 
3696	45 
3697	121 
3698	60 
3699	212 
3700	92 
3701	176 
3702	41 130 177 181 240 303 
3703	250 
3704	16 
3705	6 
3706	178 
3707	122 
3708	187 
3709	151 
3710	288 
3711	306 
3712	258 
3713	265 
3714	23 
3715	32 
3716	56 
3717	21 
3718	132 
3719	83 
3720	109 
3721	295 
3722	183 
3723	137 
3724	253 
3725	162 
3726	245 
3727	186 
3728	154 
3729	269 
3730	220 
3731	239 
3732	20 
3733	293 
3734	183 
3735	299 
3736	283 
3737	251 
3738	12 
3739	61 
3740	207 
3741	249 
3742	24 
3743	15 91 242 267 271 299 
3744	75 
3745	231 
3746	271 
3747	43 
3748	36 
3749	23 
3750	230 
3751	169 
3752	185 
3753	310 
3754	153 
3755	145 
3756	305 
3757	254 
3758	310 
3759	206 
3760	279 
3761	83 
3762	270 
3763	158 
3764	64 
3765	183 
3766	57 
3767	90 
3768	172 
3769	131 137 172 208 235 240 
3770	38 
3771	89 
3772	241 
3773	295 
3774	293 
3775	17 
3776	184 
3777	136 
3778	56 
3779	245 
3780	4 15 137 184 295 303 
3781	255 
3782	231 
3783	41 
3784	217 
3785	237 
3786	188 
3787	266 
3788	52 
3789	281 
3790	270 
3791	281 
3792	213 
3793	139 
3794	227 
3795	157 
3796	26 
3797	190 
3798	90 
3799	12 
3800	245 
3801	137 141 169 185 235 292 
3802	116 
3803	87 
3804	53 141 187 221 228 298 
3805	307 
3806	272 
3807	93 
3808	7 41 49 80 180 266 
3809	46 
3810	180 
3811	296 
3812	201 
3813	55 
3814	236 
3815	57 85 200 234 243 259 
3816	36 
3817	71 83 150 171 206 278 
3818	154 
3819	3 18 59 69 220 259 
3820	38 
3821	236 
3822	81 
3823	211 
3824	250 
3825	71 
3826	38 65 182 183 229 259 
3827	159 
3828	229 
3829	30 
3830	235 
3831	137 
3832	286 
3833	222 
3834	305 
3835	122 
3836	49 95 121 158 224 269 
3837	47 69 71 151 285 292 
3838	180 
3839	192 
3840	137 
3841	77 
3842	116 
3843	201 
3844	117 
3845	207 
3846	122 
3847	80 
3848	249 
3849	277 
3850	110 
3851	193 
3852	14 30 41 67 139 221 
3853	216 
3854	167 
3855	206 
3856	69 
3857	263 
3858	135 
3859	286 
3860	201 
3861	28 
3862	89 
3863	251 
3864	84 
3865	261 
3866	293 
3867	172 
3868	35 
3869	59 
3870	13 
3871	185 
3872	16 100 115 118 155 205 
3873	214 
3874	11 83 135 140 253 255 
3875	88 
3876	134 
3877	53 
3878	304 
3879	27 33 84 183 253 270 
3880	101 
3881	167 
3882	120 
3883	85 
3884	68 110 115 164 166 197 
3885	235 
3886	201 
3887	164 
3888	126 
3889	46 
3890	253 
3891	251 
3892	89 
3893	31 
3894	175 
3895	199 
3896	135 
3897	171 
3898	90 
3899	148 
3900	7 49 116 274 275 282 
3901	107 
3902	209 
3903	97 
3904	55 
3905	108 
3906	41 
3907	88 
3908	156 
3909	227 
3910	149 
3911	102 109 123 138 173 277 
3912	62 
3913	247 
3914	241 
3915	162 
3916	311 
3917	274 
3918	131 
3919	199 
3920	152 
3921	204 
3922	259 
3923	58 
3924	290 
3925	212 
3926	195 
3927	55 
3928	137 
3929	228 
3930	215 
3931	111 
3932	121 
3933	112 
3934	189 
3935	234 
3936	192 
3937	45 
3938	42 61 139 154 201 257 
3939	56 77 95 224 263 311 
3940	72 
3941	269 
3942	308 
3943	7 
3944	259 
3945	179 
3946	45 
3947	198 
3948	290 
3949	142 
3950	45 79 82 95 141 278 
3951	6 
3952	101 
3953	177 
3954	56 
3955	278 
3956	19 
3957	181 
3958	190 
3959	275 
3960	3 
3961	173 
3962	21 45 61 183 207 274 
3963	226 
3964	77 
3965	31 
3966	47 
3967	116 
3968	60 156 161 202 238 285 
3969	43 
3970	132 212 255 271 277 282 
3971	158 
3972	139 
3973	36 
3974	270 
3975	17 
3976	296 
3977	18 
3978	26 
3979	150 
3980	13 
3981	180 
3982	140 
3983	214 
3984	51 
3985	263 
3986	78 
3987	219 
3988	30 
3989	186 
3990	269 
3991	164 
3992	8 45 49 68 137 254 
3993	191 
3994	162 
3995	81 
3996	220 
3997	9 
3998	160 
3999	274 
4000	81 
4001	106 107 154 238 246 295 
4002	161 
4003	210 
4004	83 98 107 137 206 281 
4005	107 
4006	76 159 177 205 225 277 
4007	18 45 67 183 228 248 
4008	16 50 157 198 227 254 
4009	256 
4010	85 
4011	127 136 141 198 227 234 
4012	71 
4013	149 
4014	162 
4015	146 
4016	23 33 121 186 235 288 
4017	15 
4018	30 116 180 206 221 232 
4019	92 
4020	305 
4021	98 
4022	125 
4023	45 
4024	55 
4025	129 
4026	166 
4027	158 
4028	139 
4029	84 
4030	274 
4031	118 
4032	19 50 63 150 175 274 
4033	103 
4034	21 
4035	290 
4036	23 41 86 207 253 254 
4037	93 
4038	181 
4039	274 
4040	217 
4041	93 
4042	15 
4043	123 
4044	41 92 137 189 213 270 
4045	258 
4046	287 
4047	260 
4048	243 
4049	8 98 114 163 193 251 
4050	21 
4051	221 
4052	251 
4053	229 
4054	132 
4055	259 
4056	207 
4057	34 75 77 81 166 249 
4058	231 
4059	66 
4060	191 
4061	20 
4062	278 
4063	305 
4064	149 
4065	286 
4066	95 
4067	233 
4068	118 
4069	44 
4070	130 
4071	21 
4072	31 
4073	47 
4074	5 89 133 160 225 269 
4075	53 
4076	251 
4077	7 46 70 169 185 189 
4078	31 
4079	18 31 66 106 184 200 
4080	275 
4081	273 
4082	305 
4083	277 
4084	32 
4085	182 
4086	242 
4087	13 
4088	170 
4089	141 
4090	243 
4091	149 
4092	112 
4093	166 
4094	45 
4095	150 
4096	137 
4097	271 
4098	13 41 96 209 253 285 
4099	303 
4100	227 
4101	154 
4102	10 102 105 138 202 238 
4103	81 
4104	310 
4105	33 
4106	58 
4107	110 129 171 204 273 291 
4108	90 
4109	216 
4110	212 
4111	37 
4112	145 
4113	29 51 56 182 239 295 
4114	118 
4115	296 
4116	12 
4117	212 
4118	208 
4119	249 
4120	19 64 74 158 193 246 
4121	295 
4122	89 
4123	225 
4124	199 
4125	129 
4126	98 
4127	76 
4128	51 
4129	251 
4130	5 124 206 227 284 295 
4131	174 
4132	196 
4133	33 
4134	53 
4135	287 
4136	39 
4137	150 
4138	210 
4139	90 
4140	159 
4141	55 
4142	163 
4143	35 
4144	7 
4145	242 
4146	142 
4147	282 
4148	235 
4149	302 
4150	253 
4151	110 
4152	212 
4153	181 
4154	156 
4155	38 
4156	187 
4157	4 15 138 139 168 186 
4158	18 87 110 137 190 282 
4159	41 
4160	93 
4161	269 
4162	226 
4163	82 
4164	82 121 136 167 213 239 
4165	237 
4166	112 
4167	71 
4168	145 
4169	91 
4170	155 
4171	270 
4172	250 
4173	261 
4174	258 
4175	17 71 261 267 271 275 
4176	262 
4177	258 
4178	73 
4179	212 
4180	255 
4181	185 
4182	263 
4183	13 
4184	186 
4185	70 
4186	64 
4187	21 
4188	64 
4189	254 
4190	146 
4191	211 
4192	263 
4193	76 78 121 142 183 305 
4194	106 
4195	251 
4196	14 43 56 110 140 201 
4197	14 61 123 142 182 186 
4198	223 
4199	1 
4200	54 
4201	64 
4202	198 
4203	129 
4204	231 
4205	160 
4206	186 
4207	88 
4208	225 
4209	281 
4210	184 
4211	227 
4212	232 
4213	175 
4214	151 
4215	73 
4216	53 
4217	281 
4218	248 
4219	243 
4220	295 
4221	172 
4222	227 
4223	146 
4224	253 
4225	42 106 117 144 153 282 
4226	242 
4227	217 
4228	8 44 168 201 269 281 
4229	185 
4230	175 
4231	90 
4232	227 
4233	167 
4234	190 
4235	61 
4236	8 72 90 222 283 287 
4237	136 
4238	13 
4239	49 
4240	171 
4241	71 
4242	214 
4243	61 85 102 125 171 296 
4244	59 124 156 235 268 299 
4245	268 
4246	142 
4247	201 
4248	142 
4249	21 
4250	280 
4251	175 
4252	45 
4253	175 
4254	17 
4255	63 
4256	155 
4257	63 110 125 134 136 142 
4258	132 
4259	138 
4260	39 
4261	31 
4262	101 
4263	112 
4264	278 
4265	43 52 138 195 235 292 
4266	174 
4267	283 
4268	64 
4269	43 
4270	15 33 114 122 148 150 
4271	85 
4272	131 
4273	275 
4274	109 
4275	13 80 112 153 239 301 
4276	284 
4277	43 
4278	166 
4279	152 
4280	46 
4281	187 
4282	6 
4283	202 
4284	169 
4285	254 
4286	166 
4287	28 51 148 159 167 257 
4288	126 
4289	12 34 97 121 185 239 
4290	59 
4291	305 
4292	234 
4293	271 
4294	223 
4295	90 
4296	41 
4297	129 
4298	190 
4299	50 110 169 173 200 212 
4300	241 
4301	75 
4302	138 
4303	6 60 121 160 164 209 
4304	19 55 77 85 173 239 
4305	272 
4306	219 
4307	102 
4308	79 
4309	35 53 71 187 228 239 
4310	282 
4311	45 148 152 167 282 309 
4312	186 
4313	221 
4314	175 
4315	200 
4316	30 
4317	150 
4318	37 
4319	21 
4320	121 157 202 242 305 310 
4321	225 
4322	159 
4323	110 112 116 261 273 276 
4324	251 
4325	61 
4326	19 
4327	102 
4328	146 
4329	59 
4330	126 
4331	28 
4332	69 
4333	208 
4334	69 
4335	55 
4336	53 
4337	84 
4338	19 
4339	248 
4340	79 
4341	201 
4342	16 42 47 227 235 259 
4343	57 
4344	264 
4345	186 
4346	26 31 72 152 206 217 
4347	299 
4348	7 
4349	258 
4350	239 
4351	136 
4352	98 
4353	216 
4354	281 
4355	278 
4356	226 
4357	17 97 176 190 249 269 
4358	55 
4359	132 
4360	11 
4361	118 
4362	98 
4363	31 64 151 154 187 250 
4364	136 
4365	198 
4366	281 
4367	59 
4368	64 
4369	291 
4370	270 
4371	90 
4372	55 
4373	112 
4374	90 
4375	91 
4376	290 
4377	21 32 57 112 126 151 
4378	112 
4379	152 
4380	154 
4381	41 66 139 181 186 270 
4382	47 
4383	175 
4384	159 
4385	79 
4386	84 
4387	261 
4388	34 
4389	85 112 141 171 212 281 
4390	167 
4391	180 
4392	172 
4393	83 
4394	272 
4395	278 
4396	261 
4397	243 
4398	90 
4399	114 
4400	257 
4401	137 
4402	18 
4403	172 
4404	66 
4405	35 
4406	129 
4407	45 
4408	80 156 193 217 225 275 
4409	167 
4410	83 
4411	199 
4412	72 
4413	240 
4414	58 
4415	190 
4416	155 
4417	38 
4418	90 
4419	16 
4420	258 
4421	83 
4422	209 
4423	8 
4424	197 
4425	98 
4426	83 
4427	92 
4428	198 
4429	163 
4430	53 
4431	295 
4432	2 83 148 183 238 295 
4433	249 
4434	169 
4435	9 64 127 132 198 277 
4436	115 
4437	161 
4438	159 
4439	139 
4440	5 92 214 261 301 307 
4441	162 
4442	95 139 150 151 168 180 
4443	248 
4444	30 32 64 142 201 242 
4445	34 85 86 180 203 281 
4446	41 
4447	53 
4448	52 
4449	14 
4450	130 
4451	34 
4452	88 
4453	45 
4454	185 
4455	3 14 137 225 248 296 
4456	7 
4457	76 
4458	131 
4459	199 
4460	281 
4461	56 
4462	282 
4463	129 
4464	162 183 239 249 253 285 
4465	183 
4466	226 
4467	47 177 211 255 296 302 
4468	57 
4469	223 
4470	171 
4471	41 
4472	211 
4473	44 
4474	1 101 148 169 276 282 
4475	126 
4476	78 
4477	74 
4478	5 
4479	297 
4480	58 
4481	142 
4482	5 
4483	269 
4484	172 
4485	112 
4486	250 
4487	250 
4488	270 
4489	151 
4490	66 69 121 142 163 248 
4491	293 
4492	226 
4493	137 
4494	50 
4495	31 
4496	41 
4497	255 
4498	84 
4499	281 
4500	44 
4501	35 44 56 154 250 311 
4502	239 
4503	30 53 104 221 271 280 
4504	254 
4505	129 168 182 221 242 263 
4506	32 
4507	217 
4508	278 
4509	201 
4510	61 
4511	201 
4512	162 
4513	282 
4514	245 
4515	76 
4516	105 
4517	118 
4518	237 
4519	66 
4520	112 
4521	27 80 97 104 116 121 
4522	212 
4523	138 
4524	139 
4525	231 
4526	234 
4527	84 
4528	61 139 238 261 282 287 
4529	71 72 176 214 270 296 
4530	190 
4531	80 
4532	121 
4533	30 52 191 200 239 301 
4534	35 80 152 171 282 295 
4535	227 
4536	131 
4537	219 
4538	180 
4539	92 
4540	34 
4541	38 
4542	181 
4543	154 
4544	118 
4545	102 
4546	115 
4547	269 
4548	180 
4549	66 74 82 237 242 259 
4550	125 
4551	82 
4552	199 
4553	11 
4554	58 64 162 193 221 309 
4555	195 
4556	205 
4557	251 
4558	270 
4559	41 
4560	204 
4561	310 
4562	296 
4563	59 
4564	80 85 114 169 197 229 
4565	98 
4566	270 
4567	160 
4568	227 
4569	53 
4570	199 
4571	31 
4572	231 
4573	10 129 137 207 233 309 
4574	177 
4575	53 113 146 151 173 190 
4576	278 
4577	278 
4578	105 
4579	98 
4580	147 
4581	2 4 28 49 68 269 
4582	193 
4583	8 13 17 152 217 294 
4584	212 
4585	146 
4586	278 
4587	57 
4588	211 
4589	184 
4590	61 
4591	45 112 144 212 241 285 
4592	295 
4593	52 
4594	122 
4595	167 
4596	231 
4597	63 
4598	129 
4599	251 
4600	212 
4601	7 
4602	175 
4603	15 63 191 214 221 271 
4604	295 
4605	2 137 212 275 297 310 
4606	180 
4607	33 
4608	193 
4609	19 66 132 237 246 284 
4610	121 
4611	74 
4612	235 
4613	237 
4614	186 
4615	115 
4616	229 
4617	213 
4618	69 
4619	107 
4620	239 
4621	253 
4622	72 
4623	169 
4624	13 84 184 225 246 249 
4625	30 38 158 201 207 239 
4626	18 
4627	281 
4628	157 
4629	30 55 115 285 294 309 
4630	248 
4631	231 
4632	295 
4633	43 
4634	167 
4635	80 
4636	248 
4637	295 
4638	9 45 80 139 217 258 
4639	226 
4640	31 
4641	34 
4642	258 
4643	274 
4644	74 
4645	129 
4646	15 105 167 225 234 256 
4647	32 
4648	58 
4649	88 
4650	212 
4651	5 
4652	297 
4653	180 
4654	83 
4655	76 
4656	71 
4657	248 
4658	202 
4659	105 
4660	30 
4661	17 
4662	223 
4663	259 
4664	301 
4665	35 
4666	235 
4667	43 
4668	80 
4669	231 
4670	79 
4671	172 
4672	190 
4673	46 
4674	43 80 126 150 270 277 
4675	231 
4676	75 
4677	263 
4678	253 
4679	118 
4680	31 49 56 145 186 210 
4681	245 
4682	214 
4683	281 
4684	282 
4685	201 
4686	75 
4687	201 
4688	254 
4689	223 
4690	2 
4691	271 
4692	206 
4693	85 
4694	121 
4695	60 
4696	5 
4697	297 
4698	55 
4699	207 
4700	85 
4701	155 
4702	118 
4703	9 67 130 166 187 205 
4704	147 
4705	35 
4706	74 
4707	18 
4708	2 
4709	181 
4710	175 
4711	136 
4712	277 
4713	55 
4714	224 
4715	217 
4716	19 
4717	28 77 101 105 181 185 
4718	49 
4719	57 
4720	234 
4721	131 
4722	116 
4723	123 
4724	2 
4725	160 
4726	150 
4727	79 
4728	258 
4729	141 
4730	250 
4731	232 
4732	270 
4733	240 
4734	2 
4735	90 
4736	221 
4737	34 
4738	63 139 166 221 224 284 
4739	125 
4740	154 
4741	60 
4742	106 
4743	271 
4744	123 
4745	85 
4746	248 
4747	19 
4748	167 
4749	15 
4750	221 
4751	158 
4752	258 
4753	217 
4754	105 198 229 262 277 296 
4755	261 
4756	72 
4757	295 
4758	83 
4759	212 
4760	16 
4761	123 
4762	259 
4763	150 
4764	149 
4765	227 
4766	50 66 109 115 178 220 
4767	277 
4768	154 
4769	65 71 194 225 260 270 
4770	46 
4771	207 
4772	1 105 122 202 214 238 
4773	296 
4774	278 
4775	59 
4776	232 
4777	274 
4778	38 72 170 207 280 281 
4779	140 
4780	310 
4781	164 
4782	57 
4783	43 
4784	115 
4785	207 
4786	269 
4787	88 
4788	190 
4789	181 
4790	13 43 46 106 167 221 
4791	61 
4792	41 
4793	50 
4794	50 
4795	181 
4796	85 
4797	20 45 74 143 146 234 
4798	57 
4799	123 
4800	32 37 61 114 142 157 
4801	60 
4802	110 
4803	110 
4804	122 
4805	7 11 43 114 225 303 
4806	80 
4807	71 
4808	34 
4809	261 
4810	237 
4811	41 
4812	17 
4813	217 
4814	217 
4815	177 
4816	261 
4817	1 10 114 134 166 278 
4818	166 
4819	49 
4820	277 
4821	180 
4822	207 
4823	235 
4824	107 
4825	277 
4826	103 
4827	121 
4828	34 53 55 58 102 162 
4829	159 
4830	34 81 92 112 175 225 
4831	35 84 97 202 206 227 
4832	46 
4833	84 
4834	84 
4835	274 
4836	72 
4837	171 
4838	159 
4839	141 
4840	115 
4841	259 
4842	235 
4843	164 
4844	45 
4845	229 
4846	166 
4847	261 
4848	45 
4849	83 90 129 216 219 284 
4850	269 
4851	110 
4852	227 
4853	86 113 190 214 238 261 
4854	34 
4855	138 
4856	16 
4857	158 
4858	282 
4859	102 
4860	206 
4861	57 
4862	239 
4863	125 
4864	277 
4865	34 
4866	150 
4867	229 
4868	90 108 136 138 255 302 
4869	66 
4870	7 49 225 237 238 270 
4871	154 
4872	279 
4873	19 
4874	85 
4875	198 
4876	90 
4877	240 
4878	154 
4879	171 
4880	142 
4881	240 
4882	34 
4883	138 
4884	15 58 64 186 207 228 
4885	190 
4886	32 38 83 109 148 154 
4887	221 
4888	281 
4889	190 
4890	166 
4891	13 
4892	31 96 150 232 241 290 
4893	126 
4894	180 
4895	207 
4896	66 
4897	180 
4898	207 
4899	310 
4900	227 
4901	235 
4902	71 
4903	13 88 226 238 261 282 
4904	136 
4905	25 64 102 215 221 237 
4906	123 
4907	90 
4908	53 
4909	49 71 129 146 219 279 
4910	201 
4911	175 
4912	225 
4913	49 115 169 171 205 259 
4914	43 50 53 141 188 218 
4915	61 
4916	71 
4917	88 92 119 146 226 255 
4918	15 
4919	66 
4920	121 
4921	83 128 178 212 232 265 
4922	26 115 121 166 172 254 
4923	38 
4924	207 
4925	41 
4926	263 
4927	13 
4928	225 
4929	221 
4930	258 
4931	38 
4932	240 
4933	235 
4934	86 173 185 193 252 261 
4935	68 74 75 212 281 304 
4936	201 
4937	227 
4938	136 
4939	107 
4940	166 
4941	172 
4942	164 
4943	66 
4944	175 
4945	141 
4946	13 
4947	248 
4948	38 
4949	50 146 185 254 266 295 
4950	270 
4951	137 
4952	269 
4953	225 
4954	55 
4955	263 
4956	285 
4957	50 
4958	104 111 169 178 211 261 
4959	13 
4960	14 
4961	41 44 102 118 123 166 
4962	239 
4963	206 
4964	142 
4965	3 46 74 94 230 285 
4966	201 
4967	84 
4968	258 
4969	46 63 223 283 284 300 
4970	31 80 85 133 200 281 
4971	158 
4972	15 16 88 214 275 285 
4973	248 
4974	84 
4975	258 
4976	137 
4977	240 
4978	136 
4979	281 
4980	129 
4981	225 
4982	55 
4983	166 
4984	207 
4985	31 
4986	186 
4987	229 
4988	13 59 89 115 137 207 
4989	13 
4990	158 
4991	158 
4992	239 
4993	240 
4994	271 
4995	19 
4996	185 
4997	121 
4998	39 117 172 195 213 255 
4999	21 55 114 175 241 303 
5000	270 
