1 3259
2 4915
3 3501
4 4899
5 4967
6 4245
7 4979
8 4009
9 4682 4955 4987
10 4655
11 4268
12 864
13 2014
14 3247
15 4706
16 4082
17 4995
18 4214
19 4819
20 4082
21 4334
22 4954
23 3332
24 3296 4872
25 2979 4085 4588
26 4994
27 4437 4776 4875 4893
28 3205
29 4918
30 3040 4682
31 2784
32 3931
33 1571
34 4978
35 4951
36 4112 4268 4840
37 4980
38 4688
39 4990
40 4796
41 4951
42 3148
43 4681
44 3161
45 4989
46 4803
47 4836
48 4748
49 2227
50 4859
51 4856
52 3982 4282 4660
53 4163
54 3078
55 1682 3332 4883
56 4135
57 4190
58 4882
59 4599
60 4776
61 4863
62 4154
63 4720
64 4105
65 3984
66 2227
67 4933
68 4992
69 3736
70 4678
71 3803 4194 4268
72 4931
73 3748
74 4648
75 3720
76 2227 4796
77 1460 4588
78 4986
79 3795
80 4506
81 4939
82 3878
83 4942
84 4169
85 4992
86 2227 3334 4866
87 3501 3730 3796
88 4887
89 4806
90 3148 3574
91 4980
92 1967
93 4951
94 3306
95 4400
96 4994
97 3787 4194 4524
98 3720
99 4373
100 4260
101 4262
102 1801
103 4580
104 4081
105 1571
106 3569
107 1582
108 4981
109 4190
110 3982
111 3814
112 3497
113 2525
114 1460
115 4918
116 3310
117 4960
118 3024
119 4262
120 4721 4960
121 4875
122 3459
123 3929
124 4757
125 3905
126 4918
127 1470
128 4933
129 3787
130 3372
131 1571 4899
132 3902 4169 4721
133 4994
134 3148
135 3748
136 4249 4701 4960
137 2125
138 4105
139 4980
140 3073
141 2525
142 4260
143 4249
144 1582
145 4773
146 4282
147 3263
148 4082
149 4331
150 4944
151 4945
152 4850
153 4819
154 3040
155 4819
156 4553 4960
157 4906
158 1801
159 4678
160 4041
161 4931
162 4983
163 4190 4951
164 2943
165 3799
166 4997
167 4688
168 4836
169 4815
170 4806
171 4681
172 4512
173 4105
174 4804
175 4379
176 4941
177 4741
178 4835
179 4941
180 4796
181 3455
182 2125
183 4660
184 3553
185 4334
186 4978
187 3259 4601 4775
188 4814
189 3905 4245 4601
190 3332
191 4249
192 4964
193 4560
194 2606
195 4491
196 3902 4899
197 1571
198 3166 4506 4578
199 3960
200 4500 4734 4806
201 4979
202 3017
203 4131
204 3961
205 3569
206 4997
207 4863
208 4382
209 4061 4960
210 4260
211 4400
212 4660
213 4994
214 4858
215 3404 4163
216 4816
217 3332
218 4931
219 4915
220 3936
221 4942
222 4815
223 2943
224 4816
225 4871
226 4669
227 2963
228 2979
229 2577
230 4085 4131
231 3398
232 4512 4773 4992
233 4993
234 4306
235 4937
236 3714
237 4942
238 4648
239 4978
240 4995
241 4524
242 3912
243 4639
244 4379
245 4841
246 4939
247 4885
248 4812
249 2227 3259 4960
250 4696
251 1682
252 4353
253 3078
254 4806
255 4980
256 4555 4639
257 4973
258 4963
259 4757
260 4963
261 1682
262 2504
263 4894
264 3172
265 4194 4373 4382
266 4915
267 4859
268 4975
269 4003
270 4996
271 4981
272 4885
273 4944
274 4169
275 4601
276 1470 3961 4353
277 3459
278 4840
279 4696
280 3257
281 2200
282 4775
283 4131
284 495
285 3720
286 4875
287 3272
288 4942
289 3332
290 4245
291 4512
292 4819
293 3984
294 4931
295 4994
296 4996
297 4931
298 2977 3714 4722
299 4258
300 4268
301 4423
302 2497
303 1621
304 3993 4245
305 4939
306 4725
307 3404
308 3642
309 4957
310 4844
311 4882
312 4776
313 4757
314 3569 4815
315 3263
316 4131
317 4989
318 4373
319 3899
320 3527
321 3553
322 4676
323 3878
324 4770
325 4951 4957
326 4806
327 5000
328 2925
329 4861
330 4850
331 4812
332 4815
333 2606 4394
334 3165
335 3945 4885
336 4334
337 3310
338 4803
339 4997
340 4491
341 4759
342 428
343 4984
344 682
345 4899
346 4978
347 3500
348 3913
349 4804
350 4588
351 4722
352 3205
353 3501
354 3569
355 4815
356 3500
357 2577
358 4696
359 3795
360 4915
361 3140
362 4617
363 2424
364 4856
365 4908
366 4394
367 2673 4105
368 4816
369 4992
370 2575 3457 4180
371 4996
372 4722
373 5000
374 3984
375 4984
376 3296
377 4908
378 4872
379 4041
380 4902
381 3501
382 4918
383 2631
384 4648
385 4190
386 3796
387 1470
388 3404
389 864
390 4560
391 4995
392 4648
393 3786
394 4993
395 5000
396 4980
397 4795
398 2424
399 2471
400 4105 4741
401 4931 4967
402 4720
403 2504
404 4945
405 1682 4682
406 2943
407 4963
408 4090
409 3404
410 4885
411 3172 3247 3332
412 4660
413 3892 4804
414 3368
415 4734
416 4992
417 4553
418 4806
419 4997
420 4437
421 4871
422 864
423 4720
424 4648
425 4681
426 4617
427 4945
428 428
429 428
430 3912
431 3862
432 4936
433 4379
434 4960
435 4885
436 2227
437 4085
438 2867
439 4985
440 4967
441 4655
442 2200 3046
443 2784
444 2784
445 4882
446 4803
447 4660
448 3528
449 4774
450 3945
451 4993
452 4838
453 4796
454 4105
455 4570
456 4856
457 4555
458 4992
459 3459
460 4955
461 4902
462 4986
463 4814
464 4773
465 4866
466 4697
467 2717 3730 4980
468 4334 4696 4941
469 4560
470 4879
471 4806
472 4727
473 4111 4553
474 1789
475 3902
476 3024
477 3795
478 4437
479 3934
480 4741
481 4796
482 4741 4882
483 4984
484 4648
485 4081 4255
486 4009
487 1582
488 4112 4570 4951
489 3114
490 4551
491 4682
492 2977 3161 4931
493 4748
494 4906
495 495
496 3306 4135
497 4978
498 3500
499 4933
500 4423
501 4815
502 4734
503 4933
504 3263
505 4816
506 4135
507 4882
508 4783
509 4741
510 4925
511 4255
512 4902
513 2014 3934 4524
514 4894
515 3332
516 2853
517 4678
518 4979
519 4856
520 4555
521 2977
522 4835
523 4580
524 4955
525 4725
526 3931
527 4748
528 3114
529 3936
530 3263
531 4282
532 4992
533 4939
534 4491
535 4918
536 4702
537 3257
538 4112
539 4939
540 4835
541 3211
542 4872
543 2227
544 4986
545 3569 4893
546 4994
547 4255
548 4836
549 4382
550 4942
551 4840 4856
552 3259
553 4993
554 4840
555 4925
556 3528
557 4394
558 4850
559 2200
560 3272 4142
561 4951
562 3929
563 4757
564 4796
565 4465
566 3934 4245 4908
567 4681
568 4669
569 4331
570 4487
571 4003 4512
572 4506
573 4589
574 1801 3302
575 4696
576 2535
577 2690 3681
578 4984
579 4955
580 4154
581 4879
582 4980
583 4963
584 4720
585 2963
586 4145
587 4978
588 2866 3528 4260
589 3368
590 3982
591 4190
592 4617
593 4879
594 4954
595 4580
596 3140
597 4803
598 4844 4850
599 4676
600 3931
601 4373
602 4705
603 4815
604 3569 4524
605 4783 4856 4942
606 4879
607 4858
608 4705
609 4776
610 4255
611 4893
612 4757
613 2125
614 4696
615 4816
616 4981
617 4655
618 4720
619 3040
620 4936
621 2631
622 4701
623 4819
624 4705
625 4967
626 2784 4105
627 4937
628 2925
629 2549
630 3501
631 3527
632 4995
633 3455
634 2853
635 864 2606
636 4951
637 4382
638 4706
639 3334 4836 4939
640 4844
641 4954
642 4512
643 4943
644 2876 4282
645 4707
646 5000
647 4424
648 4883
649 3982
650 4770
651 4994
652 4872
653 4580
654 4249 4759 4945 4997
655 4981
656 3296 3786
657 3936
658 4931
659 3332 4331
660 4844
661 4282
662 2424
663 4169
664 4858
665 4283
666 4500
667 4764
668 4678
669 4979
670 3527
671 4214
672 4555
673 3140
674 4840
675 4983
676 4986
677 2301
678 2977 3205 3439 3720
679 3439
680 4560
681 3334
682 682
683 2504
684 3310
685 4864
686 3078
687 3372 4835 4967 4996
688 4382
689 4334
690 4983
691 1571
692 4875
693 4893
694 4859
695 3404
696 4696
697 3632
698 4885
699 4676
700 4773
701 4720
702 3501
703 4689
704 3795
705 4841
706 682 2200
707 4608
708 3796
709 3247
710 4702
711 3960 4382
712 4945
713 4491
714 2577 4734
715 2673
716 4190
717 4639
718 4939
719 4678
720 4957
721 3140
722 4902
723 4249
724 4858
725 4353
726 4282
727 4701
728 3117
729 4872
730 3912 4194
731 4437
732 2606
733 2867 4992
734 4987
735 4840
736 3984
737 4978
738 4601
739 4589
740 4623
741 4866
742 4090
743 4142
744 4599
745 4775
746 2062
747 4835
748 4676
749 4119
750 4835
751 4883
752 4400
753 3787
754 4995
755 4939
756 4918
757 4163
758 3459
759 4894
760 2722
761 4706
762 4879
763 3832
764 4836
765 3497
766 2717
767 4705
768 4871
769 4214
770 4741
771 4812
772 4937
773 3569
774 4955
775 4918
776 3500
777 3786
778 3219
779 3984 4863
780 4960
781 3730
782 4770
783 4773
784 4856
785 2549
786 4394
787 3960
788 4925
789 2876
790 4810
791 4899
792 4936
793 3814
794 4560
795 4856
796 3929
797 4249
798 4373 4773
799 4720
800 4727
801 4937
802 4841
803 1470
804 4770
805 4871
806 4722
807 4382
808 4918
809 4081
810 3720
811 3795
812 4973
813 4957
814 4933
815 4331
816 4864
817 4863
818 4105
819 4249
820 3905 4512 4681
821 4758
822 4996 4997
823 4705
824 4858
825 4902
826 4249
827 2227
828 4648
829 4085
830 4681
831 4937
832 2876 4727
833 3117
834 4759
835 4907
836 4660
837 864
838 4727
839 4682
840 4850
841 4090 4491 4812
842 4960
843 2979
844 4669
845 4836
846 4725
847 4967
848 4553 4907
849 3259
850 3878
851 4841
852 3332
853 3642
854 4915
855 3439
856 3166
857 3914
858 4894
859 4918
860 4593
861 3814
862 4131
863 4560
864 864
865 4796 4836 4894
866 4424
867 4512 4941
868 4085
869 3993
870 3913
871 3024
872 4893
873 4838
874 4979
875 4245 4697 4859 4987
876 4660
877 4973
878 3296
879 4955
880 4964
881 3527
882 4787
883 4951
884 4734
885 3397
886 3795 4135 4648
887 4990
888 4899
889 4951
890 4979
891 2471
892 3455
893 3553 4331
894 4973
895 4748
896 4963
897 495
898 4180
899 4648
900 4803
901 4812
902 2062
903 4979
904 2977 4816
905 4593
906 4783
907 4041 4759 4844
908 4553
909 4706
910 2853
911 3165
912 3681
913 4589
914 4899
915 4570
916 4705
917 4871
918 3675
919 4871
920 4987
921 3219
922 4551
923 4783
924 495
925 4214
926 4812
927 3878
928 3936
929 3021
930 4936
931 3614
932 4105
933 4741 4908 4964
934 4524
935 4524
936 4975
937 3272
938 4902
939 4967
940 4906
941 3982
942 4689
943 3960
944 4994
945 3161
946 3040
947 4858
948 3681 4105
949 4423
950 3675
951 3308
952 1682
953 3787
954 4082
955 2606
956 4776
957 4588
958 4859
959 3569
960 4960
961 3140
962 3961 3964
963 4701
964 4882
965 3161 3332 3832 4555
966 1621
967 4918
968 4553
969 4994
970 4283
971 1967
972 4589
973 3913
974 4105 4702
975 4555
976 2062
977 4721
978 3272
979 4908
980 4437
981 4989
982 3984 4918
983 3528
984 4487
985 4989
986 682
987 1460
988 4936
989 3960
990 4964
991 3905
992 4725
993 4944
994 4894
995 2575
996 495 4163 4918
997 3574
998 3219 4812 4975
999 4553 4806
1000 4973
1001 3114
1002 4996
1003 2631
1004 682 3832 4283 4500
1005 3750
1006 4776
1007 4967
1008 4872
1009 4942
1010 4682
1011 4681
1012 3984
1013 4850
1014 682
1015 4061 4105 4706
1016 4879
1017 3205
1018 4163
1019 4994
1020 3272
1021 4943
1022 4696
1023 2943
1024 2575 3046 4593
1025 4894
1026 4941
1027 4721
1028 3730
1029 2606
1030 4255
1031 4939
1032 4682
1033 4512
1034 3372
1035 4734
1036 3114
1037 3858
1038 1621
1039 3862
1040 2690
1041 3296
1042 3457
1043 4697
1044 3736
1045 4748 4795
1046 4804
1047 3569
1048 3457
1049 4931
1050 4660
1051 4993
1052 4915
1053 4936
1054 3257
1055 4623 4863
1056 4937
1057 2943
1058 4491
1059 4964
1060 3931 4986
1061 2014
1062 4154
1063 4578
1064 4942
1065 4814
1066 4353
1067 4804
1068 4838
1069 3714
1070 1916
1071 4981
1072 3332
1073 3675
1074 1460
1075 3332
1076 4660
1077 3148 4608 4748
1078 3786 4145
1079 3786 4844
1080 4937
1081 3165 3960
1082 4400
1083 2424
1084 4993
1085 4875
1086 4190
1087 4885
1088 4702
1089 1460
1090 4260
1091 4983
1092 3984
1093 4983
1094 4142
1095 3553
1096 4804
1097 4990
1098 4973
1099 4775 4840
1100 4500
1101 4942
1102 4773
1103 4748
1104 4787
1105 3934
1106 4931
1107 4815
1108 3913
1109 4994
1110 4194 4245 4964 4975
1111 4245
1112 4941
1113 4835
1114 3677
1115 4872
1116 2227
1117 3961
1118 4835
1119 2631
1120 4770
1121 4979
1122 1460
1123 4872
1124 1460 4111 4759
1125 4815
1126 4145
1127 4268
1128 3310
1129 4249
1130 2866 4812
1131 4936
1132 4975
1133 4907
1134 1789
1135 4806
1136 4682
1137 3931
1138 4875
1139 4941
1140 4696
1141 3714
1142 3632 4806
1143 4933
1144 4423
1145 3046
1146 4992
1147 4194
1148 4939
1149 4885
1150 4815
1151 2722
1152 4885
1153 4796
1154 4112
1155 4727
1156 2943
1157 4282
1158 3936
1159 4090
1160 4863
1161 3681 4803 4978
1162 4105
1163 4720
1164 4260
1165 4810
1166 4770
1167 4872
1168 3681
1169 3929
1170 4682
1171 3406 4588 4623
1172 4353
1173 4678
1174 2876
1175 3263
1176 3528
1177 4879
1178 864
1179 3858
1180 3219
1181 4599
1182 4861
1183 2876
1184 4957
1185 4759
1186 4688
1187 4861
1188 5000
1189 2549
1190 4676
1191 864
1192 4978
1193 4601 4915 4943
1194 4163
1195 3878
1196 3786
1197 4931
1198 4816
1199 4925
1200 4394
1201 3501
1202 1460
1203 4819
1204 3306 4776 4861
1205 4090
1206 2977 3272 4939
1207 3574
1208 4815
1209 4963
1210 2549
1211 3073
1212 4882
1213 4908
1214 4941
1215 4506
1216 4774
1217 2866
1218 4334 4702 4764
1219 4864
1220 3219
1221 2227
1222 4838
1223 4925
1224 3936
1225 3117
1226 2606
1227 4907
1228 3632 3642 4812
1229 2853
1230 4993
1231 4980
1232 4701 4759 4859
1233 4925
1234 4844
1235 4835
1236 3814
1237 2504 4382
1238 4249
1239 4850
1240 4861
1241 1571 3332 3960
1242 3528
1243 4758
1244 4997
1245 4980
1246 2424
1247 4163
1248 4580
1249 4260
1250 4660
1251 4937
1252 3501
1253 4981
1254 4836
1255 4840
1256 4850
1257 3078
1258 4954
1259 3964
1260 4334
1261 4915
1262 4975
1263 3569
1264 3073
1265 4858
1266 2853
1267 4864
1268 3982
1269 4861
1270 2227
1271 4957
1272 4553
1273 4872
1274 4893
1275 3934
1276 4973
1277 4003 4249 4702
1278 4864
1279 4945
1280 4678
1281 4943
1282 3501
1283 4424
1284 4465
1285 3964
1286 4816
1287 3902
1288 4639
1289 3642
1290 4918
1291 3332
1292 4993
1293 4764
1294 3117 4373
1295 4850
1296 3272 4465
1297 3714 4721 4985
1298 4281
1299 4899
1300 4524
1301 4682
1302 2784
1303 4983
1304 4933
1305 4085
1306 4706
1307 3205
1308 4944
1309 4400
1310 4993
1311 4145
1312 3211
1313 3984
1314 3945
1315 4951
1316 3677
1317 3902 4194 4283 4993
1318 3247
1319 3459
1320 4967
1321 4696
1322 4648
1323 4588
1324 3913 4655 4955
1325 4838
1326 2717
1327 4090
1328 3332
1329 3263
1330 3457
1331 4984
1332 3247 4268
1333 4899
1334 4081 4262 4764
1335 4933
1336 4856
1337 2943 4249
1338 4465
1339 2867
1340 3796
1341 4639
1342 4997
1343 4836
1344 4105
1345 4524
1346 4882
1347 682 4816 4918
1348 2227
1349 4676
1350 4942
1351 4249
1352 2227
1353 4764
1354 3459
1355 3247
1356 4697
1357 4944
1358 4841
1359 4863
1360 3929
1361 3302
1362 4331
1363 4757
1364 2963 3912 4249
1365 4774
1366 2497 4258 4588
1367 4400
1368 4660
1369 3787
1370 4775
1371 2925
1372 4437
1373 4524
1374 3960
1375 4997
1376 3736
1377 4400
1378 4925
1379 4524
1380 3040 3161 4262
1381 3799
1382 2717
1383 3372
1384 4985
1385 3368
1386 2943 4840 4859
1387 3205
1388 4424
1389 3148
1390 4555
1391 4819 4844 4918
1392 4883
1393 2549
1394 4993
1395 4003
1396 4861
1397 4993
1398 4875
1399 4841
1400 4135
1401 4887
1402 4214
1403 4937
1404 3677
1405 4707
1406 4850
1407 4660
1408 4721
1409 4987
1410 2200 4951
1411 4003
1412 4423
1413 4555
1414 4885
1415 4722
1416 864
1417 4902
1418 4669
1419 3945
1420 3114
1421 3914
1422 4249
1423 3024
1424 4887
1425 4282 4306
1426 4676 4707 4943 4979
1427 3632
1428 4255
1429 4902
1430 4379
1431 4941
1432 4163 4551
1433 4812
1434 4840
1435 3332
1436 4844
1437 4994
1438 4973
1439 3912
1440 4954
1441 4815
1442 4980
1443 4524
1444 4931
1445 4741
1446 4872
1447 2200
1448 4902
1449 4906
1450 4741
1451 2301
1452 4863
1453 3750
1454 4759
1455 3964
1456 4981
1457 4725
1458 4725
1459 864
1460 1460
1461 4872
1462 4804
1463 4951
1464 3296 4163
1465 2125
1466 4995
1467 4861
1468 4975
1469 4601
1470 1470
1471 2866
1472 4980
1473 4722
1474 4722
1475 4978
1476 4764
1477 495
1478 2535
1479 4978
1480 4112 4142 4578 4648 4697
1481 4954
1482 4524
1483 4995
1484 4689
1485 4812
1486 4866
1487 5000
1488 4689
1489 4757
1490 3736
1491 4512
1492 4872
1493 3040
1494 4734
1495 3832 4806 4994
1496 4795
1497 4816
1498 4578
1499 4111
1500 4864
1501 4957
1502 4334
1503 4840
1504 4836
1505 4601
1506 4964
1507 4697
1508 4758
1509 4864
1510 4992
1511 3795
1512 4655 4722 4964
1513 4707
1514 4787
1515 4987
1516 4748
1517 4701
1518 4353
1519 3736
1520 4978
1521 4987
1522 4887
1523 4721
1524 4893
1525 4975
1526 2575
1527 4487
1528 2549 4524 4812
1529 3681
1530 3750
1531 4560
1532 4697
1533 4770
1534 4154
1535 3021
1536 3814
1537 4931
1538 4856
1539 682
1540 4759
1541 4995
1542 2606
1543 1801
1544 4899
1545 4840
1546 4648
1547 3205
1548 3046
1549 4978
1550 4882
1551 3984
1552 4987
1553 4702
1554 3404
1555 4838
1556 4992
1557 3259 4678 4883
1558 2577
1559 4844
1560 4812
1561 4041
1562 4989
1563 4702
1564 2853 4689 4770 4812
1565 4669
1566 3803
1567 3681
1568 4850
1569 4899
1570 4599 4727
1571 1571
1572 4951
1573 4992
1574 4908
1575 4701
1576 4423
1577 4908
1578 3017
1579 4678
1580 4812
1581 4841
1582 1582
1583 2200
1584 3165
1585 3750
1586 4816
1587 4882
1588 3205
1589 1967 3934
1590 4770
1591 4975
1592 4918
1593 1916 4553
1594 4648
1595 4989
1596 3459
1597 4989
1598 4885
1599 2525
1600 4795
1601 3960
1602 2504
1603 3257
1604 4764
1605 3457
1606 4954
1607 4918
1608 3713
1609 4964
1610 3902
1611 3912
1612 3787
1613 4863
1614 4981
1615 4908
1616 4816
1617 3166
1618 3501
1619 4840
1620 4835
1621 1621
1622 4996
1623 4722
1624 3961
1625 4678
1626 4841
1627 4840
1628 3878
1629 3748
1630 4281
1631 3439
1632 4915
1633 4866
1634 4996
1635 4689
1636 4838
1637 4764
1638 4678
1639 4669
1640 2673 4003 4759 4960
1641 4937
1642 3078
1643 2631
1644 5000
1645 4773
1646 4334
1647 4655
1648 2497 3021
1649 4487
1650 4980
1651 4678
1652 4964
1653 4986
1654 4180
1655 4796
1656 4035
1657 3736
1658 3982
1659 4262
1660 4061
1661 4887
1662 4648
1663 3259
1664 4135
1665 3553
1666 1621
1667 4764
1668 4858
1669 4678
1670 3527 4819
1671 4142
1672 3912
1673 4944
1674 4283
1675 4608
1676 4960
1677 4722
1678 4995
1679 4081
1680 4983
1681 4804
1682 1682
1683 3073
1684 4588
1685 4994
1686 4942
1687 3140 4190 4578
1688 3310 4608 4863
1689 4936
1690 4727
1691 4984
1692 2977
1693 4593
1694 5000
1695 4706
1696 4655
1697 4741
1698 3263
1699 682
1700 4553
1701 4119
1702 4933
1703 3166
1704 4688
1705 3569 4524
1706 4639
1707 4815
1708 3803
1709 4555
1710 4491
1711 3982
1712 4918
1713 4741
1714 4281
1715 2943
1716 4163
1717 4990
1718 4994
1719 2876
1720 3017
1721 4331
1722 4701
1723 4885
1724 4883
1725 4796
1726 4394
1727 4893
1728 2631
1729 3574
1730 3569
1731 3931
1732 4601
1733 4787
1734 2125
1735 4951
1736 4983
1737 4268
1738 1621
1739 4437
1740 4601
1741 4281
1742 4871
1743 4169
1744 4960
1745 4872
1746 4954
1747 2867
1748 4727
1749 4796
1750 4856
1751 3799
1752 4599
1753 4899
1754 4639
1755 3406
1756 4154
1757 4725
1758 4893
1759 3140 4815
1760 4775
1761 4806
1762 3205
1763 4770
1764 2062
1765 4570
1766 4872
1767 4487
1768 4400
1769 4424
1770 4863
1771 4979
1772 4980
1773 3117
1774 4639
1775 4864
1776 4775
1777 4009
1778 4915
1779 3332
1780 4915
1781 3905 4491 4838
1782 2227
1783 4796 4902 4943
1784 3368
1785 864
1786 3736
1787 4465
1788 4623
1789 1789
1790 4963
1791 4194
1792 3902
1793 4994
1794 3398
1795 3736
1796 3310
1797 4119
1798 4041
1799 3501
1800 4082
1801 1801
1802 3310
1803 3799
1804 4841
1805 3569
1806 1582
1807 2690
1808 4819
1809 4951
1810 3913
1811 4373
1812 4725
1813 2014
1814 4617
1815 4933
1816 4163 4551
1817 3205
1818 4682
1819 3457 4741
1820 4741
1821 4783
1822 3457
1823 4894
1824 4840
1825 4987
1826 4838
1827 3905
1828 4844
1829 3714
1830 4660
1831 4806
1832 4937
1833 4937
1834 4748
1835 4933
1836 4973
1837 4983
1838 4815
1839 4373
1840 4131
1841 4424
1842 4925
1843 1460 3332
1844 4806 4960 4985
1845 4954
1846 3960 4306 4676 4795
1847 4757
1848 3982 4214 4255 4819 4863 4957
1849 4983
1850 4741
1851 4945
1852 4648
1853 3272
1854 3858
1855 3310 3993
1856 4915
1857 4795
1858 3632
1859 4741
1860 4796
1861 4617
1862 4957
1863 3457
1864 4424
1865 4907
1866 4978
1867 4908
1868 3803
1869 3736
1870 4727
1871 3527
1872 4937
1873 4872
1874 4696
1875 4986
1876 3501
1877 3569
1878 3501 4812
1879 4990
1880 4689
1881 4524
1882 4757
1883 4906
1884 4899
1885 4273
1886 4944
1887 3078
1888 4918
1889 4648
1890 4190
1891 4599
1892 864 4648
1893 4997
1894 4696
1895 4090
1896 3166
1897 4702
1898 4957
1899 4702
1900 4987
1901 3945
1902 3553
1903 2497
1904 4783
1905 4758
1906 3569
1907 2471
1908 3368
1909 4984
1910 4995
1911 2577 4214 4593 4942
1912 4273
1913 4697
1914 3814
1915 4660
1916 4553
1917 4681
1918 3786
1919 3993
1920 4918
1921 4987
1922 3332
1923 4560
1924 4041
1925 4608
1926 3334
1927 4883
1928 4506
1929 3936
1930 4682
1931 4262
1932 4893
1933 4859
1934 4588
1935 4081
1936 4859
1937 4985
1938 4524
1939 4608
1940 3247
1941 3114 4721
1942 2577 3497 4135
1943 4570
1944 2631 3786 4871
1945 4979
1946 3073
1947 4676
1948 4990
1949 3814
1950 3308
1951 4893
1952 4872
1953 4379
1954 3205
1955 3040
1956 3332
1957 3858
1958 5000
1959 4570
1960 4942
1961 2722 3219 3795
1962 4963
1963 4774
1964 3302
1965 4669
1966 4983
1967 1967
1968 4815
1969 4689
1970 4678
1971 3862
1972 4859
1973 4856
1974 3040
1975 2227
1976 3404
1977 4899
1978 4863
1979 3905 4334
1980 2717
1981 4908
1982 4282
1983 4676
1984 4875
1985 3257 3914 4655 4660
1986 4997
1987 4775
1988 2535
1989 4400
1990 2227
1991 3736
1992 5000
1993 2301
1994 4902
1995 4334
1996 4660
1997 4908
1998 4864
1999 4783
2000 4980
2001 4967
2002 4112
2003 4282
2004 4262
2005 4681
2006 4721
2007 2866 3912 4491 4812
2008 4578
2009 4131 4268 4500 4872
2010 4963
2011 3272
2012 4194
2013 4560
2014 2014
2015 3945
2016 4894
2017 1789
2018 3404 4660
2019 3862 3892
2020 4721
2021 4648
2022 4986
2023 4973
2024 4882
2025 3736 4009 4249 4283
2026 4334
2027 4580
2028 3677
2029 1789
2030 4990
2031 4973
2032 4902
2033 4984
2034 4841
2035 4255 4978 4986 4996
2036 4524
2037 3892
2038 2125
2039 4169
2040 4382
2041 4994
2042 4902
2043 2525 3017
2044 3334
2045 4885
2046 2227
2047 4373
2048 4944
2049 4967
2050 2963 4945
2051 3114
2052 4775
2053 4553 4601 4893 4960
2054 4579
2055 3914
2056 4814
2057 3799
2058 4702
2059 4500
2060 4578
2061 4964
2062 2062
2063 4579
2064 4812
2065 4500
2066 2424
2067 2876 4524
2068 4112
2069 3569
2070 2014 3017 4262
2071 4194
2072 2784 4984
2073 2227
2074 4757
2075 2673
2076 4987
2077 4885
2078 2575
2079 4748
2080 4758
2081 4960
2082 4979
2083 4258
2084 4908
2085 2866 2977 3166
2086 4720
2087 4423
2088 4951
2089 4872
2090 4720
2091 3334
2092 4506
2093 4964
2094 4871
2095 4836
2096 4579
2097 3211 3398
2098 4617
2099 4993
2100 4639
2101 4933
2102 4500
2103 3165
2104 4906
2105 2722 4465 4882
2106 4681
2107 4894
2108 4660
2109 4844
2110 4996
2111 4983
2112 4996
2113 3929
2114 4806
2115 4967
2116 4955
2117 4570
2118 3501 4081 4721
2119 3713
2120 3984
2121 4268
2122 4885
2123 4990
2124 3397
2125 2125
2126 4764
2127 4967
2128 4983
2129 4570
2130 4142
2131 4142
2132 4353
2133 3501 4334 4706 4773
2134 4804
2135 4806
2136 4963
2137 4887
2138 4770
2139 4995
2140 3936
2141 4836
2142 4796
2143 4249 4553 4885
2144 4500
2145 4676
2146 4844
2147 4748
2148 4994
2149 4105 4334 4524
2150 3913
2151 4943
2152 2784
2153 4570
2154 4939
2155 4918
2156 495 4579
2157 4111
2158 3795
2159 4945
2160 4838
2161 4994
2162 4487
2163 3993
2164 3632 4142 4424 4512
2165 4985
2166 4835
2167 4893
2168 3931
2169 4580
2170 4866
2171 4931
2172 4836
2173 3914
2174 4245
2175 4334
2176 4906
2177 4993
2178 4617
2179 4844
2180 3148 4035 4506
2181 1801
2182 4841
2183 2227 3553 4804 4915
2184 4258 4353 4524 4758
2185 2549
2186 4942
2187 4872
2188 4872
2189 3501
2190 4491
2191 4906
2192 4875
2193 4262
2194 4996
2195 4281
2196 4758
2197 3914
2198 4400
2199 4908
2200 2200
2201 3736
2202 4939
2203 4850
2204 4951
2205 3078
2206 4931
2207 3799
2208 4682
2209 4990
2210 2549
2211 2867
2212 3914
2213 1801 2227 3936
2214 4764
2215 3913
2216 4997
2217 4373
2218 4883
2219 3332 4859
2220 3675
2221 4721
2222 3457
2223 4978
2224 4593
2225 4804
2226 3017
2227 2227
2228 4424
2229 4706
2230 4861
2231 4701
2232 4931
2233 4856
2234 4589
2235 4154
2236 1789 3787 4255 4804
2237 4883
2238 4981
2239 4555
2240 4844
2241 4963
2242 3211
2243 4955
2244 4394
2245 4163
2246 4142
2247 4996
2248 3021
2249 3332
2250 4944
2251 2227
2252 4918
2253 4524
2254 4984
2255 4759
2256 4986
2257 4937
2258 3165 4268 4796
2259 4553 4861 4879 4936 4964
2260 3172 3934 4992
2261 4992
2262 4844
2263 3257 3931 4872
2264 3332 4245 4954
2265 4373
2266 4840
2267 4879
2268 4906
2269 4856
2270 4937
2271 3803 4154 4859
2272 4838
2273 4887
2274 4796
2275 3172
2276 4268
2277 3406
2278 4169
2279 4061
2280 4840
2281 3310
2282 4688
2283 4872
2284 4872
2285 3934
2286 2717
2287 4135
2288 3205 3497 3500
2289 682
2290 4748
2291 4707
2292 4986
2293 4720
2294 4899
2295 2977
2296 4331
2297 4967
2298 4951
2299 4819
2300 4720
2301 2301
2302 495
2303 4955
2304 4816
2305 4721
2306 4875
2307 4931
2308 4995
2309 3205
2310 4725
2311 4262
2312 4894
2313 4112
2314 4975
2315 4331
2316 3296
2317 2866
2318 3713
2319 3936
2320 3736
2321 4190
2322 3302 3720
2323 4871
2324 3332 4944 4986 4992
2325 4623
2326 4787
2327 4885
2328 4944
2329 4943
2330 4589
2331 3372
2332 3961 4702 4812
2333 4984
2334 4639
2335 3172 4859
2336 3114 3527 3905 4105
2337 4697
2338 3912
2339 3172
2340 4553
2341 4936
2342 2866
2343 4931
2344 4727
2345 4864
2346 3750
2347 3905
2348 4676 4764 4838 4859
2349 4759
2350 4883
2351 3796 4487 4985
2352 3912
2353 4875 4882 4955
2354 4859
2355 4840
2356 4871
2357 4770
2358 3803
2359 4331
2360 3934
2361 4989
2362 4856
2363 3406
2364 2977
2365 4353
2366 2690
2367 4858
2368 4090
2369 2853
2370 4135
2371 4978
2372 3796
2373 4081
2374 4994
2375 4701
2376 4524
2377 4804
2378 3040
2379 4990
2380 4268
2381 4770
2382 4795
2383 4960
2384 4887
2385 2497
2386 4578
2387 4951
2388 682 3905 3912 4334
2389 4995
2390 4701
2391 5000
2392 4273
2393 4894
2394 4082
2395 4840
2396 4334
2397 4689
2398 2925 3614 4993
2399 4758
2400 4836
2401 4942
2402 4835
2403 4180
2404 3862
2405 4721
2406 4035
2407 5000
2408 3040
2409 4967
2410 3961
2411 4859
2412 4981
2413 4954
2414 2497
2415 4524
2416 2867 4142 4773 4864
2417 3148
2418 4986
2419 4588
2420 4872
2421 4655
2422 3368 3720 3993
2423 2631 4163
2424 2424
2425 3614
2426 3302
2427 4844
2428 4918
2429 4858
2430 4249
2431 4955
2432 495
2433 4601
2434 3497
2435 3161
2436 4803
2437 3569
2438 3914
2439 4992
2440 5000
2441 4163
2442 4997
2443 4400
2444 4041
2445 3404
2446 4145
2447 3574
2448 3439
2449 4954
2450 3681
2451 1789 2301
2452 4967
2453 3172
2454 4955
2455 4512
2456 4941
2457 4840
2458 3569
2459 4748
2460 4803
2461 3713
2462 4702
2463 4844
2464 4858
2465 4588
2466 4875
2467 4893
2468 3263
2469 4382
2470 4985
2471 2471
2472 495
2473 3140
2474 3406
2475 4907
2476 3642
2477 4899
2478 4850
2479 3219
2480 3960 4260 4423 4812
2481 4957
2482 4819
2483 4135
2484 4725
2485 4954
2486 4957
2487 4500
2488 4987
2489 4981
2490 4987
2491 4937
2492 4553
2493 3730
2494 4639
2495 4814
2496 5000
2497 2497
2498 3681
2499 4943
2500 3713 4773 4908
2501 4838
2502 4936
2503 4701
2504 2504
2505 4806
2506 3858
2507 1582 2853 3982
2508 4773
2509 3914
2510 4844
2511 3397
2512 2979 3457
2513 4748
2514 4135
2515 3714
2516 4893
2517 4601
2518 4688
2519 4268
2520 4887
2521 4394
2522 3404 3632 4135 4918
2523 4578
2524 4764
2525 2525 3017
2526 4894
2527 4553
2528 4580
2529 4980
2530 4105
2531 3862 3892
2532 4899
2533 4979
2534 4796
2535 2535
2536 4964
2537 2784 3832 4255 4334
2538 4804
2539 3858
2540 4908
2541 2535
2542 4986
2543 4776
2544 4804
2545 4810
2546 4795
2547 4721
2548 4085
2549 2549
2550 3397
2551 4893
2552 4951
2553 4249 4306 4840 4944 4980
2554 4804
2555 3455
2556 4963
2557 3899
2558 4872
2559 4885
2560 3205
2561 4727
2562 4082
2563 4783
2564 3397
2565 4491
2566 2673
2567 2673 3078
2568 4003
2569 4985
2570 3677 4795
2571 4721
2572 4894
2573 3934
2574 3934
2575 2575
2576 3257
2577 2577
2578 3936 4111
2579 3527
2580 4995
2581 4787
2582 2549
2583 4989
2584 4273
2585 3569
2586 3024
2587 4996
2588 4009
2589 3553
2590 4373
2591 3040 3310 4262
2592 4795
2593 4759
2594 3332 4648
2595 4255
2596 4262
2597 4973
2598 1571
2599 3501
2600 3040
2601 4955
2602 4882
2603 4864
2604 4608
2605 4722
2606 2606
2607 4806
2608 4840
2609 3165
2610 3982 4135 4676 4701 4725
2611 4082
2612 4623
2613 4424
2614 4487
2615 3796 3982 4009 4617
2616 4844
2617 4907
2618 4844
2619 4804
2620 4993
2621 3748
2622 4850
2623 495 4258 4553
2624 3945
2625 4941
2626 4979
2627 4908
2628 4973
2629 1621
2630 4373
2631 2631
2632 2575
2633 4249 4758
2634 3713
2635 4748
2636 4803
2637 4035
2638 4283
2639 3632
2640 4941
2641 2575 3397 4035 4689
2642 3205
2643 3501
2644 4964
2645 3272
2646 4983
2647 3858
2648 4957
2649 3569
2650 4249
2651 4035
2652 3936
2653 4945
2654 4983
2655 4883
2656 4806
2657 4990
2658 4963
2659 3905
2660 4090
2661 4990
2662 4943
2663 3675
2664 4812
2665 3021
2666 3140
2667 4190
2668 4190
2669 4908
2670 2504 4872
2671 3748
2672 4931
2673 2673
2674 4579
2675 4883
2676 4840
2677 4993
2678 3024
2679 2979 3404 4255
2680 3172 4105 4810
2681 4599
2682 1789
2683 4334
2684 4776
2685 4758
2686 4599
2687 4954
2688 4682
2689 4981
2690 2690
2691 4804
2692 4939
2693 4697
2694 2606 3902 4741 4980
2695 4981
2696 3553
2697 4601
2698 4918
2699 4776
2700 4560
2701 4885
2702 4887
2703 4491 4681 4759 4804
2704 4990
2705 2062
2706 4142
2707 4334
2708 4655
2709 3148 3211 4282
2710 4893
2711 4954
2712 4939
2713 4678
2714 4838
2715 4748
2716 4722
2717 2717
2718 4985
2719 3114
2720 4795
2721 4676
2722 2722
2723 3993
2724 4997
2725 4437
2726 4810
2727 4918
2728 3501
2729 4512
2730 4500
2731 4963
2732 3024
2733 4996
2734 4996
2735 2577 3964 4578 4696 4734
2736 2062
2737 4996
2738 4981
2739 4945
2740 4908
2741 4995
2742 4721
2743 4707
2744 3984
2745 4281
2746 4249
2747 4648
2748 4578
2749 4925
2750 4844
2751 3205
2752 1621 3982 4682 4893 4964
2753 3832
2754 4936
2755 4985
2756 3148
2757 3166
2758 3675
2759 2853
2760 3736
2761 3046
2762 4925
2763 4893
2764 1582
2765 4804
2766 4081
2767 3960
2768 4437
2769 4996
2770 4990
2771 4758
2772 3017
2773 4803
2774 1582
2775 4844
2776 4943
2777 4937
2778 4775 4894 4960
2779 4943
2780 4617
2781 3553
2782 4980
2783 4163
2784 2784
2785 4721
2786 3332 3681 4856 4995
2787 2575 3372 4681 4858 4887
2788 4722
2789 4806
2790 4775
2791 3500
2792 3497
2793 4944
2794 4707
2795 3892 4400 4931
2796 2471 3114 4061
2797 4706
2798 4580
2799 4939
2800 4985
2801 4009
2802 3372 3929
2803 3457
2804 4885
2805 4639
2806 4997
2807 4787
2808 4702
2809 4994
2810 4660
2811 4260
2812 3439
2813 4992
2814 4841
2815 4681 4748
2816 4194
2817 4866
2818 4875
2819 4706
2820 4980
2821 4858
2822 4770
2823 3795 3914 4145 4764
2824 4987
2825 3078
2826 4770
2827 4975
2828 4757
2829 4759
2830 2424 3272 4273
2831 4379
2832 4937
2833 4882
2834 4816
2835 3397
2836 4593
2837 4984
2838 2943
2839 4249
2840 4580
2841 4491
2842 4979
2843 4918
2844 4180
2845 1460 3166 4105
2846 3574 4214 4795
2847 3913 4608 4705
2848 2606
2849 3306
2850 3172
2851 4858
2852 4983
2853 2853
2854 4588
2855 4734
2856 5000
2857 4863
2858 4727
2859 4796
2860 3211
2861 3114
2862 4844
2863 4331
2864 3945
2865 4980
2866 2866
2867 2867
2868 4180
2869 4955
2870 4145
2871 4812
2872 3795 3982 4964
2873 3912
2874 2722
2875 3172
2876 2876
2877 3964
2878 4814
2879 4373
2880 1621 1916 3272
2881 4939
2882 4085
2883 4979
2884 4885
2885 3553
2886 3878
2887 1682 2014
2888 2717
2889 4964
2890 4306
2891 4282
2892 4964
2893 4907
2894 4787
2895 3748
2896 4560
2897 3934
2898 4887
2899 4702
2900 4163
2901 4105
2902 3257
2903 4734
2904 3165 3960 3993
2905 4990
2906 4702
2907 4131
2908 3500 4353 4500 4660
2909 3748 4262 4373 4524 4720
2910 4933
2911 4721
2912 4902
2913 4394
2914 4957
2915 4814
2916 3993
2917 4871
2918 4588
2919 4960
2920 4850
2921 4154
2922 4943
2923 864
2924 4258
2925 2925 3614
2926 4806
2927 4883
2928 4850
2929 4260
2930 4593
2931 4334
2932 4119
2933 4981
2934 4979
2935 3398
2936 4967
2937 4866
2938 4815
2939 4725
2940 3501
2941 4981
2942 4986
2943 2943
2944 3296 3892 4142 4281
2945 4957
2946 4989
2947 4871
2948 3078 3263 4806 4918
2949 4639
2950 4925
2951 3172 3205 3945
2952 4979
2953 4524
2954 4757
2955 4989
2956 4907
2957 4382
2958 4580
2959 4987
2960 3993
2961 2606 4589 4688 4757 4835
2962 3736
2963 2963 4249
2964 3310
2965 4696
2966 4734
2967 4487
2968 4814
2969 4960
2970 5000
2971 4373
2972 4894
2973 4725
2974 4135
2975 4580
2976 3302
2977 2977
2978 4810
2979 2979
2980 4720
2981 3936 4281 4759 4776 4861 4996
2982 3166
2983 3205 4764
2984 4702
2985 4844
2986 2606 3681 4908
2987 4702
2988 3332 3368 3892 4918
2989 4882
2990 4639
2991 4994
2992 4500
2993 3296
2994 3172
2995 4936
2996 4975
2997 4980
2998 3945
2999 4885
3000 4844
3001 4992
3002 2867 3459 3936
3003 3459
3004 3334 4872 4986
3005 1801 3984 4400 4524
3006 3257
3007 4992
3008 4887
3009 1460 3161 3984 4082
3010 4090
3011 4757
3012 4757
3013 3858 4678 4978
3014 2577
3015 4273
3016 4795
3017 3017
3018 4973
3019 4722
3020 4933
3021 3021
3022 4639
3023 4623
3024 3024
3025 4879
3026 4882
3027 4796
3028 3501
3029 3257
3030 4978
3031 3862
3032 4936
3033 3021
3034 4702
3035 4945
3036 4894
3037 3528 3750 3902 4967
3038 4648
3039 4555
3040 3040
3041 3914
3042 4774
3043 4268
3044 4902
3045 4169
3046 3046
3047 4872
3048 4979
3049 3046
3050 4933
3051 4245
3052 3642
3053 3912
3054 4787
3055 4776
3056 4169
3057 4553
3058 4906
3059 4866
3060 5000
3061 4803
3062 4796
3063 4135
3064 2575
3065 3334 3720 4500 4721 4879
3066 4593
3067 4194
3068 2717
3069 4840
3070 4954
3071 4859
3072 3078
3073 3073
3074 4942
3075 4282
3076 4588
3077 4963
3078 3078
3079 2125
3080 4759
3081 4944
3082 4850
3083 4759
3084 4984
3085 4655
3086 4035 4105 4872 4943
3087 5000
3088 4748
3089 3073
3090 4941
3091 2497
3092 4872
3093 5000
3094 3858 4255 4879
3095 3372
3096 4757
3097 4990
3098 4783
3099 4964
3100 4973
3101 4722
3102 3736 3814 4579
3103 2424 4555 4617
3104 4112
3105 4815
3106 4995
3107 4985
3108 4579
3109 4085
3110 4931
3111 4835
3112 3211 4465 4553 4770
3113 4899
3114 3114
3115 4249
3116 4992
3117 3117
3118 4836
3119 4908
3120 2424 3936 4555 4804
3121 4135
3122 4353
3123 4678
3124 4810
3125 3404 4194 4306 4512
3126 4967
3127 4373
3128 3913
3129 4111
3130 4936
3131 3736
3132 4864
3133 4983
3134 4954
3135 4984
3136 3017 3332 4908
3137 4810
3138 4783
3139 4908
3140 3140
3141 4981
3142 4770
3143 4608
3144 3795
3145 4255
3146 3306 4918
3147 4003
3148 3148
3149 2200
3150 3332
3151 4727
3152 4979
3153 4993
3154 4660
3155 3073
3156 4872
3157 4255
3158 4997
3159 4437
3160 4105
3161 3161
3162 2014 3748 4524 4696 4759
3163 4283
3164 3914
3165 3165
3166 3166
3167 4939
3168 4838
3169 4993
3170 3021
3171 4871
3172 3172
3173 4437
3174 4154
3175 4648
3176 3148 4334 4702 4840
3177 4678
3178 4061
3179 3878
3180 4841
3181 5000
3182 864 3040 3439
3183 3681
3184 3078
3185 4990
3186 682
3187 3457
3188 3406
3189 4985
3190 4893
3191 4840
3192 4465
3193 4967
3194 4111 4331
3195 4061
3196 3982
3197 4262
3198 4681
3199 4617
3200 3021 3569 4682 4776 4861
3201 4334
3202 4816
3203 2227
3204 4702
3205 3205
3206 2853 3720 4082 4273 4553 4955
3207 4893
3208 4678
3209 4588
3210 3296
3211 3211
3212 4617
3213 4978
3214 4639
3215 3078
3216 4894
3217 3398
3218 4964
3219 3219
3220 4850
3221 4773
3222 4963
3223 4721
3224 4331
3225 3332
3226 4933
3227 4570
3228 4907
3229 4936
3230 2504 4702
3231 3714
3232 4863
3233 4697
3234 4741
3235 4941
3236 4994
3237 4795
3238 4119
3239 4942
3240 4989
3241 4875
3242 4082
3243 2424
3244 4918
3245 4803
3246 4942
3247 3247
3248 682 4194
3249 4908
3250 4135
3251 4705
3252 4879
3253 4944
3254 3964
3255 3046 4262 4608 4706 4996
3256 4085
3257 3257
3258 4960
3259 3259
3260 3406 4696
3261 3832
3262 3984
3263 3263
3264 4112
3265 4111
3266 4776
3267 4939
3268 4931
3269 4840
3270 4887
3271 4879
3272 3272
3273 3046 3296 4423 4678
3274 4902
3275 4608
3276 4759
3277 4987
3278 1621 4154 4500 4748
3279 4283
3280 4866
3281 4872
3282 4931
3283 4306
3284 4707
3285 4617
3286 4741
3287 4373
3288 4937
3289 4678
3290 2062
3291 4579
3292 4003
3293 4194
3294 4812
3295 4918
3296 3296
3297 4721
3298 2690 4041 4258 4394 4487 4955
3299 4281
3300 2606 3982 4748 4872
3301 4734
3302 3302
3303 4249
3304 4524
3305 4942
3306 3306
3307 4937
3308 3308 3677
3309 4858
3310 3310
3311 2504
3312 2535
3313 4796
3314 3892
3315 3024 3878 4400
3316 4190
3317 3982
3318 4887
3319 4770
3320 3334
3321 4981
3322 4814
3323 3803
3324 4119
3325 3404
3326 4866
3327 4815
3328 4810
3329 3259
3330 4814
3331 1801 3140 3306 3406 3736 4599
3332 3332
3333 4268
3334 3334
3335 4142
3336 4963
3337 3257 4588 4885 5000
3338 4973
3339 4986
3340 3714
3341 3803
3342 2867
3343 4775
3344 3117 3574
3345 4678
3346 4933
3347 4702
3348 2673 3310 3736 4282 4524
3349 4748
3350 3017 3982 4009 4841 4856
3351 4993
3352 3642
3353 2424
3354 1789 4764 4872
3355 2943 3272 4424 4678
3356 4465
3357 4560
3358 2867 4131 4437 4893
3359 4816
3360 682
3361 4696
3362 4885
3363 3040
3364 4142
3365 4748
3366 4902
3367 3713
3368 3368
3369 3914
3370 4617
3371 4660
3372 3372
3373 3398
3374 4979
3375 3736
3376 4989
3377 4981
3378 4035
3379 3296
3380 4907
3381 4984
3382 3681
3383 4931
3384 4660
3385 3455
3386 4872
3387 3455 3677 4725 4776 4960
3388 4524
3389 3642
3390 4748
3391 4145
3392 3455 4169 4560 4682 4864
3393 4936
3394 495
3395 3501
3396 3902
3397 3397
3398 3398
3399 4589
3400 3166
3401 4978
3402 4423
3403 4180 4268 4334 4491 4555 4960
3404 3404
3405 4812
3406 3406
3407 4688
3408 2784
3409 4081 4980
3410 4689
3411 4741
3412 4748
3413 4885
3414 4382 4506 4553
3415 4986
3416 4705
3417 4955
3418 4883
3419 2690
3420 4803
3421 4249
3422 4003
3423 4872
3424 4588
3425 4524
3426 4864
3427 4844
3428 4861
3429 3501 4925
3430 4041
3431 3750
3432 4725
3433 4931
3434 4980
3435 4844
3436 4978
3437 4500
3438 2575
3439 3439
3440 4951
3441 4994
3442 3569
3443 4840
3444 3500
3445 2227
3446 4819
3447 4035
3448 3730
3449 4588
3450 4936
3451 3795
3452 4555
3453 4759
3454 4951
3455 3455
3456 1789 3172 4727
3457 3457
3458 4306
3459 3459
3460 3934
3461 4963
3462 4936
3463 3982
3464 4697
3465 4907
3466 4009
3467 4810
3468 4893
3469 4975
3470 4082
3471 4984
3472 3332
3473 3527
3474 4885
3475 4861
3476 4676
3477 3632 4990
3478 3021
3479 4879
3480 4975
3481 3172
3482 1582 3021 3117
3483 2979 4696
3484 4951
3485 4812
3486 4720
3487 4835
3488 4806
3489 4936
3490 4957
3491 3459
3492 3527
3493 4963
3494 4639
3495 4660
3496 4282
3497 3497
3498 4112
3499 3263 4660
3500 3500
3501 3501
3502 4678
3503 4994
3504 4815
3505 4524
3506 4085
3507 4850
3508 4331
3509 4373
3510 4283
3511 2853
3512 4814
3513 4915
3514 4850
3515 4770
3516 4945
3517 4757
3518 4648
3519 4906
3520 4983
3521 4856
3522 4758
3523 4992
3524 4856
3525 4995
3526 4973
3527 3527
3528 3528
3529 3455 3878 4331
3530 4759
3531 4578
3532 4810
3533 4701
3534 2784 4282 4697 4835 4844 4983
3535 4894
3536 3832
3537 4111
3538 4983
3539 4705
3540 4249 4925
3541 4258
3542 4995
3543 4145
3544 4879
3545 4090
3546 4908
3547 4883
3548 4979
3549 3332
3550 3945
3551 4639
3552 4268
3553 3553
3554 4933
3555 4973
3556 4795
3557 4702
3558 3332
3559 4334
3560 3795
3561 4282
3562 4617
3563 4678
3564 3960
3565 4915
3566 4669
3567 4593
3568 4989
3569 3569
3570 3569
3571 4963
3572 3205
3573 4194
3574 3574
3575 4915
3576 2866
3577 3501 4707
3578 4560
3579 4996
3580 4866
3581 3263
3582 4872
3583 4082
3584 4945
3585 2943
3586 4273
3587 4190
3588 4995
3589 4589
3590 4776
3591 2963 4249
3592 5000
3593 4803
3594 3902
3595 4841
3596 4655
3597 3306
3598 4281
3599 4996
3600 2200
3601 4954
3602 4660
3603 4676
3604 4856
3605 4506
3606 3332
3607 4899
3608 4660
3609 4787
3610 4810
3611 3786
3612 4960
3613 4306
3614 2925 3614
3615 4850
3616 4925
3617 4960
3618 4090
3619 3553
3620 4512
3621 4856 4989
3622 5000
3623 3858
3624 4937
3625 4608
3626 4975
3627 4041
3628 4131
3629 4331
3630 4725
3631 2424 4863
3632 3632
3633 3332 3404
3634 4081
3635 4866
3636 3073
3637 4908
3638 4190
3639 3257
3640 4806
3641 4995
3642 3642
3643 4154
3644 4963
3645 4941
3646 4984
3647 4936
3648 4702
3649 4512
3650 4249
3651 4990
3652 4984
3653 3934
3654 4875
3655 4648
3656 4131
3657 4774
3658 4131
3659 4945
3660 4985
3661 4967
3662 4707
3663 4978
3664 4967
3665 2062
3666 4639
3667 4796
3668 4838
3669 4082
3670 3803
3671 3404 3457 3714 4985
3672 4783 4997
3673 864
3674 4996
3675 3675
3676 4260
3677 3308 3677
3678 4085
3679 3814 4776 4787
3680 4111
3681 3681
3682 4906
3683 4872
3684 4955
3685 4331 4908
3686 4915
3687 4960
3688 3161 4872
3689 4281
3690 4894
3691 4993
3692 4660
3693 4879
3694 3905
3695 2504
3696 4844
3697 4997
3698 4741
3699 4759
3700 2062
3701 1682 2014
3702 3017 4925
3703 4487
3704 4856
3705 4282
3706 2925 3614
3707 4804
3708 4281
3709 4214
3710 2577
3711 3632
3712 4975
3713 3713
3714 3714
3715 4506
3716 3332
3717 2963 4249
3718 4258
3719 4758
3720 3720
3721 4757
3722 4465
3723 4951
3724 4678
3725 4512
3726 4681
3727 4986
3728 4871
3729 4850
3730 3730
3731 4992
3732 4061
3733 4491
3734 4465
3735 3114
3736 3736
3737 4599
3738 3799
3739 4915
3740 4984
3741 4119
3742 1801
3743 3205 4524 4872 4918
3744 4676
3745 4669
3746 4994
3747 4783
3748 3748
3749 3714
3750 3750
3751 4623
3752 4996
3753 4899
3754 2722
3755 4112
3756 4082
3757 4688
3758 4899
3759 4963
3760 4872
3761 4758
3762 5000
3763 4990
3764 4268
3765 4465
3766 4861
3767 4907
3768 4941
3769 3040 4588 4721
3770 4931
3771 3862 3892
3772 3914
3773 4757
3774 4491
3775 4812
3776 4589
3777 4978
3778 3332
3779 4681
3780 3296 4918 4951
3781 4180
3782 4669
3783 4925
3784 4814
3785 4810
3786 3786
3787 3787
3788 4593
3789 4979
3790 5000
3791 4979
3792 4617
3793 4524
3794 4937
3795 3795
3796 3796
3797 4885
3798 4907
3799 3799
3800 4681
3801 4945 4951
3802 4722
3803 3803
3804 3497 4908 4945
3805 2549
3806 4394
3807 4041
3808 4601 4819 4925
3809 4770
3810 4894
3811 4773
3812 4936
3813 4954
3814 3814
3815 495 4796 4861
3816 3748
3817 4758 4902
3818 4871
3819 3960 4707
3820 4931
3821 3814
3822 3681
3823 4588
3824 4487
3825 4902
3826 3500 4085 4931
3827 4838
3828 4987
3829 4660
3830 4933
3831 4951
3832 3832
3833 3372
3834 4082
3835 4804
3836 3259 4819
3837 4334 4382 4902
3838 4894
3839 3936
3840 4951
3841 3964
3842 4722
3843 4936
3844 3172
3845 4984
3846 4804
3847 4806
3848 4119
3849 4864
3850 4803
3851 4608
3852 4524 4660 4960 4964
3853 4353
3854 4748
3855 4963
3856 4334
3857 4955
3858 3858
3859 3832
3860 4936
3861 4331
3862 3862 3892
3863 4599
3864 4967
3865 4816
3866 4491
3867 4941
3868 4705
3869 4775
3870 4989
3871 4996
3872 2867 4840 4856
3873 4682
3874 4553 4758
3875 4787
3876 2606
3877 4908
3878 3878
3879 2471 4105 4678 4815
3880 4262
3881 4748
3882 3404
3883 4796
3884 4268 4424 4803
3885 4933
3886 4936
3887 4942
3888 4893
3889 4770
3890 4678
3891 4599
3892 1470 3862 3892
3893 4985
3894 4944
3895 4570
3896 3858
3897 4879
3898 4907
3899 3899 4850
3900 4722 4819 4835
3901 4939
3902 3902
3903 2876
3904 4954
3905 3905
3906 4925
3907 4787
3908 4154
3909 4937
3910 4764
3911 3720 4859 4906
3912 3912
3913 3913
3914 3914
3915 4512
3916 3368
3917 4835
3918 4721
3919 4570
3920 4379
3921 4560
3922 4841
3923 4648
3924 4035
3925 4759
3926 4555
3927 4954
3928 4951
3929 3929
3930 3675
3931 3931
3932 4997
3933 4373
3934 3934
3935 4720
3936 3936
3937 4844
3938 2673 4524 4915
3939 3259 3332 3964
3940 4836
3941 4850
3942 1621
3943 4601
3944 4841
3945 3945
3946 4844
3947 4875
3948 4035
3949 4964
3950 4163 4727 4844
3951 4282
3952 4262
3953 4815
3954 3332
3955 4774
3956 4995
3957 4795
3958 4885
3959 4273
3960 3960
3961 3961
3962 4249 4844 4915
3963 4639
3964 3964
3965 4985
3966 4382
3967 4722
3968 4154 4437 4741
3969 4783
3970 4180 4258
3971 4990
3972 4524
3973 3748
3974 5000
3975 4812
3976 4773
3977 4707
3978 3796
3979 4866
3980 4989
3981 4894
3982 3982
3983 4682
3984 3984
3985 4955
3986 3040
3987 4306
3988 4660
3989 4986
3990 4850
3991 4942
3992 4423 4819 4844
3993 3993
3994 4512
3995 3681
3996 3730
3997 3117 3574
3998 4725
3999 4835
4000 3681
4001 4194 4871 4939
4002 4437
4003 4003
4004 4579 4758 4939
4005 4939
4006 3501 4655 4815 4838
4007 2784 4707 4844
4008 3795 4856 4875 4957
4009 4009
4010 4796
4011 3166 4945 4978
4012 4902
4013 4764
4014 4512
4015 4190
4016 3714 4105 4997
4017 4918
4018 4660 4722 4894
4019 2062
4020 4082
4021 4579
4022 4863
4023 4844
4024 4954
4025 4980
4026 4983
4027 4990
4028 4524
4029 4967
4030 4835
4031 4702
4032 4255 4957 4995
4033 2227
4034 4249
4035 4035
4036 3398 3714 4925
4037 4041
4038 4795
4039 4835
4040 4814
4041 4041
4042 4918
4043 4906
4044 2062 3934 4925 4951
4045 4975
4046 4135
4047 3263
4048 4090
4049 4142 4423 4579 4979
4050 4249
4051 4887
4052 4599
4053 4987
4054 4258
4055 4841
4056 4984
4057 3964 4676 4882
4058 4669
4059 4943
4060 3993
4061 4061
4062 4774
4063 4082
4064 4764
4065 3832
4066 3259
4067 2977
4068 4702
4069 4500
4070 3148
4071 4249
4072 4985
4073 4382
4074 1470 3527 4696 4725
4075 4908
4076 4599
4077 3046 4601 4623
4078 4985
4079 4194 4943 4985
4080 4273
4081 4081
4082 4082
4083 4864
4084 4506
4085 4085
4086 4145
4087 4989
4088 3439
4089 4945
4090 4090
4091 4764
4092 4373
4093 4983
4094 4844
4095 4866
4096 4951
4097 4994
4098 3902 4925 4989
4099 3017
4100 4937
4101 4871
4102 3302 4578 4883
4103 3681
4104 4899
4105 4105
4106 4648
4107 4803 4879 4980
4108 4907
4109 4353
4110 4759
4111 4111
4112 4112
4113 3073 3332 3984 4085 4992
4114 4702
4115 4773
4116 3799
4117 4759
4118 3334
4119 4119
4120 4268 4608 4706 4990 4995
4121 4757
4122 3862 3892
4123 4981
4124 4570
4125 4980
4126 4579
4127 4655
4128 3984
4129 4599
4130 2853 4696 4937 4963
4131 4131
4132 3310
4133 4105
4134 4908
4135 4135
4136 4260
4137 4866
4138 4003
4139 4907
4140 4838
4141 4954
4142 4142
4143 4705
4144 4601
4145 4145
4146 4964
4147 4858
4148 4933
4149 3642
4150 4678
4151 4803
4152 4759
4153 4795
4154 4154
4155 4931
4156 4281
4157 864 3296 4524 4883
4158 4707 4803 4951
4159 4925
4160 4041
4161 4850
4162 4639
4163 4163
4164 4163 4978 4997
4165 4810
4166 4373
4167 4902
4168 4112
4169 4169
4170 4701
4171 5000
4172 4487
4173 4816
4174 4975
4175 3205 4812 4816 4902
4176 1460
4177 4975
4178 3211
4179 4759
4180 4180
4181 4996
4182 4955
4183 4989
4184 4986
4185 3046
4186 4268
4187 4249
4188 4268
4189 4688
4190 4190
4191 4588
4192 4955
4193 3040 4465 4655 4964 4997
4194 4194
4195 4599
4196 3332 4783 4803 4936 4960
4197 4085 4906 4915 4960 4964
4198 4689
4199 2631
4200 3140
4201 4268
4202 4875
4203 4980
4204 4669
4205 4725
4206 4986
4207 4787
4208 4981
4209 4979
4210 4589
4211 4937
4212 4776
4213 4944
4214 4214
4215 3211
4216 4908
4217 4979
4218 4973
4219 4090
4220 4757
4221 4941
4222 4937
4223 4190
4224 4678
4225 2673 2722 3172 3406 4194
4226 4145
4227 4814
4228 3677 4500 4850 4936
4229 4996
4230 4944
4231 4907
4232 4937
4233 4748
4234 4885
4235 4915
4236 3372 3736 4135 4423 4836 4907
4237 4978
4238 4989
4239 4819
4240 4879
4241 4902
4242 4682
4243 4796 4859 4863 4879 4915
4244 3114 4154 4245 4775 4933
4245 4245
4246 4964
4247 4936
4248 4964
4249 4249
4250 3219
4251 4944
4252 4844
4253 4944
4254 4812
4255 4255
4256 4701
4257 2606 4255 4803 4863 4964 4978
4258 4258
4259 4883
4260 4260
4261 4985
4262 4262
4263 4373
4264 4774
4265 3024 4593 4783 4883 4933
4266 4131
4267 3736
4268 4268
4269 4783
4270 3899 4105 4804 4866 4918
4271 4796
4272 4721
4273 4273
4274 3720
4275 2722 3257 4373 4806 4989 4992
4276 3397
4277 4783
4278 4983
4279 4379
4280 4770
4281 4281
4282 4282
4283 4283
4284 4623
4285 4688
4286 4983
4287 3899 3984 4331 4400 4748 4838
4288 4893
4289 3799 4882 4992 4996 4997
4290 4775
4291 4082
4292 4720
4293 4994
4294 4689
4295 4907
4296 4925
4297 4980
4298 4885
4299 495 3961 4623 4803 4957
4300 3914
4301 4676
4302 4883
4303 3902 4282 4725 4741 4942 4997
4304 3964 4796 4954 4992 4995
4305 4394
4306 4306
4307 4859
4308 4727
4309 3929 4281 4705 4902 4908 4992
4310 4858
4311 864 4379 4748 4844 4858
4312 4986
4313 4887
4314 4944
4315 495
4316 4660
4317 4866
4318 4111
4319 4249
4320 3795 4145 4283 4899 4979 4997
4321 4981
4322 4838
4323 3021 4081 4722 4803 4816
4324 4599
4325 4915
4326 4995
4327 4859
4328 4190
4329 4775
4330 4893
4331 4331
4332 4334
4333 3334 3912
4334 4334
4335 4954
4336 4908
4337 4967
4338 4995
4339 4973
4340 4727
4341 4936
4342 2673 4382 4841 4856 4933 4937
4343 4861
4344 3272
4345 4986
4346 3796 4379 4814 4836 4963 4985
4347 3114
4348 4601
4349 4975
4350 4992
4351 4978
4352 4579
4353 4353
4354 4979
4355 4774
4356 4639
4357 2876 4119 4812 4850 4885
4358 4954
4359 4258
4360 4553
4361 4702
4362 4579
4363 4214 4268 4281 4487 4871 4985
4364 4978
4365 4875
4366 4979
4367 4775
4368 4268
4369 3553
4370 5000
4371 4907
4372 4954
4373 4373
4374 4907
4375 4169
4376 4035
4377 4214 4249 4373 4506 4861 4893 4943
4378 4373
4379 4379
4380 4871
4381 4524 4795 4925 4943 4986 5000
4382 4382
4383 4944
4384 4838
4385 4727
4386 4967
4387 4816
4388 4882
4389 4373 4759 4796 4879 4945 4979
4390 4748
4391 4894
4392 4941
4393 4758
4394 4394
4395 4774
4396 4816
4397 4090
4398 4907
4399 3306
4400 4400
4401 4951
4402 4707
4403 4941
4404 4943
4405 4705
4406 4980
4407 4844
4408 4154 4273 4608 4806 4814 4981
4409 4748
4410 4758
4411 4570
4412 4836
4413 4993
4414 4648
4415 4885
4416 4701
4417 4931
4418 4907
4419 4856
4420 4975
4421 4758
4422 3902
4423 4423
4424 4424
4425 4579
4426 4758
4427 2062
4428 4875
4429 4142
4430 4908
4431 4757
4432 4465 4734 4757 4758
4433 4119
4434 4623
4435 3166 3574 4258 4268 4864 4875
4436 4840
4437 4437
4438 4838
4439 4524
4440 2062 2549 3257 4696 4816
4441 4512
4442 3259 3677 4214 4524 4866 4894
4443 4973
4444 4145 4268 4506 4660 4936 4964
4445 2424 3398 4796 4882 4894
4446 4925
4447 4908
4448 4593
4449 4960
4450 3148
4451 4882
4452 4787
4453 4844
4454 4996
4455 3960 4773 4951 4960 4973 4981
4456 4601
4457 4655
4458 4721
4459 4570
4460 4979
4461 3332
4462 4858
4463 4980
4464 3569 4119 4465 4512 4678 4992
4465 4465
4466 4639
4467 3642 4180 4382 4588 4773 4815
4468 4861
4469 4689
4470 4879
4471 4925
4472 4588
4473 4500
4474 2631 3021 3899 4262 4623 4858
4475 4893
4476 3040
4477 4706
4478 4696
4479 4697
4480 4648
4481 4964
4482 4696
4483 4850
4484 4941
4485 4373
4486 4487
4487 4487
4488 5000
4489 4214 4936
4490 4142 4334 4943 4973 4997
4491 4491
4492 4639
4493 4951
4494 4957
4495 4985
4496 4925
4497 4180
4498 4967
4499 4979
4500 4500
4501 3332 3368 4487 4500 4705 4871
4502 4992
4503 682 3219 4660 4887 4908 4994
4504 4688
4505 3677 4085 4145 4955 4975 4980
4506 4506
4507 4814
4508 4774
4509 4936
4510 4915
4511 4936
4512 4512
4513 4858
4514 4681
4515 4655
4516 4578
4517 4702
4518 4810
4519 4943
4520 4373
4521 2471 4722 4806 4997
4522 4759
4523 4883
4524 4524
4525 4669
4526 4720
4527 4967
4528 1582 4135 4524 4816 4858 4915
4529 4682 4773 4836 4902 5000
4530 4885
4531 4806
4532 4997
4533 3257 3993 4593 4660 4992
4534 4379 4705 4806 4858 4879
4535 4937
4536 4721
4537 4306
4538 4894
4539 2062
4540 4882
4541 4931
4542 4795
4543 4871
4544 4702
4545 4859
4546 4840
4547 4850
4548 4894
4549 4145 4163 4706 4810 4841 4943
4550 4863
4551 4163 4551
4552 4570
4553 4553
4554 864 4268 4512 4608 4648 4887
4555 4555
4556 3501
4557 4599
4558 5000
4559 4925
4560 4560
4561 4899
4562 4773
4563 4775
4564 3306 4424 4623 4796 4806 4987
4565 4579
4566 5000
4567 4725
4568 4937
4569 4908
4570 4570
4571 4985
4572 4669
4573 2977 3302 4951 4980 4984
4574 4815
4575 1789 3961 4190 4214 4885 4908
4576 4774
4577 4774
4578 4578
4579 4579
4580 4580
4581 3296 3528 4331 4734 4819 4850
4582 4608
4583 2125 4379 4423 4812 4814 4989
4584 4759
4585 4190
4586 4774
4587 4861
4588 4588
4589 4589
4590 4915
4591 3406 3569 3914 4373 4759 4844
4592 4757
4593 4593
4594 4804
4595 4748
4596 4669
4597 4255
4598 4980
4599 4599
4600 4759
4601 4601
4602 4944
4603 3993 4255 4682 4887 4918 4994
4604 4757
4605 4273 4697 4734 4759 4899 4951
4606 4894
4607 4105
4608 4608
4609 3078 4258 4810 4943 4995
4610 4997
4611 4706
4612 4933
4613 4810
4614 4986
4615 4840
4616 4987
4617 4617
4618 4334
4619 4939
4620 4992
4621 4678
4622 4836
4623 4623
4624 3078 4119 4589 4967 4981 4989
4625 4660 4931 4936 4984 4990 4992
4626 4707
4627 4979
4628 3795
4629 864 2125 3569 4660 4840 4954
4630 4973
4631 4669
4632 4757
4633 4783
4634 4748
4635 4806
4636 4973
4637 4757
4638 3574 4524 4806 4814 4844 4975
4639 4639
4640 4985
4641 4882
4642 4975
4643 4835
4644 4706
4645 4980
4646 4009 4578 4720 4748 4918 4981
4647 4506
4648 4648
4649 4787
4650 4759
4651 4696
4652 4697
4653 4894
4654 4758
4655 4655
4656 4902
4657 4973
4658 4283
4659 4578
4660 4660
4661 4812
4662 4689
4663 4841
4664 428 3257
4665 4705
4666 4933
4667 4783
4668 4806
4669 4669
4670 4727
4671 4941
4672 4885
4673 4770
4674 4783 4806 4864 4866 4893 5000
4675 4669
4676 4676
4677 4955
4678 4678
4679 4702
4680 3332 4003 4112 4819 4985 4986
4681 4681
4682 4682
4683 4979
4684 4858
4685 4936
4686 4676
4687 4936
4688 4688
4689 4689
4690 4734
4691 4994
4692 4963
4693 4796
4694 4997
4695 4741
4696 4696
4697 4697
4698 4954
4699 4984
4700 4796
4701 4701
4702 4702
4703 2784 3117 3148 3501 4281 4983
4704 4580 4983
4705 4705
4706 4706
4707 4707
4708 4734
4709 4795
4710 4944
4711 4978
4712 4864
4713 4954
4714 1470 3078 3247 4373
4715 4814
4716 4995
4717 3964 4262 4331 4578 4795 4996
4718 4819
4719 4861
4720 4720
4721 4721
4722 4722
4723 4906
4724 4734
4725 4725
4726 4866
4727 4727
4728 4975
4729 4945
4730 4487
4731 4776
4732 5000
4733 4993
4734 4734
4735 4907
4736 4887
4737 4882
4738 3247 3397 4255 4524 4887 4983
4739 4863
4740 4871
4741 4741
4742 4194
4743 4994
4744 4906
4745 4796
4746 4973
4747 4995
4748 4748
4749 4918
4750 4887
4751 4990
4752 4975
4753 4814
4754 1460 4578 4773 4864 4875 4987
4755 4816
4756 4836
4757 4757
4758 4758
4759 4759
4760 4856
4761 4906
4762 4841
4763 4866
4764 4764
4765 4937
4766 3720 3730 4840 4943 4957
4767 4864
4768 4871
4769 2979 3263 3500 4902 4981 5000
4770 4770
4771 4984
4772 1582 2631 4283 4578 4682 4804
4773 4773
4774 4774
4775 4775
4776 4776
4777 4835
4778 3219 3439 4836 4931 4979 4984
4779 3982 5000
4780 4899
4781 4942
4782 4861
4783 4783
4784 4840
4785 4984
4786 4850
4787 4787
4788 4885
4789 4795
4790 4194 4748 4770 4783 4887 4989
4791 4915
4792 4925
4793 4957
4794 4957
4795 4795
4796 4796
4797 2497 4061 4190 4706 4720 4844
4798 4861
4799 4906
4800 3306 3795 4111 4506 4915 4964
4801 4741
4802 4803
4803 4803
4804 4804
4805 3306 4553 4601 4783 4981
4806 4806
4807 4902
4808 4882
4809 4816
4810 4810
4811 4925
4812 4812
4813 4814
4814 4814
4815 4815
4816 4816
4817 2606 2631 3302 3306 4774 4983
4818 4983
4819 4819
4820 4864
4821 4894
4822 4984
4823 4933
4824 4939
4825 4864
4826 2227
4827 4997
4828 4512 4648 4859 4882 4908 4954
4829 4838
4830 2062 3681 4373 4882 4944 4981
4831 2876 4283 4705 4937 4963 4967
4832 4770
4833 4967
4834 4967
4835 4835
4836 4836
4837 4879
4838 4838
4839 4945
4840 4840
4841 4841
4842 4933
4843 4942
4844 4844
4845 4987
4846 4983
4847 4816
4848 4844
4849 3397 4306 4353 4758 4907 4980
4850 4850
4851 4803
4852 4937
4853 1582 1789 3398 4682 4816 4885
4854 4882
4855 4883
4856 4856
4857 4990
4858 4858
4859 4859
4860 4963
4861 4861
4862 4992
4863 4863
4864 4864
4865 4882
4866 4866
4867 4987
4868 3642 3905 4180 4883 4907 4978
4869 4943
4870 4601 4810 4819 4981 5000
4871 4871
4872 4872
4873 4995
4874 4796
4875 4875
4876 4907
4877 4993
4878 4871
4879 4879
4880 4964
4881 4993
4882 4882
4883 4883
4884 3929 4268 4648 4918 4984 4986
4885 4885
4886 3720 3899 4506 4758 4871 4931
4887 4887
4888 4979
4889 4885
4890 4983
4891 4989
4892 2866 4035 4776 4866 4985
4893 4893
4894 4894
4895 4984
4896 4943
4897 4894
4898 4984
4899 4899
4900 4937
4901 4933
4902 4902
4903 1582 4639 4787 4816 4858 4989
4904 4978
4905 2690 3675 4268 4810 4859 4887
4906 4906
4907 4907
4908 4908
4909 4190 4306 4819 4872 4902 4980
4910 4936
4911 4944
4912 4981
4913 3501 4623 4819 4840 4841 4879
4914 3161 3786 4783 4908 4945 4957
4915 4915
4916 4902
4917 2062 3455 4180 4190 4639 4787
4918 4918
4919 4943
4920 4997
4921 2717 2925 3713 4758 4759 4776
4922 3796 4688 4840 4941 4983 4997
4923 4931
4924 4984
4925 4925
4926 4955
4927 4989
4928 4981
4929 4887
4930 4975
4931 4931
4932 4993
4933 4933
4934 2301 3398 3961 4608 4816 4996
4935 3528 3878 4676 4706 4759 4979
4936 4936
4937 4937
4938 4978
4939 4939
4940 4983
4941 4941
4942 4942
4943 4943
4944 4944
4945 4945
4946 4989
4947 4973
4948 4931
4949 3787 4190 4688 4757 4957 4996
4950 5000
4951 4951
4952 4850
4953 4981
4954 4954
4955 4955
4956 3569
4957 4957
4958 682 2925 3614 3931 4588 4623 4816
4959 4989
4960 4960
4961 4500 4702 4859 4906 4925 4983
4962 4992
4963 4963
4964 4964
4965 2200 3569 3750 3960 4706 4770
4966 4936
4967 4967
4968 4975
4969 3397 3459 3736 4255 4689 4770
4970 495 3527 4796 4806 4979 4985
4971 4990
4972 3569 4273 4682 4787 4856 4918
4973 4973
4974 4967
4975 4975
4976 4951
4977 4993
4978 4978
4979 4979
4980 4980
4981 4981
4982 4954
4983 4983
4984 4984
4985 4985
4986 4986
4987 4987
4988 4775 4840 4951 4984 4989
4989 4989
4990 4990
4991 4990
4992 4992
4993 4993
4994 4994
4995 4995
4996 4996
4997 4997
4998 3172 4180 4260 4555 4617 4941
4999 3017 3306 3914 4249 4944 4954
5000 5000
