1000
4994
1	567
1	573
1	610
1	883
2	550
2	773
2	820
2	981
3	91
3	262
3	350
3	452
4	622
4	707
4	893
4	894
5	927
5	951
5	968
6	528
6	810
6	961
6	966
7	402
7	711
7	863
7	946
8	758
8	989
8	990
8	997
9	706
9	880
9	946
9	981
10	192
10	463
10	888
10	963
11	632
11	972
11	987
11	991
12	424
12	878
12	974
12	999
13	318
13	364
13	573
13	580
14	86
14	201
14	796
14	853
15	100
15	764
15	958
15	999
16	731
16	854
16	859
16	963
17	60
17	350
17	395
17	643
18	511
18	927
18	944
18	957
19	843
19	981
19	990
19	991
19	1000
20	594
20	809
20	895
20	914
21	924
21	937
21	941
21	973
22	675
22	883
22	966
22	976
23	513
23	841
23	927
23	944
24	796
24	842
24	932
24	935
25	195
25	571
25	575
25	978
26	595
26	918
26	967
26	976
27	76
27	477
27	895
27	914
28	603
28	708
28	961
28	966
29	432
29	895
29	914
29	942
30	806
30	856
30	868
30	980
30	982
30	1000
31	563
31	852
31	881
31	889
32	585
32	620
32	638
32	663
33	240
33	994
33	996
33	1000
34	771
34	831
34	935
34	954
35	446
35	620
35	638
35	912
36	105
36	579
36	804
36	860
37	953
37	962
37	979
37	984
38	849
38	852
38	881
38	889
39	270
39	704
39	892
39	903
40	737
40	911
40	953
40	979
41	527
41	568
41	646
41	892
42	387
42	989
42	990
42	997
43	959
43	967
43	987
43	991
44	797
44	894
44	961
44	966
45	769
45	798
45	875
45	959
46	397
46	665
46	686
46	988
47	765
47	846
47	890
47	911
48	913
48	986
48	995
48	998
49	679
49	832
49	951
49	968
50	125
50	401
50	555
50	883
51	732
51	746
51	890
51	911
52	936
52	937
52	941
52	973
53	388
53	641
53	787
53	955
54	345
54	904
54	979
54	992
54	995
55	645
55	870
55	904
55	908
55	991
56	877
56	989
56	990
56	997
57	720
57	756
57	843
57	868
58	637
58	748
58	922
58	936
59	928
59	934
59	991
59	998
59	1000
60	17
60	391
60	571
60	969
61	744
61	802
61	982
61	988
62	424
62	442
62	818
62	993
63	929
63	934
63	936
63	988
64	786
64	975
64	981
64	999
65	285
65	407
65	725
65	852
66	653
66	824
66	928
66	986
67	947
67	950
67	970
67	974
68	962
68	975
68	992
68	999
69	427
69	786
69	968
69	990
69	998
70	787
70	945
70	958
70	999
71	98
71	235
71	878
71	932
72	597
72	994
72	996
72	1000
73	353
73	442
73	669
73	993
74	802
74	807
74	817
74	982
75	799
75	948
75	977
75	980
76	27
76	684
76	895
76	914
77	681
77	850
77	967
77	976
78	664
78	826
78	992
78	1000
79	880
79	921
79	946
79	981
80	925
80	949
80	965
80	975
81	194
81	495
81	640
81	841
82	717
82	817
82	920
82	982
83	453
83	953
83	962
83	979
84	534
84	552
84	723
84	979
85	206
85	610
85	649
85	883
86	14
86	929
86	934
86	936
87	418
87	893
87	904
87	966
87	985
88	537
88	800
88	860
88	980
89	248
89	636
89	798
89	961
90	726
90	929
90	934
90	936
91	3
91	231
91	524
91	921
91	983
91	992
92	828
92	931
92	992
92	993
93	819
93	853
93	995
93	998
94	96
94	167
94	452
94	493
95	469
95	847
95	955
95	999
96	94
96	108
96	167
96	352
97	924
97	937
97	941
97	973
98	71
98	159
98	904
98	956
98	961
98	973
99	205
99	767
99	897
99	944
100	15
100	840
100	945
100	999
101	724
101	926
101	971
101	985
102	457
102	463
102	886
102	963
103	492
103	633
103	800
103	984
104	726
104	929
104	934
104	936
105	36
105	661
105	800
105	860
106	930
106	948
106	977
106	980
107	169
107	926
107	971
107	985
108	96
108	383
108	493
108	735
109	771
109	853
109	878
109	932
110	880
110	931
110	946
110	981
111	959
111	960
111	987
111	991
112	263
112	538
112	893
112	933
113	411
113	950
113	970
113	974
114	947
114	950
114	970
114	974
115	635
115	645
115	975
115	992
115	997
116	753
116	876
116	902
116	908
117	427
117	473
117	498
117	521
118	189
118	287
118	723
118	834
119	346
119	426
119	741
119	836
120	707
120	719
120	899
120	922
121	883
121	929
121	934
121	936
122	925
122	949
122	965
122	975
123	247
123	894
123	961
123	966
124	348
124	783
124	830
124	931
125	50
125	328
125	849
125	889
126	244
126	381
126	534
126	723
127	677
127	796
127	806
127	853
128	629
128	652
128	910
128	921
129	698
129	718
129	892
129	903
130	637
130	672
130	748
130	993
131	732
131	898
131	902
131	911
132	973
132	989
132	990
132	997
133	819
133	967
133	995
133	998
134	867
134	869
134	928
134	996
135	549
135	567
135	610
135	883
136	279
136	504
136	718
136	892
137	753
137	876
137	902
137	908
138	592
138	675
138	782
138	962
139	548
139	651
139	719
139	922
140	665
140	686
140	857
140	988
141	434
141	475
141	910
141	921
142	475
142	754
142	995
142	998
143	928
143	976
143	982
143	997
143	998
144	276
144	816
144	956
144	957
145	428
145	513
145	995
145	998
146	276
146	956
146	957
146	993
147	734
147	876
147	902
147	908
148	710
148	773
148	946
148	981
149	425
149	517
149	961
149	966
150	666
150	711
150	922
150	970
151	195
151	199
151	643
151	978
152	347
152	835
152	958
152	999
153	773
153	880
153	882
153	981
154	492
154	633
154	832
154	984
155	271
155	703
155	962
155	979
156	786
156	802
156	920
156	982
157	625
157	897
157	927
157	944
158	584
158	750
158	816
158	969
159	98
159	420
159	633
159	984
160	479
160	763
160	951
160	968
161	364
161	573
161	580
161	694
162	477
162	949
162	965
162	975
163	527
163	852
163	881
163	896
164	787
164	885
164	945
164	999
165	841
165	897
165	927
165	944
166	276
166	956
166	957
166	993
167	94
167	96
167	262
167	452
168	261
168	742
168	910
168	921
169	107
169	698
169	711
169	868
169	921
169	992
170	419
170	918
170	967
170	976
171	733
171	752
171	895
171	914
172	726
172	929
172	934
172	936
173	754
173	978
173	995
173	998
174	831
174	913
174	995
174	998
175	872
175	919
175	971
175	985
176	250
176	842
176	853
176	871
177	602
177	711
177	854
177	863
178	698
178	868
178	949
178	977
178	993
179	964
179	994
179	996
179	1000
180	864
180	930
180	977
180	980
181	900
181	926
181	971
181	985
182	266
182	440
182	573
182	580
183	512
183	808
183	967
183	976
184	757
184	918
184	967
184	976
185	310
185	700
185	897
185	979
186	841
186	880
186	946
186	981
187	413
187	994
187	996
187	1000
188	881
188	889
188	896
188	983
189	118
189	950
189	970
189	974
190	345
190	947
190	979
190	980
190	985
191	433
191	582
191	899
191	922
192	10
192	598
192	870
192	886
193	525
193	989
193	990
193	997
194	81
194	585
194	936
194	973
194	985
195	25
195	151
195	571
195	969
196	634
196	824
196	825
196	867
197	646
197	838
197	917
197	992
198	443
198	589
198	645
198	666
199	151
199	254
199	391
199	643
200	434
200	882
200	946
200	981
201	14
201	526
201	771
201	878
202	812
202	865
202	951
202	968
203	703
203	989
203	990
203	997
204	290
204	908
204	928
204	982
204	992
204	1000
205	99
205	495
205	531
205	973
206	85
206	731
206	856
206	984
206	997
207	555
207	649
207	783
207	883
208	885
208	955
208	958
208	999
209	837
209	907
209	926
209	985
210	755
210	881
210	889
210	978
211	497
211	913
211	995
211	998
212	833
212	955
212	958
212	999
213	238
213	507
213	830
213	859
214	925
214	949
214	965
214	975
215	964
215	994
215	996
215	1000
216	847
216	958
216	990
216	999
217	569
217	962
217	979
217	990
218	258
218	401
218	791
218	883
219	354
219	917
219	939
219	992
220	846
220	890
220	898
220	911
221	950
221	960
221	972
221	991
222	227
222	298
222	995
222	998
223	945
223	994
223	996
223	1000
224	630
224	953
224	962
224	979
225	795
225	955
225	958
225	999
226	840
226	908
226	920
226	936
227	222
227	579
227	804
227	860
228	861
228	960
228	987
228	991
229	808
229	918
229	967
229	976
230	266
230	318
230	440
230	573
230	580
231	91
231	517
231	603
231	708
231	961
232	942
232	964
232	994
232	996
232	1000
233	420
233	466
233	633
233	952
233	984
234	726
234	929
234	934
234	936
234	983
235	71
235	416
235	694
235	760
235	806
236	499
236	959
236	960
236	972
236	987
237	362
237	435
237	861
237	875
237	963
238	213
238	507
238	777
238	783
238	830
239	914
239	924
239	937
239	941
239	973
240	33
240	769
240	798
240	861
240	875
241	929
241	934
241	936
241	983
241	988
242	799
242	935
242	948
242	977
242	980
243	726
243	929
243	934
243	936
243	988
244	126
244	287
244	303
244	723
244	959
245	576
245	591
245	706
245	946
245	981
246	823
246	877
246	989
246	990
246	997
247	123
247	880
247	882
247	946
247	981
248	89
248	268
248	400
248	961
248	966
249	627
249	831
249	858
249	995
249	998
250	176
250	694
250	796
250	932
250	952
251	642
251	777
251	783
251	830
251	984
252	875
252	964
252	994
252	996
252	1000
253	740
253	960
253	972
253	987
253	991
254	199
254	378
254	571
254	575
254	969
255	326
255	720
255	756
255	843
255	868
256	261
256	282
256	742
256	910
256	921
257	862
257	924
257	937
257	941
257	973
258	218
258	483
258	555
258	649
258	883
259	407
259	852
259	889
259	896
259	910
260	267
260	507
260	777
260	783
260	984
261	168
261	256
261	629
261	910
261	921
262	3
262	167
262	493
262	507
262	669
263	112
263	339
263	622
263	893
263	985
264	446
264	620
264	663
264	873
264	942
265	943
265	947
265	950
265	970
265	974
266	182
266	230
266	318
266	364
266	440
267	260
267	642
267	777
267	783
267	830
268	248
268	603
268	736
268	894
268	961
269	868
269	919
269	966
269	985
269	991
269	993
270	39
270	808
270	918
270	967
270	976
271	155
271	526
271	694
271	853
271	871
272	791
272	825
272	851
272	869
272	928
273	647
273	769
273	849
273	861
273	875
274	713
274	767
274	809
274	841
274	944
275	686
275	933
275	972
275	987
275	991
276	144
276	146
276	166
276	427
276	993
277	779
277	780
277	879
277	901
277	904
278	300
278	637
278	672
278	748
278	993
279	136
279	639
279	646
279	801
279	892
280	737
280	766
280	785
280	962
280	979
281	435
281	510
281	611
281	861
281	875
282	256
282	390
282	652
282	910
282	921
283	903
283	927
283	936
283	974
283	998
284	605
284	948
284	977
284	980
284	994
285	65
285	753
285	876
285	902
285	908
286	422
286	756
286	777
286	783
286	830
287	118
287	244
287	381
287	552
287	723
288	303
288	816
288	956
288	957
288	972
289	322
289	643
289	938
289	969
289	978
290	204
290	402
290	755
290	854
290	912
291	943
291	947
291	950
291	970
291	974
292	363
292	752
292	895
292	914
292	941
293	813
293	814
293	989
293	990
293	997
294	808
294	850
294	918
294	967
294	976
295	563
295	849
295	852
295	889
295	978
296	450
296	473
296	498
296	521
296	524
297	862
297	924
297	937
297	941
297	973
298	222
298	913
298	978
298	995
298	998
299	444
299	570
299	698
299	801
299	903
300	278
300	872
300	919
300	971
300	985
301	569
301	712
301	865
301	951
301	968
302	439
302	925
302	949
302	965
302	975
303	244
303	288
303	911
303	979
303	993
304	717
304	786
304	887
304	920
304	982
305	466
305	680
305	690
305	995
305	998
306	785
306	924
306	937
306	941
306	973
307	618
307	725
307	849
307	852
307	931
308	518
308	584
308	766
308	912
308	969
309	746
309	765
309	846
309	898
309	911
310	185
310	315
310	731
310	859
310	963
311	541
311	953
311	962
311	979
311	984
312	578
312	618
312	881
312	893
312	896
313	631
313	959
313	972
313	987
313	991
314	804
314	964
314	994
314	996
314	1000
315	310
315	785
315	938
315	953
315	962
316	715
316	870
316	886
316	957
316	987
317	402
317	704
317	755
317	863
317	912
318	13
318	230
318	266
318	440
318	580
319	375
319	655
319	801
319	892
319	903
320	557
320	679
320	792
320	951
320	968
321	383
321	501
321	518
321	584
321	969
322	289
322	522
322	575
322	969
322	978
323	846
323	874
323	926
323	971
323	985
324	379
324	725
324	849
324	889
324	896
325	822
325	877
325	989
325	990
325	997
326	255
326	685
326	882
326	946
326	981
327	901
327	947
327	950
327	970
327	974
328	125
328	535
328	852
328	889
328	896
329	670
329	759
329	871
329	932
329	984
330	675
330	782
330	836
330	870
330	886
331	398
331	940
331	972
331	987
331	991
332	586
332	850
332	918
332	967
332	976
333	358
333	745
333	986
333	995
333	998
334	384
334	592
334	836
334	886
334	983
335	658
335	813
335	989
335	990
335	997
336	943
336	947
336	950
336	970
336	974
337	942
337	964
337	994
337	996
337	1000
338	929
338	934
338	936
338	981
339	263
339	622
339	707
339	770
339	893
340	801
340	960
340	972
340	987
340	991
341	824
341	851
341	867
341	869
341	928
342	734
342	753
342	876
342	902
342	908
343	751
343	842
343	871
343	878
343	916
344	862
344	924
344	937
344	941
344	973
345	54
345	190
345	356
345	474
345	731
346	119
346	989
346	990
346	997
347	152
347	742
347	910
347	921
347	969
348	124
348	947
348	950
348	970
348	974
349	868
349	870
349	928
349	953
349	976
350	3
350	17
350	900
350	918
350	973
350	1000
351	746
351	846
351	890
351	898
351	911
352	96
352	936
352	974
352	982
352	987
353	73
353	424
353	442
353	589
353	993
354	219
354	503
354	781
354	848
354	992
355	918
355	957
355	967
355	976
355	983
356	345
356	487
356	731
356	749
356	956
357	628
357	727
357	772
357	788
357	856
358	333
358	831
358	913
358	995
358	998
359	569
359	883
359	914
359	968
359	1000
360	797
360	879
360	938
360	961
360	966
361	828
361	838
361	848
361	931
361	992
362	237
362	531
362	841
362	927
362	944
363	292
363	414
363	722
363	895
363	914
364	13
364	161
364	266
364	573
364	896
365	784
365	930
365	948
365	977
365	980
366	490
366	565
366	953
366	962
366	984
367	555
367	835
367	955
367	958
367	999
368	779
368	879
368	901
368	904
368	998
369	570
369	704
369	718
369	801
369	892
370	594
370	752
370	877
370	895
370	914
371	885
371	945
371	955
371	958
371	999
372	862
372	924
372	937
372	941
372	973
373	506
373	626
373	771
373	878
373	932
374	661
374	800
374	804
374	938
374	952
375	319
375	384
375	596
375	646
375	903
376	515
376	650
376	729
376	899
376	922
377	652
377	885
377	955
377	958
377	999
378	254
378	695
378	861
378	907
378	922
378	973
379	324
379	417
379	725
379	896
379	931
380	608
380	877
380	989
380	990
380	997
381	126
381	287
381	534
381	552
381	723
382	781
382	826
382	917
382	921
382	992
383	108
383	321
383	738
383	804
383	910
383	997
384	334
384	375
384	410
384	570
384	639
384	903
385	681
385	782
385	850
385	918
385	967
385	976
386	636
386	708
386	885
386	938
386	961
386	966
387	42
387	690
387	877
387	989
387	990
387	997
388	53
388	702
388	795
388	885
388	958
388	999
389	888
389	909
389	925
389	949
389	965
389	975
390	282
390	652
390	742
390	868
390	910
390	921
391	60
391	199
391	571
391	575
391	643
391	904
392	940
392	959
392	960
392	972
392	987
392	991
393	939
393	943
393	947
393	950
393	970
393	974
394	576
394	604
394	880
394	882
394	946
394	981
395	17
395	452
395	860
395	904
395	982
395	1000
396	702
396	840
396	945
396	955
396	958
396	999
397	46
397	665
397	686
397	775
397	935
397	988
398	331
398	564
398	924
398	937
398	941
398	973
399	550
399	742
399	882
399	935
399	946
399	981
400	248
400	453
400	591
400	953
400	962
400	979
401	50
401	218
401	567
401	649
401	883
401	982
402	7
402	290
402	317
402	635
402	755
402	912
403	642
403	677
403	751
403	771
403	878
403	932
404	487
404	731
404	736
404	859
404	956
404	963
405	862
405	924
405	937
405	941
405	971
405	973
406	409
406	597
406	786
406	887
406	982
406	991
407	65
407	259
407	745
407	852
407	881
407	896
408	681
408	757
408	850
408	967
408	976
408	983
409	406
409	707
409	802
409	807
409	887
409	982
410	384
410	727
410	849
410	968
410	974
410	982
411	113
411	428
411	819
411	913
411	995
411	998
412	622
412	707
412	770
412	893
412	935
412	988
413	187
413	732
413	765
413	890
413	898
413	911
414	363
414	594
414	722
414	809
414	895
414	914
415	836
415	849
415	852
415	881
415	889
415	896
416	235
416	759
416	775
416	878
416	932
416	954
417	379
417	797
417	894
417	961
417	966
417	978
418	87
418	478
418	506
418	806
418	878
418	932
419	170
419	757
419	918
419	936
419	967
419	976
420	159
420	233
420	492
420	633
420	952
420	957
421	819
421	831
421	913
421	984
421	995
421	998
422	286
422	642
422	777
422	783
422	830
422	984
423	593
423	734
423	753
423	876
423	902
423	908
424	12
424	62
424	353
424	442
424	818
424	993
425	149
425	489
425	636
425	797
425	894
425	966
426	119
426	782
426	836
426	886
426	922
426	983
427	69
427	117
427	276
427	970
427	974
427	1000
428	145
428	411
428	831
428	913
428	995
428	998
429	942
429	964
429	982
429	994
429	996
429	1000
430	637
430	672
430	748
430	963
430	993
431	607
431	824
431	851
431	867
431	869
431	928
432	29
432	684
432	722
432	809
432	895
432	977
433	191
433	546
433	729
433	760
433	899
433	922
434	141
434	200
434	742
434	754
434	910
434	921
435	237
435	281
435	769
435	798
435	861
435	875
436	834
436	861
436	880
436	890
436	967
436	992
437	888
437	909
437	925
437	949
437	965
437	975
438	709
438	837
438	907
438	919
438	971
438	985
439	302
439	488
439	621
439	927
439	944
439	983
440	182
440	230
440	266
440	318
440	580
440	637
441	743
441	909
441	925
441	949
441	965
441	975
442	62
442	73
442	353
442	424
442	522
442	993
443	198
443	583
443	645
443	666
443	859
443	866
444	299
444	552
444	568
444	639
444	801
444	903
445	625
445	629
445	890
445	894
445	899
445	992
446	35
446	264
446	585
446	638
446	663
446	912
447	916
447	942
447	964
447	994
447	996
447	1000
448	862
448	924
448	937
448	941
448	973
448	986
449	650
449	720
449	756
449	843
449	868
449	969
450	296
450	473
450	498
450	521
450	524
450	979
451	560
451	746
451	765
451	846
451	898
451	911
452	3
452	94
452	167
452	395
452	493
452	928
453	83
453	400
453	703
453	953
453	962
453	979
454	728
454	779
454	780
454	879
454	901
454	904
455	887
455	920
455	952
455	970
455	982
455	988
456	669
456	940
456	959
456	960
456	972
456	987
457	102
457	523
457	718
457	836
457	870
457	886
458	623
458	826
458	828
458	838
458	917
458	992
459	490
459	628
459	727
459	772
459	854
459	863
460	554
460	929
460	934
460	935
460	936
460	983
461	561
461	707
461	770
461	893
461	929
461	935
462	695
462	734
462	753
462	876
462	902
462	908
463	10
463	102
463	675
463	836
463	870
463	983
464	468
464	666
464	792
464	865
464	951
464	968
465	602
465	755
465	772
465	850
465	854
465	863
466	233
466	305
466	745
466	754
466	995
466	998
467	547
467	732
467	846
467	890
467	898
467	966
468	464
468	812
468	832
468	865
468	951
468	968
469	95
469	658
469	954
469	955
469	958
469	999
470	478
470	490
470	785
470	938
470	962
470	979
471	788
471	791
471	825
471	869
471	895
471	928
472	728
472	779
472	780
472	879
472	901
472	904
473	117
473	296
473	450
473	498
473	521
473	524
474	345
474	487
474	731
474	736
474	793
474	963
475	141
475	142
475	652
475	742
475	910
475	921
476	888
476	909
476	925
476	949
476	965
476	975
477	27
477	162
477	733
477	809
477	895
477	914
478	418
478	470
478	565
478	953
478	962
478	979
479	160
479	611
479	675
479	832
479	951
479	968
480	803
480	872
480	926
480	963
480	971
480	985
481	611
481	617
481	812
481	865
481	951
481	968
482	697
482	823
482	926
482	989
482	990
482	997
483	258
483	549
483	610
483	744
483	883
483	999
484	893
484	908
484	955
484	975
484	982
484	999
485	933
485	940
485	959
485	987
485	990
485	991
486	590
486	720
486	756
486	843
486	868
486	885
487	356
487	404
487	474
487	641
487	731
487	956
487	963
488	439
488	495
488	767
488	897
488	927
488	944
488	947
489	425
489	517
489	528
489	559
489	801
489	961
489	966
490	366
490	459
490	470
490	591
490	737
490	953
490	979
491	918
491	939
491	943
491	947
491	950
491	970
491	974
492	103
492	154
492	420
492	633
492	906
492	952
492	984
493	94
493	108
493	262
493	452
493	669
493	735
493	923
494	498
494	717
494	861
494	875
494	904
494	930
494	979
495	81
495	205
495	488
495	513
495	897
495	927
495	944
496	603
496	616
496	683
496	813
496	989
496	990
496	997
497	211
497	831
497	858
497	913
497	980
497	995
497	998
498	117
498	296
498	450
498	473
498	494
498	521
498	524
499	236
499	591
499	695
499	766
499	785
499	953
499	979
500	682
500	862
500	913
500	924
500	937
500	941
500	973
501	321
501	518
501	584
501	775
501	816
501	912
501	969
502	837
502	872
502	874
502	907
502	919
502	971
502	985
503	354
503	901
503	914
503	966
503	995
503	998
503	1000
504	136
504	527
504	646
504	704
504	718
504	892
504	903
505	748
505	936
505	946
505	968
505	981
505	993
505	998
506	373
506	418
506	842
506	853
506	871
506	932
506	952
507	213
507	238
507	260
507	262
507	777
507	830
507	984
508	888
508	909
508	925
508	948
508	949
508	965
508	975
509	776
509	888
509	909
509	925
509	949
509	965
509	975
510	281
510	606
510	647
510	687
510	798
510	861
510	875
511	18
511	691
511	812
511	841
511	897
511	927
511	944
512	183
512	757
512	808
512	850
512	918
512	967
512	976
513	23
513	145
513	495
513	713
513	897
513	927
513	944
514	781
514	811
514	826
514	828
514	848
514	876
514	992
515	376
515	650
515	705
515	719
515	729
515	899
515	922
516	564
516	821
516	924
516	937
516	941
516	973
516	986
517	149
517	231
517	489
517	797
517	894
517	961
517	966
518	308
518	321
518	501
518	584
518	912
518	939
518	969
519	769
519	940
519	959
519	960
519	972
519	987
519	991
520	762
520	864
520	930
520	948
520	976
520	977
520	980
521	117
521	296
521	450
521	473
521	498
521	524
521	712
522	322
522	442
522	798
522	875
522	921
522	945
522	999
523	457
523	553
523	598
523	730
523	836
523	870
523	886
524	91
524	296
524	450
524	473
524	498
524	521
524	762
525	193
525	690
525	822
525	877
525	989
525	990
525	997
526	201
526	271
526	670
526	751
526	771
526	842
526	932
527	41
527	163
527	504
527	704
527	891
527	903
527	969
528	6
528	489
528	894
528	912
528	958
528	961
528	966
529	666
529	885
529	950
529	968
529	970
529	994
529	997
529	999
530	716
530	939
530	943
530	947
530	950
530	970
530	974
531	205
531	362
531	558
531	841
531	897
531	930
531	944
532	893
532	920
532	923
532	970
532	974
532	992
532	1000
533	860
533	872
533	874
533	900
533	926
533	971
533	985
534	84
534	126
534	381
534	552
534	723
534	834
534	839
535	328
535	545
535	711
535	727
535	730
535	856
535	863
536	582
536	650
536	705
536	719
536	899
536	922
536	948
537	88
537	579
537	800
537	804
537	816
537	860
537	993
538	112
538	561
538	622
538	770
538	893
538	935
538	988
539	573
539	770
539	796
539	842
539	881
539	893
539	968
540	672
540	748
540	967
540	981
540	992
540	998
540	1000
541	311
541	677
541	737
541	938
541	953
541	962
541	979
542	579
542	717
542	802
542	817
542	887
542	920
542	982
543	905
543	916
543	942
543	964
543	994
543	996
543	1000
544	916
544	942
544	949
544	964
544	994
544	996
544	1000
545	535
545	602
545	727
545	772
545	854
545	856
545	863
546	433
546	651
546	705
546	729
546	802
546	899
546	922
547	467
547	630
547	846
547	890
547	898
547	911
547	993
548	139
548	821
548	838
548	848
548	917
548	954
548	992
549	135
549	483
549	555
549	567
549	649
549	883
549	955
550	2
550	399
550	773
550	882
550	946
550	981
550	988
551	933
551	959
551	960
551	962
551	972
551	987
551	991
552	84
552	287
552	381
552	444
552	534
552	581
552	723
553	523
553	562
553	583
553	899
553	922
553	985
553	992
554	460
554	726
554	929
554	934
554	936
554	979
554	988
555	50
555	207
555	258
555	367
555	549
555	610
555	883
556	601
556	862
556	924
556	937
556	941
556	949
556	973
557	320
557	712
557	792
557	832
557	865
557	951
557	968
558	531
558	621
558	811
558	818
558	897
558	944
558	983
559	489
559	797
559	891
559	894
559	961
559	966
559	978
560	451
560	654
560	746
560	789
560	846
560	890
560	898
560	993
561	461
561	538
561	622
561	659
561	707
561	770
561	893
561	988
562	553
562	590
562	720
562	756
562	843
562	868
563	31
563	295
563	578
563	618
563	852
563	889
563	896
563	931
564	398
564	516
564	682
564	862
564	924
564	937
564	941
564	973
565	366
565	478
565	785
565	823
565	953
565	962
565	979
565	986
566	833
566	840
566	885
566	945
566	955
566	958
566	997
566	999
567	1
567	135
567	401
567	549
567	610
567	649
567	824
567	883
568	41
568	444
568	639
568	698
568	704
568	718
568	799
568	903
569	217
569	301
569	359
569	695
569	737
569	953
569	962
569	979
570	299
570	369
570	384
570	801
570	892
570	903
570	951
570	969
571	25
571	60
571	195
571	254
571	391
571	575
571	643
571	978
572	636
572	672
572	748
572	911
572	953
572	961
572	962
572	981
573	1
573	13
573	161
573	182
573	230
573	364
573	539
573	580
574	624
574	753
574	844
574	864
574	930
574	948
574	977
574	980
575	25
575	254
575	322
575	391
575	571
575	897
575	969
575	978
576	245
576	394
576	685
576	706
576	880
576	882
576	946
576	981
577	904
577	933
577	940
577	959
577	960
577	972
577	987
577	991
578	312
578	563
578	725
578	849
578	852
578	881
578	889
578	896
579	36
579	227
579	537
579	542
579	661
579	800
579	804
579	860
580	13
580	161
580	182
580	230
580	318
580	440
580	573
580	871
581	552
581	670
581	839
581	871
581	910
581	914
581	917
581	973
582	191
582	536
582	599
582	705
582	719
582	899
582	922
582	923
583	443
583	553
583	645
583	666
583	839
583	859
583	866
583	986
584	158
584	308
584	321
584	501
584	518
584	775
584	912
584	969
585	32
585	194
585	446
585	620
585	638
585	663
585	715
585	805
586	332
586	596
586	757
586	808
586	850
586	918
586	967
586	976
587	642
587	736
587	899
587	908
587	922
587	965
587	975
587	981
588	651
588	933
588	940
588	959
588	960
588	972
588	987
588	991
589	198
589	353
589	666
589	899
589	900
589	981
589	985
589	997
590	486
590	562
590	720
590	756
590	843
590	868
591	245
591	400
591	490
591	499
591	626
591	953
591	962
591	979
592	138
592	334
592	598
592	675
592	782
592	870
592	886
592	999
593	423
593	734
593	753
593	876
593	902
593	908
594	20
594	370
594	414
594	684
594	733
594	809
594	895
594	914
595	26
595	933
595	940
595	959
595	960
595	972
595	987
595	991
596	375
596	586
596	757
596	808
596	850
596	918
596	967
596	976
597	72
597	406
597	700
597	802
597	807
597	887
597	952
597	982
598	192
598	523
598	592
598	782
598	870
598	886
598	946
598	963
599	582
599	650
599	651
599	705
599	719
599	729
599	899
599	922
600	795
600	833
600	835
600	847
600	945
600	955
600	958
600	999
601	556
601	656
601	664
601	924
601	937
601	941
601	973
601	986
602	177
602	465
602	545
602	635
602	772
602	854
602	856
602	997
603	28
603	231
603	268
603	496
603	636
603	894
603	923
603	961
604	394
604	685
604	710
604	880
604	882
604	937
604	946
604	981
605	284
605	762
605	844
605	930
605	945
605	948
605	977
605	980
606	510
606	647
606	769
606	798
606	861
606	875
606	919
606	963
607	431
607	788
607	824
607	851
607	867
607	869
607	913
607	928
608	380
608	687
608	690
608	823
608	877
608	989
608	990
608	997
609	897
609	915
609	939
609	943
609	947
609	950
609	970
609	974
610	1
610	85
610	135
610	483
610	555
610	567
610	649
610	883
611	281
611	479
611	481
611	763
611	832
611	865
611	951
611	968
612	696
612	915
612	939
612	943
612	947
612	950
612	970
612	974
613	772
613	847
613	860
613	863
613	971
613	976
613	982
613	999
614	835
614	905
614	916
614	942
614	964
614	994
614	996
614	1000
615	693
615	872
615	874
615	919
615	926
615	971
615	985
615	996
616	496
616	822
616	823
616	877
616	887
616	989
616	990
616	997
617	481
617	679
617	680
617	812
617	832
617	865
617	951
617	968
618	307
618	312
618	563
618	849
618	881
618	889
618	976
618	978
619	833
619	847
619	885
619	945
619	955
619	958
619	984
619	999
620	32
620	35
620	264
620	585
620	638
620	663
620	805
620	873
621	439
621	558
621	691
621	767
621	897
621	927
621	938
621	944
622	4
622	263
622	339
622	412
622	538
622	561
622	770
622	893
622	988
623	458
623	664
623	768
623	811
623	838
623	848
623	896
623	917
623	992
624	574
624	673
624	750
624	844
624	864
624	930
624	948
624	977
624	980
625	157
625	445
625	691
625	713
625	767
625	864
625	897
625	927
625	944
626	373
626	591
626	805
626	870
626	886
626	892
626	932
626	953
626	973
627	249
627	819
627	858
627	901
627	913
627	956
627	978
627	995
627	998
628	357
628	459
628	635
628	711
628	727
628	755
628	856
628	863
628	965
629	128
629	261
629	445
629	652
629	742
629	834
629	910
629	921
629	969
630	224
630	547
630	746
630	765
630	846
630	890
630	898
630	911
630	993
631	313
631	634
631	750
631	844
631	930
631	948
631	977
631	980
631	983
632	11
632	679
632	712
632	763
632	792
632	812
632	865
632	951
632	968
633	103
633	154
633	159
633	233
633	420
633	492
633	952
633	975
633	984
634	196
634	631
634	815
634	844
634	864
634	930
634	948
634	977
634	980
635	115
635	402
635	602
635	628
635	639
635	755
635	854
635	856
635	863
636	89
636	386
636	425
636	572
636	603
636	797
636	923
636	961
636	998
637	58
637	130
637	278
637	430
637	440
637	672
637	748
637	963
637	993
638	32
638	35
638	446
638	585
638	620
638	663
638	873
638	909
638	912
639	279
639	384
639	444
639	568
639	635
639	801
639	892
639	903
639	969
640	81
640	709
640	803
640	837
640	874
640	919
640	926
640	971
640	985
641	53
641	487
641	833
641	840
641	847
641	945
641	955
641	958
641	999
642	251
642	267
642	403
642	422
642	587
642	777
642	830
642	931
642	984
643	17
643	151
643	199
643	289
643	391
643	571
643	912
643	969
643	978
644	834
644	887
644	945
644	961
644	966
644	982
644	988
644	992
644	999
645	55
645	115
645	198
645	443
645	583
645	666
645	839
645	859
645	866
646	41
646	197
646	279
646	375
646	504
646	698
646	704
646	801
646	892
647	273
647	510
647	606
647	798
647	805
647	861
647	875
647	963
647	966
648	768
648	821
648	828
648	838
648	848
648	849
648	917
648	992
648	993
649	85
649	207
649	258
649	401
649	549
649	567
649	610
649	711
649	883
650	376
650	449
650	515
650	536
650	599
650	651
650	729
650	899
650	922
651	139
651	546
651	588
651	599
651	650
651	705
651	729
651	899
651	922
652	128
652	282
652	377
652	390
652	475
652	629
652	910
652	921
652	969
653	66
653	788
653	791
653	824
653	825
653	851
653	867
653	869
653	928
654	560
654	695
654	703
654	920
654	921
654	982
654	987
654	995
654	998
655	319
655	857
655	933
655	940
655	959
655	960
655	972
655	987
655	991
656	601
656	682
656	862
656	910
656	924
656	937
656	941
656	973
656	984
657	714
657	760
657	776
657	888
657	909
657	925
657	949
657	965
657	975
658	335
658	469
658	758
658	813
658	814
658	823
658	989
658	990
658	997
659	561
659	893
659	938
659	954
659	965
659	968
659	975
659	987
659	991
660	857
660	872
660	933
660	940
660	959
660	960
660	972
660	987
660	991
661	105
661	374
661	579
661	800
661	804
661	860
661	863
661	938
661	952
662	857
662	869
662	933
662	940
662	959
662	960
662	972
662	987
662	991
663	32
663	264
663	446
663	585
663	620
663	638
663	715
663	773
663	912
664	78
664	601
664	623
664	781
664	811
664	821
664	826
664	917
664	992
665	46
665	140
665	397
665	686
665	761
665	793
665	935
665	938
665	988
666	150
666	198
666	443
666	464
666	529
666	583
666	589
666	645
666	839
667	892
667	961
667	966
667	970
667	974
667	976
667	981
667	996
667	1000
668	706
668	826
668	874
668	967
668	973
668	976
668	981
668	985
668	995
668	998
669	73
669	262
669	456
669	493
669	713
669	926
669	927
669	968
669	971
669	993
670	329
670	526
670	581
670	694
670	725
670	751
670	771
670	806
670	853
670	957
671	696
671	706
671	750
671	794
671	815
671	864
671	930
671	948
671	977
671	980
672	130
672	278
672	430
672	540
672	572
672	637
672	748
672	909
672	963
672	993
673	624
673	857
673	933
673	940
673	959
673	960
673	972
673	987
673	991
674	758
674	813
674	814
674	822
674	823
674	865
674	978
674	989
674	990
674	997
675	22
675	138
675	330
675	463
675	479
675	592
675	782
675	836
675	870
675	886
676	693
676	724
676	776
676	837
676	874
676	900
676	907
676	919
676	971
676	985
677	127
677	403
677	541
677	759
677	796
677	842
677	853
677	878
677	932
677	957
678	689
678	837
678	872
678	900
678	907
678	919
678	926
678	963
678	971
678	985
679	49
679	320
679	617
679	632
679	763
679	812
679	832
679	951
679	968
679	986
680	305
680	617
680	745
680	754
680	819
680	831
680	858
680	913
680	995
680	998
681	77
681	385
681	408
681	808
681	835
681	850
681	918
681	967
681	976
681	983
682	500
682	564
682	656
682	721
682	862
682	924
682	937
682	941
682	973
682	984
683	496
683	758
683	761
683	814
683	822
683	823
683	877
683	989
683	990
683	997
684	76
684	432
684	594
684	722
684	733
684	737
684	752
684	809
684	895
684	914
685	326
685	576
685	604
685	710
685	866
685	882
685	935
685	946
685	981
685	992
686	46
686	140
686	275
686	397
686	665
686	735
686	793
686	834
686	935
686	988
687	510
687	608
687	697
687	758
687	814
687	823
687	877
687	989
687	990
687	997
688	786
688	802
688	817
688	873
688	887
688	920
688	931
688	952
688	969
688	982
689	678
689	725
689	803
689	837
689	874
689	900
689	907
689	919
689	971
689	985
690	305
690	387
690	525
690	608
690	758
690	813
690	978
690	989
690	990
690	997
691	511
691	621
691	625
691	767
691	841
691	897
691	927
691	944
691	954
691	975
692	789
692	857
692	933
692	940
692	959
692	960
692	972
692	987
692	991
692	995
693	615
693	676
693	803
693	872
693	898
693	900
693	907
693	919
693	971
693	985
694	161
694	235
694	250
694	271
694	670
694	806
694	853
694	932
694	952
694	957
695	378
695	462
695	499
695	569
695	654
695	703
695	766
695	962
695	963
695	979
696	612
696	671
696	762
696	784
696	815
696	864
696	930
696	948
696	977
696	980
697	482
697	687
697	810
697	813
697	814
697	822
697	877
697	989
697	990
697	997
698	129
698	169
698	178
698	299
698	568
698	646
698	704
698	718
698	892
698	968
699	787
699	795
699	833
699	835
699	885
699	921
699	945
699	955
699	958
699	999
700	185
700	597
700	786
700	817
700	887
700	920
700	923
700	925
700	982
700	988
701	720
701	827
701	905
701	906
701	916
701	942
701	964
701	994
701	996
701	1000
702	388
702	396
702	787
702	835
702	945
702	954
702	955
702	958
702	962
702	999
703	155
703	203
703	453
703	654
703	695
703	785
703	962
703	963
703	979
703	986
704	39
704	317
704	369
704	504
704	527
704	568
704	646
704	698
704	892
704	969
705	515
705	536
705	546
705	582
705	599
705	651
705	719
705	758
705	899
705	922
706	9
706	245
706	576
706	668
706	671
706	773
706	880
706	946
706	954
706	981
707	4
707	120
707	339
707	409
707	412
707	461
707	561
707	770
707	893
707	988
708	28
708	231
708	386
708	790
708	797
708	810
708	866
708	961
708	966
708	978
709	438
709	640
709	872
709	889
709	900
709	907
709	919
709	926
709	971
709	985
710	148
710	604
710	685
710	773
710	880
710	882
710	935
710	946
710	981
710	998
711	7
711	150
711	169
711	177
711	535
711	628
711	649
711	755
711	854
711	856
711	863
712	301
712	521
712	557
712	632
712	763
712	792
712	812
712	832
712	865
712	951
712	968
713	274
713	513
713	625
713	669
713	767
713	841
713	851
713	897
713	927
713	944
713	983
714	657
714	739
714	747
714	776
714	888
714	909
714	925
714	929
714	949
714	965
714	975
715	316
715	585
715	663
715	848
715	870
715	944
715	951
715	953
715	968
715	979
715	992
716	530
716	749
716	774
716	857
716	933
716	940
716	959
716	960
716	972
716	987
716	991
717	82
717	304
717	494
717	542
717	807
717	817
717	887
717	920
717	960
717	982
717	988
718	129
718	136
718	369
718	457
718	504
718	568
718	698
718	801
718	892
718	903
718	969
719	120
719	139
719	515
719	536
719	582
719	599
719	705
719	729
719	809
719	899
719	922
720	57
720	255
720	449
720	486
720	562
720	590
720	701
720	756
720	843
720	868
721	682
721	784
721	794
721	799
721	815
721	844
721	864
721	930
721	948
721	977
721	980
722	363
722	414
722	432
722	684
722	733
722	752
722	796
722	809
722	895
722	914
722	931
723	84
723	118
723	126
723	244
723	287
723	381
723	534
723	552
723	834
723	839
723	956
724	101
724	676
724	803
724	804
724	872
724	900
724	907
724	919
724	926
724	971
724	985
725	65
725	307
725	324
725	379
725	578
725	670
725	689
725	849
725	881
725	896
725	978
726	90
726	104
726	172
726	234
726	243
726	554
726	929
726	931
726	934
726	936
726	983
727	357
727	410
727	459
727	535
727	545
727	628
727	772
727	848
727	854
727	856
727	863
728	454
728	472
728	740
728	779
728	780
728	866
728	879
728	901
728	904
729	376
729	433
729	515
729	546
729	599
729	650
729	651
729	719
729	899
729	922
729	985
730	523
730	535
730	782
730	843
730	854
730	868
730	886
730	977
730	980
730	996
730	1000
731	16
731	206
731	310
731	345
731	356
731	404
731	474
731	487
731	859
731	956
731	973
732	51
732	131
732	413
732	467
732	746
732	765
732	846
732	890
732	898
732	911
732	972
733	171
733	477
733	594
733	684
733	722
733	735
733	752
733	809
733	895
733	914
733	931
734	147
734	342
734	423
734	462
734	593
734	753
734	876
734	902
734	908
734	944
735	108
735	493
735	686
735	733
735	761
735	778
735	902
735	908
735	940
735	991
735	997
736	268
736	404
736	474
736	587
736	777
736	847
736	966
736	967
736	976
736	990
736	997
737	40
737	280
737	490
737	541
737	569
737	684
737	766
737	785
737	953
737	979
737	986
738	383
738	820
738	827
738	905
738	906
738	916
738	942
738	964
738	994
738	996
738	1000
739	714
739	747
739	776
739	888
739	909
739	925
739	949
739	965
739	968
739	974
739	975
740	253
740	728
740	779
740	780
740	879
740	901
740	904
741	119
741	743
741	836
741	899
741	922
741	951
741	953
741	962
741	965
741	975
741	992
742	168
742	256
742	347
742	390
742	399
742	434
742	475
742	629
742	910
742	921
742	969
743	441
743	741
743	768
743	811
743	821
743	826
743	828
743	838
743	848
743	917
743	992
744	61
744	483
744	848
744	883
744	886
744	957
744	977
744	980
744	982
744	992
744	993
745	333
745	407
745	466
745	680
745	754
745	819
745	831
745	858
745	913
745	986
745	995
745	998
746	51
746	309
746	351
746	451
746	560
746	630
746	732
746	760
746	890
746	898
746	911
746	935
747	714
747	739
747	776
747	852
747	888
747	909
747	925
747	949
747	965
747	975
747	986
748	58
748	130
748	278
748	430
748	505
748	540
748	572
748	637
748	672
748	890
748	963
748	993
749	356
749	716
749	774
749	789
749	857
749	933
749	940
749	959
749	960
749	972
749	987
749	991
750	158
750	624
750	631
750	671
750	784
750	794
750	815
750	844
750	948
750	964
750	977
750	980
751	343
751	403
751	526
751	670
751	759
751	775
751	783
751	806
751	842
751	853
751	871
751	932
752	171
752	292
752	370
752	684
752	722
752	733
752	793
752	809
752	882
752	914
752	931
752	960
753	116
753	137
753	285
753	342
753	423
753	462
753	574
753	593
753	734
753	876
753	902
753	908
754	142
754	173
754	434
754	466
754	680
754	745
754	819
754	831
754	858
754	913
754	995
754	998
755	210
755	290
755	317
755	402
755	465
755	628
755	635
755	711
755	772
755	854
755	856
755	863
756	57
756	255
756	286
756	449
756	486
756	562
756	590
756	720
756	843
756	868
757	184
757	408
757	419
757	512
757	586
757	596
757	850
757	918
757	967
757	973
757	976
757	983
758	8
758	658
758	674
758	683
758	687
758	690
758	705
758	822
758	922
758	989
758	990
758	997
759	329
759	416
759	677
759	751
759	771
759	793
759	806
759	853
759	871
759	878
759	954
759	957
760	235
760	433
760	657
760	746
760	854
760	856
760	898
760	901
760	904
760	932
760	996
760	1000
761	665
761	683
761	735
761	880
761	892
761	903
761	915
761	946
761	977
761	980
761	996
761	1000
762	520
762	524
762	605
762	696
762	794
762	815
762	844
762	864
762	948
762	977
762	980
762	983
763	160
763	611
763	632
763	679
763	712
763	792
763	812
763	832
763	865
763	951
763	952
763	968
764	15
764	820
764	827
764	829
764	905
764	906
764	916
764	942
764	964
764	994
764	996
764	1000
765	47
765	309
765	413
765	451
765	630
765	732
765	843
765	846
765	890
765	898
765	911
765	993
766	280
766	308
766	499
766	695
766	737
766	775
766	785
766	953
766	962
766	963
766	979
766	984
767	99
767	274
767	488
767	621
767	625
767	691
767	713
767	841
767	897
767	911
767	927
767	944
768	623
768	648
768	743
768	781
768	811
768	826
768	828
768	837
768	838
768	917
768	954
768	992
769	45
769	240
769	273
769	435
769	519
769	606
769	798
769	803
769	855
769	861
769	875
769	963
770	339
770	412
770	461
770	538
770	539
770	561
770	622
770	707
770	893
770	935
770	970
770	988
771	34
771	109
771	201
771	373
771	403
771	526
771	670
771	759
771	790
771	842
771	878
771	993
772	357
772	459
772	465
772	545
772	602
772	613
772	727
772	755
772	779
772	854
772	856
772	863
773	2
773	148
773	153
773	550
773	663
773	706
773	710
773	818
773	880
773	882
773	946
773	954
773	981
774	716
774	749
774	784
774	789
774	857
774	933
774	940
774	943
774	959
774	960
774	972
774	987
774	991
775	397
775	416
775	501
775	584
775	751
775	766
775	788
775	804
775	824
775	860
775	928
775	972
775	979
776	509
776	657
776	676
776	714
776	739
776	747
776	888
776	909
776	925
776	949
776	965
776	975
777	238
777	251
777	260
777	267
777	286
777	422
777	507
777	642
777	736
777	783
777	830
777	931
777	984
778	735
778	820
778	827
778	829
778	905
778	906
778	916
778	942
778	964
778	994
778	996
778	1000
779	277
779	368
779	454
779	472
779	728
779	740
779	772
779	780
779	879
779	901
779	904
779	923
780	277
780	454
780	472
780	728
780	740
780	779
780	879
780	901
780	904
780	971
781	354
781	382
781	514
781	664
781	768
781	821
781	826
781	828
781	838
781	848
781	877
781	954
781	992
782	138
782	330
782	385
782	426
782	592
782	598
782	675
782	730
782	836
782	870
782	886
782	957
782	983
783	124
783	207
783	238
783	251
783	260
783	267
783	286
783	422
783	751
783	777
783	830
783	931
783	984
784	365
784	696
784	721
784	750
784	774
784	794
784	815
784	864
784	930
784	948
784	977
784	980
784	982
785	280
785	306
785	315
785	470
785	499
785	565
785	703
785	737
785	766
785	953
785	962
785	979
785	984
786	64
786	69
786	156
786	304
786	406
786	688
786	700
786	805
786	866
786	887
786	920
786	931
786	982
787	53
787	70
787	164
787	699
787	702
787	835
787	864
787	885
787	945
787	955
787	958
787	983
787	999
788	357
788	471
788	607
788	653
788	775
788	791
788	825
788	851
788	867
788	869
788	928
788	984
788	986
789	560
789	692
789	749
789	774
789	857
789	888
789	933
789	940
789	959
789	960
789	972
789	987
789	991
790	708
790	771
790	806
790	878
790	902
790	903
790	908
790	961
790	966
790	967
790	976
790	990
790	997
791	218
791	272
791	471
791	653
791	788
791	824
791	825
791	851
791	867
791	869
791	928
791	984
791	986
792	320
792	464
792	557
792	632
792	712
792	763
792	812
792	832
792	865
792	890
792	951
792	968
792	981
793	474
793	665
793	686
793	752
793	759
793	895
793	929
793	936
793	967
793	976
793	988
793	990
793	997
794	671
794	721
794	750
794	762
794	784
794	844
794	862
794	864
794	930
794	948
794	977
794	980
794	983
795	225
795	388
795	600
795	699
795	833
795	835
795	839
795	840
795	847
795	945
795	955
795	958
795	999
796	14
796	24
796	127
796	250
796	539
796	677
796	722
796	806
796	827
796	853
796	871
796	932
796	957
797	44
797	360
797	417
797	425
797	517
797	559
797	636
797	708
797	894
797	961
797	966
797	978
797	991
798	45
798	89
798	240
798	435
798	510
798	522
798	606
798	647
798	769
798	805
798	822
798	861
798	875
799	75
799	242
799	568
799	721
799	815
799	844
799	864
799	923
799	930
799	935
799	948
799	977
799	980
800	88
800	103
800	105
800	374
800	537
800	579
800	661
800	804
800	816
800	845
800	860
800	938
800	952
801	279
801	299
801	319
801	340
801	369
801	444
801	489
801	570
801	639
801	646
801	718
801	892
801	903
802	61
802	74
802	156
802	409
802	542
802	546
802	597
802	688
802	807
802	887
802	969
802	982
802	988
803	480
803	640
803	689
803	693
803	724
803	769
803	837
803	874
803	892
803	907
803	926
803	971
803	985
804	36
804	227
804	314
804	374
804	383
804	537
804	579
804	661
804	724
804	775
804	800
804	860
804	938
804	952
805	585
805	620
805	626
805	647
805	786
805	798
805	807
805	875
805	910
805	921
805	959
805	982
805	987
805	991
806	30
806	127
806	235
806	418
806	670
806	694
806	751
806	759
806	790
806	796
806	842
806	871
806	878
806	932
807	74
807	409
807	597
807	717
807	802
807	805
807	817
807	887
807	920
807	947
807	952
807	969
807	982
807	988
808	183
808	229
808	270
808	294
808	512
808	586
808	596
808	681
808	850
808	917
808	918
808	967
808	976
808	996
809	20
809	274
809	414
809	432
809	477
809	594
809	684
809	719
809	722
809	733
809	752
809	895
809	914
809	931
810	6
810	697
810	708
810	843
810	868
810	876
810	902
810	908
810	926
810	967
810	971
810	976
810	978
810	985
811	514
811	558
811	623
811	664
811	743
811	768
811	821
811	828
811	838
811	848
811	862
811	917
811	992
811	993
812	202
812	468
812	481
812	511
812	617
812	632
812	679
812	712
812	763
812	792
812	832
812	865
812	951
812	968
813	293
813	335
813	496
813	658
813	674
813	690
813	697
813	814
813	822
813	852
813	877
813	989
813	990
813	997
814	293
814	658
814	674
814	683
814	687
814	697
814	813
814	822
814	823
814	877
814	956
814	989
814	990
814	997
815	634
815	671
815	696
815	721
815	750
815	762
815	784
815	799
815	844
815	930
815	940
815	948
815	977
815	980
816	144
816	158
816	288
816	501
816	537
816	800
816	860
816	885
816	901
816	904
816	945
816	976
816	993
816	999
817	74
817	82
817	542
817	688
817	700
817	717
817	807
817	821
817	887
817	920
817	923
817	931
817	969
817	982
818	62
818	424
818	558
818	773
818	927
818	940
818	944
818	946
818	950
818	951
818	968
818	970
818	974
818	981
818	993
819	93
819	133
819	411
819	421
819	627
819	680
819	745
819	754
819	858
819	867
819	913
819	956
819	957
819	995
819	998
820	2
820	738
820	764
820	778
820	827
820	829
820	905
820	906
820	916
820	942
820	964
820	994
820	996
820	1000
821	516
821	548
821	648
821	664
821	743
821	781
821	811
821	817
821	826
821	828
821	838
821	917
821	931
821	992
821	993
822	325
822	525
822	616
822	674
822	683
822	697
822	758
822	798
822	813
822	814
822	823
822	902
822	989
822	990
822	997
823	246
823	482
823	565
823	608
823	616
823	658
823	674
823	683
823	687
823	814
823	822
823	978
823	989
823	990
823	997
824	66
824	196
824	341
824	431
824	567
824	607
824	653
824	775
824	791
824	825
824	851
824	867
824	869
824	928
824	964
825	196
825	272
825	471
825	653
825	788
825	791
825	824
825	851
825	867
825	869
825	912
825	928
825	984
825	986
825	988
826	78
826	382
826	458
826	514
826	664
826	668
826	743
826	768
826	781
826	821
826	828
826	838
826	848
826	917
826	992
827	701
827	738
827	764
827	778
827	796
827	820
827	829
827	905
827	906
827	916
827	942
827	964
827	994
827	996
827	1000
828	92
828	361
828	458
828	514
828	648
828	743
828	768
828	781
828	811
828	821
828	826
828	917
828	989
828	992
828	993
829	764
829	778
829	820
829	827
829	905
829	906
829	916
829	942
829	964
829	989
829	993
829	994
829	996
829	1000
830	124
830	213
830	238
830	251
830	267
830	286
830	422
830	507
830	642
830	777
830	783
830	872
830	880
830	931
830	984
831	34
831	174
831	249
831	358
831	421
831	428
831	497
831	680
831	745
831	754
831	858
831	913
831	953
831	995
831	998
832	49
832	154
832	468
832	479
832	557
832	611
832	617
832	679
832	712
832	763
832	792
832	812
832	865
832	951
832	968
833	212
833	566
833	600
833	619
833	641
833	699
833	795
833	835
833	845
833	847
833	885
833	945
833	955
833	958
833	999
834	118
834	436
834	534
834	629
834	644
834	686
834	723
834	910
834	921
834	935
834	949
834	965
834	975
834	986
834	995
834	998
835	152
835	367
835	600
835	614
835	681
835	699
835	702
835	787
835	795
835	833
835	840
835	847
835	945
835	955
835	958
835	999
836	119
836	330
836	334
836	415
836	426
836	457
836	463
836	523
836	675
836	741
836	782
836	870
836	886
836	957
836	963
836	983
837	209
837	438
837	502
837	640
837	676
837	678
837	689
837	768
837	803
837	874
837	900
837	907
837	919
837	926
837	971
837	985
838	197
838	361
838	458
838	548
838	623
838	648
838	743
838	768
838	781
838	811
838	821
838	826
838	881
838	917
838	992
838	993
839	534
839	581
839	583
839	645
839	666
839	723
839	795
839	879
839	901
839	904
839	960
839	972
839	987
839	994
839	996
839	1000
840	100
840	226
840	396
840	566
840	641
840	795
840	835
840	847
840	883
840	885
840	891
840	945
840	954
840	958
840	959
840	999
841	23
841	81
841	165
841	186
841	274
841	362
841	511
841	531
841	691
841	713
841	767
841	897
841	927
841	944
841	954
841	983
842	24
842	176
842	343
842	506
842	526
842	539
842	677
842	751
842	771
842	806
842	855
842	871
842	932
842	935
842	977
842	989
843	19
843	57
843	255
843	449
843	486
843	562
843	590
843	720
843	730
843	756
843	765
843	810
843	868
844	574
844	605
844	624
844	631
844	634
844	721
844	750
844	762
844	794
844	799
844	815
844	930
844	948
844	950
844	956
844	977
844	980
845	800
845	833
845	884
845	915
845	939
845	943
845	947
845	950
845	970
845	974
846	47
846	220
846	309
846	323
846	351
846	451
846	467
846	547
846	560
846	630
846	732
846	765
846	890
846	891
846	898
846	911
846	993
847	95
847	216
847	600
847	613
847	619
847	641
847	736
847	795
847	833
847	835
847	840
847	885
847	945
847	955
847	958
847	978
847	999
848	354
848	361
848	514
848	548
848	623
848	648
848	715
848	727
848	743
848	744
848	781
848	811
848	826
848	908
848	917
848	954
848	992
849	38
849	125
849	273
849	295
849	307
849	324
849	410
849	415
849	578
849	618
849	648
849	725
849	881
849	889
849	896
849	931
849	978
850	77
850	294
850	332
850	385
850	408
850	465
850	512
850	586
850	596
850	681
850	757
850	808
850	918
850	957
850	967
850	976
850	983
851	272
851	341
851	431
851	607
851	653
851	713
851	788
851	791
851	824
851	825
851	867
851	869
851	900
851	912
851	928
851	984
851	986
852	31
852	38
852	65
852	163
852	259
852	295
852	307
852	328
852	407
852	415
852	563
852	578
852	747
852	813
852	881
852	889
852	896
853	14
853	93
853	109
853	127
853	176
853	271
853	506
853	670
853	677
853	694
853	751
853	759
853	796
853	932
853	935
853	952
853	954
854	16
854	177
854	290
854	459
854	465
854	545
854	602
854	635
854	711
854	727
854	730
854	755
854	760
854	772
854	856
854	863
854	936
855	769
855	842
855	861
855	871
855	875
855	882
855	905
855	929
855	930
855	932
855	934
855	936
855	946
855	977
855	980
855	981
855	982
856	30
856	206
856	357
856	535
856	545
856	602
856	628
856	635
856	711
856	727
856	755
856	760
856	772
856	854
856	863
856	912
856	996
857	140
857	655
857	660
857	662
857	673
857	692
857	716
857	749
857	774
857	789
857	933
857	940
857	959
857	960
857	972
857	987
857	991
858	249
858	497
858	627
858	680
858	745
858	754
858	819
858	831
858	873
858	913
858	956
858	957
858	978
858	986
858	988
858	995
858	998
859	16
859	213
859	310
859	404
859	443
859	583
859	645
859	731
859	907
859	913
859	949
859	965
859	971
859	975
859	985
859	995
859	998
860	36
860	88
860	105
860	227
860	395
860	533
860	537
860	579
860	613
860	661
860	775
860	800
860	804
860	816
860	938
860	952
860	956
861	228
861	237
861	240
861	273
861	281
861	378
861	435
861	436
861	494
861	510
861	606
861	647
861	769
861	798
861	855
861	875
861	963
861	964
862	257
862	297
862	344
862	372
862	405
862	448
862	500
862	556
862	564
862	656
862	682
862	794
862	811
862	924
862	937
862	941
862	973
862	984
863	7
863	177
863	317
863	459
863	465
863	535
863	545
863	613
863	628
863	635
863	661
863	711
863	727
863	755
863	772
863	854
863	856
863	920
864	180
864	520
864	574
864	624
864	625
864	634
864	671
864	696
864	721
864	762
864	784
864	787
864	794
864	799
864	930
864	948
864	977
864	980
865	202
865	301
865	464
865	468
865	481
865	557
865	611
865	617
865	632
865	674
865	712
865	763
865	792
865	812
865	832
865	951
865	968
865	985
866	443
866	583
866	645
866	685
866	708
866	728
866	786
866	887
866	918
866	945
866	946
866	955
866	958
866	967
866	976
866	981
866	982
866	999
867	134
867	196
867	341
867	431
867	607
867	653
867	788
867	791
867	819
867	824
867	825
867	851
867	869
867	912
867	928
867	984
867	986
867	999
868	30
868	57
868	169
868	178
868	255
868	269
868	349
868	390
868	449
868	486
868	562
868	590
868	720
868	730
868	756
868	810
868	843
868	976
869	134
869	272
869	341
869	431
869	471
869	607
869	653
869	662
869	788
869	791
869	824
869	825
869	851
869	867
869	928
869	984
869	985
869	986
870	55
870	192
870	316
870	330
870	349
870	457
870	463
870	523
870	592
870	598
870	626
870	675
870	715
870	782
870	836
870	957
870	969
870	981
870	983
871	176
871	271
871	329
871	343
871	506
871	580
871	581
871	751
871	759
871	796
871	806
871	842
871	855
871	878
871	932
871	952
871	954
871	955
871	957
872	175
872	300
872	480
872	502
872	533
872	615
872	660
872	678
872	693
872	709
872	724
872	830
872	874
872	900
872	907
872	919
872	926
872	971
872	985
873	264
873	620
873	638
873	688
873	858
873	893
873	909
873	949
873	957
873	959
873	965
873	975
873	987
873	989
873	990
873	991
873	995
873	997
873	998
874	323
874	502
874	533
874	615
874	640
874	668
874	676
874	689
874	803
874	837
874	872
874	900
874	907
874	926
874	956
874	961
874	971
874	985
874	989
875	45
875	237
875	240
875	252
875	273
875	281
875	435
875	494
875	510
875	522
875	606
875	647
875	769
875	798
875	805
875	855
875	861
875	963
875	986
876	116
876	137
876	147
876	285
876	342
876	423
876	462
876	514
876	593
876	734
876	753
876	810
876	900
876	902
876	908
876	916
877	56
877	246
877	325
877	370
877	380
877	387
877	525
877	608
877	616
877	683
877	687
877	697
877	781
877	813
877	814
877	978
877	989
877	990
877	997
878	12
878	71
878	109
878	201
878	343
878	373
878	403
878	416
878	418
878	677
878	759
878	771
878	790
878	806
878	871
878	894
878	925
878	932
878	935
879	277
879	360
879	368
879	454
879	472
879	728
879	740
879	779
879	780
879	839
879	901
879	904
879	923
879	953
880	9
880	79
880	110
880	153
880	186
880	247
880	394
880	436
880	576
880	604
880	706
880	710
880	761
880	773
880	830
880	882
880	935
880	946
880	981
881	31
881	38
881	163
881	188
881	210
881	312
881	407
881	415
881	539
881	578
881	618
881	725
881	838
881	849
881	852
881	889
881	896
881	917
881	978
882	153
882	200
882	247
882	326
882	394
882	399
882	550
882	576
882	604
882	685
882	710
882	752
882	773
882	855
882	880
882	946
882	954
882	977
882	981
883	1
883	22
883	50
883	85
883	121
883	135
883	207
883	218
883	258
883	359
883	401
883	483
883	549
883	555
883	567
883	610
883	649
883	744
883	840
884	845
884	915
884	939
884	943
884	947
884	950
884	956
884	970
884	974
884	986
884	988
884	992
885	164
885	208
885	371
885	377
885	386
885	388
885	486
885	529
885	566
885	619
885	699
885	787
885	816
885	833
885	840
885	847
885	945
885	955
885	999
886	102
886	192
886	316
886	330
886	334
886	426
886	457
886	523
886	592
886	598
886	626
886	675
886	730
886	744
886	782
886	836
886	957
886	963
886	970
886	983
887	304
887	406
887	409
887	455
887	542
887	597
887	616
887	644
887	688
887	700
887	717
887	786
887	802
887	807
887	817
887	866
887	920
887	969
887	974
887	982
888	10
888	389
888	437
888	476
888	508
888	509
888	657
888	714
888	739
888	747
888	776
888	789
888	909
888	925
888	949
888	965
888	975
889	31
889	38
889	125
889	188
889	210
889	259
889	295
889	324
889	328
889	415
889	563
889	578
889	618
889	709
889	849
889	852
889	881
889	896
889	975
889	978
890	47
890	51
890	220
890	351
890	413
890	436
890	445
890	467
890	547
890	560
890	630
890	732
890	746
890	748
890	765
890	792
890	846
890	898
890	911
890	993
891	527
891	559
891	840
891	846
891	894
891	898
891	903
891	911
891	925
891	928
891	945
891	949
891	951
891	955
891	961
891	965
891	966
891	969
891	975
891	999
892	39
892	41
892	129
892	136
892	279
892	319
892	369
892	504
892	570
892	626
892	639
892	646
892	667
892	698
892	704
892	718
892	761
892	801
892	803
892	903
893	4
893	87
893	112
893	263
893	312
893	339
893	412
893	461
893	484
893	532
893	538
893	539
893	561
893	622
893	659
893	707
893	770
893	873
893	935
893	988
894	4
894	44
894	123
894	268
894	417
894	425
894	445
894	517
894	528
894	559
894	603
894	797
894	878
894	891
894	912
894	923
894	938
894	961
894	966
894	978
895	20
895	27
895	29
895	76
895	171
895	292
895	363
895	370
895	414
895	432
895	471
895	477
895	594
895	684
895	722
895	733
895	793
895	809
895	914
895	955
896	163
896	188
896	259
896	312
896	324
896	328
896	364
896	379
896	407
896	415
896	563
896	578
896	623
896	725
896	849
896	852
896	881
896	889
896	931
896	978
897	99
897	157
897	165
897	185
897	488
897	495
897	511
897	513
897	531
897	558
897	575
897	609
897	621
897	625
897	691
897	713
897	767
897	841
897	927
897	944
897	954
898	131
898	220
898	309
898	351
898	413
898	451
898	467
898	547
898	560
898	630
898	693
898	732
898	746
898	760
898	765
898	846
898	890
898	891
898	911
898	926
898	993
899	120
899	191
899	376
899	433
899	445
899	515
899	536
899	546
899	553
899	582
899	587
899	589
899	599
899	650
899	651
899	705
899	719
899	729
899	741
899	922
899	1000
900	181
900	350
900	533
900	589
900	676
900	678
900	689
900	693
900	709
900	724
900	837
900	851
900	872
900	874
900	876
900	907
900	919
900	926
900	956
900	971
900	985
901	277
901	327
901	368
901	454
901	472
901	503
901	627
901	728
901	740
901	760
901	779
901	780
901	816
901	839
901	879
901	904
901	923
902	116
902	131
902	137
902	147
902	285
902	342
902	423
902	462
902	593
902	734
902	735
902	753
902	790
902	810
902	822
902	876
902	908
903	39
903	129
903	283
903	299
903	319
903	375
903	384
903	444
903	504
903	527
903	568
903	570
903	639
903	718
903	761
903	790
903	801
903	891
903	892
903	961
903	969
904	54
904	55
904	87
904	98
904	277
904	368
904	391
904	395
904	454
904	472
904	494
904	577
904	728
904	740
904	760
904	779
904	780
904	816
904	839
904	879
904	901
904	923
905	543
905	614
905	701
905	738
905	764
905	778
905	820
905	827
905	829
905	855
905	906
905	916
905	942
905	964
905	993
905	994
905	996
905	1000
906	492
906	701
906	738
906	764
906	778
906	820
906	827
906	829
906	905
906	916
906	942
906	964
906	975
906	988
906	994
906	996
906	1000
907	209
907	378
907	438
907	502
907	676
907	678
907	689
907	693
907	709
907	724
907	803
907	837
907	859
907	872
907	874
907	900
907	919
907	926
907	941
907	956
907	971
907	985
908	55
908	116
908	137
908	147
908	204
908	226
908	285
908	342
908	423
908	462
908	484
908	587
908	593
908	734
908	735
908	753
908	790
908	810
908	848
908	876
908	902
908	912
909	389
909	437
909	441
909	476
909	508
909	509
909	638
909	657
909	672
909	714
909	739
909	747
909	776
909	873
909	888
909	923
909	925
909	938
909	945
909	949
909	965
909	975
910	128
910	141
910	168
910	256
910	259
910	261
910	282
910	347
910	383
910	390
910	434
910	475
910	581
910	629
910	652
910	656
910	742
910	805
910	834
910	921
910	969
911	40
911	47
911	51
911	131
911	220
911	303
911	309
911	351
911	413
911	451
911	547
911	572
911	630
911	732
911	746
911	765
911	767
911	846
911	890
911	891
911	898
911	932
911	993
912	35
912	290
912	308
912	317
912	402
912	446
912	501
912	518
912	528
912	584
912	638
912	643
912	663
912	825
912	851
912	856
912	867
912	894
912	908
912	928
912	961
912	966
912	984
913	48
913	174
913	211
913	298
913	358
913	411
913	421
913	428
913	497
913	500
913	607
913	627
913	680
913	745
913	754
913	819
913	831
913	858
913	859
913	957
913	986
913	995
913	998
914	20
914	27
914	29
914	76
914	171
914	239
914	292
914	359
914	363
914	370
914	414
914	477
914	503
914	581
914	594
914	684
914	722
914	733
914	752
914	809
914	895
914	931
914	997
915	609
915	612
915	761
915	845
915	884
915	939
915	943
915	947
915	950
915	970
915	974
915	986
915	988
915	999
916	343
916	447
916	543
916	544
916	614
916	701
916	738
916	764
916	778
916	820
916	827
916	829
916	876
916	905
916	906
916	942
916	964
916	994
916	996
916	1000
917	197
917	219
917	382
917	458
917	548
917	581
917	623
917	648
917	664
917	743
917	768
917	808
917	811
917	821
917	826
917	828
917	838
917	848
917	881
917	931
917	954
917	992
917	993
918	26
918	170
918	184
918	229
918	270
918	294
918	332
918	350
918	355
918	385
918	419
918	491
918	512
918	586
918	596
918	681
918	757
918	808
918	850
918	866
918	957
918	967
918	976
919	175
919	269
919	300
919	438
919	502
919	606
919	615
919	640
919	676
919	678
919	689
919	693
919	709
919	724
919	837
919	872
919	900
919	907
919	926
919	934
919	956
919	971
919	985
920	82
920	156
920	226
920	304
920	455
920	532
920	542
920	654
920	688
920	700
920	717
920	786
920	807
920	817
920	863
920	887
920	923
920	931
920	933
920	952
920	964
920	969
920	982
920	988
921	79
921	91
921	128
921	141
921	168
921	169
921	256
921	261
921	282
921	347
921	382
921	390
921	434
921	475
921	522
921	629
921	652
921	654
921	699
921	742
921	805
921	834
921	910
921	969
922	58
922	120
922	139
922	150
922	191
922	376
922	378
922	426
922	433
922	515
922	536
922	546
922	553
922	582
922	587
922	599
922	650
922	651
922	705
922	719
922	729
922	741
922	758
922	899
923	493
923	532
923	582
923	603
923	636
923	700
923	779
923	799
923	817
923	879
923	894
923	901
923	904
923	909
923	920
923	930
923	943
923	949
923	965
923	966
923	975
923	977
923	980
923	982
924	21
924	97
924	239
924	257
924	297
924	306
924	344
924	372
924	398
924	405
924	448
924	500
924	516
924	556
924	564
924	601
924	656
924	682
924	862
924	930
924	937
924	941
924	973
924	984
924	986
925	80
925	122
925	214
925	302
925	389
925	437
925	441
925	476
925	508
925	509
925	657
925	700
925	714
925	739
925	747
925	776
925	878
925	888
925	891
925	909
925	938
925	949
925	965
925	975
925	987
926	101
926	107
926	181
926	209
926	323
926	480
926	482
926	533
926	615
926	640
926	669
926	678
926	709
926	724
926	803
926	810
926	837
926	872
926	874
926	898
926	900
926	907
926	919
926	965
926	971
926	985
927	5
927	18
927	23
927	157
927	165
927	283
927	362
927	439
927	488
927	495
927	511
927	513
927	621
927	625
927	669
927	691
927	713
927	767
927	818
927	841
927	897
927	938
927	944
927	954
927	983
927	997
928	59
928	66
928	134
928	143
928	204
928	272
928	341
928	349
928	431
928	452
928	471
928	607
928	653
928	775
928	788
928	791
928	824
928	825
928	851
928	867
928	869
928	891
928	912
928	984
928	986
928	997
929	63
929	86
929	90
929	104
929	121
929	172
929	234
929	241
929	243
929	338
929	460
929	461
929	554
929	714
929	726
929	793
929	855
929	934
929	936
929	983
929	988
930	106
930	180
930	365
930	494
930	520
930	531
930	574
930	605
930	624
930	631
930	634
930	671
930	696
930	721
930	784
930	794
930	799
930	815
930	844
930	855
930	864
930	923
930	924
930	948
930	977
930	980
930	983
931	92
931	110
931	124
931	307
931	361
931	379
931	563
931	642
931	688
931	722
931	726
931	733
931	752
931	777
931	783
931	786
931	809
931	817
931	821
931	830
931	849
931	896
931	914
931	917
931	920
931	982
931	992
932	24
932	71
932	109
932	250
932	329
932	373
932	403
932	416
932	418
932	506
932	526
932	626
932	677
932	694
932	751
932	760
932	796
932	806
932	842
932	853
932	855
932	871
932	878
932	911
932	939
932	952
932	954
933	112
933	275
933	485
933	551
933	577
933	588
933	595
933	655
933	660
933	662
933	673
933	692
933	716
933	749
933	774
933	789
933	857
933	920
933	940
933	955
933	959
933	960
933	972
933	987
933	991
934	59
934	63
934	86
934	90
934	104
934	121
934	172
934	234
934	241
934	243
934	338
934	460
934	554
934	726
934	855
934	919
934	929
934	936
934	983
934	988
934	991
935	24
935	34
935	242
935	397
935	399
935	412
935	460
935	461
935	538
935	665
935	685
935	686
935	710
935	746
935	770
935	799
935	834
935	842
935	853
935	878
935	880
935	893
935	948
935	977
935	980
935	981
935	988
935	989
936	52
936	58
936	63
936	86
936	90
936	104
936	121
936	172
936	194
936	226
936	234
936	241
936	243
936	283
936	338
936	352
936	419
936	460
936	505
936	554
936	726
936	793
936	854
936	855
936	929
936	934
936	983
936	988
937	21
937	52
937	97
937	239
937	257
937	297
937	306
937	344
937	372
937	398
937	405
937	448
937	500
937	516
937	556
937	564
937	601
937	604
937	656
937	682
937	862
937	924
937	941
937	973
937	981
937	984
937	986
938	289
938	315
938	360
938	374
938	386
938	470
938	541
938	621
938	659
938	661
938	665
938	800
938	804
938	860
938	894
938	909
938	925
938	927
938	944
938	949
938	953
938	961
938	962
938	965
938	966
938	975
938	983
938	1000
939	219
939	393
939	491
939	518
939	530
939	609
939	612
939	845
939	884
939	915
939	932
939	943
939	947
939	950
939	952
939	970
939	974
939	986
939	988
940	331
940	392
940	456
940	485
940	519
940	577
940	588
940	595
940	655
940	660
940	662
940	673
940	692
940	716
940	735
940	749
940	774
940	789
940	815
940	818
940	857
940	933
940	959
940	960
940	961
940	972
940	987
940	991
941	21
941	52
941	97
941	239
941	257
941	292
941	297
941	306
941	344
941	372
941	398
941	405
941	448
941	500
941	516
941	556
941	564
941	601
941	656
941	682
941	862
941	907
941	924
941	937
941	973
941	984
941	986
942	29
942	232
942	264
942	337
942	429
942	447
942	543
942	544
942	614
942	701
942	738
942	764
942	778
942	820
942	827
942	829
942	905
942	906
942	916
942	952
942	964
942	994
942	996
942	1000
943	265
943	291
943	336
943	393
943	491
943	530
943	609
943	612
943	774
943	845
943	884
943	915
943	923
943	939
943	947
943	950
943	952
943	970
943	974
943	986
943	988
943	1000
944	18
944	23
944	99
944	157
944	165
944	274
944	362
944	439
944	488
944	495
944	511
944	513
944	531
944	558
944	621
944	625
944	691
944	713
944	715
944	734
944	767
944	818
944	841
944	897
944	927
944	938
944	954
944	970
944	983
945	70
945	100
945	164
945	223
945	371
945	396
945	522
945	566
945	600
945	605
945	619
945	641
945	644
945	699
945	702
945	787
945	795
945	816
945	833
945	835
945	840
945	847
945	866
945	885
945	891
945	909
945	955
945	958
945	999
946	7
946	9
946	79
946	110
946	148
946	186
946	200
946	245
946	247
946	326
946	394
946	399
946	505
946	550
946	576
946	598
946	604
946	685
946	706
946	710
946	761
946	773
946	818
946	855
946	866
946	880
946	882
946	953
946	954
946	981
947	67
947	114
947	190
947	265
947	291
947	327
947	336
947	348
947	393
947	488
947	491
947	530
947	609
947	612
947	807
947	845
947	884
947	915
947	939
947	943
947	950
947	952
947	970
947	974
947	986
947	988
948	75
948	106
948	242
948	284
948	365
948	508
948	520
948	536
948	574
948	605
948	624
948	631
948	634
948	671
948	696
948	721
948	750
948	762
948	784
948	794
948	799
948	815
948	844
948	864
948	930
948	935
948	956
948	977
948	979
948	980
948	983
949	80
949	122
949	162
949	178
949	214
949	302
949	389
949	437
949	441
949	476
949	508
949	509
949	544
949	556
949	657
949	714
949	739
949	747
949	776
949	834
949	859
949	873
949	888
949	891
949	909
949	923
949	925
949	938
949	965
949	975
949	980
950	67
950	113
950	114
950	189
950	221
950	265
950	291
950	327
950	336
950	348
950	393
950	491
950	529
950	530
950	609
950	612
950	818
950	844
950	845
950	884
950	915
950	939
950	943
950	947
950	952
950	970
950	974
950	978
950	986
950	988
951	5
951	49
951	160
951	202
951	301
951	320
951	464
951	468
951	479
951	481
951	557
951	570
951	611
951	617
951	632
951	679
951	712
951	715
951	741
951	763
951	792
951	812
951	818
951	832
951	865
951	891
951	968
952	233
952	250
952	374
952	420
952	455
952	492
952	506
952	597
952	633
952	661
952	688
952	694
952	763
952	800
952	804
952	807
952	853
952	860
952	871
952	920
952	932
952	939
952	942
952	943
952	947
952	950
952	970
952	974
952	982
952	984
952	990
953	37
953	40
953	83
953	224
953	311
953	315
953	349
953	366
953	400
953	453
953	478
953	490
953	499
953	541
953	565
953	569
953	572
953	591
953	626
953	715
953	737
953	741
953	766
953	785
953	831
953	879
953	938
953	946
953	962
953	979
953	984
953	986
954	34
954	416
954	469
954	548
954	659
954	691
954	702
954	706
954	759
954	768
954	773
954	781
954	840
954	841
954	848
954	853
954	871
954	882
954	897
954	917
954	927
954	932
954	944
954	946
954	955
954	958
954	963
954	981
954	987
954	992
954	999
954	1000
955	53
955	95
955	208
955	212
955	225
955	367
955	371
955	377
955	396
955	469
955	484
955	549
955	566
955	600
955	619
955	641
955	699
955	702
955	787
955	795
955	833
955	835
955	847
955	866
955	871
955	885
955	891
955	895
955	933
955	945
955	954
955	999
956	98
956	144
956	146
956	166
956	288
956	356
956	404
956	487
956	627
956	723
956	731
956	814
956	819
956	844
956	858
956	860
956	874
956	884
956	900
956	907
956	919
956	948
956	957
956	963
956	971
956	977
956	978
956	980
956	985
956	993
956	995
956	998
957	18
957	144
957	146
957	166
957	288
957	316
957	355
957	420
957	670
957	677
957	694
957	744
957	759
957	782
957	796
957	819
957	836
957	850
957	858
957	870
957	871
957	873
957	886
957	913
957	918
957	956
957	963
957	967
957	976
957	993
957	995
957	998
958	15
958	70
958	152
958	208
958	212
958	216
958	225
958	367
958	371
958	377
958	388
958	396
958	469
958	528
958	566
958	600
958	619
958	641
958	699
958	702
958	787
958	795
958	833
958	835
958	840
958	847
958	866
958	945
958	954
958	974
958	992
958	999
959	43
959	45
959	111
959	236
959	244
959	313
959	392
959	456
959	485
959	519
959	551
959	577
959	588
959	595
959	655
959	660
959	662
959	673
959	692
959	716
959	749
959	774
959	789
959	805
959	840
959	857
959	873
959	933
959	940
959	960
959	972
959	987
959	991
960	111
960	221
960	228
960	236
960	253
960	340
960	392
960	456
960	519
960	551
960	577
960	588
960	595
960	655
960	660
960	662
960	673
960	692
960	716
960	717
960	749
960	752
960	774
960	789
960	839
960	857
960	933
960	940
960	959
960	971
960	972
960	987
960	991
961	6
961	28
961	44
961	89
961	98
961	123
961	149
961	231
961	248
961	268
961	360
961	386
961	417
961	489
961	517
961	528
961	559
961	572
961	603
961	636
961	644
961	667
961	708
961	790
961	797
961	874
961	891
961	894
961	903
961	912
961	938
961	940
961	966
962	37
962	68
962	83
962	138
962	155
962	217
962	224
962	280
962	311
962	315
962	366
962	400
962	453
962	470
962	478
962	541
962	551
962	565
962	569
962	572
962	591
962	695
962	702
962	703
962	741
962	766
962	785
962	938
962	953
962	963
962	979
962	984
962	986
963	10
963	16
963	102
963	237
963	310
963	404
963	430
963	474
963	480
963	487
963	598
963	606
963	637
963	647
963	672
963	678
963	695
963	703
963	748
963	766
963	769
963	836
963	861
963	875
963	886
963	954
963	956
963	957
963	962
963	979
963	986
963	993
964	179
964	215
964	232
964	252
964	314
964	337
964	429
964	447
964	543
964	544
964	614
964	701
964	738
964	750
964	764
964	778
964	820
964	824
964	827
964	829
964	861
964	905
964	906
964	916
964	920
964	942
964	994
964	996
964	1000
965	80
965	122
965	162
965	214
965	302
965	389
965	437
965	441
965	476
965	508
965	509
965	587
965	628
965	657
965	659
965	714
965	739
965	741
965	747
965	776
965	834
965	859
965	873
965	888
965	891
965	909
965	923
965	925
965	926
965	938
965	949
965	972
965	975
965	991
966	6
966	22
966	28
966	44
966	87
966	123
966	149
966	248
966	269
966	360
966	386
966	417
966	425
966	467
966	489
966	503
966	517
966	528
966	559
966	644
966	647
966	667
966	708
966	736
966	790
966	797
966	891
966	894
966	912
966	923
966	938
966	961
966	978
966	995
967	26
967	43
967	77
967	133
967	170
967	183
967	184
967	229
967	270
967	294
967	332
967	355
967	385
967	408
967	419
967	436
967	512
967	540
967	586
967	596
967	668
967	681
967	736
967	757
967	790
967	793
967	808
967	810
967	850
967	866
967	918
967	957
967	976
967	983
968	5
968	49
968	69
968	160
968	202
968	301
968	320
968	359
968	410
968	464
968	468
968	479
968	481
968	505
968	529
968	539
968	557
968	611
968	617
968	632
968	659
968	669
968	679
968	698
968	712
968	715
968	739
968	763
968	792
968	812
968	818
968	832
968	865
968	951
969	60
969	158
969	195
969	254
969	289
969	308
969	321
969	322
969	347
969	449
969	501
969	518
969	527
969	570
969	575
969	584
969	629
969	639
969	643
969	652
969	688
969	704
969	718
969	742
969	802
969	807
969	817
969	870
969	887
969	891
969	903
969	910
969	920
969	921
969	982
970	67
970	113
970	114
970	150
970	189
970	265
970	291
970	327
970	336
970	348
970	393
970	427
970	455
970	491
970	529
970	530
970	532
970	609
970	612
970	667
970	770
970	818
970	845
970	884
970	886
970	915
970	939
970	943
970	944
970	947
970	950
970	952
970	974
970	986
970	988
971	101
971	107
971	175
971	181
971	300
971	323
971	405
971	438
971	480
971	502
971	533
971	613
971	615
971	640
971	669
971	676
971	678
971	689
971	693
971	709
971	724
971	780
971	803
971	810
971	837
971	859
971	872
971	874
971	900
971	907
971	919
971	926
971	956
971	960
971	985
972	11
972	221
972	236
972	253
972	275
972	288
972	313
972	331
972	340
972	392
972	456
972	519
972	551
972	577
972	588
972	595
972	655
972	660
972	662
972	673
972	692
972	716
972	732
972	749
972	774
972	775
972	789
972	839
972	857
972	933
972	940
972	959
972	960
972	965
972	987
972	991
973	21
973	52
973	97
973	98
973	132
973	194
973	205
973	239
973	257
973	297
973	306
973	344
973	350
973	372
973	378
973	398
973	405
973	448
973	500
973	516
973	556
973	564
973	581
973	601
973	626
973	656
973	668
973	682
973	731
973	757
973	862
973	924
973	937
973	941
973	984
973	986
974	12
974	67
974	113
974	114
974	189
974	265
974	283
974	291
974	327
974	336
974	348
974	352
974	393
974	410
974	427
974	491
974	530
974	532
974	609
974	612
974	667
974	739
974	818
974	845
974	884
974	887
974	915
974	939
974	943
974	947
974	950
974	952
974	958
974	970
974	986
974	988
974	995
975	64
975	68
975	80
975	115
975	122
975	162
975	214
975	302
975	389
975	437
975	441
975	476
975	484
975	508
975	509
975	587
975	633
975	657
975	659
975	691
975	714
975	739
975	741
975	747
975	776
975	834
975	859
975	873
975	888
975	889
975	891
975	906
975	909
975	923
975	925
975	938
975	949
975	965
976	22
976	26
976	77
976	143
976	170
976	183
976	184
976	229
976	270
976	294
976	332
976	349
976	355
976	385
976	408
976	419
976	512
976	520
976	586
976	596
976	613
976	618
976	667
976	668
976	681
976	736
976	757
976	790
976	793
976	808
976	810
976	816
976	850
976	866
976	868
976	918
976	957
976	967
976	983
977	75
977	106
977	178
977	180
977	242
977	284
977	365
977	432
977	520
977	574
977	605
977	624
977	631
977	634
977	671
977	696
977	721
977	730
977	744
977	750
977	761
977	762
977	784
977	794
977	799
977	815
977	842
977	844
977	855
977	864
977	882
977	923
977	930
977	935
977	948
977	956
977	980
977	983
977	995
978	25
978	151
978	173
978	210
978	289
978	295
978	298
978	322
978	417
978	559
978	571
978	575
978	618
978	627
978	643
978	674
978	690
978	708
978	725
978	797
978	810
978	823
978	847
978	849
978	858
978	877
978	881
978	889
978	894
978	896
978	950
978	956
978	966
978	989
978	990
978	992
978	995
978	997
978	998
979	37
979	40
979	54
979	83
979	84
979	155
979	185
979	190
979	217
979	224
979	280
979	303
979	311
979	400
979	450
979	453
979	470
979	478
979	490
979	494
979	499
979	541
979	554
979	565
979	569
979	591
979	695
979	703
979	715
979	737
979	766
979	775
979	785
979	948
979	953
979	962
979	963
979	984
979	986
980	30
980	75
980	88
980	106
980	180
980	190
980	242
980	284
980	365
980	497
980	520
980	574
980	605
980	624
980	631
980	634
980	671
980	696
980	721
980	730
980	744
980	750
980	761
980	762
980	784
980	794
980	799
980	815
980	844
980	855
980	864
980	923
980	930
980	935
980	948
980	949
980	956
980	977
980	983
980	994
981	2
981	9
981	19
981	64
981	79
981	110
981	148
981	153
981	186
981	200
981	245
981	247
981	326
981	338
981	394
981	399
981	505
981	540
981	550
981	572
981	576
981	587
981	589
981	604
981	667
981	668
981	685
981	706
981	710
981	773
981	792
981	818
981	855
981	866
981	870
981	880
981	882
981	935
981	937
981	946
981	954
982	30
982	61
982	74
982	82
982	143
982	156
982	204
982	304
982	352
982	395
982	401
982	406
982	409
982	410
982	429
982	455
982	484
982	542
982	597
982	613
982	644
982	654
982	688
982	700
982	717
982	744
982	784
982	786
982	802
982	805
982	807
982	817
982	855
982	866
982	887
982	920
982	923
982	931
982	952
982	969
982	988
983	91
983	188
983	234
983	241
983	334
983	355
983	408
983	426
983	439
983	460
983	463
983	558
983	631
983	681
983	713
983	726
983	757
983	762
983	782
983	787
983	794
983	836
983	841
983	850
983	870
983	886
983	927
983	929
983	930
983	934
983	936
983	938
983	944
983	948
983	967
983	976
983	977
983	980
983	988
983	994
983	996
984	37
984	103
984	154
984	159
984	206
984	233
984	251
984	260
984	311
984	329
984	366
984	421
984	422
984	492
984	507
984	619
984	633
984	642
984	656
984	682
984	766
984	777
984	783
984	785
984	788
984	791
984	825
984	830
984	851
984	862
984	867
984	869
984	912
984	924
984	928
984	937
984	941
984	952
984	953
984	962
984	973
984	979
985	87
985	101
985	107
985	175
985	181
985	190
985	194
985	209
985	263
985	269
985	300
985	323
985	438
985	480
985	502
985	533
985	553
985	589
985	615
985	640
985	668
985	676
985	678
985	689
985	693
985	709
985	724
985	729
985	803
985	810
985	837
985	859
985	865
985	869
985	872
985	874
985	900
985	907
985	919
985	926
985	956
985	971
986	48
986	66
986	333
986	448
986	516
986	565
986	583
986	601
986	679
986	703
986	737
986	745
986	747
986	788
986	791
986	825
986	834
986	851
986	858
986	867
986	869
986	875
986	884
986	913
986	915
986	924
986	928
986	937
986	939
986	941
986	943
986	947
986	950
986	953
986	962
986	963
986	970
986	973
986	974
986	979
986	995
986	998
987	11
987	43
987	111
987	228
987	236
987	253
987	275
987	313
987	316
987	331
987	340
987	352
987	392
987	456
987	485
987	519
987	551
987	577
987	588
987	595
987	654
987	655
987	659
987	660
987	662
987	673
987	692
987	716
987	749
987	774
987	789
987	805
987	839
987	857
987	873
987	925
987	933
987	940
987	954
987	959
987	960
987	972
987	991
988	46
988	61
988	63
988	140
988	241
988	243
988	397
988	412
988	455
988	538
988	550
988	554
988	561
988	622
988	644
988	665
988	686
988	700
988	707
988	717
988	770
988	793
988	802
988	807
988	825
988	858
988	884
988	893
988	906
988	915
988	920
988	929
988	934
988	935
988	936
988	939
988	943
988	947
988	950
988	970
988	974
988	982
988	983
989	8
989	42
989	56
989	132
989	193
989	203
989	246
989	293
989	325
989	335
989	346
989	380
989	387
989	482
989	496
989	525
989	608
989	616
989	658
989	674
989	683
989	687
989	690
989	697
989	758
989	813
989	814
989	822
989	823
989	828
989	829
989	842
989	873
989	874
989	877
989	935
989	978
989	990
989	997
990	8
990	19
990	42
990	56
990	69
990	132
990	193
990	203
990	216
990	217
990	246
990	293
990	325
990	335
990	346
990	380
990	387
990	482
990	485
990	496
990	525
990	608
990	616
990	658
990	674
990	683
990	687
990	690
990	697
990	736
990	758
990	790
990	793
990	813
990	814
990	822
990	823
990	873
990	877
990	952
990	978
990	989
990	997
990	998
991	11
991	19
991	43
991	55
991	59
991	111
991	221
991	228
991	253
991	269
991	275
991	313
991	331
991	340
991	392
991	406
991	485
991	519
991	551
991	577
991	588
991	595
991	655
991	659
991	660
991	662
991	673
991	692
991	716
991	735
991	749
991	774
991	789
991	797
991	805
991	857
991	873
991	933
991	934
991	940
991	959
991	960
991	965
991	972
991	987
992	54
992	68
992	78
992	91
992	92
992	115
992	169
992	197
992	204
992	219
992	354
992	361
992	382
992	436
992	445
992	458
992	514
992	532
992	540
992	548
992	553
992	623
992	644
992	648
992	664
992	685
992	715
992	741
992	743
992	744
992	768
992	781
992	811
992	821
992	826
992	828
992	838
992	848
992	884
992	917
992	931
992	954
992	958
992	978
992	993
993	62
993	73
993	92
993	130
993	146
993	166
993	178
993	269
993	276
993	278
993	303
993	353
993	424
993	430
993	442
993	505
993	537
993	547
993	560
993	630
993	637
993	648
993	669
993	672
993	744
993	748
993	765
993	771
993	811
993	816
993	818
993	821
993	828
993	829
993	838
993	846
993	890
993	898
993	905
993	911
993	917
993	956
993	957
993	963
993	992
994	33
994	72
994	179
994	187
994	215
994	223
994	232
994	252
994	284
994	314
994	337
994	429
994	447
994	529
994	543
994	544
994	614
994	701
994	738
994	764
994	778
994	820
994	827
994	829
994	839
994	905
994	906
994	916
994	942
994	964
994	980
994	983
994	996
994	1000
995	48
995	54
995	93
995	133
995	142
995	145
995	173
995	174
995	211
995	222
995	249
995	298
995	305
995	333
995	358
995	411
995	421
995	428
995	466
995	497
995	503
995	627
995	654
995	668
995	680
995	692
995	745
995	754
995	819
995	831
995	834
995	858
995	859
995	873
995	913
995	956
995	957
995	966
995	974
995	977
995	978
995	986
995	998
996	33
996	72
996	134
996	179
996	187
996	215
996	223
996	232
996	252
996	314
996	337
996	429
996	447
996	543
996	544
996	614
996	615
996	667
996	701
996	730
996	738
996	760
996	761
996	764
996	778
996	808
996	820
996	827
996	829
996	839
996	856
996	905
996	906
996	916
996	942
996	964
996	983
996	994
996	1000
997	8
997	42
997	56
997	115
997	132
997	143
997	193
997	203
997	206
997	246
997	293
997	325
997	335
997	346
997	380
997	383
997	387
997	482
997	496
997	525
997	529
997	566
997	589
997	602
997	608
997	616
997	658
997	674
997	683
997	687
997	690
997	697
997	735
997	736
997	758
997	790
997	793
997	813
997	814
997	822
997	823
997	873
997	877
997	914
997	927
997	928
997	978
997	989
997	990
998	48
998	59
998	69
998	93
998	133
998	142
998	143
998	145
998	173
998	174
998	211
998	222
998	249
998	283
998	298
998	305
998	333
998	358
998	368
998	411
998	421
998	428
998	466
998	497
998	503
998	505
998	540
998	627
998	636
998	654
998	668
998	680
998	710
998	745
998	754
998	819
998	831
998	834
998	858
998	859
998	873
998	913
998	956
998	957
998	978
998	986
998	990
998	995
998	999
999	12
999	15
999	64
999	68
999	70
999	95
999	100
999	152
999	164
999	208
999	212
999	216
999	225
999	367
999	371
999	377
999	388
999	396
999	469
999	483
999	484
999	522
999	529
999	566
999	592
999	600
999	613
999	619
999	641
999	644
999	699
999	702
999	787
999	795
999	816
999	833
999	835
999	840
999	847
999	866
999	867
999	885
999	891
999	915
999	945
999	954
999	955
999	958
999	998
1000	19
1000	30
1000	33
1000	59
1000	72
1000	78
1000	179
1000	187
1000	204
1000	215
1000	223
1000	232
1000	252
1000	314
1000	337
1000	350
1000	359
1000	395
1000	427
1000	429
1000	447
1000	503
1000	532
1000	540
1000	543
1000	544
1000	614
1000	667
1000	701
1000	730
1000	738
1000	760
1000	761
1000	764
1000	778
1000	820
1000	827
1000	829
1000	839
1000	899
1000	905
1000	906
1000	916
1000	938
1000	942
1000	943
1000	954
1000	964
1000	994
1000	996
