1	64 
2	209 
3	175 
4	307 
5	220 
6	227 
7	194 
8	53 
9	70 
10	100 
11	60 
12	164 
13	94 
14	231 
15	278 
16	291 
17	196 273 309 
18	48 
19	188 
20	126 
21	153 
22	120 
23	141 
24	157 
25	241 
26	44 
27	334 
28	222 
29	298 
30	174 
31	143 
32	146 
33	158 
34	306 
35	274 
36	282 
37	271 
38	89 
39	83 
40	234 
41	273 
42	204 
43	315 
44	46 74 191 
45	46 
46	85 
47	263 
48	260 
49	197 
50	157 
51	267 
52	149 
53	217 
54	142 
55	311 
56	202 
57	333 
58	132 
59	160 
60	111 267 343 
61	151 
62	342 
63	110 134 238 
64	168 
65	297 
66	311 
67	115 
68	151 
69	160 
70	28 
71	319 
72	262 
73	67 
74	58 
75	277 
76	94 
77	225 
78	28 
79	283 
80	340 
81	265 
82	287 
83	175 
84	93 
85	65 
86	319 
87	282 
88	88 
89	253 
90	132 
91	159 
92	311 
93	342 
94	76 
95	209 
96	300 
97	79 
98	224 
99	329 
100	14 
101	31 
102	3 
103	298 
104	297 
105	37 
106	238 
107	335 
108	11 240 291 
109	299 
110	183 312 349 
111	241 
112	108 
113	235 
114	262 
115	61 322 349 
116	242 
117	71 
118	89 137 246 
119	57 151 329 
120	260 
121	17 
122	148 
123	34 
124	8 
125	177 
126	8 30 125 
127	108 
128	293 
129	226 235 314 
130	251 
131	186 
132	158 
133	180 
134	16 65 283 
135	137 
136	55 
137	137 
138	41 
139	35 
140	259 
141	8 
142	23 216 336 
143	349 
144	146 
145	62 
146	288 
147	111 
148	283 
149	203 
150	42 
151	157 
152	82 
153	88 264 291 
154	321 
155	262 
156	309 
157	174 
158	134 
159	78 
160	272 
161	314 
162	184 
163	189 
164	27 
165	263 
166	290 
167	176 
168	317 
169	284 
170	53 
171	69 
172	293 
173	5 
174	78 
175	100 
176	337 
177	30 
178	167 
179	8 
180	115 136 240 
181	102 
182	223 
183	190 
184	298 
185	282 
186	175 
187	262 
188	329 
189	332 
190	171 
191	291 
192	261 
193	144 
194	203 217 245 
195	298 
196	209 
197	259 
198	151 194 339 
199	304 
200	41 
201	291 
202	98 
203	253 
204	16 
205	318 
206	227 
207	327 
208	147 
209	304 
210	337 
211	238 
212	191 
213	33 
214	64 
215	140 
216	151 188 283 
217	257 
218	275 
219	26 
220	146 
221	85 
222	202 
223	86 
224	107 
225	140 
226	109 
227	72 
228	88 
229	287 
230	154 
231	5 
232	328 
233	182 
234	277 
235	229 
236	36 
237	299 
238	21 
239	282 
240	336 
241	175 
242	200 
243	94 
244	128 
245	273 
246	88 
247	112 134 297 
248	115 
249	123 
250	27 
251	195 
252	340 
253	309 
254	161 
255	267 
256	47 
257	68 
258	215 
259	245 
260	99 132 162 
261	15 
262	8 
263	310 
264	165 
265	183 262 322 
266	211 
267	91 
268	49 
269	328 
270	9 
271	7 
272	139 
273	151 
274	104 
275	51 
276	124 
277	54 88 217 
278	173 
279	68 
280	100 
281	255 
282	3 274 315 
283	242 
284	310 
285	270 
286	106 
287	112 
288	293 
289	215 
290	339 
291	321 
292	151 
293	216 
294	231 
295	112 220 297 
296	74 
297	59 161 176 
298	82 122 270 
299	10 100 203 
300	128 
301	166 
302	73 
303	337 
304	214 
305	162 
306	259 
307	8 225 255 
308	25 
309	42 
310	63 176 201 
311	217 
312	199 
313	317 
314	208 
315	227 
316	178 
317	15 
318	238 
319	261 
320	45 154 227 
321	263 
322	177 
323	9 
324	215 
325	10 
326	170 
327	31 
328	134 
329	191 
330	226 
331	239 
332	173 
333	320 
334	332 
335	17 
336	179 
337	128 
338	248 
339	214 
340	347 
341	350 
342	274 
343	7 
344	54 
345	8 223 319 
346	267 
347	64 
348	160 238 341 
349	332 
350	80 
351	319 
352	244 
353	321 
354	94 108 234 
355	246 
356	31 240 275 
357	7 
358	311 
359	326 
360	299 
361	37 
362	100 
363	124 
364	186 
365	270 
366	217 
367	336 
368	188 
369	215 
370	65 
371	322 
372	76 
373	58 
374	265 
375	3 
376	307 
377	203 
378	345 
379	201 
380	108 
381	279 
382	85 
383	57 
384	271 
385	52 
386	337 
387	223 
388	269 
389	324 
390	134 
391	39 
392	140 
393	137 
394	85 
395	265 
396	242 
397	178 
398	265 
399	33 151 251 
400	338 
401	73 
402	88 
403	63 
404	350 
405	63 
406	329 
407	287 
408	82 
409	124 167 178 
410	182 
411	210 
412	153 
413	74 
414	323 
415	186 
416	72 304 314 
417	84 
418	144 
419	39 
420	319 
421	254 
422	144 
423	100 
424	87 
425	245 
426	70 
427	316 
428	110 
429	14 57 168 
430	35 336 337 
431	91 
432	176 
433	218 
434	301 
435	87 
436	348 
437	39 
438	77 
439	163 
440	266 
441	302 
442	221 
443	221 
444	146 
445	185 
446	269 
447	91 
448	29 
449	289 
450	251 
451	149 
452	146 
453	277 
454	239 
455	219 
456	88 
457	41 
458	312 
459	58 233 237 
460	158 
461	253 
462	144 
463	205 
464	104 
465	306 
466	315 
467	111 
468	154 
469	8 
470	47 
471	138 
472	104 
473	161 
474	210 
475	196 
476	16 
477	78 
478	253 
479	208 
480	10 37 177 
481	341 
482	224 225 244 
483	132 
484	335 
485	154 
486	201 
487	244 
488	122 287 307 
489	164 
490	289 
491	325 
492	238 
493	34 
494	257 
495	89 264 343 
496	93 
497	216 
498	89 
499	180 
500	332 
501	152 
502	245 
503	247 
504	346 
505	74 
506	52 
507	74 
508	326 
509	215 
510	135 
511	26 
512	333 
513	183 
514	201 
515	262 
516	127 
517	191 
518	32 105 307 
519	95 
520	107 
521	90 197 226 
522	1 
523	29 61 204 
524	45 130 237 
525	61 
526	234 
527	151 234 239 
528	278 
529	162 
530	210 
531	276 
532	341 
533	236 
534	253 
535	13 
536	306 
537	141 
538	209 
539	222 
540	93 125 139 
541	322 
542	194 
543	53 
544	287 
545	307 
546	205 
547	289 
548	35 
549	214 
550	152 
551	7 
552	78 
553	114 
554	331 
555	231 
556	3 
557	233 
558	71 
559	35 
560	60 
561	296 
562	100 
563	143 
564	151 
565	333 
566	5 
567	324 
568	161 
569	20 
570	285 
571	185 
572	344 
573	105 
574	152 
575	119 
576	218 
577	168 
578	292 
579	57 
580	117 133 268 
581	185 
582	89 
583	283 
584	125 
585	7 
586	148 
587	283 
588	114 230 237 
589	201 
590	311 
591	116 
592	238 
593	13 
594	122 
595	10 
596	327 
597	30 217 251 
598	70 103 320 
599	232 
600	71 
601	160 
602	77 
603	172 
604	176 
605	349 
606	242 
607	267 
608	90 260 348 
609	190 
610	97 
611	163 
612	334 
613	23 76 233 
614	75 217 339 
615	285 
616	68 
617	180 
618	335 
619	89 
620	164 
621	290 
622	239 
623	137 
624	206 
625	246 
626	106 
627	59 
628	213 
629	102 
630	238 
631	167 
632	31 
633	144 
634	100 147 254 
635	189 
636	95 
637	346 
638	259 
639	17 
640	96 
641	184 
642	9 
643	132 
644	349 
645	225 
646	111 241 279 
647	336 
648	295 
649	348 
650	34 
651	78 
652	76 
653	157 
654	135 
655	59 
656	137 
657	165 
658	16 
659	70 
660	40 
661	229 
662	256 
663	74 
664	132 
665	112 
666	212 
667	231 
668	308 
669	178 
670	48 
671	317 
672	68 
673	334 
674	196 
675	25 
676	145 
677	12 
678	328 
679	99 
680	175 
681	177 273 286 
682	302 
683	57 
684	168 253 282 
685	3 198 315 
686	94 
687	115 
688	119 
689	52 
690	334 
691	218 
692	174 
693	345 
694	2 10 191 
695	124 
696	119 
697	138 
698	19 
699	330 
700	345 
701	218 
702	280 
703	183 
704	200 
705	326 
706	124 
707	260 
708	207 
709	20 
710	13 
711	88 119 176 
712	296 
713	235 
714	184 
715	6 
716	305 
717	214 
718	275 
719	60 
720	33 89 125 
721	147 
722	7 
723	299 
724	284 
725	199 
726	1 
727	91 
728	8 
729	216 
730	135 
731	263 
732	178 
733	4 
734	92 
735	124 
736	199 
737	142 
738	313 
739	273 
740	49 93 232 
741	77 
742	286 
743	31 
744	175 
745	89 102 149 
746	164 
747	226 
748	113 
749	89 191 317 
750	190 
751	271 
752	81 
753	323 
754	214 
755	284 
756	242 
757	287 
758	131 
759	118 
760	137 
761	270 
762	175 
763	4 
764	10 62 253 
765	171 
766	104 157 238 
767	310 
768	210 
769	74 
770	291 
771	315 
772	119 
773	201 
774	160 
775	248 
776	177 
777	142 
778	74 
779	162 
780	314 
781	119 
782	20 
783	328 
784	220 
785	10 160 282 
786	257 
787	152 
788	346 
789	139 
790	260 
791	205 
792	198 
793	10 
794	98 
795	33 
796	113 
797	136 
798	3 
799	180 
800	170 
801	192 
802	130 
803	248 
804	300 
805	275 
806	311 
807	331 
808	123 
809	271 
810	2 
811	275 
812	317 
813	70 
814	53 
815	153 246 250 
816	34 214 313 
817	261 
818	310 
819	222 
820	213 
821	347 
822	292 
823	96 
824	109 
825	8 
826	42 88 139 
827	27 
828	315 
829	163 
830	60 132 245 
831	1 109 243 
832	205 
833	254 
834	103 
835	64 
836	34 133 333 
837	214 
838	121 
839	299 
840	115 
841	59 
842	20 
843	108 
844	177 
845	47 
846	98 
847	202 
848	224 
849	137 
850	346 
851	119 
852	15 16 294 
853	261 
854	176 
855	185 
856	245 
857	68 
858	161 248 255 
859	251 
860	127 
861	90 
862	175 
863	25 
864	22 
865	291 
866	29 34 36 
867	219 
868	65 
869	170 
870	232 
871	298 
872	261 
873	254 
874	60 
875	185 
876	137 
877	272 
878	198 
879	126 
880	134 
881	210 
882	66 128 237 
883	222 
884	42 181 286 
885	97 
886	148 
887	258 
888	33 
889	300 
890	299 
891	41 
892	36 
893	92 
894	53 
895	248 
896	11 
897	246 
898	94 
899	124 
900	331 
901	274 
902	176 
903	45 
904	9 99 177 
905	49 
906	292 
907	157 
908	145 
909	67 
910	251 
911	34 
912	39 
913	245 
914	33 
915	189 
916	313 
917	218 
918	137 
919	135 
920	127 
921	237 
922	253 
923	234 287 312 
924	16 
925	283 
926	52 89 190 
927	274 
928	100 136 291 
929	139 
930	306 
931	208 
932	340 
933	203 
934	27 
935	96 
936	24 176 246 
937	159 
938	240 
939	35 
940	70 
941	221 
942	54 
943	335 
944	233 
945	28 80 135 
946	3 136 291 
947	119 299 311 
948	64 
949	332 
950	207 
951	32 
952	98 
953	175 276 316 
954	25 
955	299 
956	10 
957	192 
958	310 
959	13 
960	333 
961	280 
962	250 
963	201 294 316 
964	325 
965	74 
966	340 
967	126 
968	20 
969	81 
970	154 
971	92 
972	324 
973	51 223 318 
974	190 
975	135 301 314 
976	99 
977	7 164 237 
978	160 
979	139 
980	281 
981	99 218 300 
982	157 
983	349 
984	11 24 78 
985	340 
986	157 
987	342 
988	92 
989	58 
990	122 
991	232 265 338 
992	273 
993	267 
994	208 
995	338 
996	192 
997	176 
998	156 
999	58 
1000	130 
1001	70 
1002	322 
1003	23 
1004	12 
1005	118 
1006	239 
1007	40 76 114 
1008	152 
1009	73 
1010	311 
1011	329 
1012	337 
1013	262 
1014	55 
1015	225 
1016	22 
1017	270 
1018	277 
1019	199 
1020	122 
1021	183 
1022	232 
1023	180 
1024	326 
1025	331 
1026	168 
1027	157 
1028	261 
1029	147 
1030	166 
1031	56 
1032	350 
1033	61 
1034	94 
1035	272 
1036	280 
1037	168 
1038	7 
1039	178 
1040	187 
1041	203 
1042	318 
1043	289 
1044	218 
1045	334 
1046	261 
1047	259 
1048	285 
1049	211 
1050	175 
1051	237 
1052	67 
1053	197 
1054	25 
1055	113 
1056	250 
1057	268 
1058	175 
1059	186 
1060	225 
1061	112 
1062	112 
1063	295 
1064	167 
1065	38 
1066	47 
1067	195 
1068	62 
1069	156 
1070	6 
1071	125 
1072	64 
1073	285 
1074	349 
1075	216 
1076	132 
1077	273 
1078	106 
1079	207 
1080	46 
1081	8 
1082	189 
1083	98 
1084	186 
1085	278 
1086	14 
1087	159 
1088	6 
1089	269 
1090	4 
1091	36 
1092	342 
1093	175 
1094	25 
1095	133 
1096	219 
1097	313 
1098	246 
1099	37 218 323 
1100	337 
1101	98 
1102	182 
1103	252 
1104	165 
1105	346 
1106	28 36 123 
1107	98 
1108	24 
1109	196 
1110	270 
1111	80 
1112	238 
1113	208 
1114	13 190 291 
1115	5 300 319 
1116	230 
1117	57 
1118	158 
1119	312 
1120	255 
1121	313 
1122	15 
1123	13 190 328 
1124	160 
1125	240 
1126	83 
1127	41 
1128	95 
1129	99 
1130	170 
1131	329 
1132	16 
1133	30 
1134	299 
1135	343 
1136	8 
1137	294 
1138	335 
1139	66 
1140	132 
1141	323 
1142	76 
1143	46 
1144	45 
1145	218 
1146	132 
1147	285 
1148	323 
1149	96 
1150	208 
1151	15 
1152	279 
1153	337 
1154	325 
1155	279 
1156	247 
1157	50 135 230 
1158	91 
1159	126 
1160	184 
1161	17 
1162	161 
1163	310 
1164	132 
1165	313 
1166	261 
1167	323 
1168	303 
1169	251 
1170	342 
1171	138 
1172	143 
1173	93 305 346 
1174	48 
1175	89 
1176	304 
1177	96 
1178	203 
1179	80 
1180	138 
1181	9 
1182	221 
1183	57 228 229 
1184	28 
1185	346 
1186	145 
1187	65 
1188	33 
1189	8 
1190	299 
1191	43 
1192	293 
1193	91 197 234 
1194	336 
1195	236 
1196	45 
1197	79 
1198	275 
1199	343 
1200	178 
1201	17 
1202	254 
1203	194 
1204	176 
1205	171 
1206	277 
1207	244 
1208	25 91 329 
1209	33 232 254 
1210	327 
1211	85 
1212	168 
1213	44 
1214	346 
1215	316 
1216	281 
1217	181 
1218	29 
1219	183 287 349 
1220	240 
1221	265 283 333 
1222	61 
1223	228 
1224	226 
1225	247 
1226	258 
1227	48 99 262 
1228	95 
1229	112 
1230	33 
1231	29 124 182 
1232	65 
1233	119 
1234	164 
1235	182 
1236	26 
1237	323 
1238	50 
1239	244 
1240	171 
1241	170 
1242	308 
1243	43 
1244	68 
1245	9 157 311 
1246	335 
1247	22 269 278 
1248	128 
1249	188 
1250	34 
1251	154 
1252	191 
1253	87 
1254	262 
1255	134 265 322 
1256	337 
1257	49 
1258	291 
1259	13 35 277 
1260	311 
1261	319 
1262	20 
1263	146 
1264	176 
1265	38 
1266	282 
1267	110 
1268	330 
1269	2 298 327 
1270	219 
1271	125 
1272	151 
1273	277 
1274	322 
1275	294 
1276	76 
1277	93 
1278	207 
1279	128 
1280	102 
1281	213 
1282	91 
1283	125 
1284	255 
1285	8 
1286	246 
1287	320 
1288	80 
1289	80 
1290	327 
1291	195 
1292	102 
1293	18 
1294	294 
1295	96 
1296	12 
1297	263 
1298	270 298 349 
1299	156 
1300	143 
1301	39 
1302	65 
1303	98 
1304	345 
1305	45 
1306	242 
1307	232 
1308	304 
1309	59 
1310	250 
1311	135 292 337 
1312	184 
1313	84 
1314	132 
1315	333 
1316	77 
1317	338 
1318	261 
1319	237 
1320	280 
1321	150 
1322	6 
1323	310 
1324	149 
1325	271 
1326	191 
1327	306 
1328	263 
1329	39 
1330	263 
1331	161 
1332	69 
1333	49 310 317 
1334	11 
1335	164 
1336	132 
1337	170 
1338	14 
1339	70 
1340	311 
1341	294 
1342	296 
1343	38 
1344	130 
1345	319 
1346	322 
1347	132 
1348	172 
1349	83 
1350	124 
1351	222 
1352	141 
1353	301 
1354	101 
1355	217 
1356	233 
1357	120 
1358	164 
1359	198 
1360	138 
1361	222 
1362	108 
1363	72 
1364	45 
1365	310 
1366	149 154 350 
1367	143 
1368	3 30 322 
1369	185 
1370	250 
1371	317 
1372	156 
1373	231 
1374	333 
1375	71 
1376	346 
1377	135 
1378	261 
1379	240 339 349 
1380	18 
1381	258 
1382	298 
1383	234 
1384	140 
1385	92 
1386	70 136 329 
1387	308 
1388	59 
1389	319 
1390	281 
1391	26 
1392	328 
1393	164 190 295 
1394	274 
1395	225 
1396	47 
1397	39 
1398	186 
1399	62 
1400	109 
1401	144 
1402	179 
1403	33 
1404	105 
1405	275 
1406	13 307 311 
1407	66 131 219 
1408	16 129 271 
1409	173 
1410	336 
1411	207 319 321 
1412	99 
1413	93 
1414	335 
1415	147 
1416	263 
1417	125 
1418	272 
1419	242 
1420	300 
1421	30 
1422	347 
1423	13 
1424	142 
1425	82 
1426	247 
1427	160 241 344 
1428	93 
1429	278 
1430	257 
1431	99 
1432	320 
1433	232 
1434	269 
1435	149 
1436	234 
1437	10 
1438	152 
1439	246 
1440	261 
1441	30 
1442	197 
1443	287 
1444	179 
1445	212 
1446	92 207 289 
1447	83 
1448	348 
1449	144 
1450	81 
1451	65 242 308 
1452	123 
1453	148 
1454	234 
1455	143 152 338 
1456	239 
1457	185 
1458	194 
1459	21 
1460	236 
1461	198 
1462	325 
1463	195 
1464	186 
1465	294 
1466	224 
1467	327 
1468	291 
1469	21 
1470	169 
1471	147 
1472	47 
1473	86 
1474	194 
1475	349 
1476	326 
1477	249 
1478	82 
1479	228 
1480	199 
1481	115 120 320 
1482	90 
1483	302 
1484	212 
1485	120 
1486	294 
1487	167 
1488	345 
1489	119 
1490	284 
1491	91 
1492	201 
1493	291 
1494	270 
1495	78 
1496	330 
1497	7 
1498	286 
1499	19 
1500	300 
1501	284 
1502	306 
1503	218 
1504	306 
1505	334 
1506	3 
1507	108 
1508	217 
1509	101 204 261 
1510	151 
1511	216 
1512	201 
1513	224 
1514	214 
1515	244 
1516	84 
1517	224 
1518	226 
1519	160 
1520	51 132 245 
1521	239 
1522	67 
1523	310 
1524	299 
1525	138 
1526	291 
1527	37 
1528	74 
1529	215 
1530	298 
1531	198 226 251 
1532	147 
1533	349 
1534	199 
1535	341 
1536	239 
1537	39 
1538	52 
1539	268 
1540	301 
1541	104 
1542	34 
1543	62 
1544	10 
1545	277 
1546	205 
1547	192 
1548	320 
1549	8 274 277 
1550	296 
1551	261 
1552	71 
1553	256 
1554	304 
1555	59 
1556	325 
1557	190 
1558	326 
1559	72 151 204 
1560	88 
1561	191 
1562	143 
1563	212 
1564	197 
1565	138 
1566	273 
1567	281 
1568	194 
1569	41 
1570	108 
1571	45 190 246 
1572	74 
1573	75 
1574	243 
1575	330 
1576	195 
1577	178 
1578	175 
1579	246 
1580	12 
1581	13 
1582	307 
1583	323 
1584	185 
1585	108 
1586	199 
1587	295 
1588	62 
1589	95 
1590	149 170 274 
1591	8 
1592	240 
1593	46 
1594	42 
1595	117 
1596	113 129 276 
1597	313 
1598	131 
1599	173 
1600	199 
1601	139 
1602	178 
1603	70 
1604	37 
1605	30 
1606	291 
1607	257 
1608	116 
1609	224 
1610	199 
1611	339 
1612	101 
1613	275 
1614	89 
1615	245 
1616	59 
1617	245 
1618	143 
1619	224 
1620	102 
1621	225 
1622	191 
1623	327 
1624	279 
1625	155 
1626	280 
1627	281 
1628	88 
1629	102 
1630	159 
1631	47 
1632	223 
1633	314 
1634	271 
1635	37 
1636	335 
1637	287 
1638	113 
1639	94 
1640	180 
1641	170 
1642	231 
1643	240 
1644	325 
1645	312 
1646	298 
1647	180 
1648	264 
1649	63 
1650	112 
1651	279 
1652	242 
1653	204 
1654	237 
1655	225 
1656	30 
1657	135 
1658	25 
1659	124 
1660	220 
1661	301 
1662	257 
1663	92 
1664	40 
1665	193 
1666	235 
1667	134 
1668	79 
1669	175 
1670	41 
1671	293 
1672	268 
1673	65 
1674	161 309 346 
1675	93 
1676	8 
1677	76 314 333 
1678	37 
1679	153 
1680	82 
1681	98 
1682	273 
1683	318 
1684	221 
1685	93 
1686	304 
1687	277 
1688	327 
1689	199 204 313 
1690	249 
1691	60 
1692	44 
1693	272 
1694	102 
1695	323 
1696	227 256 276 
1697	149 
1698	260 
1699	309 
1700	197 
1701	94 
1702	287 
1703	36 129 211 
1704	23 
1705	302 
1706	177 
1707	347 
1708	282 
1709	108 
1710	48 
1711	247 
1712	66 
1713	276 
1714	170 
1715	348 
1716	206 
1717	165 
1718	29 133 170 
1719	30 182 227 
1720	190 
1721	35 93 157 
1722	157 
1723	217 
1724	242 
1725	222 272 278 
1726	139 
1727	320 
1728	333 
1729	306 
1730	143 
1731	251 
1732	342 
1733	57 
1734	349 
1735	275 
1736	22 128 138 
1737	233 
1738	79 
1739	343 
1740	205 
1741	68 
1742	274 
1743	302 
1744	282 
1745	96 
1746	291 
1747	104 138 244 
1748	123 
1749	102 
1750	292 
1751	76 
1752	38 
1753	301 
1754	89 
1755	61 
1756	128 
1757	197 
1758	197 
1759	210 
1760	315 
1761	97 232 336 
1762	331 
1763	8 48 292 
1764	201 
1765	305 
1766	25 
1767	311 
1768	60 
1769	35 
1770	177 
1771	312 
1772	263 
1773	349 
1774	47 
1775	305 
1776	266 
1777	206 
1778	57 
1779	271 
1780	274 
1781	16 
1782	339 
1783	10 
1784	191 
1785	228 
1786	96 
1787	190 267 276 
1788	230 
1789	194 
1790	160 
1791	349 
1792	290 
1793	133 
1794	118 
1795	343 
1796	248 
1797	226 
1798	224 253 322 
1799	71 
1800	342 
1801	10 
1802	125 
1803	173 
1804	234 
1805	92 
1806	111 
1807	60 180 184 
1808	123 
1809	25 
1810	258 
1811	298 
1812	206 
1813	159 196 235 
1814	290 
1815	11 163 247 
1816	118 
1817	83 
1818	219 
1819	66 
1820	118 
1821	254 
1822	13 30 65 
1823	1 
1824	59 
1825	168 
1826	218 
1827	107 226 269 
1828	120 
1829	272 
1830	13 
1831	26 
1832	291 
1833	142 
1834	122 167 281 
1835	149 
1836	46 
1837	279 
1838	247 
1839	96 99 207 
1840	262 
1841	345 
1842	211 
1843	218 
1844	210 
1845	252 
1846	216 
1847	20 116 145 
1848	47 
1849	86 
1850	199 
1851	275 
1852	308 
1853	296 
1854	246 
1855	67 
1856	316 
1857	58 
1858	232 
1859	74 
1860	251 
1861	144 
1862	206 
1863	46 
1864	199 
1865	112 
1866	34 
1867	168 
1868	74 
1869	275 
1870	237 
1871	79 
1872	105 
1873	257 
1874	34 137 348 
1875	329 
1876	178 
1877	318 
1878	223 
1879	218 
1880	333 
1881	31 
1882	80 201 322 
1883	88 104 313 
1884	293 
1885	209 
1886	159 
1887	82 209 340 
1888	113 154 214 
1889	164 188 322 
1890	190 
1891	8 
1892	107 
1893	19 
1894	287 
1895	260 
1896	329 
1897	329 
1898	37 
1899	79 
1900	248 
1901	110 
1902	131 
1903	197 
1904	287 
1905	65 
1906	345 
1907	336 
1908	9 
1909	269 
1910	142 
1911	331 
1912	16 278 287 
1913	112 
1914	287 
1915	68 
1916	194 
1917	66 161 227 
1918	127 180 267 
1919	180 
1920	51 
1921	32 
1922	296 
1923	171 
1924	264 
1925	301 
1926	337 
1927	270 
1928	205 
1929	142 
1930	180 
1931	92 
1932	25 
1933	267 
1934	172 
1935	20 
1936	113 
1937	299 
1938	150 
1939	283 
1940	54 185 323 
1941	186 
1942	95 
1943	17 
1944	57 
1945	182 
1946	308 
1947	235 
1948	260 
1949	22 
1950	291 
1951	164 
1952	43 
1953	107 
1954	301 
1955	193 
1956	104 
1957	140 
1958	255 
1959	346 
1960	329 
1961	29 
1962	234 
1963	90 
1964	17 
1965	22 
1966	63 
1967	297 
1968	289 
1969	66 
1970	237 
1971	349 
1972	24 
1973	257 
1974	200 
1975	96 
1976	13 
1977	92 
1978	73 
1979	87 
1980	112 
1981	93 
1982	139 
1983	108 
1984	70 
1985	166 
1986	88 
1987	235 
1988	315 
1989	306 
1990	220 
1991	213 
1992	11 
1993	92 
1994	57 194 307 
1995	322 
1996	30 
1997	114 
1998	75 
1999	43 
2000	198 
2001	104 
2002	40 
2003	318 
2004	21 
2005	160 
2006	248 
2007	290 
2008	59 329 346 
2009	304 
2010	267 
2011	56 117 279 
2012	100 
2013	4 
2014	265 
2015	48 
2016	231 
2017	315 
2018	323 
2019	284 
2020	322 
2021	237 
2022	277 
2023	298 
2024	155 
2025	282 
2026	102 
2027	262 
2028	25 
2029	294 
2030	209 245 308 
2031	151 
2032	209 
2033	189 
2034	101 
2035	267 
2036	342 
2037	135 
2038	242 
2039	88 
2040	127 
2041	2 
2042	282 
2043	7 
2044	15 
2045	329 
2046	274 
2047	13 
2048	264 
2049	308 
2050	224 
2051	200 
2052	110 
2053	30 
2054	191 
2055	287 
2056	31 
2057	108 
2058	243 
2059	181 
2060	56 
2061	241 
2062	96 
2063	139 
2064	117 176 323 
2065	212 
2066	52 
2067	262 
2068	75 
2069	18 
2070	164 
2071	128 258 260 
2072	295 
2073	316 
2074	205 
2075	319 
2076	127 
2077	190 
2078	35 
2079	230 
2080	226 
2081	37 
2082	96 
2083	272 
2084	46 266 318 
2085	89 
2086	8 
2087	193 
2088	169 
2089	137 
2090	232 
2091	298 
2092	194 217 231 
2093	244 
2094	17 
2095	331 
2096	85 
2097	238 
2098	27 35 313 
2099	113 
2100	7 
2101	254 
2102	323 
2103	328 
2104	267 
2105	238 
2106	26 
2107	139 
2108	47 
2109	16 
2110	300 
2111	328 
2112	226 
2113	88 
2114	316 
2115	190 
2116	38 197 322 
2117	84 
2118	328 
2119	61 
2120	166 
2121	188 
2122	31 270 307 
2123	59 
2124	221 
2125	178 
2126	304 
2127	39 
2128	223 
2129	230 
2130	37 
2131	259 
2132	266 
2133	9 
2134	30 
2135	130 
2136	160 
2137	135 
2138	280 
2139	311 
2140	36 49 82 
2141	266 
2142	242 
2143	304 
2144	203 
2145	100 
2146	259 
2147	289 
2148	182 
2149	210 
2150	197 
2151	13 
2152	153 
2153	56 
2154	101 
2155	3 135 219 
2156	346 
2157	93 97 331 
2158	21 
2159	162 264 331 
2160	28 
2161	295 
2162	315 
2163	82 
2164	104 
2165	92 
2166	276 
2167	83 142 247 
2168	88 
2169	164 
2170	276 
2171	216 
2172	177 
2173	159 
2174	29 
2175	236 
2176	247 
2177	295 
2178	29 
2179	162 
2180	70 
2181	237 
2182	31 161 186 
2183	143 
2184	104 
2185	313 
2186	156 
2187	124 
2188	170 
2189	89 
2190	23 
2191	168 
2192	15 
2193	53 
2194	325 
2195	343 
2196	51 
2197	3 
2198	239 
2199	68 109 298 
2200	134 
2201	136 
2202	225 
2203	236 
2204	124 
2205	54 
2206	109 
2207	217 298 310 
2208	329 
2209	121 
2210	59 
2211	64 
2212	6 
2213	183 
2214	72 96 211 
2215	268 
2216	319 
2217	328 
2218	102 
2219	153 
2220	162 
2221	228 
2222	279 
2223	193 
2224	37 
2225	123 
2226	260 304 348 
2227	207 
2228	236 
2229	334 
2230	65 99 276 
2231	67 272 330 
2232	202 306 326 
2233	172 
2234	132 
2235	272 
2236	142 
2237	30 
2238	180 
2239	188 
2240	242 
2241	33 
2242	338 
2243	196 
2244	134 304 349 
2245	7 
2246	287 
2247	100 111 203 
2248	288 
2249	49 
2250	81 
2251	214 
2252	38 51 136 
2253	22 
2254	10 
2255	108 253 326 
2256	228 
2257	30 
2258	221 322 332 
2259	104 
2260	275 
2261	254 
2262	118 
2263	333 
2264	348 
2265	242 
2266	151 
2267	56 
2268	295 
2269	62 
2270	74 
2271	134 
2272	207 
2273	344 
2274	287 
2275	261 
2276	282 
2277	16 172 294 
2278	116 
2279	180 
2280	185 
2281	146 
2282	316 
2283	273 
2284	88 
2285	137 
2286	183 
2287	116 
2288	194 199 296 
2289	342 
2290	59 
2291	237 
2292	52 
2293	250 
2294	218 241 321 
2295	312 
2296	183 
2297	22 
2298	81 
2299	342 
2300	294 295 306 
2301	39 
2302	159 
2303	22 
2304	27 
2305	144 
2306	184 
2307	77 
2308	337 
2309	350 
2310	243 
2311	73 
2312	286 
2313	143 
2314	43 
2315	73 
2316	79 
2317	272 
2318	96 
2319	24 
2320	194 
2321	180 
2322	135 
2323	281 
2324	240 
2325	44 72 203 
2326	163 
2327	312 
2328	104 
2329	253 
2330	241 
2331	337 
2332	86 
2333	114 
2334	280 
2335	125 
2336	251 
2337	337 
2338	68 
2339	99 
2340	193 
2341	200 
2342	161 
2343	346 
2344	70 
2345	98 
2346	95 
2347	43 
2348	38 
2349	131 
2350	112 
2351	277 
2352	269 
2353	25 274 287 
2354	104 
2355	290 
2356	308 
2357	202 
2358	192 
2359	168 
2360	115 
2361	217 
2362	199 
2363	78 
2364	206 
2365	118 
2366	46 
2367	244 
2368	238 
2369	92 
2370	91 
2371	254 
2372	148 216 287 
2373	137 
2374	22 
2375	235 
2376	192 
2377	92 
2378	48 
2379	138 
2380	241 
2381	309 
2382	168 
2383	171 
2384	8 103 252 
2385	251 
2386	56 
2387	61 
2388	178 
2389	24 
2390	310 
2391	43 99 197 
2392	153 
2393	180 
2394	319 
2395	45 
2396	74 
2397	191 
2398	128 
2399	28 
2400	306 
2401	105 
2402	40 
2403	256 
2404	134 
2405	70 
2406	153 
2407	143 
2408	93 
2409	260 
2410	35 
2411	287 
2412	40 
2413	189 
2414	271 
2415	252 
2416	87 
2417	51 
2418	217 
2419	274 
2420	45 
2421	284 
2422	13 
2423	39 
2424	50 193 194 
2425	271 
2426	333 
2427	282 
2428	199 
2429	153 
2430	172 
2431	209 
2432	309 
2433	160 
2434	108 
2435	128 
2436	224 
2437	157 
2438	285 
2439	26 161 232 
2440	13 
2441	23 
2442	326 
2443	224 
2444	39 78 217 
2445	211 
2446	185 
2447	157 
2448	132 139 285 
2449	317 
2450	160 
2451	199 
2452	294 
2453	34 
2454	334 
2455	239 
2456	3 
2457	289 
2458	137 
2459	308 
2460	287 
2461	160 
2462	178 
2463	80 
2464	256 
2465	127 
2466	29 
2467	335 
2468	30 
2469	13 195 260 
2470	20 
2471	257 
2472	243 
2473	342 
2474	91 276 329 
2475	117 164 304 
2476	30 111 163 
2477	39 
2478	99 299 314 
2479	254 
2480	196 
2481	102 
2482	236 
2483	4 
2484	305 
2485	175 
2486	3 
2487	72 
2488	32 
2489	261 
2490	191 
2491	286 
2492	275 
2493	306 
2494	99 
2495	80 
2496	275 
2497	59 
2498	340 
2499	52 100 261 
2500	70 
2501	213 
2502	340 
2503	200 
2504	274 
2505	130 
2506	206 
2507	175 
2508	262 
2509	21 
2510	53 
2511	314 
2512	2 
2513	83 
2514	251 
2515	29 
2516	92 
2517	242 
2518	346 
2519	52 100 242 
2520	324 
2521	151 
2522	175 
2523	17 
2524	281 
2525	68 
2526	120 
2527	259 
2528	172 
2529	313 
2530	60 
2531	63 
2532	317 
2533	62 
2534	208 
2535	227 
2536	57 
2537	240 
2538	86 
2539	38 86 125 
2540	248 304 309 
2541	3 
2542	189 
2543	188 
2544	260 
2545	127 
2546	241 
2547	113 169 281 
2548	107 
2549	138 
2550	296 
2551	113 
2552	16 
2553	98 145 248 
2554	194 
2555	77 
2556	317 
2557	226 
2558	76 
2559	91 
2560	286 
2561	335 
2562	100 113 350 
2563	57 
2564	65 
2565	257 
2566	45 
2567	201 
2568	346 
2569	52 
2570	96 178 329 
2571	88 
2572	207 
2573	194 320 333 
2574	153 
2575	236 
2576	213 246 330 
2577	254 
2578	283 
2579	57 
2580	51 114 292 
2581	62 70 152 
2582	319 
2583	255 
2584	99 190 304 
2585	85 
2586	66 
2587	82 253 322 
2588	206 
2589	268 
2590	257 
2591	169 
2592	286 
2593	280 
2594	121 
2595	58 
2596	250 
2597	39 278 314 
2598	319 
2599	195 
2600	162 
2601	117 
2602	135 293 324 
2603	28 
2604	172 
2605	121 
2606	13 
2607	222 
2608	206 
2609	188 
2610	3 
2611	337 
2612	44 
2613	43 
2614	299 
2615	139 
2616	47 
2617	209 
2618	166 
2619	215 
2620	178 
2621	214 
2622	146 
2623	330 
2624	215 
2625	85 
2626	49 160 284 
2627	166 
2628	124 
2629	172 
2630	244 
2631	31 
2632	214 
2633	126 
2634	89 
2635	57 
2636	333 
2637	43 
2638	7 
2639	62 
2640	167 
2641	106 
2642	37 
2643	293 
2644	29 267 299 
2645	240 
2646	47 
2647	94 
2648	50 
2649	104 
2650	327 
2651	293 
2652	284 
2653	350 
2654	251 
2655	238 
2656	30 
2657	91 
2658	160 
2659	211 
2660	139 
2661	343 
2662	225 
2663	286 
2664	153 
2665	328 
2666	279 
2667	111 207 213 
2668	35 
2669	263 
2670	292 
2671	217 
2672	183 
2673	322 
2674	322 
2675	53 
2676	93 
2677	57 238 340 
2678	273 
2679	137 
2680	92 
2681	44 
2682	259 
2683	107 228 246 
2684	283 
2685	38 
2686	197 
2687	29 
2688	67 94 231 
2689	225 
2690	7 
2691	278 
2692	272 
2693	346 
2694	237 
2695	328 
2696	96 102 124 
2697	342 
2698	93 
2699	280 
2700	317 
2701	81 
2702	30 
2703	89 152 260 
2704	92 
2705	96 
2706	328 
2707	230 
2708	176 
2709	71 
2710	221 
2711	293 
2712	54 
2713	311 
2714	33 
2715	168 
2716	269 
2717	340 
2718	221 
2719	44 
2720	175 
2721	47 
2722	31 
2723	32 
2724	52 74 201 
2725	208 
2726	154 
2727	341 
2728	236 
2729	83 
2730	217 
2731	203 
2732	326 
2733	151 
2734	196 
2735	303 
2736	267 
2737	77 
2738	267 
2739	324 
2740	171 
2741	159 
2742	72 92 177 
2743	254 
2744	154 
2745	2 
2746	92 117 197 
2747	342 
2748	157 
2749	20 
2750	139 
2751	226 
2752	240 
2753	349 
2754	288 
2755	95 
2756	205 
2757	22 
2758	263 
2759	210 
2760	195 
2761	139 274 324 
2762	326 
2763	149 
2764	172 
2765	35 
2766	218 261 339 
2767	220 
2768	256 
2769	290 
2770	8 153 247 
2771	24 
2772	199 
2773	10 214 282 
2774	217 253 329 
2775	219 
2776	296 
2777	87 
2778	85 
2779	253 
2780	108 149 329 
2781	115 
2782	209 
2783	179 
2784	162 
2785	232 
2786	3 
2787	115 
2788	118 
2789	139 
2790	125 161 297 
2791	137 
2792	193 
2793	139 
2794	339 
2795	242 
2796	232 
2797	231 242 257 
2798	281 
2799	157 
2800	83 
2801	281 
2802	10 
2803	89 
2804	286 
2805	29 177 185 
2806	127 
2807	14 
2808	140 
2809	277 
2810	185 
2811	38 178 224 
2812	332 
2813	160 
2814	68 159 281 
2815	101 
2816	201 
2817	135 
2818	151 
2819	272 
2820	269 
2821	322 
2822	226 
2823	102 
2824	56 
2825	283 
2826	139 
2827	161 
2828	30 48 266 
2829	8 
2830	312 
2831	34 
2832	272 
2833	236 
2834	69 
2835	95 
2836	3 
2837	327 
2838	303 
2839	264 
2840	322 
2841	304 
2842	45 78 231 
2843	241 
2844	343 
2845	22 
2846	171 
2847	167 
2848	6 
2849	8 51 90 
2850	8 244 294 
2851	49 
2852	251 
2853	185 
2854	80 
2855	44 
2856	289 
2857	322 
2858	55 
2859	82 128 282 
2860	104 194 275 
2861	197 
2862	88 
2863	57 
2864	291 
2865	99 
2866	322 
2867	39 262 283 
2868	163 165 299 
2869	232 
2870	54 
2871	280 
2872	11 
2873	99 129 264 
2874	334 
2875	125 
2876	78 96 166 
2877	137 
2878	155 283 296 
2879	135 305 322 
2880	13 
2881	293 
2882	87 262 277 
2883	53 
2884	151 
2885	263 
2886	176 267 296 
2887	104 
2888	208 
2889	190 
2890	239 
2891	93 
2892	112 
2893	128 
2894	35 
2895	336 
2896	3 
2897	139 
2898	24 
2899	89 
2900	199 
2901	74 
2902	238 
2903	49 
2904	195 
2905	138 
2906	65 
2907	326 
2908	112 
2909	178 
2910	38 
2911	326 
2912	342 
2913	111 
2914	185 
2915	237 
2916	52 
2917	307 
2918	215 
2919	121 
2920	75 
2921	18 
2922	50 
2923	90 
2924	217 
2925	37 
2926	36 
2927	225 
2928	104 113 240 
2929	231 
2930	319 
2931	224 
2932	147 
2933	24 
2934	251 
2935	55 194 210 
2936	298 
2937	307 
2938	92 
2939	257 
2940	40 
2941	183 
2942	38 
2943	98 
2944	232 
2945	61 
2946	277 
2947	299 
2948	157 
2949	130 
2950	63 
2951	259 
2952	217 
2953	249 
2954	335 
2955	349 
2956	22 
2957	102 
2958	243 
2959	294 
2960	139 
2961	226 
2962	164 199 221 
2963	144 
2964	153 
2965	39 
2966	176 
2967	224 
2968	35 
2969	31 217 258 
2970	170 
2971	164 
2972	310 
2973	98 
2974	342 
2975	98 
2976	17 
2977	238 
2978	208 
2979	138 
2980	30 
2981	263 
2982	15 
2983	141 
2984	135 
2985	195 
2986	31 
2987	286 
2988	304 
2989	142 
2990	207 
2991	143 
2992	251 
2993	69 
2994	49 
2995	146 
2996	235 
2997	70 
2998	240 
2999	88 
3000	89 
3001	299 
3002	282 
3003	169 
3004	316 
3005	320 
3006	219 
3007	199 
3008	67 
3009	14 163 244 
3010	329 
3011	60 
3012	200 
3013	224 
3014	245 
3015	284 
3016	124 
3017	342 
3018	162 
3019	282 
3020	173 
3021	293 
3022	180 
3023	147 
3024	193 
3025	226 
3026	72 
3027	217 
3028	268 
3029	139 
3030	147 
3031	174 
3032	36 
3033	11 
3034	7 
3035	72 
3036	15 
3037	240 
3038	208 
3039	91 148 226 
3040	249 
3041	177 
3042	101 
3043	255 
3044	150 
3045	286 
3046	106 
3047	111 189 326 
3048	229 
3049	120 
3050	263 
3051	264 
3052	31 
3053	276 
3054	334 
3055	21 
3056	180 
3057	227 
3058	281 
3059	290 
3060	317 
3061	55 171 306 
3062	133 
3063	291 
3064	12 
3065	137 
3066	35 
3067	247 
3068	244 
3069	149 
3070	243 
3071	54 
3072	275 
3073	267 
3074	132 
3075	33 
3076	162 
3077	145 
3078	349 
3079	176 
3080	289 
3081	153 
3082	205 
3083	62 
3084	70 
3085	276 
3086	270 
3087	109 
3088	62 
3089	59 
3090	16 76 117 
3091	74 242 322 
3092	46 
3093	40 
3094	57 
3095	41 
3096	258 
3097	180 
3098	346 
3099	181 
3100	307 
3101	10 
3102	22 
3103	215 
3104	108 
3105	161 
3106	225 
3107	157 
3108	303 
3109	46 
3110	190 
3111	90 
3112	339 
3113	178 
3114	95 
3115	137 
3116	7 
3117	273 
3118	144 280 350 
3119	187 
3120	47 
3121	347 
3122	63 
3123	66 
3124	89 188 203 
3125	29 
3126	98 
3127	60 
3128	308 
3129	339 
3130	214 
3131	203 
3132	108 185 280 
3133	67 187 239 
3134	142 
3135	273 
3136	10 
3137	185 
3138	190 
3139	180 
3140	316 
3141	261 
3142	162 
3143	8 
3144	13 
3145	181 
3146	33 
3147	160 
3148	303 
3149	50 
3150	183 
3151	284 
3152	60 
3153	139 
3154	194 
3155	231 
3156	323 
3157	323 
3158	273 
3159	157 
3160	236 
3161	294 
3162	240 
3163	100 
3164	134 
3165	16 
3166	1 
3167	269 
3168	332 
3169	21 
3170	279 
3171	209 
3172	284 
3173	344 
3174	158 
3175	6 28 45 
3176	56 105 326 
3177	265 
3178	250 
3179	210 
3180	52 
3181	64 
3182	120 
3183	243 
3184	8 
3185	33 
3186	290 
3187	161 
3188	37 
3189	53 
3190	248 
3191	231 
3192	93 136 267 
3193	66 
3194	334 
3195	220 
3196	249 324 339 
3197	47 
3198	104 
3199	116 
3200	175 
3201	62 
3202	150 
3203	154 
3204	242 
3205	92 
3206	233 
3207	45 
3208	245 
3209	96 225 264 
3210	98 
3211	284 
3212	198 
3213	321 
3214	272 
3215	214 
3216	119 
3217	96 
3218	86 
3219	115 
3220	31 
3221	177 
3222	125 158 170 
3223	316 
3224	181 
3225	39 
3226	203 
3227	178 
3228	242 
3229	222 
3230	78 270 278 
3231	175 
3232	125 
3233	256 
3234	292 
3235	92 
3236	261 
3237	254 
3238	221 
3239	138 
3240	117 
3241	181 
3242	47 
3243	239 
3244	192 
3245	45 
3246	223 
3247	131 
3248	51 
3249	281 
3250	138 
3251	156 
3252	178 
3253	163 
3254	254 
3255	101 165 320 
3256	312 
3257	283 
3258	147 
3259	260 
3260	191 
3261	140 
3262	191 
3263	145 
3264	257 
3265	71 
3266	126 
3267	234 
3268	125 
3269	93 
3270	160 
3271	284 
3272	66 138 272 
3273	17 
3274	28 
3275	305 
3276	72 
3277	34 
3278	286 
3279	67 
3280	126 
3281	124 
3282	171 
3283	346 
3284	1 58 92 
3285	83 
3286	181 
3287	263 
3288	128 
3289	44 153 304 
3290	339 
3291	267 
3292	129 
3293	71 
3294	237 
3295	34 
3296	180 
3297	176 
3298	92 
3299	306 
3300	261 
3301	276 
3302	65 
3303	326 
3304	226 
3305	212 
3306	14 
3307	71 
3308	64 
3309	5 
3310	27 
3311	20 
3312	22 
3313	300 
3314	84 
3315	335 
3316	333 
3317	93 
3318	165 
3319	177 
3320	48 
3321	14 
3322	73 
3323	7 
3324	147 
3325	105 
3326	94 234 327 
3327	272 
3328	338 
3329	13 
3330	294 
3331	303 
3332	172 
3333	342 
3334	108 157 231 
3335	80 
3336	1 
3337	51 
3338	14 
3339	341 
3340	170 
3341	212 
3342	213 
3343	89 99 199 
3344	16 
3345	209 
3346	51 94 169 
3347	35 
3348	311 
3349	224 
3350	313 
3351	248 
3352	120 282 303 
3353	237 
3354	160 
3355	341 
3356	93 
3357	240 
3358	89 
3359	349 
3360	174 
3361	16 186 317 
3362	175 
3363	311 
3364	39 
3365	140 181 235 
3366	283 
3367	302 
3368	3 11 339 
3369	86 
3370	56 
3371	126 
3372	41 211 230 
3373	121 
3374	301 
3375	50 219 328 
3376	73 
3377	176 
3378	182 
3379	5 
3380	129 
3381	347 
3382	97 
3383	52 
3384	346 
3385	294 
3386	288 
3387	62 
3388	345 
3389	257 
3390	333 
3391	260 
3392	303 
3393	5 
3394	162 
3395	137 
3396	186 
3397	45 
3398	78 
3399	18 
3400	74 
3401	281 
3402	100 
3403	175 
3404	4 
3405	258 
3406	201 
3407	131 
3408	81 212 248 
3409	139 
3410	108 
3411	31 
3412	74 
3413	135 
3414	225 
3415	5 
3416	139 169 330 
3417	150 
3418	205 
3419	36 
3420	236 
3421	262 
3422	348 
3423	201 
3424	187 
3425	114 191 199 
3426	197 
3427	16 30 125 
3428	316 
3429	292 
3430	250 
3431	157 
3432	291 
3433	252 
3434	185 
3435	200 
3436	176 
3437	213 234 294 
3438	17 
3439	148 
3440	53 
3441	1 
3442	127 
3443	237 
3444	238 
3445	162 
3446	15 
3447	203 
3448	108 
3449	27 
3450	227 
3451	195 
3452	8 
3453	112 137 175 
3454	93 
3455	20 
3456	83 240 273 
3457	301 
3458	286 
3459	326 
3460	30 
3461	18 
3462	338 
3463	161 
3464	135 
3465	307 
3466	260 
3467	161 
3468	19 
3469	119 
3470	177 
3471	79 
3472	175 
3473	75 117 132 
3474	22 
3475	106 
3476	39 
3477	325 
3478	247 
3479	153 161 267 
3480	61 
3481	315 
3482	144 
3483	108 
3484	294 
3485	105 
3486	251 
3487	336 
3488	51 
3489	22 308 322 
3490	19 
3491	274 
3492	346 
3493	221 
3494	280 
3495	285 
3496	274 
3497	251 
3498	174 
3499	213 
3500	172 
3501	163 
3502	243 
3503	57 
3504	3 
3505	260 
3506	226 
3507	291 
3508	67 
3509	155 
3510	183 
3511	112 
3512	110 
3513	230 
3514	150 
3515	121 
3516	241 
3517	241 
3518	287 
3519	276 
3520	186 
3521	202 
3522	101 
3523	37 
3524	97 
3525	49 
3526	246 
3527	217 
3528	203 
3529	115 
3530	31 
3531	147 
3532	206 
3533	313 
3534	236 
3535	200 
3536	281 
3537	162 
3538	104 
3539	203 
3540	262 
3541	195 
3542	28 
3543	222 
3544	199 
3545	291 
3546	102 
3547	304 
3548	285 
3549	111 
3550	87 190 221 
3551	200 
3552	160 
3553	105 
3554	41 
3555	10 
3556	338 
3557	19 
3558	164 
3559	309 
3560	240 
3561	132 
3562	53 
3563	261 
3564	206 
3565	312 
3566	176 
3567	320 
3568	39 48 75 
3569	66 
3570	132 172 240 
3571	13 46 262 
3572	260 
3573	186 
3574	307 
3575	246 
3576	277 
3577	91 
3578	322 
3579	205 
3580	2 
3581	273 
3582	300 
3583	68 
3584	168 
3585	274 
3586	238 
3587	137 
3588	101 
3589	327 
3590	34 102 199 
3591	140 
3592	264 
3593	209 
3594	242 
3595	52 71 232 
3596	206 
3597	110 
3598	327 
3599	200 
3600	344 
3601	343 
3602	20 203 344 
3603	337 
3604	218 
3605	61 
3606	324 
3607	242 
3608	3 
3609	168 
3610	265 
3611	187 
3612	227 
3613	47 
3614	87 
3615	216 
3616	89 
3617	179 
3618	34 
3619	279 
3620	73 
3621	216 
3622	100 
3623	225 
3624	35 
3625	258 
3626	202 
3627	137 
3628	84 
3629	23 
3630	112 
3631	164 
3632	80 
3633	41 
3634	131 
3635	322 
3636	157 
3637	1 
3638	219 
3639	59 
3640	45 151 240 
3641	315 
3642	333 
3643	39 
3644	23 154 296 
3645	56 
3646	270 
3647	171 
3648	293 
3649	36 
3650	59 100 330 
3651	105 
3652	282 
3653	164 
3654	122 
3655	346 
3656	250 
3657	20 135 327 
3658	125 236 316 
3659	248 
3660	324 
3661	339 
3662	292 
3663	118 
3664	141 
3665	34 
3666	12 
3667	29 
3668	297 
3669	125 
3670	108 
3671	121 
3672	316 
3673	91 
3674	162 
3675	34 
3676	93 
3677	164 
3678	9 50 338 
3679	40 
3680	209 
3681	337 
3682	57 
3683	285 
3684	326 
3685	261 
3686	342 
3687	34 
3688	87 
3689	55 
3690	164 
3691	254 
3692	145 
3693	234 244 248 
3694	117 
3695	77 
3696	33 
3697	281 
3698	218 
3699	194 
3700	161 
3701	329 
3702	219 
3703	141 
3704	335 
3705	253 
3706	192 
3707	335 
3708	57 
3709	275 
3710	326 
3711	108 
3712	287 
3713	342 
3714	339 
3715	57 
3716	308 
3717	273 
3718	240 
3719	307 
3720	17 
3721	34 
3722	102 
3723	3 76 214 
3724	183 
3725	130 
3726	99 
3727	136 
3728	220 337 350 
3729	245 
3730	287 
3731	183 
3732	115 180 187 
3733	179 
3734	95 152 269 
3735	151 
3736	157 
3737	341 
3738	162 
3739	240 
3740	100 136 347 
3741	42 217 310 
3742	116 
3743	179 
3744	15 
3745	177 
3746	88 
3747	203 
3748	105 
3749	17 
3750	235 
3751	322 
3752	253 
3753	169 
3754	311 
3755	346 
3756	136 
3757	64 
3758	96 298 329 
3759	324 
3760	180 
3761	255 
3762	324 
3763	288 
3764	101 
3765	182 
3766	324 
3767	20 
3768	99 
3769	10 
3770	236 
3771	236 
3772	327 
3773	132 
3774	265 
3775	95 
3776	51 
3777	197 
3778	160 
3779	107 
3780	261 
3781	199 
3782	73 
3783	140 
3784	89 
3785	94 335 347 
3786	184 
3787	134 
3788	13 211 251 
3789	5 
3790	248 
3791	340 
3792	303 
3793	181 
3794	329 
3795	238 
3796	206 
3797	349 
3798	271 
3799	229 
3800	185 
3801	295 
3802	174 
3803	45 
3804	259 
3805	38 
3806	3 
3807	65 
3808	217 
3809	117 
3810	97 
3811	298 
3812	112 125 224 
3813	234 
3814	61 
3815	274 
3816	301 
3817	20 
3818	217 
3819	159 
3820	137 
3821	85 
3822	100 124 315 
3823	257 
3824	157 
3825	294 
3826	199 
3827	328 
3828	248 
3829	102 
3830	142 
3831	5 
3832	329 
3833	334 
3834	265 
3835	110 
3836	228 
3837	244 
3838	262 
3839	284 
3840	70 89 322 
3841	83 
3842	273 
3843	100 
3844	95 
3845	199 
3846	45 
3847	49 
3848	51 
3849	13 
3850	57 
3851	333 
3852	42 185 254 
3853	88 
3854	7 
3855	330 
3856	198 
3857	125 
3858	10 38 157 
3859	249 
3860	350 
3861	205 
3862	49 
3863	72 125 151 
3864	21 
3865	311 
3866	114 
3867	107 
3868	92 239 241 
3869	253 
3870	92 
3871	311 
3872	25 
3873	248 
3874	203 
3875	232 
3876	157 
3877	176 
3878	270 
3879	34 
3880	137 
3881	150 
3882	22 
3883	72 240 287 
3884	245 
3885	169 
3886	149 
3887	200 
3888	112 
3889	99 
3890	100 
3891	312 
3892	254 
3893	304 
3894	10 
3895	160 
3896	218 
3897	75 
3898	74 
3899	256 
3900	69 
3901	26 
3902	209 
3903	96 191 342 
3904	178 
3905	329 
3906	254 
3907	129 
3908	172 
3909	100 
3910	199 
3911	34 
3912	34 
3913	177 
3914	258 
3915	195 
3916	190 
3917	276 
3918	19 
3919	206 
3920	298 
3921	162 
3922	2 202 209 
3923	326 
3924	160 
3925	74 
3926	92 
3927	318 
3928	132 
3929	44 
3930	319 
3931	315 
3932	190 
3933	288 
3934	317 
3935	339 
3936	344 
3937	236 
3938	323 
3939	218 294 319 
3940	10 
3941	96 
3942	43 186 303 
3943	301 
3944	67 96 153 
3945	122 
3946	206 
3947	22 
3948	241 
3949	268 
3950	66 
3951	133 
3952	339 
3953	144 
3954	329 
3955	315 
3956	72 
3957	219 
3958	95 
3959	108 
3960	245 
3961	35 
3962	217 
3963	309 
3964	242 
3965	92 
3966	92 
3967	251 
3968	119 
3969	207 
3970	2 
3971	106 112 242 
3972	248 
3973	269 
3974	60 
3975	70 
3976	108 
3977	131 
3978	269 
3979	216 
3980	111 
3981	284 
3982	192 
3983	339 
3984	250 
3985	327 
3986	283 
3987	132 
3988	74 213 307 
3989	69 
3990	202 
3991	219 
3992	53 
3993	204 
3994	8 
3995	148 
3996	156 
3997	292 
3998	274 
3999	263 
4000	254 
4001	86 
4002	210 
4003	210 
4004	153 
4005	61 
4006	279 
4007	152 
4008	5 
4009	338 
4010	261 
4011	245 
4012	56 
4013	245 
4014	245 
4015	64 
4016	244 
4017	67 
4018	195 
4019	241 
4020	62 
4021	51 
4022	27 
4023	91 
4024	225 
4025	282 
4026	273 
4027	189 
4028	52 
4029	237 
4030	186 
4031	158 
4032	254 
4033	196 
4034	194 
4035	189 
4036	182 
4037	315 
4038	39 46 69 
4039	218 
4040	143 
4041	202 
4042	87 
4043	275 304 349 
4044	183 
4045	81 
4046	327 
4047	16 45 214 
4048	205 
4049	232 
4050	52 56 317 
4051	6 
4052	315 
4053	175 
4054	244 
4055	252 
4056	70 
4057	168 
4058	248 
4059	274 
4060	33 137 315 
4061	258 
4062	211 
4063	257 
4064	320 
4065	64 
4066	109 218 273 
4067	101 
4068	165 
4069	313 
4070	219 
4071	61 
4072	202 
4073	262 
4074	22 
4075	227 
4076	258 
4077	192 198 202 
4078	308 
4079	317 
4080	188 
4081	266 
4082	109 
4083	28 149 247 
4084	101 
4085	22 
4086	35 57 336 
4087	11 
4088	144 
4089	3 
4090	272 
4091	194 230 232 
4092	108 
4093	308 
4094	283 
4095	333 
4096	243 
4097	231 
4098	157 
4099	13 
4100	328 
4101	303 
4102	20 
4103	310 
4104	70 
4105	342 
4106	201 
4107	209 
4108	217 
4109	92 
4110	180 
4111	248 
4112	128 
4113	283 
4114	244 
4115	178 
4116	302 
4117	10 
4118	89 
4119	49 
4120	103 
4121	141 307 328 
4122	220 
4123	299 
4124	337 
4125	212 
4126	17 117 238 
4127	327 
4128	139 
4129	114 
4130	118 
4131	149 
4132	259 288 347 
4133	182 
4134	47 53 205 
4135	44 
4136	243 
4137	96 
4138	180 
4139	47 221 329 
4140	254 
4141	216 
4142	48 
4143	237 
4144	140 
4145	29 
4146	191 
4147	52 
4148	297 
4149	183 
4150	137 
4151	20 
4152	301 
4153	284 
4154	114 
4155	132 
4156	305 
4157	206 
4158	323 
4159	267 
4160	23 
4161	271 
4162	134 
4163	31 
4164	26 88 157 
4165	57 
4166	299 
4167	194 298 300 
4168	182 219 227 
4169	55 
4170	315 
4171	307 
4172	238 
4173	327 
4174	12 272 273 
4175	227 
4176	305 
4177	309 
4178	46 
4179	51 147 275 
4180	154 
4181	209 
4182	307 
4183	227 
4184	322 
4185	323 
4186	304 
4187	124 
4188	47 148 223 
4189	287 
4190	7 48 59 
4191	310 
4192	52 224 229 
4193	25 182 234 
4194	230 
4195	90 
4196	211 
4197	150 
4198	93 
4199	7 
4200	29 57 291 
4201	103 
4202	46 
4203	253 
4204	46 
4205	306 
4206	56 
4207	167 
4208	310 
4209	349 
4210	136 
4211	264 
4212	131 
4213	161 248 323 
4214	264 
4215	134 
4216	269 
4217	101 
4218	4 
4219	329 
4220	197 
4221	287 326 349 
4222	157 
4223	232 
4224	105 
4225	169 
4226	112 
4227	179 
4228	94 
4229	13 
4230	262 
4231	151 
4232	116 
4233	210 
4234	348 
4235	161 
4236	61 
4237	204 
4238	89 153 192 
4239	139 
4240	168 
4241	22 
4242	98 
4243	4 
4244	181 
4245	98 
4246	318 
4247	289 
4248	227 
4249	105 113 203 
4250	179 
4251	304 
4252	13 161 333 
4253	333 
4254	105 
4255	341 
4256	120 121 146 
4257	275 
4258	287 
4259	144 
4260	329 
4261	304 
4262	229 
4263	78 
4264	85 
4265	21 
4266	344 
4267	257 
4268	155 
4269	93 
4270	123 
4271	99 
4272	311 
4273	283 
4274	217 223 310 
4275	339 
4276	115 
4277	315 
4278	36 
4279	288 
4280	197 
4281	207 
4282	89 
4283	306 
4284	266 
4285	195 
4286	115 
4287	3 
4288	103 
4289	329 
4290	163 
4291	322 
4292	194 
4293	18 
4294	91 
4295	58 
4296	310 
4297	286 
4298	276 
4299	42 
4300	317 
4301	206 
4302	327 
4303	70 289 340 
4304	249 
4305	20 
4306	123 
4307	267 
4308	254 
4309	241 
4310	248 
4311	99 
4312	17 281 331 
4313	211 
4314	55 
4315	335 
4316	224 
4317	20 44 276 
4318	102 
4319	180 
4320	216 
4321	292 
4322	31 
4323	153 
4324	233 
4325	240 
4326	60 
4327	8 254 307 
4328	220 
4329	246 
4330	88 
4331	19 
4332	348 
4333	249 
4334	33 171 342 
4335	223 
4336	110 
4337	69 
4338	226 
4339	16 235 281 
4340	70 172 305 
4341	24 
4342	29 
4343	136 
4344	331 
4345	279 
4346	137 
4347	254 
4348	9 
4349	13 
4350	319 
4351	10 
4352	108 124 332 
4353	283 
4354	148 
4355	341 
4356	146 
4357	137 
4358	32 
4359	343 
4360	190 
4361	146 
4362	75 
4363	31 
4364	320 
4365	143 
4366	145 
4367	131 
4368	297 
4369	264 
4370	237 
4371	16 
4372	135 240 303 
4373	138 
4374	44 
4375	158 
4376	238 
4377	209 
4378	160 
4379	294 
4380	349 
4381	243 
4382	49 
4383	78 
4384	17 
4385	91 
4386	42 
4387	258 
4388	120 
4389	60 182 282 
4390	88 
4391	327 
4392	84 
4393	170 
4394	95 
4395	207 
4396	94 
4397	128 
4398	225 
4399	51 
4400	100 
4401	338 
4402	158 
4403	132 169 280 
4404	59 
4405	29 
4406	50 
4407	241 
4408	274 
4409	155 
4410	98 
4411	168 
4412	129 
4413	203 
4414	166 
4415	139 
4416	147 
4417	270 
4418	30 61 271 
4419	156 
4420	310 
4421	34 225 275 
4422	110 
4423	112 
4424	61 68 291 
4425	70 227 261 
4426	32 
4427	93 
4428	209 220 274 
4429	205 
4430	244 
4431	324 
4432	157 
4433	304 
4434	167 
4435	251 
4436	209 
4437	252 
4438	219 
4439	120 
4440	8 
4441	20 
4442	238 
4443	194 
4444	122 
4445	38 
4446	254 
4447	331 
4448	315 
4449	8 
4450	6 
4451	195 242 275 
4452	153 
4453	204 
4454	233 
4455	309 
4456	155 
4457	8 
4458	129 
4459	194 
4460	33 
4461	45 
4462	315 
4463	31 
4464	261 
4465	31 
4466	177 
4467	14 
4468	165 
4469	45 
4470	308 
4471	238 
4472	205 
4473	305 
4474	130 
4475	90 178 342 
4476	18 96 103 
4477	65 
4478	168 
4479	256 
4480	119 
4481	344 
4482	32 
4483	63 
4484	284 
4485	132 
4486	180 
4487	112 
4488	317 
4489	44 
4490	75 
4491	266 
4492	6 
4493	103 
4494	73 
4495	345 
4496	131 
4497	294 
4498	110 
4499	38 191 209 
4500	13 
4501	128 
4502	39 
4503	345 
4504	125 
4505	203 
4506	87 151 292 
4507	107 
4508	277 
4509	186 
4510	150 
4511	135 
4512	194 
4513	60 
4514	201 
4515	137 
4516	350 
4517	47 
4518	116 
4519	323 
4520	198 
4521	59 65 236 
4522	78 
4523	155 
4524	51 
4525	66 
4526	107 
4527	122 
4528	234 
4529	29 
4530	45 
4531	93 
4532	43 
4533	122 
4534	99 
4535	14 
4536	49 
4537	306 
4538	178 
4539	110 
4540	197 
4541	56 209 238 
4542	268 
4543	161 
4544	123 
4545	178 
4546	209 
4547	326 
4548	94 
4549	57 
4550	322 
4551	154 
4552	99 
4553	1 
4554	239 
4555	143 
4556	34 
4557	218 
4558	311 
4559	88 
4560	244 
4561	220 
4562	104 
4563	282 
4564	115 
4565	167 
4566	178 
4567	328 
4568	139 249 284 
4569	144 
4570	74 
4571	79 96 235 
4572	307 
4573	349 
4574	282 
4575	238 
4576	254 
4577	108 
4578	13 
4579	230 
4580	18 
4581	297 
4582	180 203 206 
4583	240 
4584	270 
4585	104 
4586	157 
4587	6 
4588	97 
4589	149 
4590	101 
4591	236 
4592	92 
4593	84 
4594	49 
4595	66 
4596	315 
4597	185 241 283 
4598	88 
4599	133 
4600	68 
4601	32 
4602	219 
4603	253 
4604	284 
4605	228 
4606	113 216 345 
4607	335 
4608	178 
4609	119 
4610	205 
4611	88 
4612	34 
4613	170 
4614	245 
4615	242 
4616	347 
4617	89 
4618	78 
4619	48 
4620	283 
4621	203 
4622	4 
4623	291 
4624	264 
4625	17 
4626	203 
4627	177 
4628	118 
4629	53 
4630	149 
4631	255 
4632	100 
4633	52 
4634	24 
4635	209 
4636	103 
4637	176 
4638	104 
4639	247 
4640	86 
4641	327 
4642	265 
4643	194 
4644	110 
4645	125 
4646	291 
4647	185 
4648	10 
4649	267 
4650	280 
4651	160 
4652	248 
4653	139 
4654	342 
4655	10 
4656	250 
4657	124 
4658	49 
4659	7 
4660	229 
4661	260 
4662	263 
4663	314 
4664	75 
4665	237 
4666	2 27 219 
4667	327 
4668	252 
4669	47 
4670	217 
4671	83 
4672	129 
4673	79 153 308 
4674	332 
4675	287 
4676	65 93 106 
4677	349 
4678	172 
4679	98 
4680	39 
4681	61 
4682	94 
4683	205 
4684	261 
4685	68 
4686	167 
4687	49 
4688	337 
4689	274 
4690	39 
4691	328 
4692	3 
4693	254 
4694	340 
4695	47 76 261 
4696	259 299 331 
4697	22 208 273 
4698	108 
4699	171 241 246 
4700	8 122 231 
4701	135 
4702	269 
4703	116 
4704	191 
4705	267 
4706	233 
4707	200 
4708	161 
4709	160 
4710	251 
4711	339 
4712	248 
4713	297 
4714	308 
4715	61 
4716	123 
4717	9 
4718	175 
4719	186 
4720	214 
4721	261 
4722	13 
4723	72 173 298 
4724	340 
4725	160 
4726	79 
4727	39 
4728	104 
4729	91 
4730	349 
4731	11 
4732	232 
4733	28 
4734	214 
4735	22 
4736	274 
4737	181 
4738	199 
4739	77 
4740	167 
4741	181 
4742	138 
4743	226 
4744	172 195 283 
4745	39 
4746	96 
4747	154 
4748	273 
4749	261 
4750	232 
4751	238 
4752	310 
4753	328 
4754	349 
4755	236 
4756	296 
4757	164 
4758	218 
4759	217 
4760	53 
4761	288 
4762	67 
4763	30 
4764	138 
4765	101 246 267 
4766	139 
4767	140 241 298 
4768	205 247 267 
4769	97 
4770	155 
4771	274 
4772	143 
4773	2 
4774	259 
4775	13 87 311 
4776	240 
4777	32 
4778	74 
4779	29 
4780	275 
4781	226 
4782	211 
4783	268 
4784	290 
4785	99 
4786	84 
4787	346 
4788	345 
4789	267 
4790	8 
4791	309 
4792	24 
4793	52 
4794	185 248 306 
4795	281 
4796	241 
4797	250 
4798	4 297 308 
4799	30 
4800	19 
4801	12 
4802	63 
4803	75 
4804	224 
4805	34 
4806	275 
4807	320 
4808	97 
4809	127 
4810	35 
4811	219 
4812	213 
4813	294 
4814	290 
4815	90 
4816	173 
4817	336 
4818	294 
4819	91 
4820	296 
4821	49 
4822	230 
4823	316 
4824	238 
4825	82 
4826	55 
4827	56 
4828	243 
4829	268 
4830	299 
4831	132 
4832	32 
4833	60 
4834	339 
4835	63 
4836	83 
4837	97 
4838	236 
4839	10 
4840	283 
4841	187 
4842	30 
4843	321 
4844	36 
4845	100 
4846	74 178 197 
4847	134 240 302 
4848	245 
4849	238 
4850	346 
4851	104 
4852	210 
4853	337 
4854	184 
4855	113 
4856	125 
4857	171 
4858	317 
4859	9 
4860	254 
4861	133 
4862	322 
4863	329 
4864	103 
4865	34 
4866	213 
4867	100 223 247 
4868	96 
4869	284 
4870	266 
4871	225 
4872	277 
4873	289 
4874	101 
4875	8 
4876	51 
4877	1 
4878	100 
4879	229 
4880	229 
4881	125 
4882	73 
4883	232 
4884	17 187 308 
4885	309 
4886	49 
4887	108 
4888	5 
4889	272 
4890	211 
4891	310 
4892	58 
4893	32 
4894	134 
4895	307 
4896	20 
4897	141 
4898	238 283 333 
4899	89 
4900	40 
4901	72 
4902	163 
4903	315 
4904	35 
4905	199 
4906	99 
4907	301 
4908	119 
4909	273 
4910	88 
4911	33 
4912	267 
4913	329 
4914	319 
4915	30 
4916	39 
4917	103 
4918	102 
4919	336 
4920	70 
4921	193 
4922	155 
4923	211 
4924	199 
4925	279 
4926	173 
4927	24 125 219 
4928	347 
4929	333 
4930	128 
4931	268 
4932	302 
4933	91 108 132 
4934	204 
4935	157 
4936	123 
4937	45 
4938	299 
4939	152 
4940	299 
4941	65 
4942	338 
4943	91 
4944	316 
4945	41 
4946	251 275 329 
4947	76 
4948	40 
4949	73 
4950	47 
4951	333 
4952	218 
4953	3 
4954	256 
4955	288 
4956	65 
4957	146 
4958	253 
4959	19 249 336 
4960	83 
4961	221 
4962	175 
4963	66 
4964	163 
4965	34 
4966	215 
4967	57 
4968	125 
4969	39 203 282 
4970	11 
4971	105 
4972	55 
4973	310 
4974	317 
4975	168 
4976	70 
4977	121 
4978	117 
4979	8 
4980	69 
4981	102 
4982	74 157 275 
4983	74 275 317 
4984	112 
4985	31 56 81 
4986	260 
4987	94 
4988	103 
4989	42 
4990	65 
4991	79 
4992	76 
4993	270 
4994	148 301 331 
4995	28 
4996	173 
4997	199 
4998	333 
4999	42 
5000	254 
5001	274 
5002	130 
5003	349 
5004	107 
5005	20 
5006	339 
5007	126 
5008	225 
5009	138 
5010	44 180 213 
5011	334 
5012	124 275 347 
5013	201 
5014	179 
5015	125 
5016	224 
5017	294 
5018	106 
5019	211 
5020	31 
5021	223 
5022	321 
5023	226 
5024	190 
5025	320 
5026	87 
5027	23 
5028	30 34 212 
5029	31 
5030	134 
5031	230 
5032	162 
5033	7 
5034	315 
5035	64 
5036	67 69 255 
5037	145 
5038	188 
5039	279 
5040	280 
5041	45 
5042	34 
5043	36 
5044	291 
5045	101 
5046	20 
5047	3 34 297 
5048	201 
5049	298 
5050	88 
5051	125 
5052	243 
5053	348 
5054	226 
5055	265 
5056	110 117 331 
5057	224 
5058	88 115 276 
5059	223 
5060	113 
5061	180 
5062	151 
5063	134 158 228 
5064	107 
5065	20 
5066	97 
5067	310 
5068	172 
5069	214 
5070	293 
5071	149 
5072	271 
5073	106 
5074	308 
5075	190 
5076	312 
5077	54 60 174 
5078	57 
5079	60 
5080	139 
5081	214 
5082	59 
5083	22 
5084	167 
5085	220 
5086	291 
5087	128 
5088	134 
5089	116 
5090	112 
5091	13 
5092	76 
5093	25 
5094	261 
5095	124 
5096	185 
5097	216 
5098	247 
5099	320 
5100	327 
5101	337 
5102	226 
5103	311 
5104	88 
5105	134 
5106	163 
5107	106 
5108	291 
5109	275 
5110	75 
5111	114 
5112	339 
5113	339 
5114	91 
5115	315 
5116	183 
5117	200 
5118	1 20 320 
5119	91 
5120	246 
5121	304 
5122	225 
5123	341 
5124	162 
5125	297 
5126	184 
5127	8 
5128	137 
5129	17 
5130	256 
5131	124 
5132	335 
5133	12 
5134	12 
5135	95 
5136	311 
5137	81 
5138	183 
5139	342 
5140	112 
5141	136 
5142	329 
5143	343 
5144	93 
5145	258 
5146	15 
5147	49 
5148	167 
5149	113 
5150	105 
5151	63 
5152	171 
5153	197 
5154	348 
5155	159 
5156	188 
5157	345 
5158	13 
5159	178 
5160	153 
5161	219 
5162	342 
5163	112 
5164	186 
5165	103 
5166	136 
5167	50 
5168	52 
5169	144 
5170	299 
5171	295 
5172	223 
5173	216 
5174	273 283 284 
5175	52 
5176	330 
5177	337 
5178	140 
5179	283 
5180	132 
5181	298 
5182	40 134 330 
5183	282 
5184	98 
5185	117 
5186	21 
5187	323 
5188	22 
5189	225 
5190	87 
5191	323 
5192	252 
5193	103 
5194	277 
5195	295 
5196	189 
5197	337 
5198	38 
5199	184 
5200	16 
5201	100 151 248 
5202	329 
5203	311 
5204	28 53 291 
5205	108 
5206	3 
5207	105 
5208	268 
5209	112 166 308 
5210	61 
5211	127 
5212	319 
5213	47 125 194 
5214	283 
5215	304 
5216	285 
5217	93 
5218	214 
5219	113 
5220	205 
5221	51 
5222	61 165 328 
5223	29 140 275 
5224	167 
5225	273 
5226	282 
5227	17 
5228	214 
5229	250 
5230	310 
5231	306 
5232	275 283 348 
5233	195 
5234	269 
5235	122 
5236	221 
5237	44 
5238	61 
5239	135 
5240	22 132 249 
5241	293 
5242	199 
5243	338 
5244	53 
5245	61 
5246	180 
5247	51 
5248	235 
5249	149 
5250	1 
5251	37 
5252	122 
5253	336 
5254	287 
5255	187 
5256	23 
5257	22 
5258	61 77 236 
5259	157 
5260	198 
5261	192 
5262	156 
5263	152 
5264	129 
5265	79 
5266	308 
5267	76 
5268	150 
5269	312 
5270	121 156 251 
5271	154 172 242 
5272	13 
5273	342 
5274	215 
5275	74 
5276	186 
5277	94 
5278	8 
5279	283 319 344 
5280	221 
5281	283 
5282	207 322 341 
5283	248 
5284	195 
5285	204 
5286	70 
5287	91 224 262 
5288	326 
5289	72 108 236 
5290	337 
5291	222 
5292	348 
5293	184 
5294	34 
5295	340 
5296	236 
5297	102 
5298	158 
5299	130 
5300	48 
5301	39 
5302	296 
5303	144 
5304	170 
5305	88 
5306	65 
5307	235 
5308	180 
5309	316 
5310	34 
5311	214 
5312	94 
5313	287 
5314	151 
5315	251 
5316	331 
5317	143 
5318	153 
5319	241 
5320	17 
5321	112 
5322	261 
5323	24 
5324	83 
5325	67 112 294 
5326	125 
5327	240 
5328	132 
5329	275 
5330	218 248 336 
5331	282 
5332	326 
5333	22 
5334	251 
5335	129 
5336	328 
5337	317 
5338	10 
5339	232 
5340	55 
5341	154 
5342	202 
5343	100 
5344	284 
5345	201 
5346	134 
5347	199 
5348	304 
5349	75 
5350	125 
5351	57 
5352	259 
5353	348 
5354	39 
5355	23 
5356	59 
5357	301 
5358	299 
5359	34 
5360	92 
5361	287 
5362	34 225 338 
5363	17 
5364	206 
5365	299 
5366	242 
5367	101 
5368	170 
5369	100 
5370	92 
5371	119 
5372	309 
5373	17 
5374	160 
5375	270 
5376	179 
5377	342 
5378	48 262 328 
5379	194 
5380	311 
5381	334 
5382	146 
5383	184 
5384	13 
5385	102 137 206 
5386	73 242 274 
5387	327 
5388	102 
5389	205 
5390	205 
5391	30 
5392	165 
5393	135 
5394	187 
5395	35 
5396	227 
5397	13 
5398	94 297 330 
5399	230 
5400	215 
5401	98 
5402	4 
5403	17 
5404	17 
5405	138 
5406	309 
5407	3 
5408	188 
5409	46 
5410	255 
5411	45 59 328 
5412	219 
5413	329 
5414	237 
5415	17 
5416	167 
5417	263 
5418	336 
5419	251 
5420	164 
5421	44 56 289 
5422	329 
5423	328 
5424	108 135 219 
5425	220 
5426	254 
5427	333 
5428	225 
5429	65 
5430	240 
5431	164 
5432	227 
5433	80 
5434	56 230 293 
5435	275 
5436	188 
5437	254 
5438	115 
5439	237 
5440	130 
5441	323 
5442	311 
5443	227 
5444	17 
5445	83 299 343 
5446	157 
5447	135 
5448	44 71 225 
5449	199 
5450	338 
5451	311 
5452	66 88 172 
5453	293 
5454	324 
5455	260 
5456	279 
5457	274 
5458	324 
5459	201 
5460	287 
5461	207 
5462	301 
5463	338 
5464	178 
5465	314 
5466	100 
5467	99 
5468	106 
5469	88 
5470	83 
5471	297 
5472	134 
5473	18 205 323 
5474	136 
5475	62 
5476	317 
5477	66 
5478	322 
5479	62 
5480	262 
5481	149 
5482	299 
5483	194 
5484	290 
5485	297 
5486	56 
5487	70 
5488	223 
5489	71 
5490	32 
5491	180 
5492	51 
5493	100 
5494	191 
5495	314 
5496	327 
5497	60 260 342 
5498	99 
5499	202 
5500	261 
5501	291 
5502	190 
5503	137 
5504	198 
5505	32 164 238 
5506	284 
5507	340 
5508	91 
5509	199 
5510	197 
5511	8 
5512	199 
5513	293 
5514	349 
5515	320 
5516	238 
5517	326 
5518	259 
5519	339 
5520	13 
5521	151 
5522	292 
5523	167 
5524	211 
5525	328 
5526	177 
5527	53 
5528	62 
5529	71 
5530	122 
5531	20 214 333 
5532	341 
5533	147 
5534	219 
5535	80 
5536	145 
5537	100 297 299 
5538	231 
5539	308 
5540	101 
5541	329 
5542	296 
5543	180 
5544	238 
5545	315 
5546	342 
5547	253 
5548	5 
5549	59 108 313 
5550	74 
5551	44 
5552	301 
5553	162 
5554	31 
5555	89 
5556	230 
5557	104 311 323 
5558	135 
5559	52 57 140 
5560	207 291 326 
5561	110 
5562	237 
5563	210 
5564	214 
5565	22 
5566	125 
5567	342 
5568	319 
5569	214 
5570	34 
5571	68 
5572	260 
5573	139 
5574	130 135 325 
5575	175 
5576	345 
5577	59 
5578	91 182 339 
5579	335 
5580	68 
5581	274 
5582	316 
5583	226 
5584	56 
5585	48 234 290 
5586	16 
5587	56 
5588	337 
5589	274 
5590	167 
5591	345 
5592	159 
5593	205 
5594	127 
5595	131 
5596	35 
5597	267 
5598	7 161 273 
5599	7 
5600	30 
5601	143 164 172 
5602	136 
5603	113 
5604	170 
5605	139 
5606	225 
5607	263 
5608	124 132 186 
5609	186 
5610	197 
5611	314 
5612	176 
5613	132 
5614	103 
5615	5 
5616	226 
5617	139 
5618	329 
5619	259 
5620	89 
5621	246 
5622	49 
5623	143 
5624	306 
5625	164 
5626	36 178 267 
5627	157 
5628	305 
5629	249 
5630	178 
5631	34 
5632	91 
5633	333 
5634	37 
5635	71 
5636	221 
5637	299 
5638	157 
5639	188 
5640	190 
5641	176 
5642	225 
5643	291 
5644	175 
5645	273 
5646	235 
5647	343 
5648	33 
5649	284 
5650	268 
5651	49 
5652	211 
5653	297 
5654	227 
5655	213 
5656	222 
5657	234 
5658	309 
5659	224 258 260 
5660	29 
5661	262 
5662	70 
5663	154 
5664	262 
5665	42 
5666	274 
5667	42 77 183 
5668	65 
5669	138 187 301 
5670	275 
5671	140 
5672	34 
5673	287 
5674	226 
5675	70 
5676	163 
5677	241 
5678	137 
5679	62 
5680	194 
5681	56 
5682	227 
5683	322 
5684	157 
5685	1 
5686	22 
5687	175 
5688	260 293 298 
5689	16 70 254 
5690	198 
5691	28 
5692	70 
5693	247 
5694	59 
5695	91 
5696	217 
5697	310 
5698	103 
5699	225 
5700	126 164 191 
5701	91 
5702	145 
5703	225 
5704	205 
5705	311 
5706	101 
5707	337 
5708	78 
5709	89 92 347 
5710	57 
5711	270 
5712	307 
5713	125 
5714	178 
5715	251 
5716	89 
5717	310 
5718	260 
5719	53 
5720	22 
5721	197 
5722	236 
5723	36 
5724	220 
5725	168 
5726	103 
5727	65 
5728	67 
5729	30 
5730	51 
5731	70 
5732	230 
5733	349 
5734	205 
5735	33 
5736	66 
5737	164 
5738	162 
5739	7 39 197 
5740	89 
5741	168 
5742	176 
5743	16 214 309 
5744	238 
5745	315 
5746	16 
5747	125 
5748	157 
5749	211 
5750	144 
5751	124 
5752	259 
5753	87 
5754	56 
5755	176 261 282 
5756	232 
5757	60 
5758	218 
5759	104 
5760	3 276 304 
5761	7 
5762	49 145 283 
5763	186 
5764	188 
5765	190 
5766	226 
5767	291 
5768	40 
5769	350 
5770	75 
5771	242 
5772	306 
5773	295 
5774	62 
5775	137 
5776	349 
5777	164 
5778	68 
5779	211 228 265 
5780	237 
5781	336 
5782	219 
5783	218 273 284 
5784	235 
5785	295 
5786	279 
5787	180 
5788	45 
5789	171 
5790	282 
5791	114 
5792	89 
5793	294 
5794	91 
5795	135 
5796	232 
5797	30 39 231 
5798	205 
5799	294 
5800	38 
5801	314 
5802	308 
5803	254 
5804	305 
5805	203 
5806	309 
5807	304 
5808	17 
5809	195 
5810	20 
5811	239 
5812	203 208 232 
5813	162 
5814	164 
5815	269 
5816	341 
5817	240 
5818	133 146 190 
5819	200 
5820	107 217 330 
5821	104 
5822	1 
5823	175 
5824	230 
5825	62 
5826	184 
5827	277 
5828	238 
5829	279 
5830	140 
5831	149 
5832	219 
5833	65 
5834	124 
5835	274 
5836	167 
5837	297 
5838	176 
5839	215 
5840	53 
5841	287 
5842	245 
5843	296 
5844	239 
5845	97 
5846	267 
5847	9 
5848	53 
5849	339 
5850	28 124 141 
5851	99 
5852	89 
5853	45 
5854	274 
5855	202 294 298 
5856	253 
5857	13 
5858	182 
5859	44 
5860	167 
5861	123 
5862	231 
5863	194 
5864	100 
5865	320 
5866	135 
5867	197 
5868	149 
5869	57 185 206 
5870	157 
5871	70 88 190 
5872	305 
5873	261 
5874	217 
5875	349 
5876	103 
5877	56 
5878	221 
5879	168 
5880	235 
5881	78 
5882	275 
5883	261 
5884	168 
5885	191 
5886	202 
5887	68 
5888	20 
5889	124 
5890	335 
5891	273 
5892	261 
5893	16 
5894	186 
5895	34 227 304 
5896	66 
5897	311 
5898	140 
5899	188 
5900	310 
5901	293 
5902	134 
5903	152 171 251 
5904	178 
5905	317 
5906	342 
5907	157 
5908	211 
5909	273 
5910	236 
5911	10 
5912	309 
5913	292 
5914	185 
5915	103 
5916	132 
5917	20 
5918	51 
5919	254 
5920	39 
5921	248 
5922	268 
5923	164 
5924	221 
5925	3 22 240 
5926	33 
5927	161 
5928	153 
5929	178 
5930	5 
5931	102 309 327 
5932	307 
5933	132 261 333 
5934	298 
5935	184 
5936	134 
5937	115 
5938	161 
5939	22 
5940	92 
5941	213 
5942	217 
5943	114 
5944	164 
5945	271 
5946	96 
5947	214 
5948	103 
5949	83 
5950	183 260 291 
5951	96 
5952	306 
5953	274 
5954	47 
5955	346 
5956	320 
5957	251 
5958	262 
5959	103 
5960	75 
5961	9 175 259 
5962	241 
5963	157 235 283 
5964	56 
5965	322 
5966	346 
5967	342 
5968	137 
5969	336 
5970	226 
5971	328 
5972	190 
5973	223 
5974	349 
5975	7 50 260 
5976	171 
5977	100 
5978	45 217 259 
5979	91 
5980	178 
5981	270 
5982	88 
5983	88 
5984	53 
5985	326 
5986	99 306 341 
5987	151 
5988	349 
5989	298 
5990	241 
5991	237 
5992	206 
5993	308 
5994	264 
5995	342 
5996	104 
5997	180 
5998	171 
5999	328 
6000	190 
6001	240 
6002	348 
6003	261 
6004	72 
6005	99 
6006	115 
6007	294 
6008	135 
6009	308 
6010	17 
6011	45 
6012	167 
6013	322 
6014	317 
6015	162 
6016	164 308 342 
6017	282 
6018	310 
6019	149 
6020	162 
6021	24 
6022	61 
6023	22 29 81 
6024	110 
6025	310 
6026	291 
6027	93 
6028	33 
6029	311 
6030	254 
6031	99 
6032	272 
6033	39 
6034	217 
6035	308 
6036	66 
6037	224 
6038	277 
6039	132 
6040	205 
6041	241 
6042	99 
6043	268 
6044	28 
6045	186 
6046	184 194 247 
6047	246 
6048	137 
6049	230 
6050	260 
6051	30 
6052	304 
6053	47 
6054	172 
6055	304 
6056	201 
6057	74 
6058	218 
6059	160 
6060	88 
6061	117 
6062	293 
6063	52 
6064	335 
6065	72 
6066	199 
6067	281 
6068	70 
6069	213 
6070	139 
6071	304 
6072	190 
6073	259 
6074	205 
6075	209 
6076	20 
6077	45 
6078	101 
6079	175 
6080	84 134 197 
6081	190 
6082	339 
6083	275 
6084	236 
6085	247 
6086	3 
6087	44 
6088	31 
6089	336 
6090	181 
6091	108 
6092	246 
6093	136 
6094	310 
6095	267 
6096	176 
6097	275 
6098	118 132 342 
6099	232 
6100	218 254 301 
6101	16 103 271 
6102	171 
6103	194 
6104	342 
6105	349 
6106	315 
6107	181 
6108	95 
6109	139 
6110	200 
6111	242 
6112	71 
6113	48 
6114	44 
6115	98 
6116	44 
6117	167 
6118	39 
6119	245 
6120	224 
6121	56 160 201 
6122	197 
6123	92 
6124	279 
6125	28 
6126	322 
6127	29 
6128	99 
6129	91 
6130	333 
6131	299 
6132	230 
6133	147 
6134	51 
6135	333 
6136	162 
6137	42 50 137 
6138	190 
6139	178 
6140	125 
6141	96 
6142	225 
6143	254 
6144	199 
6145	48 
6146	7 
6147	172 
6148	70 
6149	60 
6150	180 
6151	135 
6152	298 
6153	151 
6154	324 
6155	326 
6156	273 
6157	124 141 168 
6158	108 
6159	260 
6160	46 
6161	230 
6162	197 
6163	75 
6164	236 250 266 
6165	74 88 249 
6166	203 248 348 
6167	151 
6168	140 
6169	62 
6170	323 
6171	76 
6172	8 
6173	49 
6174	346 
6175	138 
6176	115 
6177	305 
6178	74 
6179	140 190 311 
6180	307 
6181	281 
6182	323 
6183	135 
6184	31 
6185	251 
6186	10 
6187	306 
6188	17 
6189	75 
6190	245 
6191	308 
6192	125 264 282 
6193	183 
6194	287 
6195	44 
6196	261 
6197	134 
6198	89 
6199	297 
6200	66 
6201	223 
6202	28 
6203	34 
6204	96 
6205	251 
6206	244 
6207	141 308 348 
6208	125 
6209	203 
6210	176 
6211	181 189 299 
6212	140 
6213	301 
6214	191 322 329 
6215	327 
6216	134 
6217	251 
6218	47 
6219	59 
6220	124 
6221	56 
6222	304 
6223	197 
6224	112 
6225	186 
6226	52 
6227	115 
6228	348 
6229	51 207 267 
6230	247 
6231	3 
6232	275 
6233	28 
6234	70 
6235	194 
6236	238 
6237	309 
6238	162 
6239	217 
6240	322 
6241	139 
6242	209 
6243	207 
6244	13 
6245	269 
6246	72 
6247	201 
6248	103 
6249	91 
6250	245 
6251	194 
6252	39 60 254 
6253	313 
6254	53 
6255	307 
6256	234 
6257	70 139 201 
6258	30 
6259	244 
6260	89 
6261	109 194 309 
6262	328 
6263	219 
6264	96 
6265	102 
6266	294 
6267	339 
6268	104 
6269	260 
6270	261 
6271	244 
6272	283 
6273	327 
6274	152 194 337 
6275	175 
6276	35 
6277	323 
6278	35 
6279	254 
6280	238 
6281	254 
6282	51 
6283	185 254 260 
6284	38 71 283 
6285	146 287 307 
6286	96 
6287	128 
6288	191 
6289	275 
6290	248 
6291	199 
6292	91 
6293	61 218 263 
6294	74 
6295	168 282 328 
6296	52 
6297	82 245 337 
6298	92 
6299	242 
6300	170 
6301	154 
6302	29 
6303	65 
6304	143 
6305	51 
6306	125 
6307	238 
6308	322 
6309	134 
6310	226 
6311	226 
6312	296 
6313	99 
6314	294 
6315	283 
6316	22 
6317	326 
6318	135 
6319	242 
6320	149 
6321	177 
6322	296 
6323	10 224 229 
6324	101 
6325	270 
6326	62 
6327	99 
6328	106 250 316 
6329	329 
6330	125 
6331	135 
6332	1 33 294 
6333	296 
6334	262 
6335	93 
6336	291 
6337	92 
6338	96 
6339	160 
6340	282 
6341	99 176 219 
6342	260 
6343	89 
6344	254 
6345	124 
6346	176 
6347	93 
6348	294 
6349	241 
6350	220 248 268 
6351	185 
6352	98 
6353	308 
6354	299 
6355	220 306 322 
6356	99 
6357	194 
6358	273 
6359	16 
6360	301 
6361	88 
6362	10 
6363	78 
6364	157 
6365	323 
6366	238 
6367	180 
6368	306 
6369	48 
6370	52 
6371	153 
6372	298 
6373	337 
6374	339 
6375	306 
6376	283 
6377	299 
6378	115 
6379	207 
6380	190 
6381	68 
6382	92 
6383	51 180 194 
6384	333 
6385	275 
6386	47 
6387	296 
6388	153 193 209 
6389	34 
6390	101 
6391	101 
6392	237 
6393	267 
6394	160 
6395	3 
6396	224 
6397	93 149 255 
6398	293 
6399	140 
6400	348 
6401	49 
6402	30 
6403	151 
6404	40 53 308 
6405	246 
6406	270 
6407	160 
6408	211 
6409	174 310 350 
6410	104 
6411	94 
6412	92 
6413	60 
6414	106 194 291 
6415	29 
6416	247 
6417	17 
6418	201 
6419	99 
6420	31 
6421	176 
6422	283 
6423	35 
6424	175 
6425	22 72 227 
6426	214 
6427	195 
6428	323 
6429	183 
6430	8 
6431	17 
6432	104 
6433	92 
6434	282 
6435	211 
6436	283 
6437	230 
6438	70 
6439	29 
6440	55 211 217 
6441	149 
6442	99 
6443	28 
6444	52 
6445	38 
6446	230 
6447	327 
6448	191 
6449	247 
6450	298 
6451	304 
6452	171 
6453	273 
6454	308 
6455	48 
6456	156 180 287 
6457	244 
6458	154 
6459	297 
6460	190 
6461	191 
6462	205 
6463	97 117 343 
6464	39 
6465	267 
6466	186 
6467	301 
6468	78 
6469	43 208 225 
6470	135 191 331 
6471	214 
6472	94 241 344 
6473	232 
6474	181 201 271 
6475	112 
6476	160 
6477	93 311 337 
6478	262 
6479	248 
6480	65 199 289 
6481	51 
6482	186 
6483	44 
6484	326 
6485	17 
6486	209 
6487	299 
6488	333 
6489	291 
6490	227 232 318 
6491	291 
6492	124 
6493	125 
6494	241 
6495	157 
6496	8 
6497	160 
6498	273 
6499	201 
6500	328 
6501	66 
6502	339 
6503	225 
6504	99 
6505	45 
6506	89 
6507	327 
6508	337 
6509	44 
6510	185 
6511	49 
6512	49 
6513	287 
6514	30 
6515	59 
6516	291 
6517	224 
6518	180 
6519	28 
6520	99 
6521	13 
6522	299 
6523	176 
6524	135 
6525	205 
6526	34 
6527	57 
6528	59 298 326 
6529	197 
6530	24 108 237 
6531	44 
6532	59 
6533	186 
6534	294 
6535	92 136 232 
6536	339 
6537	162 
6538	183 
6539	53 
6540	78 
6541	326 
6542	3 
6543	93 
6544	219 
6545	31 
6546	178 
6547	261 
6548	147 317 326 
6549	17 
6550	299 
6551	172 244 308 
6552	190 
6553	28 
6554	151 190 275 
6555	16 
6556	13 49 124 
6557	298 
6558	135 248 267 
6559	124 
6560	315 
6561	3 
6562	28 
6563	205 313 332 
6564	291 
6565	3 
6566	28 98 301 
6567	68 257 333 
6568	8 
6569	172 
6570	254 
6571	70 
6572	211 
6573	178 
6574	31 
6575	108 157 186 
6576	254 
6577	225 
6578	74 
6579	16 
6580	225 
6581	74 160 202 
6582	245 
6583	297 
6584	44 
6585	254 
6586	59 
6587	245 
6588	17 
6589	287 
6590	44 
6591	297 
6592	7 
6593	217 
6594	34 
6595	299 
6596	199 
6597	194 
6598	134 
6599	125 138 248 
6600	31 
6601	78 87 99 
6602	51 
6603	139 
6604	17 
6605	225 
6606	17 
6607	306 
6608	178 
6609	238 
6610	35 
6611	132 
6612	294 
6613	28 
6614	205 
6615	134 
6616	30 
6617	39 
6618	89 
6619	283 
6620	168 
6621	39 
6622	346 
6623	57 
6624	329 
6625	74 
6626	346 
6627	237 
6628	306 
6629	254 
6630	70 
6631	94 114 277 
6632	5 33 193 
6633	132 
6634	151 
6635	34 
6636	161 
6637	311 
6638	178 270 311 
6639	39 
6640	91 
6641	87 199 257 
6642	199 
6643	287 
6644	236 
6645	240 
6646	20 
6647	134 
6648	49 225 258 
6649	261 
6650	51 
6651	282 
6652	34 
6653	308 
6654	322 323 342 
6655	114 134 305 
6656	125 
6657	100 
6658	260 
6659	134 
6660	275 
6661	10 
6662	29 
6663	88 
6664	134 
6665	137 
6666	178 
6667	151 
6668	175 
6669	34 67 333 
6670	30 
6671	157 
6672	34 146 148 
6673	186 
6674	29 
6675	10 
6676	45 
6677	209 
6678	322 
6679	31 
6680	102 
6681	57 
6682	102 235 245 
6683	30 
6684	17 92 286 
6685	275 
6686	78 99 102 
6687	238 
6688	226 
6689	251 
6690	20 
6691	99 
6692	100 
6693	273 
6694	108 
6695	311 
6696	139 286 289 
6697	245 
6698	29 
6699	282 313 322 
6700	194 
6701	333 
6702	108 
6703	26 91 329 
6704	218 
6705	164 
6706	315 
6707	20 
6708	349 
6709	10 
6710	315 
6711	45 
6712	7 
6713	294 
6714	91 
6715	22 
6716	201 302 336 
6717	132 
6718	151 
6719	33 74 342 
6720	95 303 349 
6721	186 
6722	151 
6723	225 
6724	147 252 262 
6725	59 
6726	194 
6727	104 
6728	261 
6729	226 268 306 
6730	3 37 240 
6731	72 134 229 
6732	248 
6733	47 
6734	13 
6735	46 162 232 
6736	112 294 298 
6737	29 
6738	176 
6739	96 
6740	180 297 301 
6741	30 
6742	267 
6743	125 
6744	295 297 305 
6745	299 
6746	96 
6747	201 
6748	30 
6749	199 
6750	39 48 87 
6751	176 302 327 
6752	39 
6753	9 92 172 
6754	299 
6755	191 
6756	7 60 88 
6757	8 224 298 
6758	135 
6759	240 
6760	20 217 274 
6761	124 
6762	282 
6763	346 
6764	13 
6765	194 
6766	134 
6767	31 
6768	205 
6769	45 
6770	59 248 273 
6771	10 12 188 
6772	124 
6773	33 52 272 
6774	49 
6775	3 
6776	315 
6777	261 
6778	267 
6779	274 
6780	326 
6781	176 
6782	134 
6783	308 
6784	38 80 298 
6785	88 
6786	16 
6787	273 
6788	39 
6789	141 214 329 
6790	225 
6791	22 
6792	132 
6793	242 
6794	274 
6795	137 
6796	108 
6797	108 
6798	47 
6799	176 
6800	194 
6801	51 
6802	134 135 273 
6803	282 
6804	42 166 234 
6805	82 105 217 
6806	165 203 222 
6807	29 
6808	10 
6809	157 
6810	209 270 307 
6811	17 
6812	57 
6813	349 
6814	44 134 199 
6815	64 233 244 
6816	199 
6817	29 
6818	59 
6819	337 
6820	337 
6821	287 
6822	125 
6823	291 
6824	31 
6825	135 
6826	34 
6827	217 
6828	311 
6829	342 
6830	329 
6831	10 
6832	232 
6833	100 154 284 
6834	133 136 292 
6835	274 
6836	273 
6837	287 
6838	164 
6839	100 108 257 
6840	10 
6841	151 
6842	326 
6843	91 
6844	132 
6845	261 
6846	157 218 346 
6847	157 
6848	54 100 218 
6849	89 
6850	10 
6851	260 
6852	260 
6853	190 
6854	89 
6855	147 322 329 
6856	88 
6857	137 
6858	30 
6859	74 
6860	49 
6861	49 
6862	178 
6863	199 281 326 
6864	50 153 321 
6865	205 
6866	190 213 246 
6867	92 
6868	151 
6869	30 123 267 
6870	132 
6871	45 49 309 
6872	3 
6873	96 
6874	160 
6875	225 
6876	287 
6877	31 61 200 
6878	260 
6879	134 
6880	175 
6881	211 283 296 
6882	124 
6883	134 
6884	154 167 191 
6885	139 
6886	333 
6887	308 
6888	105 242 305 
6889	74 
6890	308 
6891	39 
6892	287 
6893	283 
6894	8 269 311 
6895	248 
6896	240 
6897	308 
6898	64 227 241 
6899	273 
6900	291 
6901	174 178 321 
6902	65 95 160 
6903	39 
6904	238 
6905	176 
6906	96 
6907	274 
6908	165 207 342 
6909	22 
6910	254 
6911	13 
6912	217 
6913	3 
6914	139 
6915	104 164 213 
6916	134 
6917	199 
6918	283 
6919	134 
6920	274 
6921	308 
6922	96 
6923	238 
6924	138 214 232 
6925	137 
6926	70 
6927	3 
6928	273 
6929	17 
6930	49 190 255 
6931	137 
6932	311 
6933	47 77 146 
6934	224 262 275 
6935	125 
6936	108 171 219 
6937	178 231 261 
6938	133 222 333 
6939	38 223 262 
6940	89 
6941	13 92 259 
6942	283 
6943	17 
6944	134 
6945	287 
6946	57 151 241 
6947	322 
6948	287 
6949	135 
6950	92 
6951	26 124 226 
6952	13 129 308 
6953	70 
6954	190 
6955	329 
6956	254 
6957	30 
6958	88 
6959	35 56 324 
6960	89 
6961	135 187 217 
6962	3 
6963	135 
6964	38 307 323 
6965	261 
6966	8 
6967	70 
6968	53 191 220 
6969	99 
6970	122 294 334 
6971	13 
6972	3 
6973	125 
6974	125 194 196 
6975	125 
6976	55 311 337 
6977	135 
6978	150 238 337 
6979	70 
6980	190 267 270 
6981	92 101 154 
6982	199 
6983	99 
6984	298 306 335 
6985	143 180 304 
6986	73 172 311 
6987	132 
6988	13 
6989	108 
6990	178 
6991	132 
6992	178 
6993	124 246 337 
6994	122 143 236 
6995	178 
6996	22 238 350 
6997	283 
6998	47 202 325 
6999	287 
7000	99 
