1	250 
2	119 
3	201 
4	63 
5	291 
6	278 
7	320 
8	253 
9	210 
10	92 
11	110 
12	89 
13	290 
14	18 
15	4 
16	315 
17	19 126 149 180 205 212 243 
18	72 
19	138 
20	158 
21	238 
22	122 137 141 200 219 305 313 
23	231 
24	1 
25	10 
26	176 
27	306 
28	315 
29	327 
30	257 
31	107 
32	129 
33	149 
34	330 
35	31 
36	313 
37	46 
38	295 
39	138 
40	53 92 139 239 269 295 308 
41	285 
42	16 
43	58 
44	235 
45	273 
46	106 
47	47 
48	52 
49	134 
50	248 
51	215 
52	154 
53	131 
54	179 
55	1 7 113 155 164 269 271 
56	2 
57	271 
58	257 
59	238 
60	121 
61	181 
62	158 
63	21 
64	50 137 141 170 183 235 253 
65	227 
66	55 
67	11 
68	235 
69	225 
70	30 
71	249 
72	185 
73	186 
74	216 
75	305 
76	60 
77	57 90 139 141 162 234 271 
78	136 
79	84 
80	250 
81	309 
82	21 45 80 137 179 206 214 
83	68 
84	147 
85	137 
86	17 21 122 149 152 190 205 
87	323 
88	206 
89	135 
90	268 
91	243 
92	106 
93	122 
94	144 
95	196 
96	141 
97	11 16 129 149 184 280 292 
98	314 
99	143 167 203 212 227 270 318 
100	8 42 66 118 142 258 293 
101	258 
102	235 
103	232 
104	212 
105	21 
106	232 
107	142 
108	123 
109	21 
110	105 
111	32 
112	75 121 178 236 287 326 329 
113	25 
114	246 
115	55 
116	80 
117	212 
118	299 
119	166 
120	46 71 150 224 279 285 323 
121	88 
122	300 
123	132 
124	315 
125	291 
126	304 
127	15 
128	164 
129	160 
130	164 
131	321 
132	112 
133	323 
134	162 
135	291 
136	189 
137	167 
138	125 
139	7 40 55 90 101 227 314 
140	142 
141	42 76 137 173 189 207 211 
142	271 
143	36 
144	155 
145	1 
146	58 
147	178 192 212 215 235 299 300 
148	287 
149	132 
150	220 
151	3 
152	16 
153	87 
154	53 
155	104 
156	45 114 116 122 195 302 326 
157	297 
158	70 90 131 182 207 251 325 
159	141 
160	74 
161	13 
162	314 
163	299 
164	266 
165	24 
166	202 
167	267 
168	115 
169	167 
170	190 
171	2 
172	94 
173	214 
174	273 
175	225 
176	196 
177	164 
178	72 80 154 175 272 314 318 
179	225 
180	175 
181	166 
182	80 
183	2 5 43 125 142 233 312 
184	205 
185	278 
186	116 
187	141 
188	87 
189	179 
190	31 
191	113 
192	41 
193	50 
194	5 
195	67 
196	122 
197	310 
198	79 
199	145 
200	116 
201	131 
202	27 
203	211 
204	49 
205	296 
206	30 85 185 261 274 320 330 
207	155 
208	107 141 142 167 193 201 258 
209	209 
210	324 
211	28 
212	310 
213	248 
214	42 
215	155 
216	37 56 63 157 195 246 305 
217	317 
218	84 
219	230 
220	18 
221	229 
222	272 
223	97 
224	229 
225	327 
226	192 
227	82 
228	53 
229	21 
230	231 
231	204 
232	49 113 115 178 192 219 281 
233	277 
234	225 
235	128 
236	15 117 168 220 255 270 321 
237	13 
238	258 
239	274 
240	53 58 83 140 193 279 315 
241	191 
242	122 
243	130 
244	234 
245	158 
246	325 
247	206 
248	146 
249	295 
250	134 
251	107 
252	55 
253	175 
254	282 
255	79 
256	260 
257	158 
258	213 
259	12 
260	155 
261	180 
262	287 
263	248 
264	160 
265	7 
266	13 22 56 76 139 154 324 
267	288 
268	60 
269	45 79 122 167 207 216 230 
270	43 58 102 103 253 261 271 
271	160 
272	150 
273	205 
274	269 
275	258 
276	279 
277	252 
278	64 
279	209 
280	213 
281	256 
282	4 
283	288 
284	194 
285	185 
286	129 
287	271 
288	136 
289	298 
290	117 
291	284 
292	22 
293	281 
294	228 
295	31 
296	147 
297	72 
298	211 
299	150 
300	6 31 78 101 142 163 198 
301	96 
302	195 
303	251 
304	6 
305	179 
306	181 
307	38 
308	17 
309	27 
310	148 
311	15 41 56 104 168 217 246 
312	271 
313	9 
314	290 
315	326 
316	122 
317	142 
318	159 
319	326 
320	121 
321	259 
322	167 
323	271 
324	1 
325	45 
326	257 
327	253 
328	27 
329	283 
330	234 
331	120 141 198 202 228 249 260 
332	261 
333	91 
334	225 
335	246 
336	12 55 69 71 91 121 154 
337	141 
338	264 
339	229 
340	204 
341	233 
342	270 
343	17 23 31 72 181 212 291 
344	46 56 69 71 88 125 155 
345	32 
346	329 
347	64 
348	131 
349	302 
350	164 
351	85 262 267 284 301 303 322 
352	285 
353	176 
354	280 
355	18 
356	204 
357	238 
358	21 53 137 184 238 305 321 
359	88 
360	94 
361	140 
362	137 
363	115 
364	261 
365	85 
366	180 
367	31 59 140 166 229 253 271 
368	48 60 66 115 184 216 270 
369	69 
370	49 
371	2 
372	45 
373	121 
374	254 
375	313 
376	159 
377	292 
378	98 
379	129 
380	125 
381	285 
382	93 
383	117 
384	204 
385	237 
386	34 155 201 275 287 292 312 
387	40 
388	39 63 126 258 269 295 312 
389	43 
390	112 
391	32 
392	65 
393	141 
394	148 
395	7 
396	17 
397	51 
398	296 
399	288 
400	57 
401	48 
402	130 
403	259 
404	217 
405	12 
406	14 61 100 197 240 266 329 
407	239 
408	323 
409	196 
410	278 
411	156 
412	49 
413	109 
414	97 107 162 205 239 276 323 
415	271 
416	156 
417	84 
418	35 79 133 177 196 217 294 
419	55 
420	270 
421	279 
422	62 
423	146 
424	307 
425	34 44 45 137 197 298 317 
426	145 154 224 233 289 301 326 
427	198 
428	322 
429	186 
430	182 
431	139 
432	290 
433	317 
434	230 
435	64 
436	118 
437	37 
438	172 
439	190 
440	39 
441	192 
442	99 
443	116 
444	258 
445	3 
446	215 
447	246 
448	15 16 55 150 201 217 255 
449	30 
450	53 80 116 142 254 295 303 
451	76 
452	141 
453	51 
454	157 
455	77 
456	122 
457	38 
458	322 
459	65 
460	164 
461	84 
462	241 
463	112 158 184 206 247 262 282 
464	263 
465	81 
466	144 
467	181 
468	199 
469	130 
470	205 
471	303 
472	305 
473	46 
474	276 
475	103 
476	8 
477	23 
478	48 
479	244 
480	23 
481	309 
482	195 
483	47 58 72 103 146 229 232 
484	142 
485	195 
486	45 102 278 285 293 316 326 
487	43 
488	221 
489	325 
490	75 120 123 171 291 299 328 
491	295 
492	251 
493	259 
494	26 
495	239 
496	38 49 165 270 278 301 307 
497	136 
498	128 
499	123 
500	179 
501	10 39 66 214 227 320 327 
502	199 
503	133 
504	132 
505	85 
506	110 
507	100 
508	17 
509	279 
510	159 
511	38 80 210 223 258 271 304 
512	313 
513	133 
514	84 
515	64 
516	1 
517	296 
518	236 
519	231 
520	323 
521	251 
522	240 
523	9 14 77 189 250 266 325 
524	113 
525	284 
526	221 
527	85 
528	33 51 126 194 278 313 324 
529	19 
530	107 
531	249 
532	281 
533	41 107 199 214 216 285 326 
534	323 
535	198 
536	20 
537	222 
538	182 
539	38 73 83 158 187 212 324 
540	312 
541	263 
542	261 
543	166 
544	19 108 170 228 248 316 317 
545	205 
546	57 
547	126 
548	73 
549	155 
550	176 
551	4 
552	31 
553	287 
554	85 
555	45 
556	213 
557	305 
558	321 
559	258 
560	94 
561	193 
562	287 
563	89 
564	289 
565	40 110 114 137 269 281 300 
566	105 
567	232 
568	12 
569	175 
570	33 80 85 107 134 192 269 
571	162 
572	55 
573	191 
574	323 
575	74 
576	12 
577	10 
578	310 
579	66 71 180 212 229 239 271 
580	90 104 108 129 147 175 295 
581	234 
582	69 
583	181 
584	155 
585	15 
586	198 
587	15 35 169 207 213 269 322 
588	5 
589	197 
590	190 
591	308 
592	4 
593	320 
594	6 
595	303 
596	3 
597	157 
598	199 
599	274 
600	288 
601	188 
602	71 
603	272 
604	216 
605	36 
606	306 
607	279 
608	226 
609	119 
610	195 
611	141 
612	124 
613	63 
614	135 
615	198 
616	224 
617	149 
618	287 
619	139 
620	5 
621	27 
622	98 
623	106 107 138 146 159 199 258 
624	29 
625	315 
626	131 
627	322 
628	302 
629	41 106 131 142 159 166 275 
630	185 
631	113 
632	180 
633	313 
634	216 
635	203 
636	33 
637	21 
638	254 
639	270 
640	108 
641	168 
642	304 
643	14 69 85 123 138 274 321 
644	73 
645	45 
646	221 
647	70 
648	121 
649	124 
650	167 
651	78 
652	152 
653	211 
654	167 
655	321 
656	69 
657	31 80 166 201 216 227 241 
658	158 
659	18 
660	34 
661	293 
662	272 
663	21 43 123 180 186 195 305 
664	84 
665	175 
666	121 
667	258 
668	86 
669	83 
670	267 
671	270 
672	277 
673	61 73 107 246 248 279 330 
674	313 
675	323 
676	56 
677	6 35 93 122 151 270 290 
678	323 
679	110 
680	56 
681	312 
682	283 
683	310 
684	221 
685	155 
686	30 109 161 175 187 217 316 
687	17 
688	263 
689	84 
690	211 
691	317 
692	155 
693	213 
694	8 90 93 134 189 268 327 
695	122 
696	171 
697	220 
698	111 
699	33 
700	34 
701	172 
702	63 67 131 167 189 237 289 
703	217 
704	88 
705	199 
706	312 
707	48 
708	210 
709	150 
710	257 
711	325 
712	180 
713	317 
714	73 83 99 127 171 189 225 
715	296 
716	141 
717	202 
718	13 
719	130 
720	50 
721	310 
722	37 89 138 139 140 142 282 
723	84 
724	181 
725	270 
726	275 
727	6 
728	124 
729	150 
730	198 
731	162 
732	115 
733	17 
734	13 46 56 75 115 131 302 
735	94 
736	82 
737	167 
738	101 
739	168 
740	115 
741	44 
742	11 
743	32 45 68 114 157 171 306 
744	299 
745	237 
746	109 
747	206 
748	163 
749	25 
750	302 
751	178 
752	85 139 177 235 239 274 279 
753	58 
754	101 
755	117 
756	61 
757	178 
758	13 61 102 156 162 295 307 
759	1 
760	212 
761	17 
762	190 
763	24 
764	33 
765	308 
766	229 
767	23 
768	66 152 158 179 226 259 330 
769	270 
770	36 
771	167 
772	51 
773	254 
774	22 37 129 132 163 185 207 
775	155 
776	65 83 131 164 225 279 303 
777	166 
778	88 
779	19 83 115 183 270 273 315 
780	322 
781	225 
782	285 
783	95 
784	251 
785	34 
786	181 
787	254 
788	16 
789	34 
790	14 41 112 164 214 230 329 
791	126 
792	74 
793	223 
794	59 
795	199 
796	214 
797	2 
798	76 
799	224 
800	269 
801	261 
802	7 101 110 142 210 213 270 
803	301 
804	104 
805	17 
806	310 
807	261 
808	180 
809	44 
810	285 
811	172 
812	154 
813	126 
814	259 
815	90 
816	76 
817	63 
818	211 
819	14 74 132 207 234 247 274 
820	176 
821	59 
822	137 
823	90 
824	118 146 167 237 240 244 253 
825	74 
826	295 
827	175 
828	283 
829	15 53 95 234 253 275 310 
830	271 
831	59 
832	39 49 158 182 189 236 323 
833	44 53 66 74 204 284 326 
834	129 140 146 196 207 221 303 
835	26 
836	278 
837	115 
838	58 
839	86 
840	19 
841	112 
842	38 
843	282 
844	19 49 80 118 172 243 329 
845	34 
846	201 
847	78 
848	260 
849	118 
850	271 
851	208 
852	19 
853	84 
854	3 
855	55 
856	13 59 67 95 116 144 193 
857	253 
858	166 
859	299 
860	326 
861	322 
862	69 
863	198 
864	164 
865	283 
866	321 
867	259 
868	309 
869	7 
870	227 
871	49 120 122 171 213 262 317 
872	102 
873	218 
874	110 202 208 211 289 311 326 
875	64 
876	198 
877	324 
878	224 
879	58 64 112 197 245 272 294 
880	49 
881	107 
882	114 
883	116 
884	287 
885	139 
886	190 
887	26 
888	270 
889	166 
890	287 
891	236 
892	125 
893	316 
894	159 
895	127 
896	235 
897	14 
898	69 
899	119 
900	31 50 55 82 164 175 322 
901	78 
902	223 
903	206 
904	50 
905	72 107 149 195 218 240 323 
906	175 
907	13 
908	210 
909	34 87 114 157 175 207 210 
910	118 133 142 187 225 277 293 
911	10 
912	130 
913	315 
914	275 
915	193 
916	177 
917	238 
918	2 
919	123 
920	130 
921	329 
922	21 
923	58 
924	174 
925	3 6 71 155 176 276 295 
926	142 
927	16 
928	64 
929	265 
930	164 169 171 211 226 233 276 
931	266 
932	253 
933	296 
934	325 
935	209 
936	74 
937	66 
938	228 
939	234 
940	52 55 108 162 164 254 300 
941	48 
942	176 
943	205 
944	322 
945	216 
946	259 
947	59 
948	213 
949	214 
950	10 39 99 121 142 157 323 
951	269 
952	74 154 177 206 207 224 305 
953	158 
954	327 
955	146 
956	128 
957	17 
958	227 
959	49 54 55 109 120 132 143 
960	37 
961	207 
962	322 
963	41 
964	310 
965	207 
966	114 
967	186 
968	151 
969	201 
970	127 131 173 186 238 271 277 
971	207 
972	145 
973	106 
974	66 
975	118 
976	144 
977	65 
978	245 
979	30 
980	309 
981	97 
982	223 
983	329 
984	91 
985	293 
986	11 100 126 218 249 258 274 
987	324 
988	33 
989	201 
990	210 
991	102 
992	279 
993	129 
994	157 
995	309 
996	14 
997	186 
998	30 
999	34 68 134 138 168 247 258 
1000	90 
1001	281 
1002	326 
1003	198 
1004	105 
1005	283 
1006	208 
1007	15 17 69 110 186 232 315 
1008	44 
1009	318 
1010	110 
1011	289 
1012	42 90 101 139 154 160 251 
1013	40 
1014	4 21 31 41 45 126 192 
1015	61 
1016	23 
1017	241 
1018	225 
1019	221 
1020	248 
1021	258 
1022	70 76 102 247 248 253 323 
1023	44 
1024	211 
1025	138 
1026	170 
1027	301 
1028	49 
1029	281 
1030	253 
1031	305 
1032	127 
1033	54 102 103 110 160 235 250 
1034	183 
1035	28 
1036	254 
1037	282 
1038	111 135 155 224 241 254 277 
1039	16 
1040	107 
1041	128 
1042	269 
1043	192 
1044	38 42 75 136 172 240 271 
1045	142 150 186 203 217 221 245 
1046	118 144 152 159 167 201 272 
1047	7 
1048	295 
1049	136 
1050	304 
1051	126 
1052	4 20 27 188 230 242 257 
1053	227 
1054	129 
1055	42 
1056	60 72 143 150 281 296 317 
1057	104 
1058	185 
1059	278 
1060	180 
1061	140 142 154 198 205 240 325 
1062	269 
1063	227 
1064	69 
1065	30 85 191 199 212 239 310 
1066	212 
1067	245 
1068	276 
1069	245 
1070	60 
1071	221 
1072	83 
1073	240 
1074	11 
1075	79 
1076	28 51 58 69 139 225 311 
1077	21 
1078	20 
1079	167 
1080	292 
1081	149 
1082	145 
1083	205 
1084	249 
1085	177 
1086	291 
1087	203 
1088	97 
1089	71 
1090	142 
1091	42 
1092	200 
1093	298 
1094	283 
1095	201 
1096	46 
1097	101 
1098	167 
1099	295 
1100	225 
1101	8 
1102	171 
1103	282 
1104	107 
1105	284 
1106	323 
1107	54 59 62 129 137 237 271 
1108	172 
1109	74 102 166 200 224 232 308 
1110	248 
1111	231 
1112	327 
1113	37 
1114	55 105 116 126 190 278 310 
1115	232 
1116	112 
1117	30 53 190 200 206 242 297 
1118	249 
1119	287 
1120	84 
1121	182 
1122	234 
1123	12 
1124	197 
1125	221 
1126	210 
1127	71 80 97 166 167 253 284 
1128	178 
1129	105 
1130	229 
1131	7 
1132	130 
1133	52 
1134	107 
1135	97 
1136	33 46 47 50 154 193 212 
1137	172 
1138	52 
1139	276 
1140	158 
1141	55 
1142	20 
1143	6 68 77 99 240 270 303 
1144	287 
1145	57 
1146	317 
1147	199 
1148	131 
1149	106 
1150	26 91 122 203 245 250 285 
1151	117 
1152	90 
1153	268 
1154	139 
1155	80 
1156	22 95 98 102 118 207 234 
1157	78 
1158	259 
1159	240 
1160	167 
1161	34 
1162	15 
1163	168 
1164	13 
1165	13 
1166	103 
1167	92 144 158 180 195 241 269 
1168	55 
1169	143 
1170	13 
1171	50 
1172	30 
1173	167 
1174	298 
1175	293 
1176	111 
1177	40 
1178	151 
1179	102 
1180	269 
1181	221 
1182	166 
1183	144 
1184	156 
1185	53 
1186	58 108 114 239 264 301 312 
1187	240 
1188	215 
1189	14 45 101 207 223 232 284 
1190	129 
1191	185 
1192	14 
1193	267 
1194	218 
1195	28 
1196	211 
1197	285 
1198	282 
1199	316 
1200	185 
1201	57 
1202	38 
1203	55 
1204	137 
1205	1 
1206	151 
1207	47 
1208	248 
1209	67 117 176 209 238 258 328 
1210	311 
1211	64 
1212	161 
1213	106 
1214	129 
1215	75 
1216	263 
1217	34 
1218	53 
1219	121 
1220	88 
1221	34 36 75 160 194 253 263 
1222	164 
1223	259 
1224	129 
1225	72 
1226	61 
1227	252 
1228	179 
1229	243 
1230	326 
1231	131 
1232	70 
1233	77 110 136 180 270 304 313 
1234	11 139 205 212 214 260 271 
1235	267 
1236	150 
1237	275 
1238	185 
1239	144 
1240	134 
1241	155 
1242	185 
1243	323 
1244	44 
1245	15 
1246	208 
1247	5 
1248	297 
1249	294 
1250	314 
1251	61 141 204 227 238 309 322 
1252	115 
1253	54 
1254	139 
1255	248 
1256	81 
1257	135 
1258	117 
1259	229 
1260	21 
1261	277 
1262	296 
1263	230 
1264	88 
1265	278 
1266	318 
1267	184 
1268	46 71 92 160 192 231 299 
1269	261 
1270	260 
1271	257 
1272	257 
1273	166 
1274	309 
1275	142 
1276	61 127 157 158 171 261 305 
1277	41 117 175 205 226 315 326 
1278	221 
1279	62 
1280	232 
1281	31 
1282	94 
1283	329 
1284	308 
1285	56 
1286	117 
1287	63 
1288	154 
1289	166 
1290	69 
1291	51 
1292	71 102 131 141 164 167 285 
1293	90 
1294	233 
1295	212 
1296	157 
1297	1 
1298	274 
1299	288 
1300	23 
1301	215 
1302	174 
1303	328 
1304	137 
1305	283 
1306	227 
1307	214 
1308	212 
1309	143 
1310	329 
1311	158 
1312	104 
1313	83 149 199 205 235 287 290 
1314	212 
1315	82 
1316	18 
1317	161 
1318	2 38 58 82 285 328 329 
1319	121 
1320	64 
1321	34 
1322	245 
1323	18 
1324	12 
1325	176 
1326	67 
1327	168 
1328	88 
1329	180 
1330	297 
1331	327 
1332	206 
1333	32 
1334	26 
1335	131 
1336	26 
1337	231 
1338	317 
1339	317 
1340	261 
1341	95 
1342	100 
1343	211 
1344	14 
1345	107 116 136 157 232 235 243 
1346	121 
1347	326 
1348	214 
1349	39 
1350	45 
1351	22 
1352	329 
1353	52 
1354	10 
1355	210 
1356	293 
1357	84 
1358	260 
1359	175 
1360	285 
1361	155 
1362	20 
1363	259 
1364	205 
1365	208 
1366	270 
1367	186 
1368	53 
1369	158 
1370	5 80 118 140 204 280 295 
1371	98 
1372	207 
1373	279 
1374	244 
1375	322 
1376	181 
1377	296 
1378	271 
1379	53 
1380	156 
1381	85 
1382	125 
1383	197 
1384	66 
1385	222 
1386	35 
1387	181 
1388	316 
1389	82 
1390	17 
1391	103 
1392	144 
1393	258 
1394	79 
1395	141 
1396	74 
1397	259 
1398	12 
1399	233 
1400	171 
1401	66 105 190 227 265 284 323 
1402	44 
1403	243 
1404	64 
1405	171 
1406	296 
1407	90 136 141 205 217 220 273 
1408	253 
1409	199 
1410	37 55 158 183 216 227 323 
1411	246 
1412	81 
1413	115 
1414	181 
1415	290 
1416	50 
1417	297 
1418	326 
1419	4 
1420	36 
1421	115 
1422	125 
1423	28 46 89 104 112 167 306 
1424	252 
1425	5 
1426	71 146 225 226 253 273 320 
1427	289 
1428	297 
1429	49 
1430	86 
1431	166 
1432	112 
1433	32 
1434	9 
1435	96 
1436	198 
1437	234 
1438	261 
1439	173 
1440	312 
1441	116 
1442	229 
1443	109 
1444	322 
1445	76 
1446	102 
1447	66 
1448	258 
1449	123 
1450	175 
1451	228 
1452	41 
1453	326 
1454	50 
1455	40 
1456	261 
1457	308 
1458	34 63 126 139 159 161 310 
1459	242 
1460	271 
1461	111 
1462	30 98 174 193 201 264 315 
1463	154 
1464	80 
1465	78 
1466	208 
1467	236 
1468	190 
1469	121 
1470	161 
1471	57 
1472	173 
1473	240 
1474	56 
1475	303 
1476	211 
1477	160 
1478	293 
1479	47 
1480	326 
1481	107 
1482	33 
1483	64 108 121 180 201 270 329 
1484	143 
1485	282 
1486	321 
1487	155 
1488	30 
1489	294 
1490	259 
1491	155 
1492	232 
1493	131 
1494	123 
1495	83 
1496	56 
1497	13 
1498	184 
1499	212 
1500	78 
1501	219 
1502	81 
1503	304 
1504	305 
1505	47 
1506	204 
1507	312 
1508	6 
1509	175 
1510	41 43 151 206 227 286 292 
1511	112 
1512	15 107 136 163 204 242 268 
1513	59 
1514	5 
1515	257 
1516	320 
1517	136 
1518	274 
1519	41 
1520	170 
1521	190 
1522	122 
1523	148 
1524	270 
1525	229 
1526	48 
1527	317 
1528	295 
1529	32 
1530	47 
1531	302 
1532	278 
1533	117 
1534	152 
1535	198 
1536	271 
1537	279 
1538	39 
1539	34 
1540	19 
1541	147 
1542	208 
1543	120 
1544	116 
1545	119 
1546	225 
1547	281 
1548	85 
1549	16 
1550	156 
1551	297 
1552	198 
1553	137 
1554	34 
1555	49 
1556	16 
1557	207 
1558	236 
1559	64 
1560	271 
1561	140 
1562	16 
1563	75 
1564	46 
1565	137 
1566	64 
1567	43 
1568	109 
1569	175 
1570	62 
1571	31 83 142 181 262 291 329 
1572	330 
1573	319 
1574	129 
1575	187 
1576	270 
1577	33 
1578	208 
1579	241 
1580	124 
1581	46 82 166 169 175 211 229 
1582	42 
1583	137 
1584	50 
1585	308 
1586	283 
1587	112 
1588	55 
1589	85 
1590	65 
1591	225 
1592	138 
1593	166 
1594	275 
1595	282 
1596	249 
1597	81 
1598	91 
1599	220 
1600	206 
1601	17 
1602	45 
1603	163 
1604	71 
1605	290 
1606	217 
1607	319 
1608	79 
1609	235 
1610	33 43 57 80 139 242 256 
1611	309 
1612	239 
1613	112 
1614	222 
1615	202 
1616	254 
1617	158 
1618	96 
1619	132 
1620	172 
1621	249 
1622	5 
1623	235 
1624	253 
1625	259 
1626	16 
1627	131 
1628	162 
1629	137 159 205 228 297 302 323 
1630	43 134 175 180 189 241 259 
1631	227 
1632	263 
1633	248 
1634	160 
1635	116 
1636	318 
1637	11 
1638	160 
1639	225 
1640	117 
1641	121 
1642	79 
1643	284 
1644	80 
1645	185 
1646	184 
1647	238 
1648	243 
1649	213 
1650	13 
1651	53 
1652	47 
1653	4 
1654	84 
1655	183 
1656	314 
1657	136 
1658	259 
1659	116 
1660	163 
1661	75 
1662	97 
1663	285 
1664	239 
1665	207 
1666	186 
1667	28 33 43 139 212 235 282 
1668	30 56 78 88 140 189 284 
1669	301 
1670	83 
1671	120 
1672	263 
1673	283 
1674	23 59 82 217 276 321 327 
1675	195 
1676	107 
1677	207 
1678	306 
1679	16 
1680	263 
1681	100 
1682	78 
1683	289 
1684	115 
1685	224 
1686	60 
1687	299 
1688	172 
1689	45 
1690	225 
1691	31 
1692	115 
1693	305 
1694	235 
1695	57 
1696	196 
1697	317 
1698	21 
1699	209 
1700	305 
1701	296 
1702	31 
1703	223 
1704	31 34 89 90 273 313 318 
1705	259 
1706	274 
1707	162 
1708	271 
1709	321 
1710	67 
1711	235 
1712	281 
1713	320 
1714	31 
1715	265 
1716	21 
1717	210 
1718	40 
1719	193 
1720	21 
1721	85 
1722	72 
1723	70 
1724	89 
1725	24 
1726	136 
1727	258 
1728	240 
1729	88 
1730	309 
1731	50 62 138 167 203 270 322 
1732	281 
1733	188 
1734	274 
1735	225 
1736	179 
1737	316 
1738	225 
1739	296 
1740	181 
1741	7 14 63 64 192 213 295 
1742	229 
1743	102 
1744	292 
1745	221 
1746	38 
1747	281 
1748	132 
1749	21 
1750	108 
1751	109 
1752	50 
1753	32 136 137 232 265 316 320 
1754	218 
1755	108 
1756	185 
1757	201 
1758	138 
1759	165 
1760	163 
1761	12 18 109 142 217 223 328 
1762	56 
1763	92 
1764	129 
1765	240 
1766	160 
1767	92 
1768	235 
1769	278 
1770	65 
1771	6 
1772	25 
1773	75 
1774	314 
1775	172 
1776	78 
1777	300 
1778	267 
1779	322 
1780	281 
1781	30 
1782	66 
1783	302 
1784	115 
1785	123 
1786	82 
1787	50 
1788	282 
1789	317 
1790	18 
1791	21 
1792	77 
1793	318 
1794	237 
1795	80 
1796	174 
1797	326 
1798	261 
1799	45 
1800	158 
1801	209 
1802	237 
1803	44 
1804	209 
1805	253 
1806	185 
1807	209 
1808	100 164 206 209 239 268 302 
1809	146 
1810	165 
1811	305 
1812	227 
1813	131 
1814	66 
1815	192 
1816	16 45 161 198 202 208 305 
1817	223 
1818	200 
1819	67 
1820	319 
1821	198 
1822	126 
1823	289 
1824	84 
1825	15 
1826	305 
1827	75 
1828	5 
1829	6 21 174 180 201 255 263 
1830	73 
1831	325 
1832	294 
1833	235 
1834	59 
1835	223 
1836	192 
1837	56 
1838	286 
1839	64 
1840	295 
1841	292 
1842	84 
1843	139 
1844	322 
1845	7 34 61 115 217 230 258 
1846	84 
1847	18 37 101 170 190 253 261 
1848	72 
1849	213 
1850	313 
1851	103 
1852	162 
1853	315 
1854	217 
1855	130 
1856	166 
1857	226 
1858	15 
1859	7 41 61 115 166 206 248 
1860	253 
1861	279 
1862	267 
1863	61 
1864	91 
1865	198 
1866	285 
1867	119 
1868	285 
1869	140 
1870	310 
1871	7 
1872	256 
1873	22 
1874	278 
1875	278 
1876	163 
1877	118 
1878	253 
1879	19 106 180 186 206 268 314 
1880	172 
1881	318 
1882	148 
1883	287 
1884	210 
1885	146 
1886	66 
1887	189 
1888	177 
1889	89 
1890	199 
1891	267 
1892	88 
1893	322 
1894	313 
1895	91 
1896	206 
1897	286 
1898	8 
1899	222 
1900	80 
1901	203 
1902	236 
1903	108 
1904	185 
1905	234 
1906	279 
1907	206 
1908	271 
1909	113 
1910	58 
1911	76 
1912	62 
1913	9 
1914	15 
1915	18 
1916	3 
1917	18 
1918	8 
1919	56 
1920	208 
1921	269 
1922	322 
1923	34 
1924	295 
1925	226 
1926	324 
1927	4 
1928	234 
1929	152 
1930	84 152 177 189 244 261 282 
1931	159 
1932	12 
1933	13 118 129 130 142 201 247 
1934	162 
1935	226 
1936	264 
1937	243 
1938	125 
1939	71 
1940	106 132 164 211 235 276 315 
1941	208 
1942	14 
1943	32 
1944	158 
1945	137 
1946	13 47 52 58 187 278 326 
1947	181 
1948	272 
1949	138 
1950	16 148 157 214 259 296 320 
1951	200 
1952	325 
1953	52 
1954	304 
1955	12 14 32 118 163 267 307 
1956	290 
1957	182 
1958	177 
1959	43 69 82 108 123 207 316 
1960	120 
1961	218 
1962	5 24 150 201 214 269 294 
1963	60 
1964	150 
1965	197 
1966	190 
1967	237 
1968	178 
1969	43 
1970	318 
1971	23 
1972	46 
1973	274 
1974	48 
1975	317 
1976	160 
1977	68 
1978	151 
1979	11 
1980	85 
1981	83 
1982	99 
1983	146 
1984	131 
1985	51 
1986	155 
1987	80 
1988	228 
1989	139 
1990	154 
1991	163 
1992	103 
1993	81 
1994	126 
1995	222 
1996	317 
1997	105 
1998	102 
1999	73 
2000	255 
2001	155 
2002	81 
2003	20 
2004	319 
2005	254 
2006	44 85 147 228 249 291 324 
2007	223 
2008	272 
2009	234 
2010	131 142 154 177 193 301 303 
2011	178 
2012	308 
2013	118 
2014	189 
2015	111 118 147 160 179 287 299 
2016	17 
2017	280 
2018	66 
2019	251 
2020	53 
2021	49 
2022	279 
2023	201 
2024	330 
2025	236 
2026	63 
2027	136 
2028	291 
2029	90 
2030	71 
2031	39 
2032	121 147 180 250 278 301 307 
2033	137 
2034	10 16 43 92 125 170 206 
2035	43 
2036	269 
2037	199 
2038	70 
2039	166 
2040	184 
2041	90 
2042	68 
2043	15 
2044	53 
2045	57 
2046	239 
2047	18 
2048	109 
2049	121 
2050	150 
2051	226 
2052	226 
2053	19 
2054	35 
2055	130 
2056	215 
2057	239 
2058	213 
2059	223 
2060	254 
2061	19 
2062	56 
2063	19 66 84 215 267 287 322 
2064	26 
2065	320 
2066	142 
2067	253 
2068	124 
2069	287 
2070	91 181 200 206 249 250 287 
2071	82 
2072	267 
2073	298 
2074	330 
2075	201 
2076	136 
2077	214 
2078	13 96 211 295 302 319 329 
2079	216 
2080	88 
2081	239 
2082	35 81 143 231 258 279 282 
2083	87 
2084	13 54 99 115 128 140 217 
2085	169 
2086	279 
2087	139 
2088	9 85 105 182 211 226 258 
2089	90 187 234 282 303 306 310 
2090	244 
2091	93 
2092	150 
2093	297 
2094	90 
2095	221 239 241 247 251 313 324 
2096	157 
2097	53 
2098	295 
2099	98 
2100	330 
2101	41 
2102	93 
2103	128 
2104	61 
2105	57 
2106	72 
2107	103 
2108	317 
2109	175 
2110	240 
2111	106 
2112	159 186 203 209 211 278 326 
2113	167 
2114	302 
2115	133 
2116	47 
2117	32 
2118	144 
2119	190 
2120	215 
2121	112 
2122	296 
2123	30 62 131 149 214 215 259 
2124	235 
2125	102 
2126	106 
2127	129 
2128	83 
2129	260 
2130	60 
2131	23 30 53 127 136 146 169 
2132	148 
2133	80 
2134	104 
2135	70 
2136	159 
2137	85 
2138	114 
2139	229 
2140	50 
2141	309 
2142	202 
2143	247 
2144	164 
2145	163 
2146	279 
2147	152 
2148	186 
2149	281 
2150	38 
2151	106 
2152	232 
2153	255 
2154	282 
2155	216 
2156	16 
2157	172 
2158	216 
2159	80 
2160	19 
2161	286 
2162	38 
2163	31 
2164	297 
2165	80 
2166	48 
2167	77 
2168	160 
2169	26 
2170	112 
2171	285 
2172	6 
2173	180 
2174	78 
2175	193 
2176	46 58 64 84 193 227 312 
2177	150 
2178	204 
2179	66 
2180	40 44 75 91 131 243 267 
2181	43 
2182	301 
2183	13 
2184	325 
2185	104 
2186	247 
2187	159 
2188	204 
2189	324 
2190	315 
2191	72 
2192	166 
2193	126 
2194	234 
2195	217 
2196	126 152 184 201 295 327 329 
2197	37 
2198	233 
2199	185 
2200	85 
2201	173 
2202	279 
2203	38 
2204	184 
2205	51 
2206	81 
2207	217 
2208	200 
2209	158 
2210	279 
2211	74 
2212	195 
2213	307 
2214	204 
2215	329 
2216	248 
2217	85 
2218	196 
2219	167 
2220	97 
2221	181 
2222	138 
2223	142 
2224	193 
2225	30 
2226	229 
2227	61 68 82 92 124 185 261 
2228	15 
2229	38 
2230	281 
2231	64 
2232	114 
2233	79 
2234	315 
2235	278 
2236	153 
2237	279 
2238	312 
2239	61 75 93 190 245 279 329 
2240	20 
2241	168 
2242	50 
2243	181 
2244	69 
2245	56 
2246	194 
2247	29 
2248	13 
2249	227 
2250	303 
2251	323 
2252	119 
2253	104 
2254	36 38 130 167 176 201 329 
2255	116 
2256	158 
2257	148 
2258	110 
2259	236 
2260	2 
2261	110 
2262	278 
2263	45 
2264	310 
2265	113 
2266	101 
2267	60 
2268	271 
2269	188 
2270	96 
2271	301 
2272	302 
2273	15 71 179 189 205 231 270 
2274	28 50 53 60 182 250 315 
2275	287 
2276	226 
2277	158 
2278	81 95 134 146 212 274 315 
2279	101 158 207 224 242 284 303 
2280	257 
2281	251 
2282	55 
2283	3 
2284	272 
2285	281 
2286	11 89 123 136 184 193 281 
2287	30 
2288	56 
2289	34 
2290	30 
2291	80 
2292	246 
2293	166 
2294	206 
2295	177 
2296	285 
2297	13 18 34 59 150 166 190 
2298	41 
2299	240 
2300	47 73 157 214 227 237 330 
2301	242 
2302	119 
2303	286 
2304	282 
2305	25 
2306	264 
2307	72 
2308	72 
2309	13 
2310	21 61 68 103 237 241 322 
2311	146 
2312	158 
2313	43 53 121 140 261 265 323 
2314	117 
2315	237 
2316	69 120 149 247 253 286 317 
2317	76 86 90 103 126 283 326 
2318	93 
2319	100 
2320	320 
2321	199 
2322	186 
2323	89 
2324	21 52 153 156 180 313 322 
2325	172 
2326	143 
2327	63 
2328	139 
2329	15 40 136 158 171 200 223 
2330	76 
2331	18 
2332	95 
2333	225 
2334	159 
2335	191 
2336	55 
2337	4 
2338	58 
2339	58 
2340	150 
2341	10 
2342	178 
2343	182 
2344	83 
2345	179 
2346	86 
2347	38 
2348	270 
2349	161 
2350	62 
2351	110 
2352	106 
2353	95 172 225 227 234 277 304 
2354	6 
2355	115 
2356	103 
2357	320 
2358	285 
2359	36 
2360	32 151 216 228 287 305 323 
2361	63 
2362	112 
2363	239 
2364	318 
2365	324 
2366	165 
2367	157 
2368	27 34 45 64 122 167 230 
2369	251 
2370	259 
2371	211 
2372	38 
2373	14 
2374	279 
2375	54 76 88 89 158 207 312 
2376	15 27 75 199 240 290 293 
2377	238 
2378	152 
2379	248 
2380	237 
2381	248 
2382	201 
2383	299 
2384	256 
2385	145 
2386	30 
2387	257 
2388	278 
2389	145 
2390	243 
2391	179 
2392	159 
2393	121 
2394	289 
2395	206 
2396	269 
2397	235 
2398	59 
2399	118 
2400	14 
2401	56 
2402	125 
2403	18 
2404	180 
2405	240 
2406	184 
2407	96 
2408	322 
2409	258 
2410	169 
2411	201 
2412	46 
2413	231 
2414	25 
2415	281 
2416	182 
2417	132 
2418	18 154 157 176 217 262 322 
2419	214 
2420	33 
2421	46 
2422	55 
2423	79 
2424	245 
2425	112 
2426	27 52 60 115 186 207 295 
2427	256 
2428	167 
2429	235 
2430	153 
2431	101 
2432	89 
2433	283 
2434	315 
2435	271 
2436	147 
2437	298 
2438	150 
2439	177 
2440	145 
2441	107 
2442	237 
2443	58 
2444	213 
2445	212 
2446	131 
2447	113 
2448	313 
2449	71 
2450	190 
2451	110 
2452	81 
2453	26 
2454	183 
2455	44 
2456	195 
2457	240 
2458	248 
2459	313 
2460	90 
2461	148 
2462	7 15 62 201 202 205 277 
2463	60 
2464	189 
2465	270 
2466	16 
2467	21 28 122 129 255 269 323 
2468	142 
2469	187 
2470	212 
2471	231 
2472	57 
2473	125 
2474	132 
2475	167 
2476	227 
2477	140 
2478	295 
2479	178 
2480	160 
2481	152 
2482	311 
2483	244 
2484	315 
2485	38 
2486	208 
2487	10 
2488	62 
2489	270 
2490	272 
2491	45 
2492	57 
2493	225 
2494	310 
2495	33 56 97 120 123 299 307 
2496	192 
2497	117 
2498	313 
2499	190 
2500	29 32 33 38 102 297 316 
2501	50 
2502	106 
2503	72 142 147 161 265 271 307 
2504	19 117 140 188 251 266 277 
2505	15 41 61 106 150 175 311 
2506	296 
2507	166 
2508	261 
2509	265 
2510	207 
2511	280 
2512	102 
2513	314 
2514	190 
2515	31 
2516	45 
2517	45 
2518	270 
2519	272 
2520	203 
2521	188 
2522	235 
2523	103 
2524	112 135 183 184 289 299 316 
2525	194 
2526	246 
2527	206 
2528	20 
2529	35 77 89 126 129 235 298 
2530	253 
2531	315 
2532	53 
2533	271 
2534	226 
2535	262 
2536	79 139 198 206 255 265 310 
2537	174 
2538	38 
2539	165 
2540	326 
2541	222 
2542	254 
2543	118 
2544	137 172 177 201 281 290 293 
2545	296 
2546	303 
2547	85 
2548	319 
2549	176 
2550	109 
2551	89 
2552	225 
2553	112 
2554	61 
2555	241 
2556	131 
2557	326 
2558	284 
2559	110 
2560	2 
2561	229 
2562	180 
2563	57 
2564	324 
2565	100 
2566	164 
2567	262 
2568	274 
2569	296 
2570	85 
2571	162 
2572	74 93 171 190 234 261 318 
2573	66 
2574	317 
2575	22 102 148 157 277 284 316 
2576	141 
2577	245 
2578	150 
2579	72 
2580	18 38 44 112 153 154 190 
2581	28 34 167 172 214 265 282 
2582	235 
2583	121 
2584	185 
2585	35 
2586	147 
2587	239 
2588	85 
2589	47 
2590	274 
2591	176 
2592	234 
2593	57 
2594	2 15 37 74 136 212 246 
2595	84 154 263 281 283 315 328 
2596	192 
2597	126 
2598	180 
2599	185 
2600	171 
2601	217 
2602	156 
2603	318 
2604	282 
2605	66 
2606	52 
2607	199 
2608	11 
2609	54 82 137 163 238 261 323 
2610	55 
2611	143 
2612	33 
2613	166 
2614	199 
2615	232 
2616	295 
2617	52 
2618	185 
2619	113 
2620	156 
2621	30 
2622	95 
2623	17 39 80 107 150 223 291 
2624	262 
2625	31 
2626	137 
2627	19 61 120 172 206 322 330 
2628	211 
2629	198 
2630	221 
2631	301 
2632	114 
2633	261 
2634	78 
2635	56 
2636	9 47 137 139 192 277 315 
2637	57 
2638	81 
2639	181 
2640	67 
2641	217 
2642	118 
2643	285 
2644	29 
2645	127 
2646	177 
2647	316 
2648	65 
2649	11 
2650	75 
2651	229 
2652	235 
2653	101 
2654	154 
2655	276 
2656	240 
2657	135 
2658	41 
2659	50 
2660	245 
2661	38 
2662	115 
2663	55 
2664	234 
2665	89 
2666	23 
2667	98 
2668	137 
2669	14 
2670	185 
2671	116 
2672	116 
2673	300 
2674	31 
2675	95 
2676	167 
2677	125 
2678	263 
2679	182 
2680	113 
2681	187 
2682	121 
2683	25 
2684	224 
2685	136 
2686	123 
2687	138 
2688	24 
2689	295 
2690	51 
2691	121 
2692	326 
2693	20 
2694	58 
2695	146 
2696	297 
2697	164 
2698	93 
2699	204 
2700	251 
2701	198 
2702	44 
2703	93 
2704	198 
2705	8 61 114 140 161 235 305 
2706	144 
2707	111 
2708	195 
2709	71 123 175 189 229 250 256 
2710	77 
2711	8 
2712	115 
2713	135 
2714	310 
2715	124 
2716	322 
2717	277 
2718	275 
2719	194 
2720	177 
2721	61 
2722	94 
2723	19 54 62 221 227 248 274 
2724	105 
2725	328 
2726	248 
2727	13 
2728	136 
2729	41 
2730	83 
2731	270 
2732	139 
2733	71 
2734	34 
2735	312 
2736	7 37 45 84 161 309 310 
2737	187 
2738	9 
2739	254 
2740	125 
2741	253 
2742	286 
2743	125 
2744	48 
2745	215 
2746	195 
2747	63 118 149 153 196 300 301 
2748	187 
2749	184 
2750	150 
2751	239 
2752	177 
2753	223 
2754	259 
2755	6 68 77 185 226 270 281 
2756	30 
2757	103 
2758	227 
2759	9 
2760	249 
2761	44 
2762	56 101 173 180 201 227 242 
2763	271 
2764	116 
2765	19 31 120 136 212 261 270 
2766	282 
2767	118 
2768	83 
2769	186 
2770	118 
2771	258 
2772	17 
2773	71 
2774	117 
2775	198 
2776	81 99 112 146 169 246 327 
2777	238 
2778	266 
2779	53 
2780	107 
2781	242 
2782	280 
2783	287 
2784	261 
2785	239 
2786	80 
2787	238 
2788	88 
2789	12 
2790	88 
2791	269 
2792	58 121 136 150 171 280 297 
2793	314 
2794	301 
2795	216 
2796	68 
2797	166 
2798	267 
2799	190 
2800	46 117 134 142 237 246 312 
2801	69 
2802	273 
2803	64 
2804	137 
2805	43 80 89 204 241 269 285 
2806	206 
2807	43 83 90 121 126 158 236 
2808	317 
2809	251 
2810	246 
2811	11 17 106 107 182 294 309 
2812	324 
2813	122 
2814	104 
2815	8 
2816	221 
2817	323 
2818	14 19 25 55 104 137 329 
2819	67 
2820	191 
2821	1 
2822	292 
2823	121 
2824	312 
2825	102 
2826	43 
2827	71 
2828	252 
2829	259 
2830	46 
2831	225 
2832	31 51 79 98 209 217 247 
2833	21 
2834	56 
2835	9 
2836	56 
2837	10 
2838	17 31 96 101 118 176 200 
2839	256 
2840	228 
2841	167 
2842	271 
2843	154 
2844	15 
2845	175 
2846	209 
2847	18 
2848	21 115 118 142 197 223 323 
2849	9 
2850	22 
2851	279 
2852	301 
2853	87 
2854	38 63 89 136 167 186 311 
2855	24 
2856	317 
2857	49 
2858	110 
2859	19 102 157 202 207 269 277 
2860	266 
2861	229 
2862	249 
2863	123 
2864	269 
2865	292 
2866	43 78 84 145 149 171 315 
2867	312 
2868	108 
2869	72 79 97 98 183 231 269 
2870	38 
2871	312 
2872	55 
2873	273 
2874	323 
2875	214 
2876	296 
2877	190 
2878	239 
2879	137 
2880	80 
2881	274 
2882	125 
2883	41 
2884	95 
2885	17 
2886	38 
2887	7 
2888	84 
2889	270 
2890	22 95 175 188 226 263 295 
2891	70 
2892	129 
2893	187 
2894	320 
2895	16 
2896	221 
2897	202 
2898	24 
2899	45 
2900	14 
2901	240 
2902	36 
2903	153 
2904	324 
2905	54 
2906	34 
2907	279 
2908	231 
2909	193 
2910	207 
2911	250 
2912	62 
2913	241 
2914	267 
2915	63 
2916	173 
2917	3 76 186 192 203 251 275 
2918	294 
2919	106 
2920	239 
2921	11 28 122 190 206 260 326 
2922	3 
2923	243 
2924	92 
2925	206 
2926	118 
2927	108 
2928	322 
2929	64 
2930	138 
2931	114 
2932	171 
2933	211 
2934	227 
2935	149 
2936	192 
2937	60 
2938	47 
2939	162 
2940	146 
2941	277 
2942	147 
2943	245 
2944	308 
2945	183 
2946	38 
2947	104 
2948	186 
2949	144 
2950	164 
2951	9 46 121 221 261 317 329 
2952	23 
2953	32 
2954	265 
2955	190 
2956	116 
2957	127 
2958	61 
2959	115 
2960	296 
2961	19 
2962	118 
2963	21 
2964	269 
2965	71 
2966	315 
2967	226 
2968	313 
2969	98 
2970	184 
2971	72 
2972	121 
2973	284 
2974	84 
2975	31 60 122 164 235 250 270 
2976	53 106 205 261 275 277 296 
2977	261 
2978	218 
2979	76 
2980	66 
2981	115 
2982	314 
2983	200 
2984	63 
2985	112 
2986	86 
2987	205 
2988	180 
2989	171 
2990	186 
2991	330 
2992	29 141 154 155 193 250 305 
2993	39 
2994	303 
2995	3 35 103 121 137 218 297 
2996	187 
2997	212 
2998	167 
2999	92 
3000	327 
3001	91 
3002	243 
3003	45 
3004	94 98 159 206 258 285 287 
3005	223 
3006	118 
3007	110 
3008	240 
3009	323 
3010	252 
3011	163 
3012	69 
3013	183 
3014	85 
3015	59 
3016	63 
3017	50 
3018	4 56 136 168 211 243 275 
3019	107 
3020	234 
3021	243 
3022	255 
3023	316 
3024	181 
3025	185 
3026	236 
3027	185 
3028	15 
3029	9 82 115 136 266 270 301 
3030	180 
3031	6 
3032	49 
3033	288 
3034	177 
3035	281 
3036	137 
3037	86 
3038	281 
3039	242 
3040	201 
3041	104 
3042	259 
3043	177 
3044	276 
3045	2 
3046	206 
3047	329 
3048	22 
3049	311 
3050	282 
3051	141 
3052	263 
3053	38 
3054	172 
3055	232 
3056	277 
3057	175 
3058	160 
3059	25 
3060	154 
3061	328 
3062	131 
3063	18 
3064	129 
3065	85 
3066	48 53 56 71 198 226 253 
3067	52 
3068	278 
3069	34 53 76 79 217 288 329 
3070	89 
3071	225 
3072	171 
3073	225 
3074	279 
3075	307 
3076	130 
3077	125 142 175 212 233 310 313 
3078	55 
3079	49 
3080	271 
3081	191 
3082	53 
3083	200 
3084	49 73 107 172 235 259 277 
3085	290 
3086	92 
3087	178 
3088	152 
3089	16 
3090	42 
3091	263 
3092	190 
3093	284 
3094	30 103 130 167 211 237 328 
3095	14 
3096	17 35 54 161 167 240 260 
3097	295 
3098	239 
3099	171 
3100	89 
3101	46 
3102	190 
3103	102 
3104	14 
3105	322 
3106	77 
3107	29 
3108	76 
3109	109 
3110	212 
3111	75 
3112	255 
3113	161 
3114	304 
3115	207 
3116	85 
3117	87 
3118	186 
3119	306 
3120	219 
3121	93 
3122	46 
3123	123 
3124	269 
3125	2 
3126	243 
3127	187 
3128	112 
3129	2 
3130	282 
3131	274 
3132	252 
3133	302 
3134	68 
3135	263 
3136	17 
3137	48 
3138	138 
3139	179 
3140	251 
3141	51 
3142	132 
3143	8 
3144	9 
3145	88 
3146	267 
3147	137 
3148	198 
3149	124 
3150	98 
3151	115 
3152	93 147 198 200 221 271 326 
3153	99 
3154	18 30 57 170 198 219 295 
3155	277 
3156	146 
3157	121 
3158	190 
3159	38 
3160	135 
3161	44 
3162	58 
3163	259 
3164	19 
3165	16 
3166	11 30 57 143 312 319 324 
3167	11 
3168	266 
3169	17 157 168 169 214 239 245 
3170	159 
3171	280 
3172	156 
3173	15 121 164 184 219 221 226 
3174	234 
3175	121 
3176	81 
3177	135 
3178	146 171 195 233 263 276 293 
3179	51 
3180	129 
3181	288 
3182	245 
3183	307 
3184	161 
3185	159 
3186	308 
3187	103 
3188	153 
3189	323 
3190	201 
3191	81 
3192	53 
3193	6 
3194	207 
3195	17 85 139 171 193 262 292 
3196	274 
3197	154 
3198	261 
3199	110 
3200	44 45 50 69 281 312 324 
3201	141 
3202	102 
3203	312 
3204	310 
3205	156 
3206	97 
3207	97 
3208	11 
3209	199 
3210	190 
3211	9 34 58 72 89 222 327 
3212	33 56 134 197 231 271 300 
3213	305 
3214	33 68 147 182 239 264 322 
3215	315 
3216	60 
3217	281 
3218	34 70 87 124 159 167 226 
3219	80 135 141 196 217 237 326 
3220	110 
3221	62 70 82 122 240 243 328 
3222	127 
3223	162 
3224	208 
3225	35 48 70 90 146 252 263 
3226	227 
3227	88 117 213 237 240 258 285 
3228	277 
3229	277 
3230	50 
3231	8 
3232	326 
3233	139 
3234	106 
3235	186 
3236	330 
3237	141 
3238	13 
3239	92 
3240	43 
3241	53 
3242	139 
3243	205 
3244	232 
3245	75 
3246	174 
3247	177 
3248	269 
3249	96 
3250	191 
3251	93 
3252	61 
3253	168 
3254	91 
3255	160 
3256	46 151 221 281 296 309 329 
3257	84 
3258	39 
3259	277 
3260	145 
3261	286 
3262	208 
3263	56 
3264	201 
3265	79 
3266	248 
3267	317 
3268	140 
3269	319 
3270	186 
3271	85 
3272	277 
3273	211 
3274	209 
3275	240 
3276	319 
3277	66 
3278	88 
3279	282 
3280	7 52 97 146 235 255 295 
3281	146 
3282	270 
3283	53 
3284	80 
3285	145 
3286	218 
3287	212 
3288	36 
3289	135 
3290	280 
3291	48 
3292	15 
3293	292 
3294	65 
3295	106 
3296	5 
3297	224 
3298	71 
3299	69 
3300	131 
3301	165 
3302	308 
3303	43 
3304	50 
3305	242 
3306	253 
3307	219 
3308	105 
3309	271 
3310	153 
3311	58 
3312	74 
3313	50 
3314	142 
3315	19 76 105 127 148 253 274 
3316	115 
3317	217 
3318	280 
3319	303 
3320	176 
3321	207 
3322	314 
3323	90 
3324	53 
3325	61 
3326	59 
3327	140 
3328	226 
3329	230 
3330	169 
3331	168 
3332	177 
3333	82 
3334	141 
3335	220 
3336	286 
3337	88 
3338	28 
3339	117 185 195 221 270 283 291 
3340	258 
3341	278 
3342	22 69 71 84 151 228 236 
3343	15 
3344	118 
3345	323 
3346	316 
3347	161 
3348	89 
3349	58 86 92 98 141 180 305 
3350	313 
3351	204 
3352	220 
3353	118 
3354	155 
3355	180 
3356	126 
3357	80 
3358	83 
3359	229 
3360	321 
3361	167 
3362	190 
3363	224 
3364	329 
3365	163 
3366	251 
3367	86 
3368	35 
3369	27 
3370	107 
3371	110 
3372	111 
3373	16 52 61 86 200 216 298 
3374	119 
3375	177 
3376	122 
3377	85 
3378	121 
3379	297 
3380	275 
3381	29 
3382	59 
3383	32 
3384	261 
3385	118 
3386	194 
3387	241 
3388	75 96 120 160 166 203 251 
3389	255 
3390	189 
3391	67 
3392	160 
3393	30 102 190 196 241 271 313 
3394	195 
3395	185 
3396	30 
3397	184 
3398	57 139 169 186 187 205 214 
3399	210 
3400	49 
3401	122 
3402	19 213 249 300 301 315 329 
3403	291 
3404	89 
3405	123 
3406	86 
3407	133 
3408	94 
3409	164 
3410	147 
3411	14 
3412	308 
3413	59 138 158 197 201 237 258 
3414	174 
3415	257 
3416	61 
3417	171 
3418	102 
3419	86 
3420	238 
3421	121 
3422	170 
3423	126 
3424	235 
3425	92 
3426	35 
3427	6 
3428	159 
3429	198 
3430	295 
3431	285 
3432	57 158 183 254 315 317 323 
3433	172 
3434	313 
3435	66 
3436	305 
3437	52 
3438	24 34 118 166 274 295 316 
3439	56 
3440	116 
3441	296 
3442	55 
3443	256 
3444	200 
3445	56 
3446	263 
3447	243 
3448	129 
3449	15 
3450	11 
3451	185 
3452	225 
3453	237 
3454	74 
3455	2 
3456	92 
3457	222 
3458	83 
3459	88 
3460	16 
3461	270 
3462	61 
3463	60 
3464	30 127 191 222 229 271 329 
3465	79 
3466	290 
3467	295 
3468	326 
3469	158 
3470	150 
3471	190 
3472	59 136 146 232 252 311 317 
3473	262 
3474	284 
3475	110 
3476	194 
3477	314 
3478	115 
3479	138 
3480	112 
3481	8 
3482	19 
3483	75 125 223 270 275 304 318 
3484	206 
3485	125 
3486	246 
3487	258 
3488	53 85 127 162 241 271 293 
3489	139 
3490	238 
3491	53 
3492	49 
3493	17 28 61 102 139 192 241 
3494	172 
3495	21 38 61 171 203 211 237 
3496	261 
3497	60 
3498	231 
3499	112 
3500	245 
3501	212 
3502	44 
3503	262 
3504	251 
3505	19 
3506	21 71 84 99 113 140 253 
3507	125 
3508	133 
3509	167 
3510	30 125 137 202 205 238 317 
3511	129 
3512	276 
3513	269 
3514	306 
3515	5 
3516	231 
3517	84 
3518	52 
3519	319 
3520	78 
3521	177 
3522	313 
3523	14 16 21 44 63 183 246 
3524	283 
3525	145 
3526	225 
3527	71 136 139 223 306 329 330 
3528	181 
3529	61 
3530	315 
3531	251 
3532	60 
3533	202 
3534	71 120 134 151 197 218 296 
3535	119 171 191 212 259 305 323 
3536	60 
3537	32 
3538	287 
3539	314 
3540	45 
3541	169 
3542	44 
3543	241 
3544	281 
3545	239 
3546	58 
3547	141 
3548	129 
3549	310 
3550	202 
3551	175 
3552	85 
3553	165 
3554	294 
3555	120 
3556	138 
3557	184 
3558	199 
3559	149 
3560	186 
3561	285 
3562	3 
3563	53 
3564	61 
3565	25 
3566	11 58 149 166 259 325 329 
3567	97 
3568	142 
3569	14 
3570	21 
3571	93 
3572	159 180 181 189 193 203 313 
3573	67 
3574	268 
3575	279 
3576	50 90 229 239 245 315 317 
3577	98 
3578	85 
3579	142 
3580	294 
3581	21 
3582	250 
3583	116 
3584	9 19 84 122 142 211 283 
3585	133 
3586	8 
3587	116 
3588	131 
3589	139 
3590	55 
3591	306 
3592	46 
3593	15 31 46 60 180 187 302 
3594	21 30 90 122 124 152 270 
3595	183 
3596	295 
3597	35 
3598	188 
3599	6 
3600	312 
3601	185 
3602	189 
3603	59 
3604	124 
3605	275 
3606	87 
3607	239 
3608	283 
3609	234 
3610	71 
3611	154 
3612	209 
3613	131 
3614	49 
3615	124 
3616	328 
3617	225 
3618	202 
3619	207 
3620	144 
3621	148 
3622	29 
3623	60 
3624	23 
3625	30 41 43 53 177 228 261 
3626	242 
3627	30 
3628	277 
3629	19 
3630	46 
3631	38 
3632	253 
3633	147 206 214 230 293 311 324 
3634	312 
3635	197 
3636	242 
3637	148 
3638	85 
3639	39 
3640	133 
3641	281 
3642	285 
3643	41 45 46 141 150 258 263 
3644	283 
3645	321 
3646	140 
3647	38 
3648	260 
3649	324 
3650	44 
3651	214 
3652	166 
3653	243 
3654	263 
3655	293 
3656	273 
3657	110 
3658	14 
3659	277 
3660	88 156 161 162 166 167 286 
3661	13 
3662	271 
3663	160 
3664	235 
3665	329 
3666	13 18 84 111 154 201 211 
3667	220 
3668	176 
3669	225 
3670	30 
3671	56 
3672	123 
3673	51 
3674	38 69 139 154 180 223 292 
3675	253 
3676	149 
3677	46 
3678	33 
3679	55 
3680	322 
3681	123 
3682	264 
3683	195 
3684	221 
3685	217 
3686	11 
3687	193 
3688	28 
3689	169 
3690	325 
3691	227 
3692	92 
3693	99 
3694	208 
3695	283 
3696	10 
3697	264 
3698	202 
3699	61 
3700	189 
3701	75 
3702	190 
3703	310 
3704	201 
3705	159 
3706	285 
3707	57 
3708	112 
3709	138 
3710	169 
3711	143 
3712	82 
3713	74 
3714	313 
3715	170 
3716	321 
3717	288 
3718	324 
3719	87 129 191 230 250 281 285 
3720	59 
3721	124 
3722	126 
3723	234 
3724	56 
3725	55 
3726	278 
3727	146 
3728	20 
3729	125 
3730	294 
3731	56 
3732	17 141 154 188 190 219 229 
3733	5 
3734	313 
3735	13 14 161 169 220 287 300 
3736	29 57 154 259 264 283 310 
3737	219 
3738	271 
3739	206 
3740	82 
3741	126 
3742	314 
3743	119 
3744	105 208 225 277 287 295 298 
3745	13 
3746	281 
3747	269 
3748	323 
3749	38 
3750	221 
3751	148 
3752	49 
3753	207 
3754	189 
3755	204 
3756	213 
3757	2 
3758	162 
3759	105 
3760	264 
3761	314 
3762	186 
3763	89 
3764	138 
3765	261 
3766	54 
3767	276 
3768	222 
3769	129 
3770	11 95 103 214 226 236 281 
3771	52 
3772	182 
3773	141 
3774	209 
3775	41 
3776	88 
3777	106 
3778	73 
3779	51 
3780	290 
3781	49 53 131 250 255 261 297 
3782	56 155 165 192 236 279 294 
3783	323 
3784	221 
3785	310 
3786	72 
3787	49 
3788	200 
3789	253 
3790	28 100 279 282 297 328 329 
3791	59 
3792	1 
3793	219 
3794	14 85 118 207 239 274 281 
3795	104 
3796	130 
3797	73 
3798	264 
3799	16 
3800	45 
3801	279 
3802	298 
3803	58 64 71 138 205 251 271 
3804	141 
3805	206 
3806	307 
3807	4 
3808	64 
3809	214 
3810	240 
3811	19 
3812	41 
3813	329 
3814	19 38 137 175 211 230 244 
3815	40 52 110 158 185 255 322 
3816	305 
3817	239 
3818	32 
3819	310 
3820	191 
3821	173 
3822	315 
3823	97 
3824	145 
3825	48 
3826	7 
3827	237 
3828	317 
3829	191 
3830	261 
3831	285 
3832	122 
3833	180 
3834	181 
3835	119 
3836	154 
3837	314 
3838	3 
3839	126 
3840	174 
3841	285 
3842	273 
3843	21 38 69 72 159 216 281 
3844	232 
3845	159 
3846	175 
3847	134 
3848	238 
3849	263 
3850	300 
3851	46 
3852	64 
3853	19 21 114 131 154 173 253 
3854	232 
3855	41 
3856	202 
3857	51 74 101 111 138 162 323 
3858	255 
3859	263 
3860	137 
3861	17 
3862	123 
3863	240 
3864	139 
3865	129 
3866	123 
3867	108 
3868	136 
3869	249 
3870	35 102 109 129 137 182 248 
3871	168 
3872	239 
3873	26 
3874	258 
3875	181 
3876	136 
3877	15 
3878	327 
3879	85 
3880	30 49 89 115 252 274 295 
3881	8 110 141 165 190 253 264 
3882	69 
3883	322 
3884	239 
3885	225 
3886	281 
3887	281 
3888	234 
3889	268 
3890	137 
3891	147 
3892	82 
3893	66 
3894	61 
3895	156 
3896	261 
3897	83 198 221 225 236 277 279 
3898	264 
3899	137 
3900	264 
3901	51 
3902	50 
3903	253 
3904	177 
3905	242 
3906	291 
3907	300 
3908	200 
3909	245 
3910	295 
3911	133 
3912	234 
3913	30 
3914	255 
3915	3 
3916	186 
3917	175 
3918	248 
3919	131 171 206 256 279 295 309 
3920	31 55 57 87 205 207 239 
3921	71 
3922	41 
3923	33 58 131 139 180 198 259 
3924	315 
3925	224 
3926	229 
3927	7 
3928	133 
3929	315 
3930	330 
3931	10 
3932	69 115 167 169 183 186 282 
3933	295 
3934	13 
3935	79 
3936	234 
3937	10 
3938	151 
3939	221 
3940	216 
3941	329 
3942	292 
3943	241 
3944	2 
3945	178 
3946	175 
3947	301 
3948	162 
3949	121 
3950	242 
3951	185 
3952	56 
3953	195 
3954	225 
3955	249 
3956	169 
3957	205 
3958	147 
3959	323 
3960	279 
3961	21 
3962	57 
3963	267 
3964	88 89 121 174 231 235 250 
3965	225 
3966	24 116 121 166 168 225 312 
3967	163 
3968	103 
3969	168 
3970	15 
3971	127 
3972	41 
3973	30 74 129 221 243 248 296 
3974	204 
3975	6 
3976	17 
3977	79 
3978	180 
3979	80 
3980	253 
3981	162 
3982	136 
3983	237 
3984	213 
3985	326 
3986	59 
3987	217 
3988	149 
3989	63 
3990	20 26 41 107 158 190 214 
3991	291 
3992	131 
3993	98 
3994	152 
3995	235 
3996	158 
3997	15 
3998	124 
3999	305 
4000	245 
4001	126 
4002	50 
4003	6 
4004	254 
4005	32 
4006	175 
4007	66 
4008	154 
4009	141 
4010	64 
4011	162 
4012	66 
4013	312 
4014	83 
4015	224 
4016	46 77 80 165 242 312 327 
4017	270 
4018	223 
4019	71 
4020	115 
4021	3 78 80 146 158 172 217 
4022	90 
4023	92 
4024	240 
4025	59 
4026	224 
4027	282 
4028	49 
4029	122 
4030	207 
4031	290 
4032	8 
4033	151 
4034	326 
4035	212 
4036	314 
4037	185 
4038	15 125 151 215 226 279 281 
4039	16 38 42 105 150 241 327 
4040	313 
4041	299 
4042	118 
4043	44 
4044	193 
4045	290 
4046	269 
4047	180 
4048	285 
4049	21 55 87 229 289 309 317 
4050	327 
4051	185 
4052	240 
4053	251 
4054	71 
4055	7 121 194 229 233 250 317 
4056	309 
4057	28 
4058	22 49 85 121 151 185 285 
4059	30 
4060	282 
4061	184 
4062	125 
4063	285 
4064	246 
4065	46 
4066	84 
4067	316 
4068	84 90 92 125 277 281 324 
4069	264 
4070	227 
4071	317 
4072	55 
4073	175 
4074	207 
4075	68 
4076	175 
4077	186 
4078	49 113 152 171 183 243 291 
4079	50 
4080	33 
4081	43 
4082	204 
4083	179 
4084	69 
4085	108 
4086	55 72 166 173 231 255 278 
4087	9 
4088	101 121 179 192 249 268 296 
4089	110 
4090	263 
4091	131 
4092	112 
4093	41 
4094	166 
4095	138 
4096	329 
4097	60 
4098	197 
4099	259 
4100	248 
4101	235 
4102	23 
4103	105 
4104	14 28 47 181 187 242 270 
4105	329 
4106	295 
4107	132 
4108	317 
4109	23 
4110	21 
4111	126 
4112	123 
4113	67 
4114	145 
4115	146 
4116	46 
4117	318 
4118	44 
4119	159 
4120	232 
4121	294 
4122	221 
4123	79 
4124	115 
4125	57 63 132 201 221 304 313 
4126	39 
4127	122 
4128	90 
4129	313 
4130	51 
4131	14 
4132	184 
4133	195 
4134	83 
4135	172 
4136	60 
4137	267 
4138	317 
4139	53 
4140	246 
4141	270 
4142	61 83 190 206 257 299 313 
4143	238 
4144	283 
4145	156 
4146	239 
4147	63 
4148	82 
4149	34 
4150	60 
4151	15 139 150 190 248 277 330 
4152	89 
4153	2 
4154	18 30 41 65 95 172 196 
4155	164 
4156	75 
4157	281 
4158	329 
4159	205 
4160	69 
4161	121 
4162	201 
4163	43 
4164	299 
4165	69 
4166	84 
4167	140 
4168	8 34 142 166 186 281 305 
4169	107 
4170	237 
4171	49 56 80 126 171 231 292 
4172	1 27 34 57 80 81 107 
4173	38 
4174	291 
4175	58 104 115 227 254 257 307 
4176	98 
4177	190 
4178	83 
4179	269 
4180	198 
4181	197 
4182	204 
4183	250 
4184	316 
4185	47 
4186	76 98 132 201 212 280 320 
4187	225 
4188	248 
4189	224 
4190	282 
4191	21 
4192	190 
4193	317 
4194	21 
4195	231 
4196	187 
4197	253 
4198	255 
4199	264 
4200	238 
4201	219 
4202	7 
4203	164 
4204	277 
4205	213 
4206	76 
4207	63 
4208	295 
4209	152 
4210	166 
4211	316 
4212	112 
4213	162 
4214	149 
4215	50 
4216	63 
4217	80 
4218	30 54 63 134 201 235 310 
4219	283 
4220	157 
4221	158 
4222	44 
4223	46 
4224	177 
4225	16 24 97 207 214 218 227 
4226	169 
4227	31 
4228	223 
4229	13 
4230	177 
4231	83 
4232	199 
4233	121 
4234	219 
4235	6 
4236	32 
4237	83 
4238	31 66 83 150 212 221 303 
4239	330 
4240	121 
4241	123 
4242	104 
4243	214 
4244	310 
4245	258 
4246	34 45 84 128 164 166 285 
4247	251 
4248	258 
4249	279 
4250	297 
4251	221 
4252	313 
4253	3 
4254	200 
4255	226 
4256	46 
4257	201 
4258	202 
4259	172 
4260	212 
4261	84 
4262	131 
4263	53 63 225 236 240 272 288 
4264	39 128 173 180 185 228 263 
4265	85 
4266	56 
4267	19 
4268	88 
4269	175 226 262 266 270 313 324 
4270	58 
4271	324 
4272	146 
4273	102 
4274	104 
4275	82 
4276	326 
4277	263 
4278	303 
4279	9 
4280	90 
4281	121 
4282	56 
4283	224 
4284	245 
4285	90 
4286	231 
4287	32 
4288	295 
4289	35 
4290	224 
4291	267 
4292	185 
4293	1 38 133 140 248 277 327 
4294	199 
4295	13 
4296	279 
4297	202 
4298	142 
4299	282 
4300	30 
4301	261 
4302	216 
4303	207 
4304	107 
4305	90 
4306	160 
4307	229 
4308	17 34 102 239 248 279 293 
4309	198 
4310	208 
4311	175 
4312	102 
4313	84 
4314	74 96 171 198 217 225 251 
4315	297 
4316	34 
4317	80 
4318	287 
4319	3 
4320	118 123 146 223 225 231 290 
4321	299 
4322	146 
4323	199 
4324	149 
4325	243 
4326	240 
4327	88 
4328	45 114 167 178 186 194 317 
4329	296 
4330	164 
4331	330 
4332	33 82 200 201 269 279 323 
4333	158 
4334	303 
4335	156 
4336	28 
4337	163 
4338	142 
4339	103 
4340	172 
4341	255 
4342	112 
4343	104 
4344	89 
4345	116 
4346	279 
4347	60 
4348	227 
4349	105 
4350	115 
4351	242 
4352	329 
4353	281 
4354	221 
4355	65 72 163 215 225 239 313 
4356	267 
4357	16 
4358	2 
4359	45 
4360	232 
4361	259 
4362	15 
4363	103 
4364	166 
4365	322 
4366	69 
4367	317 
4368	329 
4369	137 
4370	15 39 53 142 183 263 274 
4371	139 205 211 241 246 304 308 
4372	80 
4373	45 
4374	282 
4375	159 
4376	282 
4377	28 54 221 226 235 279 329 
4378	238 
4379	28 
4380	142 
4381	227 
4382	202 
4383	329 
4384	313 
4385	166 
4386	234 
4387	164 
4388	250 
4389	142 
4390	137 
4391	16 
4392	88 
4393	316 
4394	142 151 159 259 272 315 323 
4395	103 
4396	110 
4397	255 
4398	326 
4399	205 
4400	259 
4401	255 
4402	28 
4403	206 
4404	329 
4405	116 
4406	180 
4407	317 
4408	239 
4409	69 
4410	138 
4411	150 
4412	295 
4413	110 
4414	277 
4415	104 
4416	295 
4417	60 
4418	75 
4419	214 
4420	185 
4421	38 67 171 178 248 252 267 
4422	85 121 136 138 139 205 326 
4423	69 
4424	105 
4425	201 
4426	49 
4427	221 
4428	329 
4429	45 
4430	329 
4431	295 
4432	110 
4433	141 
4434	285 
4435	64 
4436	15 41 94 259 313 317 327 
4437	139 
4438	150 
4439	212 
4440	229 
4441	90 
4442	38 
4443	72 129 136 162 164 166 282 
4444	117 
4445	136 
4446	301 
4447	226 
4448	238 
4449	162 
4450	200 
4451	138 
4452	201 
4453	150 
4454	71 
4455	200 
4456	19 
4457	270 
4458	206 
4459	11 42 56 87 151 200 219 
4460	323 
4461	207 
4462	181 
4463	61 
4464	115 
4465	8 14 59 102 221 232 311 
4466	250 
4467	53 
4468	35 159 190 221 263 277 309 
4469	142 
4470	274 
4471	192 
4472	76 78 84 156 226 278 301 
4473	21 
4474	295 
4475	171 
4476	31 
4477	71 
4478	238 
4479	126 
4480	225 
4481	145 169 212 213 271 273 309 
4482	60 
4483	103 
4484	186 
4485	106 
4486	45 
4487	317 
4488	167 
4489	154 
4490	82 
4491	254 
4492	88 
4493	281 
4494	253 
4495	66 76 149 175 251 281 318 
4496	105 
4497	326 
4498	66 
4499	181 
4500	283 
4501	313 
4502	185 
4503	64 
4504	14 
4505	6 
4506	181 
4507	189 
4508	81 176 207 219 271 296 329 
4509	126 
4510	107 
4511	112 
4512	66 
4513	142 
4514	185 
4515	3 11 44 45 200 219 222 
4516	85 
4517	16 
4518	201 
4519	72 
4520	183 
4521	53 
4522	46 
4523	85 
4524	19 51 55 171 175 225 329 
4525	31 
4526	84 
4527	118 
4528	160 
4529	107 
4530	58 
4531	110 
4532	50 
4533	85 
4534	115 
4535	58 
4536	31 
4537	84 
4538	60 
4539	259 
4540	38 
4541	126 
4542	246 
4543	13 
4544	183 
4545	278 
4546	232 
4547	30 156 164 176 185 291 315 
4548	162 
4549	231 
4550	270 
4551	55 168 183 206 207 224 271 
4552	317 
4553	17 
4554	199 
4555	239 
4556	60 98 115 129 200 274 293 
4557	158 
4558	285 
4559	7 
4560	138 
4561	107 139 166 175 207 238 281 
4562	274 
4563	131 
4564	129 
4565	237 
4566	283 
4567	13 
4568	19 
4569	258 
4570	105 
4571	103 
4572	271 
4573	323 
4574	50 
4575	53 
4576	45 
4577	83 123 199 229 246 250 269 
4578	206 
4579	269 
4580	269 
4581	158 
4582	66 
4583	60 
4584	234 
4585	150 
4586	177 
4587	139 
4588	186 
4589	46 
4590	13 
4591	323 
4592	162 
4593	270 
4594	36 37 90 112 166 168 313 
4595	56 
4596	229 
4597	310 
4598	112 
4599	146 
4600	118 
4601	68 76 102 121 237 241 263 
4602	238 
4603	263 
4604	41 
4605	4 31 43 85 214 252 301 
4606	72 
4607	269 
4608	310 
4609	248 
4610	248 
4611	190 
4612	315 
4613	41 
4614	326 
4615	263 
4616	232 
4617	21 
4618	45 165 211 232 237 246 313 
4619	5 48 69 94 125 308 324 
4620	17 56 60 77 153 229 279 
4621	167 
4622	212 
4623	142 
4624	201 
4625	248 
4626	239 
4627	323 
4628	171 
4629	248 
4630	206 
4631	75 
4632	282 
4633	175 
4634	38 
4635	136 
4636	64 
4637	310 
4638	13 
4639	322 
4640	285 
4641	221 
4642	126 
4643	240 
4644	11 
4645	139 
4646	271 
4647	227 
4648	79 
4649	15 
4650	259 
4651	177 
4652	201 
4653	322 
4654	237 
4655	172 
4656	69 
4657	214 
4658	21 67 174 211 226 274 323 
4659	326 
4660	21 69 112 151 212 270 299 
4661	164 
4662	226 
4663	201 
4664	154 
4665	235 
4666	45 
4667	269 
4668	141 
4669	154 
4670	227 
4671	103 
4672	137 
4673	240 
4674	212 
4675	279 
4676	31 
4677	136 
4678	61 
4679	186 
4680	154 
4681	207 
4682	46 
4683	64 
4684	324 
4685	277 
4686	185 
4687	19 
4688	180 
4689	137 
4690	30 
4691	131 
4692	25 66 131 226 239 275 279 
4693	21 
4694	46 
4695	317 
4696	253 
4697	21 
4698	82 
4699	317 
4700	66 
4701	82 
4702	234 
4703	227 
4704	270 
4705	115 
4706	180 
4707	31 41 107 166 217 235 317 
4708	164 
4709	107 
4710	185 
4711	56 
4712	141 
4713	30 35 76 130 172 269 303 
4714	177 
4715	217 
4716	167 
4717	261 
4718	129 
4719	110 
4720	118 
4721	282 
4722	227 
4723	50 
4724	227 
4725	217 
4726	282 
4727	277 
4728	2 4 66 129 221 285 322 
4729	43 
4730	217 
4731	43 
4732	269 
4733	279 
4734	270 
4735	36 92 123 165 196 226 322 
4736	315 
4737	32 66 154 170 206 207 212 
4738	107 
4739	38 64 67 159 225 244 315 
4740	326 
4741	118 
4742	164 
4743	31 
4744	281 
4745	221 
4746	55 
4747	88 
4748	296 
4749	84 
4750	239 
4751	158 
4752	162 
4753	207 
4754	19 
4755	162 
4756	15 
4757	31 
4758	277 
4759	235 
4760	56 
4761	15 
4762	164 
4763	91 101 109 195 280 312 326 
4764	177 
4765	103 
4766	122 
4767	34 112 169 260 263 286 322 
4768	261 
4769	217 
4770	323 
4771	239 
4772	71 160 163 183 224 260 284 
4773	285 
4774	72 
4775	129 
4776	217 
4777	221 
4778	190 
4779	41 
4780	50 
4781	123 
4782	85 
4783	107 
4784	131 
4785	263 
4786	279 
4787	118 
4788	154 
4789	177 
4790	69 
4791	64 
4792	201 
4793	269 
4794	136 
4795	14 31 185 212 250 253 277 
4796	166 
4797	115 
4798	38 91 103 174 243 309 322 
4799	207 
4800	167 
4801	270 
4802	180 
4803	26 37 157 212 269 290 323 
4804	14 
4805	30 
4806	34 
4807	7 35 53 101 177 180 305 
4808	79 81 136 175 229 253 257 
4809	271 
4810	239 
4811	50 
4812	17 
4813	71 
4814	43 149 229 240 248 261 324 
4815	118 149 243 250 272 315 327 
4816	110 
4817	71 
4818	317 
4819	19 50 67 114 171 175 273 
4820	30 33 106 137 223 287 312 
4821	79 121 182 183 220 225 295 
4822	70 104 140 154 201 258 301 
4823	227 
4824	248 
4825	137 
4826	46 171 180 221 267 275 283 
4827	214 
4828	185 
4829	201 
4830	84 
4831	323 
4832	186 
4833	21 
4834	201 
4835	8 15 73 82 213 269 283 
4836	271 
4837	285 
4838	19 61 75 137 147 197 269 
4839	136 
4840	166 
4841	221 
4842	84 
4843	84 
4844	239 
4845	71 
4846	279 
4847	158 
4848	277 
4849	239 
4850	315 
4851	136 171 172 175 226 274 289 
4852	17 
4853	45 
4854	45 
4855	91 92 125 158 159 170 290 
4856	34 
4857	41 
4858	281 
4859	259 
4860	13 
4861	41 129 146 175 220 247 268 
4862	225 
4863	57 79 241 258 263 298 323 
4864	171 
4865	53 
4866	227 
4867	240 
4868	139 
4869	84 
4870	229 
4871	15 
4872	45 174 183 242 296 315 330 
4873	227 
4874	225 
4875	35 96 149 227 254 278 314 
4876	261 
4877	46 
4878	34 
4879	21 28 52 76 129 165 269 
4880	53 62 102 103 122 166 259 
4881	112 
4882	258 
4883	315 
4884	15 
4885	80 
4886	136 
4887	258 
4888	15 
4889	41 
4890	53 74 81 121 163 244 283 
4891	240 
4892	142 
4893	261 
4894	221 
4895	142 
4896	326 
4897	329 
4898	21 
4899	13 
4900	315 
4901	317 
4902	329 
4903	75 123 154 183 193 229 273 
4904	201 
4905	111 153 182 227 262 276 317 
4906	129 
4907	326 
4908	55 
4909	1 5 112 128 190 245 281 
4910	175 
4911	227 
4912	136 
4913	201 
4914	110 115 140 237 261 275 322 
4915	11 67 158 193 236 324 328 
4916	107 
4917	270 
4918	21 107 118 128 215 233 268 
4919	186 
4920	277 
4921	190 
4922	55 82 105 189 201 269 311 
4923	326 
4924	31 51 117 137 188 209 271 
4925	129 
4926	35 72 87 100 136 193 311 
4927	277 
4928	38 
4929	17 69 79 85 88 162 279 
4930	83 147 150 231 288 304 317 
4931	71 
4932	71 
4933	28 49 83 147 173 269 314 
4934	2 38 71 164 203 226 298 
4935	71 
4936	65 84 146 190 239 242 272 
4937	221 
4938	53 
4939	45 
4940	53 
4941	285 
4942	53 
4943	139 
4944	317 
4945	279 
4946	270 
4947	37 41 45 197 240 261 284 
4948	43 68 139 163 186 240 272 
4949	85 
4950	158 
4951	80 
4952	45 
4953	136 
4954	15 
4955	15 83 105 139 172 238 244 
4956	326 
4957	185 
4958	166 
4959	323 
4960	269 
4961	221 
4962	13 80 103 186 212 219 329 
4963	29 59 74 142 268 318 323 
4964	34 45 72 126 129 147 277 
4965	207 
4966	227 
4967	21 53 64 91 126 137 281 
4968	139 
4969	15 
4970	38 
4971	50 209 237 240 271 297 305 
4972	38 
4973	207 
4974	281 
4975	15 53 112 150 182 225 254 
4976	221 
4977	279 
4978	175 
4979	279 
4980	2 13 55 63 172 183 235 
4981	139 
4982	207 
4983	46 56 58 191 254 281 289 
4984	269 
4985	167 
4986	137 
4987	281 
4988	175 
4989	30 
4990	85 93 108 137 139 235 284 
4991	45 
4992	19 166 176 210 248 251 304 
4993	269 
4994	281 
4995	198 211 213 268 271 274 294 
4996	45 
4997	45 
4998	14 123 129 138 190 205 217 
4999	137 
5000	4 16 133 160 190 245 256 
