1 4183
2 3743
3 4904
4 4216
5 3906
6 4545
7 2357
8 4696
9 3399
10 4023
11 4816
12 4344
13 4045
14 1917
15 3807
16 4900
17 4324 4906
18 4774
19 4560
20 4950
21 4602
22 4201 4455
23 4195
24 3792
25 3696
26 3320
27 3591
28 4900
29 3878
30 3415
31 4916
32 4906
33 4324
34 4239
35 4757
36 4252
37 4877
38 4474
39 4560
40 4023
41 4941
42 4517
43 4535
44 4759
45 3656
46 4485
47 2938
48 3437
49 1240
50 4824
51 2056
52 4788
53 4784
54 3139
55 2680 3792 4312
56 4358
57 4836
58 3415
59 4602
60 4240
61 4462
62 4950
63 4898
64 3715 4544 4668
65 4966
66 4908
67 4644
68 4759
69 4874
70 4989
71 3869
72 4957
73 4919
74 3940
75 3436
76 4583
77 2637
78 4953
79 4842
80 4183
81 2141
82 4087 4827
83 3134
84 2942
85 4999
86 3994 4324 4766
87 4959
88 4578
89 3160
90 3574
91 4325
92 4485
93 4766
94 2949
95 2218
96 4668
97 4324 4517
98 3742
99 2326 4674 4946
100 3090 4892
101 4887
102 4759
103 4616
104 4674
105 4898
106 4616
107 4892
108 4781
109 4898
110 4570
111 4236
112 2025 3945 4240
113 3565
114 4542
115 4908
116 4951
117 4674
118 4041
119 4958
120 4236 4290 4935
121 4747
122 3907
123 3142
124 4900
125 3906
126 3114
127 4969
128 4762
129 4528
130 4762
131 3360
132 4881
133 4959
134 4755
135 3906
136 3754
137 4985
138 3729
139 1455
140 4892
141 1445 2916 3090
142 4836
143 3288
144 1487
145 3792
146 4535
147 2936 3907 3945 4041
148 3538
149 3142
150 3352
151 4319
152 4517
153 3606
154 4940
155 4415
156 2931 4766
157 4315
158 2038 2343
159 4668
160 3713
161 4899
162 3742
163 4041
164 3168
165 2855
166 4382
167 4291
168 4797
169 4985
170 4921
171 4358
172 3408
173 4827
174 3656
175 4874
176 2218
177 4762
178 4774 4970
179 4874
180 4988
181 4958
182 4951
183 3729
184 4159
185 4545
186 4345
187 4668
188 3606
189 3139
190 4757
191 2680
192 4889
193 4780
194 1514
195 3391
196 4766
197 4637
198 4648
199 3525
200 4345
201 4784
202 3369
203 2628
204 3752
205 4748
206 4239 4893 4949 4989
207 3354
208 4887 4892
209 3774
210 4684
211 4379
212 4637
213 4824
214 3090
215 1487
216 2197 2367
217 4901
218 4842
219 3329
220 1917
221 4870
222 2490
223 3206
224 4870
225 3878
226 2936
227 4701
228 4940
229 4898
230 4195
231 4182
232 2680 2936 3752 4201
233 4927
234 4874
235 2103 2272
236 3352 3360 3871 4401
237 4899
238 4887
239 4470
240 3646 4134 4535
241 3820
242 4766
243 1855
244 4702
245 4950
246 3690
247 4578
248 4322
249 4474
250 1240
251 4916
252 4908
253 4988
254 4721
255 4648
256 3648
257 4950
258 4205
259 2789
260 3354
261 4802
262 3538
263 4824
264 4528
265 4202
266 3048 4788
267 3717
268 4583
269 3329 3940
270 4312 4535 4731
271 4528
272 4585
273 4159
274 4993
275 4887
276 4979
277 3132
278 4791
279 3774
280 4205
281 2839
282 3807
283 3717
284 3476
285 4957
286 4906
287 4836
288 4953
289 2437
290 2774
291 3474
292 3048
293 4994
294 2840
295 4757
296 2942
297 4774
298 2628
299 4585
300 1500 4757 4892
301 3249
302 3953
303 4247
304 4505
305 3139
306 4462
307 4970
308 4852
309 3369
310 3621
311 4325 4542
312 4836
313 4087
314 4045
315 4956
316 4766
317 4892
318 4375
319 4956
320 4240
321 4859
322 4985
323 4836
324 3792
325 4997
326 3415
327 4696
328 3369
329 4500
330 4702
331 3555 3648
332 4893
333 1895
334 4874
335 4542
336 2789
337 4668
338 4199
339 4870
340 4182
341 2198
342 4946
343 3906 4852
344 4711 4877
345 4236
346 4902
347 4791
348 4784
349 2272
350 4762
351 2624 4278
352 4941
353 3320
354 3171
355 3063
356 4182
357 4602
358 3360 4061 4898
359 4747
360 3408
361 3646
362 4999
363 4797
364 4893
365 4949
366 4802
367 3646 4025
368 3137 3820 3940
369 4790
370 3752
371 4358
372 4997
373 4240
374 4004
375 4252
376 4375
377 2822
378 3993
379 4906
380 3729
381 4941
382 3251
383 4444
384 4182
385 4654
386 1487 2822 3605
387 1455
388 3639 4216
389 4731
390 4881
391 4236
392 2648
393 4668
394 3621
395 4202
396 4852
397 3673
398 4748
399 3717
400 2637
401 3137
402 1855
403 4859
404 4769
405 2789
406 2565 3168 3635
407 4849
408 4959
409 2218
410 4545
411 4335
412 3752
413 2550
414 3044 3206 4117
415 4836
416 4335
417 4842
418 3554 3597 4648
419 4908
420 4946
421 4979
422 2912
423 4322
424 3806
425 2437 3635 4043
426 3525 4958
427 4309
428 4639
429 4919
430 2343
431 4981
432 4045
433 4901
434 3329
435 4791
436 4720
437 2197
438 4655
439 4921
440 3639
441 2936
442 3693
443 4345
444 4887
445 4319
446 2056
447 4542
448 3538 4401
449 4989
450 4278 4345
451 1445
452 4668
453 3673
454 2367
455 3106
456 4766
457 4970
458 4639
459 2648
460 4762
461 4842
462 3543
463 2186 2624
464 4785
465 3191
466 2949
467 4462
468 4554
469 1855
470 4159
471 4278
472 3436
473 4877
474 3044
475 4765
476 4032
477 4102
478 3137
479 2483
480 4102
481 2141
482 3953
483 2938 4535
484 4892
485 3953
486 4312 4545 4956
487 4731
488 4976
489 3690
490 3061 3555 4041
491 4474
492 4247
493 4859
494 3873
495 4849
496 3553 3806 4446
497 4953
498 2103
499 4781
500 3139
501 2528 3639 3696 4827
502 4554
503 3928
504 3142
505 4949
506 4816
507 2565
508 4852
509 4979
510 4375
511 3399 4018
512 4252
513 3928
514 4842
515 4791
516 3792
517 4748
518 2025
519 4195
520 4959
521 4247
522 4891
523 3106 3168 3690 4183
524 2680
525 3474
526 4976
527 4949
528 3476 4080 4284
529 4754
530 4916
531 3869
532 4994
533 3940 4827 4889 4916 4956
534 4959
535 4309
536 2528
537 3457
538 2343
539 1999 4134 4684
540 3634
541 4785
542 4893
543 4958
544 2840 3715 3867
545 4159
546 2637
547 4642
548 1999
549 1487
550 3320
551 3807
552 4757
553 3538
554 4949
555 4997
556 4205
557 3436
558 3360
559 4887
560 3408
561 2909
562 3538
563 4344
564 2394
565 1455 2931 3907
566 4570
567 4616
568 2789
569 4988
570 1240 2936 4951
571 4755
572 4908
573 3820
574 4959
575 3713
576 2789
577 3696
578 4637
579 4674 4700
580 3867
581 4702
582 4790
583 4462
584 3354
585 4969
586 4309
587 3597 3689 4993
588 1514
589 3635
590 4921
591 2944
592 3807
593 2357
594 4505
595 4278
596 4319
597 2367
598 4554
599 4470
600 3717
601 3598
602 4935
603 2490
604 3940
605 3288
606 3591
607 4979
608 4662
609 3743
610 3953
611 4668
612 3721
613 4216
614 3160
615 4309
616 4290
617 4324
618 3538
619 4981
620 1514
621 3369
622 3993
623 3634 4485
624 3381
625 4900
626 4784
627 4639
628 2272
629 4485 4784
630 4957
631 2680
632 4802
633 4252
634 3940
635 1901
636 4080
637 4898
638 4004
639 4946
640 3867
641 3871
642 3114
643 3360 4310
644 1999
645 4997
646 4976
647 2038
648 4240
649 3721
650 4985
651 1500
652 3994
653 2628
654 4985
655 3360
656 4790
657 3940 4757
658 4950
659 1917
660 4856
661 1478
662 2490
663 4731 4781
664 4842
665 4988
666 4240
667 4887
668 2986
669 4134
670 4291
671 4946
672 4927
673 1999 4239 4678
674 4252
675 4959
676 4711
677 3251 3597
678 4959
679 4816
680 4711
681 3634
682 4500
683 4637
684 4976
685 1487
686 2550 3184 4184 4312
687 4852
688 4785
689 4842
690 2628
691 4901
692 1487
693 4205
694 1240 3251
695 4766
696 4864
697 3352
698 2707
699 4080
700 4856
701 4655
702 3391 3754 4216
703 4769
704 4747
705 4554
706 3634
707 3137
708 3399
709 4585
710 3415
711 3690
712 4802
713 4901
714 1999 3222 3693 4240
715 4748
716 4668
717 4382
718 4899
719 1855
720 4780
721 4637
722 2197
723 4842
724 4462
725 4946
726 3605
727 4505
728 3721
729 4585
730 4309
731 4755
732 4797
733 4852
734 4631 4827
735 3408
736 4701
737 4985
738 2266
739 3871
740 4797
741 4043
742 4644
743 2931 3591
744 4041
745 4654
746 2550
747 4578
748 3967
749 3565
750 2272
751 3945
752 4759 4949
753 4535
754 2266
755 2774
756 4678
757 3945
758 3806 4312 4335
759 3792
760 4674
761 4852
762 4921
763 2855
764 4080
765 2944
766 4870
767 4102
768 3139 3994 4239
769 4946
770 3288
771 4985
772 3673
773 4004
774 3048 3142 3967
775 3354
776 2648 4278
777 4958
778 4747
779 3656 4535 4544
780 4639
781 4874
782 4941
783 2675
784 4247
785 4856
786 4462
787 4004
788 4517
789 4856
790 3329 3555 4827
791 4642
792 3713
793 4018
794 4025
795 4554
796 4827
797 4358
798 1445
799 4290
800 4993
801 4893
802 3139 4202
803 4446
804 4415
805 4852
806 4637
807 4893
808 4802
809 4043
810 4941
811 4655
812 4788
813 4642
814 4859
815 4441
816 1445
817 4216
818 2628
819 3142 3713 4804
820 3320
821 4025
822 4999
823 4441
824 4322 4654 4891
825 3713
826 4474
827 4988
828 4500
829 3752 4637 4702 4969
830 4836
831 4025
832 2343 3752
833 4043 4700 4940 4956
834 3646 4278 4906
835 3873
836 4545
837 4797
838 4535
839 2986
840 4754
841 4881
842 4970
843 4721
844 3352 3752
845 4856
846 4904
847 1500
848 3648
849 4720
850 4836
851 4310
852 4754
853 4842
854 4319
855 4908
856 2675 3391
857 4696
858 4958
859 4041
860 4956
861 4639
862 4790
863 4309
864 4762
865 4500
866 3360
867 4859
868 2141
869 4202
870 4966
871 2624 3555 3752
872 4312
873 1961
874 4310 4382
875 4791
876 4309
877 4684
878 4290
879 3554 3635 4804
880 3752
881 4916
882 2931
883 4345
884 3538
885 4981
886 4921
887 3873
888 4946
889 4958
890 3538
891 2025
892 3729
893 4184
894 4375
895 3222
896 4759
897 4804
898 4790
899 3743
900 4701 4908 4988
901 1500
902 4018
903 4578
904 4780
905 3953 4324
906 4988
907 4899
908 3399
909 2367 2931 3606
910 2996 3928 4310
911 3696
912 1855
913 4900
914 3605
915 2909
916 4789
917 4602
918 4358
919 4781
920 1855
921 4902
922 4898
923 4535
924 3414
925 3044 3063
926 4892
927 4517
928 4791
929 2954
930 2628 3044
931 3168
932 4696
933 4748
934 3690
935 3774
936 3713
937 4700
938 2840
939 4702
940 3867 3907 4004
941 3137
942 3320
943 4159
944 4639
945 3940
946 4859
947 4025
948 4205
949 4827
950 3639 3693 3696
951 4993
952 3713 4578
953 4950
954 3878
955 4322
956 2103 3288
957 4852
958 4966
959 2326 2905 3555 3752
960 2197
961 4982
962 4639
963 4889
964 4637
965 4982
966 2931 3063
967 4919
968 3938
969 4904
970 2916 3222
971 4982
972 3525
973 4485
974 4700
975 4720
976 2949
977 2648 3565
978 4284
979 4989
980 2141
981 3206
982 4018
983 4902
984 1895
985 1478
986 1961 2565
987 4684
988 4080
989 4904
990 3399
991 4312
992 4979
993 4906
994 2367
995 2141
996 4804
997 4919
998 4989
999 1240 3134 4887
1000 4441
1001 4994
1002 4956
1003 4309
1004 4570
1005 4500
1006 4310
1007 4560 4790 4852
1008 4043
1009 4117
1010 4816
1011 2394
1012 2266 3090
1013 1455
1014 2936 4757 4889 4997
1015 4678
1016 4102
1017 3543
1018 4874
1019 4976
1020 4824
1021 4887
1022 1445 2038 2186
1023 4043
1024 2628
1025 4560
1026 3715
1027 4446
1028 3752
1029 4994
1030 4696
1031 3436
1032 3222
1033 2905 4183 4312
1034 4544
1035 4379
1036 4004
1037 4721
1038 1487 2707 3160
1039 4517
1040 4916
1041 2942 4919
1042 4993
1043 2936
1044 3090
1045 1901 4585
1046 3994 4375
1047 4202
1048 4474
1049 4953
1050 3114
1051 4642
1052 3329 3369 3598 3807
1053 4966
1054 4906
1055 3090
1056 2326 4748
1057 4415
1058 4957
1059 4545
1060 4802
1061 3646 3690 4309
1062 4993
1063 4966
1064 4790
1065 3820 4949 4989
1066 4674
1067 4284
1068 3044
1069 4284
1070 4583
1071 4976
1072 4134
1073 4891
1074 4644
1075 4648
1076 3673 4379
1077 4898
1078 2528
1079 4985
1080 2822
1081 4324
1082 3525
1083 4159
1084 3869
1085 4789
1086 3906
1087 1901
1088 3206
1089 4935
1090 4892
1091 3090
1092 4455
1093 2437
1094 4500
1095 4904
1096 4877
1097 2266
1098 4985
1099 4474
1100 4874
1101 4032
1102 4864
1103 4721
1104 4916
1105 3474
1106 4959
1107 2905 2912 4025
1108 4655
1109 3713 4312
1110 4824
1111 4195
1112 3878
1113 2197
1114 3184 4345
1115 4616
1116 4881
1117 4315 4351 4921 4989
1118 3869
1119 3538
1120 4842
1121 2343
1122 4702
1123 2789
1124 3635
1125 4976
1126 3399
1127 3206 4985
1128 3945
1129 4570
1130 4870
1131 4202
1132 1855
1133 3437
1134 4916
1135 3206
1136 2938 4080
1137 4655
1138 3437
1139 3044
1140 4950
1141 4908
1142 2528
1143 3106 3134 3693
1144 3538
1145 2637
1146 4901
1147 4554
1148 4784
1149 4485
1150 1901 3873 4183
1151 2774 4444
1152 4441
1153 3574
1154 4981
1155 4951
1156 2675 3048
1157 1500
1158 4859
1159 4891
1160 4985
1161 4856
1162 4969
1163 3871
1164 4899
1165 4899
1166 4765
1167 2949 4023
1168 4908
1169 2326
1170 4899
1171 4780
1172 4989
1173 4985
1174 2437
1175 1478
1176 2707
1177 1455
1178 3938
1179 4312
1180 4993
1181 4976
1182 4958
1183 2949
1184 4335
1185 4940
1186 2931 3867 4446
1187 4891
1188 2056
1189 2266 4616
1190 4906
1191 4957
1192 4804
1193 4291
1194 1961
1195 4379
1196 2628
1197 4941
1198 4721
1199 4184
1200 4957
1201 2637
1202 4970
1203 4908
1204 4999
1205 3792
1206 3938
1207 2938
1208 4824
1209 3061 3320 3391 3774
1210 3049
1211 4791
1212 3184
1213 4485
1214 4906
1215 4631
1216 4785
1217 4856
1218 4940
1219 4240
1220 4747
1221 3288 3476
1222 4762
1223 4859
1224 4906
1225 4774
1226 4678
1227 3132
1228 3139
1229 4325
1230 4956
1231 4784
1232 2038
1233 3106 4946 4953
1234 3648 4159 4644
1235 4291
1236 4585
1237 3605
1238 4957
1239 2949
1240 1240
1241 1487 3354
1242 4957
1243 4959
1244 4043
1245 4969
1246 4310
1247 1514
1248 4315
1249 3554
1250 3742
1251 4182 4668 4678
1252 4797
1253 2905
1254 4981
1255 4824
1256 3191
1257 3160
1258 4444
1259 4870
1260 4898
1261 4927
1262 4748
1263 3329
1264 4747
1265 4545
1266 4117
1267 4061
1268 2936 4041 4528
1269 4893
1270 3648
1271 3415
1272 3415
1273 4958
1274 2141
1275 4892
1276 2367 3222
1277 4159 4662 4889 4988
1278 4976
1279 2912
1280 4616
1281 4757
1282 3408
1283 4902
1284 2944
1285 4711
1286 2774
1287 4216
1288 4788
1289 4958
1290 4790
1291 3673
1292 4668 4762 4784 4935 4941 4985
1293 4441
1294 2198
1295 4674
1296 2367
1297 3792
1298 4470
1299 3717
1300 4102
1301 2056
1302 3414
1303 3061
1304 4999
1305 4500
1306 4966
1307 4827
1308 4674
1309 2326
1310 4902
1311 4950
1312 4415
1313 3673 4134
1314 4674
1315 4701
1316 1917
1317 3184
1318 3061 4358 4535
1319 4240
1320 4791
1321 4856
1322 4284
1323 3063
1324 2789
1325 3320
1326 3391
1327 3871
1328 4747
1329 4802
1330 4315
1331 3878
1332 4578
1333 4236
1334 3873
1335 4784
1336 3873
1337 4195
1338 4901
1339 4901
1340 4893
1341 2675
1342 2565
1343 2628
1344 4804
1345 2367 4345
1346 4240
1347 4956
1348 4827
1349 3639
1350 4997
1351 3048
1352 4902
1353 3437
1354 3696
1355 3399
1356 1478
1357 4842
1358 3648
1359 4988
1360 4941
1361 3354
1362 2528
1363 4859
1364 4159
1365 4310
1366 4946
1367 4919
1368 4940
1369 4950
1370 3729
1371 3993
1372 4982
1373 4979
1374 2483
1375 4639
1376 4462
1377 4748
1378 4836
1379 4940
1380 4335
1381 4949
1382 3729
1383 3635
1384 4700
1385 3457
1386 3597
1387 4462
1388 4184
1389 4701
1390 4852
1391 4765
1392 2949
1393 4887
1394 4648
1395 4668
1396 3713
1397 4859
1398 2789
1399 2198
1400 4864
1401 2954 4570
1402 4043
1403 4325
1404 4791
1405 4864
1406 4748
1407 3352 3656 4159
1408 4696
1409 4554
1410 2197 3940 4240
1411 4542
1412 3191
1413 4797
1414 4462
1415 4045
1416 4780
1417 4315
1418 4956
1419 3807
1420 3288
1421 4797
1422 3729
1423 3591 4344
1424 3132
1425 1514
1426 3656 4662
1427 2394
1428 4315
1429 3752
1430 2986
1431 4958
1432 4881
1433 4236
1434 4087
1435 3249
1436 4309
1437 4702
1438 4893
1439 2916
1440 3634
1441 4345
1442 4870
1443 2550
1444 4639
1445 1445
1446 4312
1447 4700
1448 4887
1449 4781
1450 4988
1451 2840
1452 4889
1453 4956
1454 4780
1455 1455
1456 4893
1457 2944
1458 4216 4642
1459 4351
1460 4836
1461 2707
1462 3414 3993 4199 4900 4989
1463 4788
1464 4951
1465 1500
1466 4310
1467 2025
1468 4921
1469 4240
1470 3184
1471 2637
1472 2916
1473 4891
1474 4711
1475 4278
1476 2628
1477 4528
1478 1478
1479 2938
1480 4956
1481 4916
1482 4080
1483 3408 3867 4240
1484 2326
1485 4721
1486 3360
1487 1487
1488 4989
1489 3554
1490 4859
1491 3354
1492 4616
1493 4784
1494 4781
1495 4134
1496 4711
1497 4899
1498 4061
1499 4674
1500 1500
1501 4201
1502 3191
1503 3114
1504 3436
1505 2938
1506 4182
1507 3634
1508 4505
1509 4988
1510 2742 2822 3938 4731
1511 4881
1512 3574 4916
1513 4025
1514 1514
1515 3415
1516 2357
1517 4953
1518 4470
1519 4889
1520 3715
1521 4921
1522 4766
1523 3621
1524 4946
1525 4870
1526 3137
1527 4901
1528 4474
1529 4236
1530 2938
1531 2272
1532 4545
1533 2774 4444
1534 3994
1535 4309
1536 4836
1537 4979
1538 3639
1539 4856
1540 4754
1541 2942
1542 4310
1543 3555
1544 4345
1545 3743
1546 4874
1547 4994
1548 4949
1549 4517
1550 4335
1551 4315
1552 4309
1553 4999
1554 4856
1555 3752
1556 4517
1557 4982
1558 2025
1559 4791
1560 4836
1561 3646
1562 4517
1563 4631
1564 4877
1565 4999
1566 4791
1567 4731
1568 2550
1569 4988
1570 2912
1571 2624 3906 4134 4757 4921
1572 4239
1573 3269
1574 4906
1575 2996
1576 4946
1577 4080
1578 4310
1579 3543
1580 3721
1581 3689 4870 4958 4988
1582 3090
1583 4999
1584 4780
1585 2944
1586 4500
1587 4881
1588 4908
1589 4949
1590 2648
1591 4874
1592 4560
1593 4958
1594 3605
1595 4721
1596 3869
1597 3191
1598 1895
1599 3352
1600 4578
1601 4852
1602 4997
1603 3967
1604 4935
1605 4045
1606 4769
1607 3269
1608 4648
1609 4759
1610 2637 2839 4080
1611 2141
1612 4849
1613 4881
1614 3457
1615 4382
1616 4004
1617 4950
1618 3249
1619 3142
1620 4655
1621 3869
1622 1514
1623 4759
1624 4696
1625 4859
1626 4517
1627 4784
1628 4755
1629 2840 4315 4375
1630 1240 3754
1631 4966
1632 4785
1633 4824
1634 4528
1635 4345
1636 4117
1637 4644
1638 4528
1639 4874
1640 2774
1641 4240
1642 4648
1643 3474
1644 4951
1645 4957
1646 4061
1647 4602
1648 4325
1649 4205
1650 4899
1651 4940
1652 2938
1653 3807
1654 4842
1655 4544
1656 3742
1657 4953
1658 4859
1659 4345
1660 3967
1661 4631
1662 3206
1663 4941
1664 4849
1665 4982
1666 4919
1667 4080 4379
1668 1500 3754
1669 4446
1670 4134
1671 3555
1672 4785
1673 4500
1674 3044 3360 4025 4102
1675 3953
1676 4916
1677 4982
1678 3591
1679 4517
1680 4785
1681 2565
1682 1500
1683 2394
1684 4797
1685 4290
1686 4583
1687 4041
1688 4655
1689 4997
1690 4874
1691 4757
1692 4797
1693 3436
1694 4759
1695 2637
1696 2218
1697 4901
1698 4898
1699 3774
1700 3436
1701 4748
1702 4757
1703 4018
1704 3171 3656 4117 4344
1705 4859
1706 4470
1707 4755
1708 4836
1709 3360
1710 3391
1711 4759
1712 4994
1713 2357
1714 4757
1715 2954
1716 4898
1717 3399
1718 1455
1719 2909
1720 4898
1721 4949
1722 4774
1723 2038
1724 4344
1725 2855
1726 4953
1727 4887
1728 4891
1729 4747
1730 2141
1731 4560 4780 4881 4946 4985
1732 4994
1733 3598
1734 4470
1735 4874
1736 3139
1737 4184
1738 4874
1739 4748
1740 4462
1741 2936 4216
1742 4870
1743 4312
1744 2822
1745 4976
1746 4970
1747 4994
1748 3142
1749 4898
1750 3867
1751 2550
1752 4780
1753 2954 4184
1754 1961
1755 3867
1756 4957
1757 4904
1758 4560
1759 3553
1760 3967
1761 2550 2789 3061 3063
1762 4711
1763 4023
1764 4906
1765 4891
1766 4528
1767 4023
1768 4759
1769 4545
1770 2648
1771 4505
1772 3565
1773 4631
1774 3742
1775 4655
1776 1500
1777 3907
1778 4291
1779 4639
1780 4994
1781 4989
1782 4700
1783 2272
1784 4797
1785 4781
1786 4701
1787 4780
1788 4721
1789 4901
1790 1917 3063
1791 4898
1792 3106
1793 4117
1794 4654
1795 4951
1796 3414
1797 4956
1798 4893
1799 4997
1800 4950
1801 3774
1802 4654
1803 4043
1804 3774
1805 4696
1806 4957
1807 3774
1808 2565 3574 3774
1809 4322
1810 3553
1811 3436
1812 4966
1813 4784
1814 4700
1815 2936
1816 3184 4309
1817 4018
1818 4455
1819 3391
1820 3269
1821 4309
1822 4642
1823 2394
1824 4842
1825 4969
1826 3436
1827 4631
1828 1514
1829 3414 4401
1830 1999
1831 3690
1832 3554
1833 4759
1834 4025
1835 4018
1836 2936
1837 4711
1838 2742
1839 4791
1840 4474
1841 2822
1842 4842
1843 4981
1844 4639
1845 3329 4202
1846 4842
1847 2266 3063 3715 4893
1848 4774
1849 4205
1850 4252
1851 4765
1852 4755
1853 4900
1854 4769
1855 1855
1856 4958
1857 4662
1858 4969
1859 4678
1860 4696
1861 4979
1862 4291
1863 4678
1864 1895
1865 4309
1866 4941
1867 3743
1868 4941
1869 3646
1870 4637
1871 4202
1872 2839
1873 3048
1874 4545
1875 4545
1876 3967
1877 4720
1878 4696
1879 3574 4485
1880 4655
1881 4117
1882 3621
1883 3538
1884 3399
1885 4322
1886 4700
1887 3754
1888 4789
1889 4344
1890 4554
1891 4291
1892 4747
1893 4639
1894 4252
1895 1895
1896 4578
1897 2742
1898 4032
1899 3457
1900 4951
1901 1901
1902 2025
1903 3867
1904 4957
1905 4702
1906 4979
1907 4578
1908 4836
1909 2680
1910 4535
1911 1445
1912 2912
1913 4087
1914 4969
1915 1917
1916 4319
1917 1917
1918 4032
1919 4711
1920 4310
1921 4993
1922 4639
1923 4856
1924 4474
1925 4662
1926 4684
1927 3807
1928 4702
1929 3994
1930 3754 3994 4290
1931 4375
1932 2789
1933 1855 2186
1934 4755
1935 4662
1936 4199
1937 4325
1938 3729
1939 4935
1940 2628 3044 3142
1941 4310
1942 4804
1943 4236
1944 4950
1945 4999
1946 2938 2996 3437 4535
1947 4462
1948 2490
1949 4560
1950 2367 4517
1951 4455
1952 3690
1953 3437
1954 3114
1955 2789 3806
1956 4045
1957 2343
1958 4789
1959 3867 4184 4731 4781
1960 3555
1961 1961
1962 1514 2855 3554
1963 4583
1964 4585
1965 3635
1966 4921
1967 4654
1968 3945
1969 4731
1970 4117
1971 4102
1972 4877
1973 4470
1974 3137
1975 4901
1976 4528
1977 3134
1978 3938
1979 4644
1980 4949
1981 4134
1982 3693
1983 4322
1984 4784
1985 3673
1986 3354
1987 4951
1988 2840
1989 4981
1990 4788
1991 3967
1992 4765
1993 3191
1994 4642
1995 3457
1996 4901
1997 4570
1998 4312
1999 1999
2000 4401
2001 1487
2002 3191
2003 2528
2004 3269
2005 4004
2006 2840 2942 4043
2007 4018
2008 2490
2009 4702
2010 2909 4278 4446
2011 3945
2012 2944
2013 4720
2014 3754
2015 2707 3139 3538 4041 4528
2016 4852
2017 3171
2018 4700
2019 4247
2020 4940
2021 3752
2022 4979
2023 4904
2024 4239
2025 2025
2026 4216
2027 4953
2028 3906
2029 4441
2030 4935
2031 3639
2032 2942 3806 4240 4446
2033 4999
2034 3696 3715 4023 4517
2035 4731
2036 4993
2037 4554
2038 2038
2039 4958
2040 4061
2041 4441
2042 3134
2043 4969
2044 4940
2045 2637
2046 4849
2047 3063
2048 2550
2049 4240
2050 4585
2051 4662
2052 4662
2053 4754
2054 3597
2055 1855
2056 2056
2057 4849
2058 4205
2059 4018
2060 4004
2061 4754
2062 4711
2063 2056 3538
2064 3873
2065 2357
2066 4892
2067 4696
2068 3721
2069 3538
2070 1895 3869 4183
2071 4701
2072 4291
2073 2437
2074 4239
2075 4904
2076 4953
2077 4827
2078 2272 2628 3249 3269
2079 3940
2080 4747
2081 4849
2082 2326 3191 3597
2083 3606
2084 2905 2942 3693 4919
2085 3689
2086 4979
2087 4981
2088 2343 4087 4240
2089 2996 3591 4278
2090 2483
2091 3251
2092 4585
2093 4315
2094 4441
2095 2186 3543 4247
2096 2367
2097 4940
2098 4474
2099 3993
2100 4239
2101 4889
2102 3251
2103 2103
2104 4678
2105 2637
2106 4774
2107 4765
2108 4901
2109 4988
2110 4891
2111 4485
2112 1901 2628
2113 4985
2114 2272
2115 3928
2116 2938
2117 4236
2118 2949
2119 4921
2120 2056
2121 4881
2122 4748
2123 2912
2124 4759
2125 4312
2126 4485
2127 4906
2128 4134
2129 3648
2130 4583
2131 3222
2132 3621
2133 4951
2134 4415
2135 2038
2136 4375
2137 4949
2138 2931
2139 4870
2140 4780
2141 2141
2142 4382
2143 2186
2144 4762
2145 3967
2146 4979
2147 3994
2148 4919
2149 4994
2150 4970
2151 4485
2152 4616
2153 4401
2154 4721
2155 3940
2156 4517
2157 4655
2158 3940
2159 4951
2160 4754
2161 2742
2162 4970
2163 4757
2164 4315
2165 4951
2166 3137
2167 3106
2168 4528
2169 3873
2170 4881
2171 4941
2172 4505
2173 4802
2174 1500
2175 2909
2176 2909 3635 4877
2177 4585
2178 4182
2179 4700
2180 1455 1895
2181 4731
2182 4446
2183 4899
2184 3690
2185 4415
2186 2186
2187 4375
2188 4182
2189 4684
2190 4900
2191 4774
2192 4958
2193 4642
2194 4702
2195 4769
2196 3391 3994 4061 4474
2197 2197
2198 2198
2199 4957
2200 4949
2201 2916
2202 4979
2203 4970
2204 4061
2205 3673
2206 3191
2207 4769
2208 4455
2209 4950
2210 4979
2211 3713
2212 3953
2213 3806
2214 4182
2215 4902
2216 4824
2217 4949
2218 2218
2219 4985
2220 3206
2221 4462
2222 4560
2223 4892
2224 2909
2225 4989
2226 4870
2227 3134 3721 4023
2228 4969
2229 4970
2230 4994
2231 4791
2232 2931
2233 4648
2234 4900
2235 4545
2236 3188
2237 4979
2238 3634
2239 3251 4284 4631 4678 4921
2240 2528
2241 3871
2242 4780
2243 4462
2244 4790
2245 4711
2246 3476
2247 3381
2248 4899
2249 4966
2250 4278
2251 4959
2252 3743
2253 4415
2254 1855 3288 3320
2255 4345
2256 4950
2257 3621
2258 4816
2259 2025
2260 4358
2261 4816
2262 4545
2263 4997
2264 4637
2265 2680
2266 2266
2267 4583
2268 4836
2269 3598
2270 3249
2271 4446
2272 2272
2273 3139 3754 4159
2274 4183 4874 4900
2275 3538
2276 4662
2277 4950
2278 1240 2675 3191
2279 2266 3474 4278
2280 3415
2281 4247
2282 4908
2283 4319
2284 2490
2285 4994
2286 2909 4344 4644
2287 4989
2288 4711
2289 4856
2290 4989
2291 4951
2292 4542
2293 4958
2294 4578
2295 4789
2296 4941
2297 1917 3188 4025
2298 4889
2299 4891
2300 1999 2367 4827 4901
2301 4351
2302 3743
2303 2742
2304 4721
2305 3565
2306 4199
2307 4774
2308 4774
2309 4899
2310 3134 4654 4678
2311 4322
2312 4950
2313 2954 4240 4678 4731
2314 4444
2315 4654
2316 2186 2742 3555
2317 1445 2986
2318 3251
2319 2565
2320 2357
2321 4554
2322 4919
2323 4344
2324 3188 3792
2325 4655
2326 2326
2327 4216
2328 4981
2329 1455 4455 4953
2330 1445
2331 3063
2332 2675
2333 4874
2334 4375
2335 3820
2336 4908
2337 3807
2338 4535
2339 4535
2340 4585
2341 3696
2342 3945
2343 2343
2344 4134
2345 3139
2346 2986
2347 4970
2348 4946
2349 3184
2350 2912
2351 4816
2352 4485
2353 2675
2354 4505
2355 4797
2356 4765
2357 2357
2358 4941
2359 3288
2360 2840 3538 3938
2361 4216
2362 4881
2363 4849
2364 4117
2365 4684
2366 3553
2367 2367
2368 3329 3369
2369 4247
2370 4859
2371 2628
2372 4970
2373 4804
2374 4979
2375 1445 2905 4344
2376 3369
2377 4602
2378 3994
2379 4824
2380 4654
2381 4824
2382 4904
2383 4041
2384 2839
2385 3525
2386 4989
2387 3415
2388 4545
2389 3525
2390 4325
2391 3139
2392 4375
2393 4240
2394 2394
2395 4578
2396 4993
2397 4759
2398 4025
2399 4720
2400 4804
2401 4711
2402 3729
2403 3063
2404 4802
2405 4891
2406 4061
2407 3249
2408 4639
2409 4887
2410 3689
2411 4904
2412 4877
2413 4195
2414 3565
2415 4994
2416 2343
2417 3142
2418 2367 2624 3063 3320
2419 4827
2420 4080
2421 4877
2422 4908
2423 4648
2424 4284
2425 4881
2426 3369 3437 4560
2427 2839
2428 4985
2429 4759
2430 3188
2431 2266
2432 4344
2433 4500
2434 4900
2435 4836
2436 2942
2437 2437
2438 4585
2439 4789
2440 3525
2441 4916
2442 4654
2443 4535
2444 4205
2445 4674
2446 4784
2447 2680
2448 4252
2449 4935
2450 4921
2451 4816
2452 3191
2453 3873
2454 4544
2455 4043
2456 3953
2457 4891
2458 4824
2459 4252
2460 4441
2461 3621
2462 2912 4043 4202
2463 4583
2464 3754
2465 4946
2466 4517
2467 4379 4766 4898
2468 4892
2469 2996
2470 4674
2471 4195
2472 2637
2473 3729
2474 3142
2475 4985
2476 4966
2477 3646
2478 4474
2479 3945
2480 4528
2481 3994
2482 3049
2483 2483
2484 4900
2485 4970
2486 4310
2487 3696
2488 2912
2489 4946
2490 2490
2491 4997
2492 2637
2493 4874
2494 4637
2495 3555 3806 4041 4080
2496 2936
2497 4444
2498 4252
2499 4921
2500 3381 4184 4236 4312 4315
2501 4780
2502 4485
2503 2942 2954 3184 3806
2504 3168 3598 3646 4247
2505 3049 4485 4585
2506 4748
2507 4958
2508 4893
2509 2954
2510 4982
2511 3171
2512 4312
2513 3742
2514 4921
2515 4757
2516 4997
2517 4997
2518 4946
2519 2490
2520 1901
2521 3598
2522 4759
2523 4765
2524 2394 3160 4041
2525 3476
2526 4542
2527 4578
2528 2528
2529 2437 3106 3597
2530 4696
2531 4900
2532 4940
2533 4836
2534 4662
2535 2624
2536 2954 4309
2537 3414
2538 4970
2539 3553
2540 4956
2541 3457
2542 4004
2543 4720
2544 4045 4655 4927 4994
2545 4748
2546 4278
2547 4949
2548 3269
2549 3320
2550 2550
2551 4344
2552 4874
2553 4881
2554 4678
2555 3543
2556 4784
2557 4956
2558 3474
2559 4816
2560 4358
2561 4870
2562 4802
2563 2637
2564 4684
2565 2565
2566 4762
2567 2624
2568 4470
2569 4748
2570 4949
2571 4755
2572 3251 3713 4117
2573 4700
2574 4901
2575 2367 3048 3474
2576 4668
2577 4284
2578 4585
2579 4774
2580 1917 3188
2581 2954 4827
2582 4759
2583 4240
2584 4957
2585 3597
2586 2942
2587 4849
2588 4949
2589 2938
2590 4470
2591 3320
2592 4702
2593 2637
2594 3713 4344 4358 4542 4674
2595 3061
2596 2936
2597 4642
2598 4802
2599 4957
2600 4864
2601 4769
2602 4335
2603 4117
2604 4721
2605 4700
2606 3437
2607 4554
2608 4644
2609 2905
2610 4908
2611 2326
2612 4080
2613 4958
2614 4554
2615 4616
2616 4474
2617 3437
2618 4957
2619 2680
2620 4335
2621 4989
2622 2675
2623 3639 3906 4018 4916
2624 2624
2625 4757
2626 4999
2627 3555 4239 4639
2628 2628
2629 4309
2630 4976
2631 4446
2632 2931
2633 4893
2634 1500
2635 4711
2636 2936 2938 4087 4639
2637 2637
2638 3191
2639 4462
2640 3391
2641 4769
2642 4720
2643 4941
2644 3381
2645 3222
2646 4789
2647 4184
2648 2648
2649 4644
2650 4631
2651 4870
2652 4759
2653 2266
2654 4788
2655 3044
2656 4891
2657 3160
2658 4889
2659 4780
2660 4284
2661 4970
2662 4797
2663 4908
2664 4702
2665 4344
2666 4102
2667 3993
2668 4999
2669 4804
2670 4957
2671 4345
2672 4345
2673 3907
2674 4757
2675 2675
2676 4985
2677 3729
2678 4785
2679 2343
2680 2680
2681 2996
2682 4240
2683 3565
2684 4290
2685 4953
2686 4781
2687 4560
2688 2855
2689 4474
2690 3673
2691 4240
2692 4956
2693 2528
2694 4535
2695 4322
2696 4315
2697 4762
2698 3251
2699 4182
2700 4247
2701 4309
2702 4043
2703 3251
2704 4309
2705 2931 3184 3436
2706 2949
2707 2707
2708 3953
2709 2839 3329 3754 4183 4870
2710 3106
2711 4032
2712 4797
2713 3160
2714 4637
2715 3721
2716 4639
2717 4927
2718 3605
2719 3476
2720 4789
2721 4678
2722 3408
2723 2905 2912
2724 4570
2725 3061
2726 4824
2727 4899
2728 4953
2729 4889
2730 4134
2731 4946
2732 4981
2733 4935
2734 4856
2735 3634
2736 2141 2197 3184
2737 2996
2738 4087
2739 4004
2740 3729
2741 4696
2742 2742
2743 3729
2744 3137
2745 2056
2746 3953
2747 3188 3907 4446 4747
2748 2996
2749 4061
2750 4585
2751 4849
2752 4789
2753 4018
2754 4859
2755 3106 3134 4662
2756 4989
2757 4765
2758 4966
2759 4087
2760 3869
2761 4043
2762 2266 2916 4711
2763 4836
2764 4345
2765 3555 3715 4804
2766 4721
2767 4720
2768 4134
2769 4919
2770 4720
2771 4887
2772 4852
2773 4935
2774 2774
2775 4309
2776 3191 3693 4205
2777 4602
2778 3168
2779 4940
2780 4916
2781 4351
2782 3171
2783 3538
2784 4893
2785 4849
2786 4951
2787 4602
2788 4747
2789 2789
2790 4747
2791 4993
2792 4240
2793 3742
2794 4446
2795 3940
2796 3134
2797 4958
2798 4291
2799 4921
2800 1240 4542 4654
2801 4790
2802 3656
2803 4791
2804 4999
2805 3543 4182 4344 4951
2806 4578
2807 3713
2808 4901
2809 4247
2810 4542
2811 2343 4117
2812 4684
2813 4766
2814 4415
2815 4032
2816 4976
2817 4959
2818 3565 4754 4908
2819 3391
2820 3820
2821 3792
2822 2822
2823 4240
2824 3634
2825 4312
2826 4731
2827 4935
2828 3132
2829 4859
2830 4877
2831 4874
2832 2186 4769
2833 4898
2834 4711
2835 4087
2836 4711
2837 3696
2838 2266 3249 3320
2839 2839
2840 2840
2841 4985
2842 4836
2843 4788
2844 4969
2845 4988
2846 3774
2847 3063
2848 3635 4018 4325
2849 4087
2850 3048
2851 4979
2852 4446
2853 3606
2854 3049 4344 4985
2855 2855
2856 4901
2857 3752
2858 4816
2859 4312 4382 4754 4993
2860 3168
2861 4870
2862 3869
2863 4781
2864 4993
2865 2822
2866 1500 4324
2867 3634
2868 3867
2869 3206 3381 4195 4544 4648
2870 4970
2871 3634
2872 4908
2873 3656
2874 4959
2875 4827
2876 4748
2877 4921
2878 4849
2879 4999
2880 4951
2881 4470
2882 3729
2883 4889
2884 2675
2885 4852
2886 4970
2887 4202
2888 4842
2889 4946
2890 2675 3048 3598
2891 2038
2892 4906
2893 2996
2894 2357
2895 4517
2896 4976
2897 4382
2898 2855
2899 4997
2900 4804
2901 4891
2902 3288
2903 3188
2904 4684
2905 2905
2906 4856
2907 4979
2908 4195
2909 2909
2910 4982
2911 4183
2912 2912
2913 3543
2914 4291
2915 4216
2916 2916
2917 1445 1901 3605
2918 3554
2919 4485
2920 4849
2921 3648 4644 4766
2922 4319
2923 4325
2924 4023
2925 4578
2926 4720
2927 3867
2928 4639
2929 4791
2930 4560
2931 2931
2932 4864
2933 2628
2934 4966
2935 4324
2936 2936
2937 4583
2938 2938
2939 4755
2940 4322
2941 4927
2942 2942
2943 4284
2944 2944
2945 4544
2946 4970
2947 4415
2948 4919
2949 2949
2950 4762
2951 4087 4240
2952 4102
2953 4236
2954 2954
2955 4921
2956 4345
2957 3222
2958 4678
2959 4797
2960 4748
2961 4754
2962 4720
2963 4898
2964 4993
2965 4935
2966 4900
2967 4662
2968 4252
2969 3993
2970 4061
2971 4774
2972 4240
2973 3474
2974 4842
2975 4183 4757 4759 4766
2976 3605 4159 4485
2977 4893
2978 1961
2979 1445
2980 4700
2981 4797
2982 3742
2983 4455
2984 4216
2985 4881
2986 2986
2987 4159
2988 4802
2989 4864
2990 4919
2991 4239
2992 3354 3381
2993 3639
2994 4278
2995 1961 3597 4240 4315
2996 2996
2997 4674
2998 4985
2999 4023
3000 3878
3001 1895
3002 4325
3003 4997
3004 3408 3538 4319
3005 4018
3006 4720
3007 4816
3008 4891
3009 4959
3010 3132
3011 3967
3012 4790
3013 4544
3014 4949
3015 4025
3016 4216
3017 4780
3018 2628 3807 3871 4325
3019 4916
3020 4702
3021 4325
3022 4401
3023 4184
3024 4462
3025 4957
3026 2025
3027 4957
3028 4969
3029 3168 4087 4446
3030 4802
3031 4505
3032 3752
3033 3717
3034 4789
3035 4994
3036 4999
3037 2986
3038 4994
3039 4351
3040 4904
3041 4415
3042 4859
3043 4789
3044 3044
3045 4358
3046 4578
3047 4902
3048 3048
3049 3049
3050 4721
3051 4668
3052 4785
3053 4970
3054 4655
3055 4616
3056 4927
3057 4988
3058 4528
3059 3565
3060 4788
3061 3061
3062 4784
3063 3063
3064 4906
3065 4949
3066 3137 3399 4662
3067 3437
3068 4545
3069 1445 3717 4648 4769
3070 4344
3071 4874
3072 4864
3073 4874
3074 4979
3075 3806
3076 1855
3077 2198 3729 4252
3078 4908
3079 3752
3080 4836
3081 3820
3082 4940
3083 4455
3084 1999 3752 4655 4759
3085 4045
3086 4023
3087 3945
3088 3994
3089 4517
3090 3090
3091 4785
3092 4921
3093 3474
3094 2628 4989
3095 4804
3096 3184 3648
3097 4474
3098 4849
3099 4864
3100 4344
3101 4877
3102 4921
3103 4312
3104 4804
3105 4639
3106 3106
3107 3381
3108 1445
3109 2550
3110 4674
3111 4631
3112 4401
3113 3184
3114 3114
3115 4982
3116 4949
3117 3606
3118 4919
3119 3591
3120 4201
3121 3251
3122 4877
3123 4781
3124 4993
3125 4358
3126 4325
3127 2996
3128 4881
3129 4358
3130 4721
3131 4470
3132 3132
3133 2272
3134 3134
3135 4785
3136 4852
3137 3137
3138 4560
3139 3139
3140 4247
3141 3673
3142 3142
3143 4032
3144 4087
3145 4747
3146 4291
3147 4999
3148 4309
3149 3721
3150 3993
3151 4797
3152 2942 3251 4309
3153 3693
3154 3063 3715 4309 4474
3155 4927
3156 4322
3157 4240
3158 4921
3159 4970
3160 3160
3161 4043
3162 4535
3163 4859
3164 4754
3165 4517
3166 2326 2637 4989
3167 4644
3168 3168
3169 4852
3170 4375
3171 3171
3172 4335
3173 4061 4201 4662
3174 4702
3175 4240
3176 3191
3177 3160
3178 1478 2198 3044 4043
3179 3673
3180 4906
3181 3717
3182 4284
3183 3806
3184 3184
3185 4375
3186 2944
3187 4765
3188 3188
3189 4959
3190 4904
3191 3191
3192 4940
3193 4505
3194 4982
3195 4852
3196 4470
3197 4788
3198 4893
3199 4816
3200 1455 3634 4043 4684
3201 4668
3202 4312
3203 3634
3204 4637
3205 4335
3206 3206
3207 3206
3208 4644
3209 4554
3210 4921
3211 4087
3212 1240 3635 3907 4080
3213 3436
3214 2343 2942 3134 4080
3215 4900
3216 4583
3217 4994
3218 4856
3219 3160 4951
3220 4816
3221 2912 3061 4766
3222 3222
3223 4755
3224 4310
3225 3132 3137 3597 4322 4325 4441
3226 4966
3227 4747
3228 4927
3229 4927
3230 4780
3231 4032
3232 4956
3233 4981
3234 4485
3235 4919
3236 4239
3237 4668
3238 4899
3239 4023
3240 4731
3241 4940
3242 4981
3243 4159
3244 4616
3245 4631
3246 3414
3247 4789
3248 4993
3249 3249
3250 3820
3251 3251
3252 4678
3253 3871
3254 1895
3255 4528
3256 4877
3257 4842
3258 3639
3259 4927
3260 3525
3261 2742
3262 4310
3263 4711
3264 4904
3265 4648
3266 4824
3267 4901
3268 3646
3269 3269
3270 4919
3271 4949
3272 4927
3273 2628
3274 3774
3275 4891
3276 3269
3277 4700
3278 4747
3279 4721
3280 3408 4202
3281 4322
3282 4946
3283 4940
3284 4951
3285 3525
3286 1961
3287 4674
3288 3288
3289 3160
3290 3171
3291 3137
3292 4969
3293 2822
3294 2648
3295 4485
3296 1514
3297 4290
3298 4935
3299 4790
3300 4784
3301 3553
3302 2944
3303 4731
3304 4780
3305 4351
3306 4696
3307 4201
3308 4570
3309 4836
3310 3188
3311 4535
3312 3713
3313 4780
3314 4892
3315 4754
3316 4797
3317 4769
3318 3171
3319 4278
3320 3320
3321 4982
3322 3742
3323 4441
3324 4940
3325 4678
3326 4025
3327 3646
3328 4662
3329 3329
3330 3689
3331 3871
3332 4789
3333 4701
3334 4668
3335 3352
3336 2742
3337 4747
3338 4379
3339 3906 3953 4239 4444
3340 4887
3341 4545
3342 2840 3048
3343 4969
3344 4720
3345 4959
3346 4184
3347 3184
3348 4344
3349 4535
3350 4252
3351 4182
3352 3352
3353 4720
3354 3354
3355 4802
3356 4642
3357 4951
3358 4134
3359 4870
3360 3360
3361 4985
3362 4921
3363 4290
3364 4902
3365 3967
3366 4247
3367 2986
3368 3597
3369 3369
3370 4916
3371 4816
3372 2707
3373 3437 4517
3374 3743
3375 4789
3376 4766
3377 4949
3378 4240
3379 4315
3380 3605
3381 3381
3382 4025
3383 4236
3384 4893
3385 4720
3386 3476
3387 3543
3388 3555 4375 4631
3389 4401
3390 3754
3391 3391
3392 4528
3393 3543 4252 4312 4989
3394 3953
3395 4957
3396 4989
3397 4061
3398 2637 4159
3399 3399
3400 3752
3401 4766
3402 3907 4754
3403 3906
3404 4344
3405 4781
3406 2986
3407 3928
3408 3408
3409 4762
3410 2942
3411 4804
3412 2944
3413 4025
3414 3414
3415 3415
3416 4678
3417 4864
3418 4312
3419 2986
3420 4602
3421 4240
3422 3715
3423 4642
3424 4759
3425 4023
3426 3597
3427 4505
3428 4375
3429 4309
3430 4474
3431 4941
3432 2637 4950
3433 4655
3434 4252
3435 4700
3436 3436
3437 3437
3438 2855 4856
3439 4711
3440 4345
3441 4748
3442 4908
3443 2839
3444 4455
3445 4711
3446 4785
3447 4325
3448 4906
3449 4969
3450 4644
3451 4957
3452 4874
3453 4654
3454 3713
3455 4358
3456 4023
3457 3457
3458 4134
3459 4747
3460 4517
3461 4946
3462 4678
3463 4583
3464 3222 4989
3465 4648
3466 4045
3467 4474
3468 4956
3469 4950
3470 4585
3471 4921
3472 4025 4953
3473 2624
3474 3474
3475 4816
3476 3476
3477 3742
3478 4797
3479 4560
3480 4881
3481 4032
3482 4754
3483 3729 4631
3484 4578
3485 3729
3486 4542
3487 4887
3488 4940 4949
3489 4981
3490 4602
3491 4940
3492 3752
3493 4379 4852
3494 4655
3495 1901 4898 4970
3496 4893
3497 4583
3498 4195
3499 4881
3500 4284
3501 4674
3502 4043
3503 2624
3504 4247
3505 4754
3506 3693 4898 4935
3507 3729
3508 3928
3509 4985
3510 3729 4989
3511 4906
3512 3044
3513 4993
3514 3591
3515 1514
3516 4195
3517 4842
3518 3437
3519 3269
3520 1500
3521 4789
3522 4252
3523 4517 4542 4804
3524 4500
3525 3525
3526 4874
3527 4935 4953
3528 4462
3529 4678
3530 4900
3531 4247
3532 4583
3533 4382
3534 3555 4935
3535 3743 4859 4864
3536 4583
3537 4236
3538 3538
3539 3742
3540 4997
3541 3689
3542 4043
3543 3543
3544 4994
3545 4849
3546 4535
3547 4668
3548 4906
3549 4637
3550 4382
3551 4988
3552 4949
3553 3553
3554 3554
3555 3555
3556 4560
3557 4061
3558 4554
3559 4324
3560 4919
3561 4941
3562 4319
3563 4940
3564 4678
3565 3565
3566 4535 4644
3567 3206
3568 4892
3569 4804
3570 4898
3571 3251
3572 4375 4462 4802
3573 3391
3574 3574
3575 4979
3576 4441 4780
3577 3993
3578 4949
3579 4892
3580 3554
3581 4898
3582 4183
3583 4345
3584 4087 4754
3585 3928
3586 4032
3587 4345
3588 4784
3589 4981
3590 4908
3591 3591
3592 4877
3593 4757 4969
3594 4898 4989
3595 4544
3596 4474
3597 3597
3598 3598
3599 4505
3600 3634
3601 4957
3602 3754
3603 4025
3604 3721
3605 3605
3606 3606
3607 4849
3608 4500
3609 4702
3610 4935
3611 4788
3612 3774
3613 4784
3614 3752
3615 3721
3616 3061
3617 4874
3618 4382
3619 4982
3620 2949
3621 3621
3622 3381
3623 4583
3624 4102
3625 4889 4989
3626 4351
3627 4989
3628 4927
3629 4754
3630 4877
3631 4970
3632 4696
3633 2942 4578 4827
3634 3634
3635 3635
3636 4351
3637 3621
3638 4949
3639 3639
3640 3928
3641 4994
3642 4941
3643 4877 4889 4997
3644 4500
3645 3360
3646 3646
3647 4970
3648 3648
3649 4684
3650 4043
3651 4827
3652 4958
3653 4325
3654 4785
3655 1478
3656 3656
3657 4816
3658 4804
3659 4927
3660 3184 4335 4747
3661 4899
3662 4836
3663 4528
3664 4759
3665 4902
3666 1917 2628 4842 4899
3667 3352
3668 3320
3669 4874
3670 4989
3671 4711
3672 4781
3673 3673
3674 4790 4970 4981
3675 4696
3676 4324
3677 4877
3678 4080
3679 4908
3680 4639
3681 4781
3682 4199
3683 3953
3684 4976
3685 4769
3686 4644
3687 2909
3688 4379
3689 3689
3690 3690
3691 4966
3692 4023
3693 3693
3694 4310
3695 4500
3696 3696
3697 4199
3698 4382
3699 4678
3700 3754
3701 4631
3702 4921
3703 4637
3704 4904
3705 4375
3706 4941
3707 2637
3708 4881
3709 4560
3710 3689
3711 2326
3712 4701
3713 3713
3714 4252
3715 3715
3716 3360
3717 3717
3718 4684
3719 3820 4906 4994
3720 4025
3721 3721
3722 4642
3723 4702
3724 4711
3725 4908
3726 4545
3727 4322
3728 2528
3729 3729
3730 3554
3731 4711
3732 4668 4788 4852
3733 1514
3734 4252
3735 3184 4804 4899
3736 2637 3381
3737 4201
3738 4836
3739 4578
3740 4701
3741 4642
3742 3742
3743 3743
3744 4570 4874
3745 4899
3746 4994
3747 4993
3748 4959
3749 4970
3750 4976
3751 3621
3752 3752
3753 4982
3754 3754
3755 4182
3756 4205
3757 4358
3758 4755
3759 4570
3760 4199
3761 3742
3762 4919
3763 4344
3764 4560
3765 4893
3766 2905 2912
3767 3044
3768 3457
3769 4906
3770 2675 4644 4765
3771 3437
3772 2343
3773 4668
3774 3774
3775 4889
3776 4747
3777 4485
3778 1999
3779 3673
3780 4045
3781 3752 4183 4784 4940
3782 1487 3354 3553 4711
3783 4959
3784 4976
3785 4637
3786 4774
3787 3752
3788 4455
3789 4696
3790 2565 4379 4721 4979
3791 4025
3792 3792
3793 4201
3794 4720 4804 4949 4982
3795 4415
3796 1855
3797 1999
3798 4199
3799 4517
3800 4997
3801 4979
3802 2437
3803 4535 4560 4791
3804 4668
3805 4578
3806 3806
3807 3807
3808 4791
3809 4827
3810 4891
3811 4754
3812 4889
3813 4902
3814 4754 4970 4999
3815 1455 3437 4816 4950
3816 3436
3817 4849
3818 4236
3819 4637
3820 3820
3821 2916
3822 4900
3823 3206
3824 3525
3825 3137
3826 4202
3827 4654
3828 4901
3829 3820
3830 4893
3831 4941
3832 4766
3833 4802
3834 4462
3835 3743
3836 4788
3837 3742
3838 4319
3839 4642
3840 3414
3841 4941
3842 3656
3843 4774 4898 4970
3844 4616
3845 4375
3846 4988
3847 1240
3848 4602
3849 4785
3850 3907
3851 4877
3852 4791
3853 4754 4784 4898
3854 4616
3855 4889
3856 4382
3857 2707 3673 3713
3858 4401
3859 4785
3860 4999
3861 4852
3862 4781
3863 4891
3864 4981
3865 4906
3866 4781
3867 3867
3868 4953
3869 3869
3870 2550 3597 4312 4906
3871 3871
3872 4849
3873 3873
3874 4887
3875 4462
3876 4953
3877 4969
3878 3878
3879 4949
3880 3752 4797 4989
3881 3553 4032 4668 4816
3882 4790
3883 4639
3884 4849
3885 4874
3886 4994
3887 4994
3888 4702
3889 3574
3890 4999
3891 2942
3892 4701
3893 4700
3894 4678
3895 4335
3896 4893
3897 4134 4309 4874 4976
3898 4199
3899 4999
3900 4199
3901 3673
3902 4780
3903 4696
3904 4789
3905 4351
3906 3906
3907 3907
3908 4455
3909 4284
3910 4474
3911 3928
3912 4702
3913 4989
3914 4401
3915 4319
3916 4919
3917 4988
3918 4824
3919 2839 4578 4784 4864 4979
3920 2637 3606 4757 4908
3921 4935
3922 4889
3923 4080 4535 4784 4802 4981
3924 4900
3925 4290
3926 4870
3927 4202
3928 3928
3929 4900
3930 4239
3931 3696
3932 3689 4544 4790 4797 4985
3933 4474
3934 4899
3935 4648
3936 4702
3937 3696
3938 3938
3939 4976
3940 3940
3941 4902
3942 2822
3943 3543
3944 4358
3945 3945
3946 4988
3947 4446
3948 4755
3949 4240
3950 4351
3951 4957
3952 4711
3953 3953
3954 4874
3955 3869
3956 3689
3957 4159
3958 2942
3959 4959
3960 4979
3961 4898
3962 2637
3963 4291
3964 3414 4195 4344 4747
3965 4874
3966 2855 4240 4345 4958
3967 3967
3968 4765
3969 3871
3970 4969
3971 3222
3972 4889
3973 3713 4906 4976 4989
3974 4182
3975 4505
3976 4852
3977 4648
3978 4802
3979 4951
3980 4696
3981 4755
3982 4953
3983 4654
3984 4205
3985 4956
3986 4025
3987 4769
3988 4324
3989 4216
3990 2528 3873 4889 4916 4950
3991 3906
3992 4784
3993 3993
3994 3994
3995 4759
3996 4950
3997 4969
3998 3721
3999 3436
4000 4284
4001 4642
4002 4780
4003 4505
4004 4004
4005 4236
4006 4988
4007 4700
4008 4788
4009 4668
4010 4791
4011 4755
4012 4700
4013 3634
4014 4134
4015 4290
4016 3106 3553 4877 4951
4017 4946
4018 4018
4019 4935
4020 4797
4021 4319 4322 4655 4950 4951
4022 4441
4023 4023
4024 4891
4025 4025
4026 4290
4027 4721
4028 3752
4029 4766
4030 4982
4031 4045
4032 4032
4033 3938
4034 4956
4035 4674
4036 3742
4037 4957
4038 2056 3729 3938 4662 4969 4979
4039 3090 3543 4517 4570 4585 4970
4040 4252
4041 4041
4042 4720
4043 4043
4044 2909
4045 4045
4046 4993
4047 4802
4048 4941
4049 2394 4870 4898 4908
4050 3878
4051 4957
4052 4891
4053 4247
4054 4935
4055 3476 4202 4240 4870
4056 2141
4057 4379
4058 3048 3752 3938 4240 4949
4059 4989
4060 4721
4061 4061
4062 3729
4063 4941
4064 4542
4065 4877
4066 4842
4067 4184
4068 4023 4441 4842 4927
4069 4199
4070 4966
4071 4901
4072 4908
4073 4988
4074 4982
4075 3134
4076 4988
4077 4919
4078 2680 3752 3994 4544 4864
4079 4780
4080 4080
4081 4731
4082 4182
4083 3139
4084 4790
4085 3867
4086 2916 4195 4401 4774 4908 4958
4087 4087
4088 3139 3869
4089 4816
4090 4785
4091 4784
4092 4881
4093 4889
4094 4958
4095 4560
4096 4902
4097 4583
4098 3635
4099 4859
4100 4824
4101 4759
4102 4102
4103 4570
4104 2938 2996 4351 4379 4462 4804
4105 4902
4106 4474
4107 3142
4108 4901
4109 4102
4110 4898
4111 4642
4112 4781
4113 3391
4114 3525
4115 4322
4116 4877
4117 4117
4118 4043
4119 4375
4120 4616
4121 3554
4122 4976
4123 4648
4124 4797
4125 3142 4216 4252 4976
4126 3639
4127 4766
4128 4441
4129 4252
4130 3673
4131 4804
4132 4061
4133 3953
4134 4134
4135 4655
4136 4583
4137 4291
4138 4901
4139 4940
4140 4542
4141 4946
4142 3415 4041 4578 4921
4143 4602
4144 4500
4145 4335
4146 4849
4147 4216
4148 4701
4149 4856
4150 4583
4151 4585 4824 4921 4927 4969 4981
4152 4344
4153 4358
4154 2648 4655 4889 4989
4155 4762
4156 4631
4157 4994
4158 4902
4159 4159
4160 4790
4161 4240
4162 4904
4163 4731
4164 4041
4165 4790
4166 4842
4167 3646
4168 4856 4892 4919 4958 4994
4169 4916
4170 4654
4171 2822 3752 4195 4642 4864 4951
4172 2637 3191 3369 3792 4856 4951
4173 4970
4174 3906
4175 4004 4415 4535 4797 4966
4176 3993
4177 4921
4178 4134
4179 4993
4180 4309
4181 3635
4182 4182
4183 4183
4184 4184
4185 2938
4186 2357 3142 3171 3993 4674 4904
4187 4874
4188 4824
4189 4290
4190 4721
4191 4898
4192 4921
4193 4901
4194 4898
4195 4195
4196 2996
4197 4696
4198 4401
4199 4199
4200 4602
4201 4201
4202 4202
4203 4762
4204 4927
4205 4205
4206 1445
4207 4216
4208 4474
4209 3994
4210 4958
4211 4184
4212 4881
4213 4755
4214 4324
4215 4780
4216 4216
4217 4951
4218 1240 2905 4759 4989
4219 4500
4220 2367
4221 4950
4222 4043
4223 4877
4224 4789
4225 1961 2855 3206 4827 4966 4982
4226 3689
4227 4757
4228 4018
4229 4899
4230 4789
4231 4134
4232 4554
4233 4240
4234 4201
4235 4505
4236 4236
4237 4134
4238 4134 4278 4585 4674 4700 4757 4976
4239 4239
4240 4240
4241 4781
4242 4415
4243 4827
4244 4637
4245 4887
4246 4856 4958 4997
4247 4247
4248 4887
4249 4979
4250 4315
4251 4976
4252 4252
4253 4319
4254 4455
4255 4662
4256 4877
4257 4904
4258 4382
4259 4655
4260 4674
4261 4842
4262 4784
4263 2490 3717 4874 4891 4940
4264 2840 2916 3639 4785 4802
4265 4949
4266 4711
4267 4754
4268 4747
4269 2624 3168 4662 4684 4946 4988
4270 4535
4271 4684
4272 4322
4273 4312
4274 4415
4275 4701
4276 4956
4277 4785
4278 4278
4279 4087
4280 4441
4281 4240
4282 4711
4283 4290
4284 4284
4285 4441
4286 4195
4287 4236
4288 4474
4289 3597
4290 4290
4291 4291
4292 4957
4293 3792 4970
4294 4554
4295 4899
4296 4979
4297 4382
4298 4892
4299 4721
4300 4989
4301 4893
4302 3940
4303 4982
4304 4916
4305 4441
4306 4528
4307 4870
4308 1478 4824 4852 4856 4979
4309 4309
4310 4310
4311 4988
4312 4312
4313 4842
4314 3249 4247 4309 4769 4864 4874
4315 4315
4316 4856
4317 4951
4318 3538
4319 4319
4320 4322 4720 4781
4321 4041
4322 4322
4323 4554
4324 4324
4325 4325
4326 4891
4327 4747
4328 4985 4997
4329 4748
4330 4762
4331 4239
4332 4080 4455 4701
4333 4950
4334 4278
4335 4335
4336 4379
4337 3967
4338 4892
4339 4765
4340 4655
4341 4401
4342 4881
4343 4415
4344 4344
4345 4345
4346 4979
4347 4583
4348 4966
4349 4570
4350 4797
4351 4351
4352 4902
4353 4994
4354 4976
4355 2056 2648 3967 4774 4849 4874
4356 4291
4357 4517
4358 4358
4359 4997
4360 4616
4361 4859
4362 4969
4363 4765
4364 4958
4365 4639
4366 4790
4367 4901
4368 4902
4369 4999
4370 3639 4940 4969
4371 2628 2944 3543 4159 4542 4981
4372 4951
4373 4997
4374 4721
4375 4375
4376 4721
4377 2905 4379 4976
4378 4602
4379 4379
4380 4892
4381 4966
4382 4382
4383 4902
4384 4252
4385 4958
4386 4702
4387 4762
4388 4183
4389 4892
4390 4999
4391 4517
4392 4747
4393 4184
4394 3938 4375 4859 4892 4900 4959
4395 4765
4396 4816
4397 4401
4398 4956
4399 4159
4400 4859
4401 4401
4402 4379
4403 4578
4404 4902
4405 4345
4406 4802
4407 4901
4408 4849
4409 4790
4410 4560
4411 4585
4412 4474
4413 4816
4414 4927
4415 4415
4416 4474
4417 4583
4418 4631
4419 4827
4420 4957
4421 3391 3945 4864 4970
4422 4560 4949 4953 4956 4981
4423 4790
4424 4570
4425 4904
4426 3752
4427 4976
4428 4902
4429 4997
4430 4902
4431 4474
4432 4816
4433 4668
4434 4941
4435 4791
4436 3408 3878 4859 4889 4901 4969
4437 4981
4438 4585
4439 4674
4440 4870
4441 4441
4442 4970
4443 4755 4774 4906 4953
4444 2774 4444
4445 4953
4446 4446
4447 4662
4448 4602
4449 4755
4450 4455
4451 4560
4452 4904
4453 4585
4454 4935
4455 4455
4456 4754
4457 4946
4458 4578
4459 3090 3938 4644 4711
4460 4959
4461 4982
4462 4462
4463 4678
4464 4797
4465 4025 4032 4312 4616 4804 4976
4466 4183
4467 4940
4468 3597 4375 4785 4921 4976
4469 4892
4470 4470
4471 2936
4472 1500 4335 4662 4842
4473 4898
4474 4474
4475 4864
4476 4757
4477 4935
4478 4602
4479 4642
4480 4874
4481 3525 3689 4205 4674 4836
4482 4583
4483 4765
4484 4919
4485 4485
4486 4997
4487 4901
4488 4985
4489 4788
4490 4701
4491 4004
4492 4747
4493 4994
4494 4696
4495 1445 4247 4324 4700 4988 4994
4496 4570
4497 4956
4498 4700
4499 4462
4500 4500
4501 4252
4502 4957
4503 4791
4504 4804
4505 4505
4506 4462
4507 3754
4508 3191 3320 4201 4748 4836
4509 4642
4510 4916
4511 4881
4512 4700
4513 4892
4514 4957
4515 4043 4201 4319 4455 4644 4997
4516 4949
4517 4517
4518 4904
4519 4774
4520 4544
4521 4940
4522 4877
4523 4949
4524 3673 4754 4864 4874 4908 4988
4525 4757
4526 4842
4527 4720
4528 4528
4529 4916
4530 4535
4531 4816
4532 4780
4533 4949
4534 4797
4535 4535
4536 4757
4537 4842
4538 4583
4539 4859
4540 4970
4541 4642
4542 4542
4543 4899
4544 4544
4545 4545
4546 4616
4547 3320 3906 4335 4762 4957 4989
4548 4755
4549 4195
4550 4946
4551 3871 4544 4578 4836 4908 4982
4552 4901
4553 4852
4554 4554
4555 4849
4556 1478 3993 4455 4470 4583 4906
4557 4950
4558 4941
4559 4202
4560 4560
4561 4602 4916 4981 4982 4988 4994
4562 4470
4563 4784
4564 4906
4565 4654
4566 4500
4567 4899
4568 4754
4569 4887
4570 4570
4571 4765
4572 4836
4573 4959
4574 4780
4575 4940
4576 4997
4577 4134 4183 4542 4554 4781 4870 4993
4578 4578
4579 4993
4580 4993
4581 4950
4582 4700
4583 4583
4584 4702
4585 4585
4586 4789
4587 4981
4588 4919
4589 4877
4590 4899
4591 4959
4592 4755
4593 4946
4594 2197 3288 3871 4252 4441 4881 4958
4595 4711
4596 4870
4597 4637
4598 4881
4599 4322
4600 4720
4601 1445 3134 3543 4240 4654 4785
4602 4602
4603 4785
4604 4889
4605 3132 3807 4446 4731 4757 4827 4949
4606 4774
4607 4993
4608 4637
4609 4824
4610 4824
4611 4921
4612 4900
4613 4889
4614 4956
4615 4785
4616 4616
4617 4898
4618 3553 4252 4542 4616 4654 4997
4619 1514 2944 3137 3408 4684 4790
4620 3106 3188 4711 4852 4979
4621 4985
4622 4674
4623 4892
4624 4904
4625 4824
4626 4849
4627 4959
4628 4864
4629 4824
4630 4578
4631 4631
4632 4721
4633 4988
4634 4970
4635 4953
4636 4791
4637 4637
4638 4899
4639 4639
4640 4941
4641 4976
4642 4642
4643 4891
4644 4644
4645 4981
4646 4836
4647 4966
4648 4648
4649 4969
4650 4859
4651 4789
4652 4904
4653 4639
4654 4654
4655 4655
4656 4790
4657 4827
4658 2628 3391 3414 4470 4662 4898 4959
4659 4956
4660 3938 4041 4674 4790 4881 4898 4946
4661 4762
4662 4662
4663 4904
4664 4788
4665 4759
4666 4997
4667 4993
4668 4668
4669 4788
4670 4966
4671 4765
4672 4999
4673 4891
4674 4674
4675 4979
4676 4757
4677 4953
4678 4678
4679 4919
4680 4788
4681 4982
4682 4877
4683 4791
4684 4684
4685 4927
4686 4957
4687 4754
4688 4802
4689 4999
4690 4989
4691 4784
4692 3565 4662 4700 4784 4849 4979
4693 4898
4694 4877
4695 4901
4696 4696
4697 4898
4698 4701
4699 4901
4700 4700
4701 4701
4702 4702
4703 4966
4704 4946
4705 4797
4706 4802
4707 4757 4769 4889 4901 4916 4958
4708 4762
4709 4916
4710 4957
4711 4711
4712 4668
4713 1855 3597 4278 4655 4989 4993
4714 4789
4715 4769
4716 4985
4717 4893
4718 4906
4719 4816
4720 4720
4721 4721
4722 4966
4723 4780
4724 4966
4725 4769
4726 4721
4727 4927
4728 4358 4700 4906 4941 4976
4729 4731
4730 4769
4731 4731
4732 4993
4733 4979
4734 4946
4735 2218 3288 3553 4023 4639 4662 4781
4736 4900
4737 4236 4578 4674 4700 4788 4982
4738 4916
4739 3391 4375 4791 4874 4900 4970
4740 4956
4741 4720
4742 4762
4743 4757
4744 4994
4745 4976
4746 4908
4747 4747
4748 4748
4749 4842
4750 4849
4751 4950
4752 4755
4753 4982
4754 4754
4755 4755
4756 4969
4757 4757
4758 4927
4759 4759
4760 4711
4761 4969
4762 4762
4763 2266 2550 3171 3634 3953 4956
4764 4789
4765 4765
4766 4766
4767 2742 3648 3689 4639 4785 4856 4881
4768 4893
4769 4769
4770 4959
4771 4849
4772 3474 3648 3967 4290 4528 4544 4935
4773 4941
4774 4774
4775 4906
4776 4769
4777 4976
4778 4921
4779 4889
4780 4780
4781 4781
4782 4949
4783 4916
4784 4784
4785 4785
4786 4979
4787 4720
4788 4788
4789 4789
4790 4790
4791 4791
4792 4904
4793 4993
4794 4953
4795 4183 4674 4757 4804 4927 4957
4796 4958
4797 4797
4798 1895 2141 3414 4325 4639 4765 4970
4799 4982
4800 4985
4801 4946
4802 4802
4803 2367 3873 4045 4674 4959 4993
4804 4804
4805 4989
4806 4856
4807 3436 3597 4202 4789 4802 4940
4808 3191 4648 4696 4870 4953 4988
4809 4836
4810 4849
4811 4780
4812 4852
4813 4935
4814 4324 4684 4731 4824 4870 4891 4893
4815 3878 4183 4324 4325 4720 4900
4816 4816
4817 4935
4818 4901
4819 2931 3656 4754 4780 4864 4988
4820 3538 4018 4080 4485 4989 4999
4821 2343 3352 4240 4474 4544 4648 4874
4822 2038 3646 4415 4446 4788 4887 4904
4823 4966
4824 4824
4825 4999
4826 4291 4500 4802 4864 4877 4976
4827 4827
4828 4957
4829 4904
4830 4842
4831 4959
4832 4919
4833 4898
4834 4904
4835 1999 4032 4205 4701 4969 4993
4836 4836
4837 4941
4838 2942 4631 4678 4754 4993 4999
4839 4953
4840 4958
4841 4976
4842 4842
4843 4842
4844 4849
4845 4935
4846 4979
4847 4950
4848 4927
4849 4849
4850 4900
4851 2394 4470 4655 4662 4864 4953 4988
4852 4852
4853 4997
4854 4997
4855 1895 3715 3729 4023 4045 4375 4950
4856 4856
4857 4889
4858 4994
4859 4859
4860 4899
4861 3352 4322 4889 4906 4988
4862 4874
4863 2437 2637 3543 4648 4785 4887 4959
4864 4864
4865 4940
4866 4966
4867 4891
4868 4981
4869 4842
4870 4870
4871 4969
4872 3414 4351 4544 4748 4900 4997
4873 4966
4874 4874
4875 3249 3597 3742 4004 4324 4545 4966
4876 4893
4877 4877
4878 4856
4879 1445 3437 3553 4379 4898 4906 4993
4880 4312 4765 4766 4859 4940 4958
4881 4881
4882 4887
4883 4900
4884 4969
4885 4951
4886 4953
4887 4887
4888 4969
4889 4889
4890 2483 3191 3713 3967 4240 4500 4940
4891 4891
4892 4892
4893 4893
4894 4976
4895 4892
4896 4956
4897 4902
4898 4898
4899 4899
4900 4900
4901 4901
4902 4902
4903 2909 3656 4544 4631 4781 4788 4870
4904 4904
4905 2343 2624 2707 3044 3188 4901 4966
4906 4906
4907 4956
4908 4908
4909 1514 3792 4284 4881 4921 4994
4910 4988
4911 4966
4912 4953
4913 4904
4914 3605 3646 4639 4654 4797 4816 4893
4915 2909 3061 3391 4644 4684 4950
4916 4916
4917 4946
4918 2056 2103 2198 3574 4720 4898 4916
4919 4919
4920 4927
4921 4921
4922 3754 4570 4701 4904 4908 4993
4923 4956
4924 3598 3673 3774 4757 4836 4999
4925 4906
4926 2565 2909 3049 3597 3606 4774 4953
4927 4927
4928 4970
4929 4648 4747 4755 4790 4852 4949 4979
4930 2942 3114 3717 4134 4195 4585 4901
4931 4935
4932 4935
4933 2916 2942 3742 3752 4134 4379 4993
4934 2437 4358 4662 4762 4935 4970
4935 4935
4936 2648 4322 4351 4842 4849 4921
4937 4976
4938 4940
4939 4997
4940 4940
4941 4941
4942 4940
4943 4981
4944 4901
4945 4979
4946 4946
4947 3474 3635 4889 4891 4893 4997
4948 2490 3134 3967 4731 4891 4919 4981
4949 4949
4950 4950
4951 4951
4952 4997
4953 4953
4954 4969
4955 2483 4134 4570 4602 4655 4969 4981
4956 4956
4957 4957
4958 4958
4959 4959
4960 4993
4961 4976
4962 4201 4674 4765 4899 4902 4919 4951
4963 3381 3574 3713 4025 4117 4892 4959
4964 2942 4642 4774 4856 4906 4927 4997
4965 4982
4966 4966
4967 4642 4791 4898 4940 4994 4999
4968 4981
4969 4969
4970 4970
4971 3436 3774 4315 4654 4780 4836 4891
4972 4970
4973 4982
4974 4994
4975 2343 4004 4585 4874 4881 4940 4969
4976 4976
4977 4979
4978 4988
4979 4979
4980 4216 4358 4544 4655 4759 4899 4908
4981 4981
4982 4982
4983 2394 3820 4004 4535 4711 4877 4994
4984 4993
4985 4985
4986 4999
4987 4994
4988 4988
4989 4989
4990 3251 3474 3867 4759 4949 4981 4999
4991 4997
4992 3114 3320 3399 4247 4754 4824 4958
4993 4993
4994 4994
4995 2628 3554 3574 4205 4309 4470 4836
4996 4997
4997 4997
4998 4159 4560 4769 4781 4804 4906 4921
4999 4999
5000 2839 3807 3928 4284 4517 4528 4921
