1	22 
2	8 36 
3	20 
4	6 
5	33 
6	19 
7	31 37 
8	1 
9	28 
10	5 
11	15 
12	11 33 
13	29 
14	37 
15	9 
16	37 
17	38 
18	1 
19	28 
20	6 29 
21	35 
22	13 
23	14 
24	6 
25	38 
26	1 
27	18 
28	29 
29	7 
30	33 
31	14 
32	6 
33	3 
34	2 
35	29 
36	12 
37	11 
38	20 
39	34 
40	6 21 
41	31 
42	13 
43	7 
44	20 
45	19 
46	15 
47	12 
48	31 
49	1 
50	7 
51	15 
52	2 
53	24 
54	37 
55	6 
56	12 
57	23 
58	39 
59	7 
60	18 
61	18 
62	12 21 
63	23 
64	29 
65	3 
66	22 
67	2 
68	31 
69	18 26 
70	29 
71	34 
72	24 
73	21 
74	32 
75	6 
76	4 13 
77	23 
78	25 
79	14 
80	21 
81	23 
82	1 
83	9 
84	19 
85	5 
86	34 
87	27 
88	14 
89	38 
90	12 
91	33 
92	13 
93	17 
94	33 
95	12 
96	4 
97	25 
98	18 
99	37 
100	20 
101	25 
102	11 
103	27 
104	12 
105	18 
106	19 
107	13 
108	14 
109	19 
110	1 
111	33 
112	12 
113	21 
114	34 
115	34 
116	20 40 
117	10 
118	26 
119	13 
120	26 
121	5 14 
122	5 
123	28 
124	16 
125	13 
126	4 
127	34 
128	23 
129	7 
130	25 
131	14 
132	39 
133	23 
134	21 
135	21 
136	28 
137	28 
138	28 
139	19 
140	28 
141	33 
142	28 
143	8 
144	20 
145	2 
146	4 
147	40 
148	2 
149	35 
150	7 
151	15 20 
152	25 
153	7 34 
154	2 37 
155	33 34 
156	18 
157	25 
158	21 
159	26 
160	19 
161	15 
162	35 
163	6 
164	15 
165	34 
166	22 
167	38 
168	15 
169	3 
170	3 
171	35 
172	23 33 
173	11 
174	10 
175	15 21 
176	13 
177	12 
178	37 
179	26 
180	21 29 
181	19 
182	11 21 
183	12 
184	19 
185	28 
186	14 
187	9 
188	14 
189	29 
190	36 
191	37 
192	9 
193	15 
194	1 
195	7 
196	38 
197	7 
198	6 
199	38 
200	3 23 
201	16 
202	32 
203	33 
204	27 
205	27 
206	10 
207	6 
208	24 
209	22 
210	31 
211	26 
212	19 
213	15 
214	7 
215	14 34 
216	21 
217	25 
218	40 
219	34 
220	28 
221	20 36 
222	14 
223	7 30 
224	37 
225	37 
226	37 
227	40 
228	35 
229	7 
230	7 
231	11 
232	26 38 
233	34 
234	31 
235	15 
236	6 
237	15 
238	25 
239	21 
240	32 
241	19 
242	12 
243	40 
244	6 
245	19 
246	12 
247	32 
248	37 
249	10 
250	6 
251	16 36 
252	15 
253	7 
254	37 
255	16 
256	27 29 
257	22 
258	12 
259	21 
260	10 
261	19 26 
262	12 
263	18 
264	34 
265	33 
266	36 
267	6 
268	23 
269	26 
270	4 
271	1 
272	28 
273	12 
274	12 
275	2 
276	40 
277	13 
278	35 
279	25 
280	25 
281	26 
282	12 
283	26 
284	37 
285	29 
286	24 
287	41 
288	19 
289	26 
290	17 
291	17 
292	37 
293	23 
294	23 25 
295	26 
296	18 
297	26 
298	33 
299	5 36 
300	30 
301	18 
302	31 
303	38 
304	22 40 
305	6 
306	32 39 
307	18 
308	15 
309	6 
310	27 
311	18 
312	2 
313	10 34 
314	34 
315	3 23 
316	9 
317	7 
318	18 
319	15 
320	9 
321	21 
322	35 
323	32 
324	29 
325	18 
326	4 17 
327	6 
328	17 
329	6 
330	25 
331	12 
332	9 
333	18 
334	15 
335	32 
336	7 
337	16 
338	4 20 
339	1 
340	28 
341	3 18 
342	37 
343	21 
344	1 
345	29 
346	21 
347	2 
348	2 
349	8 
350	9 
351	33 
352	18 
353	8 
354	25 
355	28 
356	6 31 
357	5 
358	18 
359	15 
360	1 
361	37 
362	12 
363	22 
364	2 
365	3 
366	28 
367	22 
368	1 
369	21 
370	37 
371	21 
372	7 
373	33 
374	1 
375	22 
376	38 
377	15 
378	28 
379	6 
380	31 
381	28 
382	2 15 
383	37 
384	23 
385	38 
386	20 
387	12 
388	32 
389	21 
390	27 
391	41 
392	30 
393	2 
394	22 25 
395	26 
396	40 
397	15 
398	23 
399	36 
400	26 
401	18 
402	14 
403	18 
404	15 
405	13 
406	22 
407	11 
408	17 
409	22 
410	16 
411	35 
412	26 
413	18 
414	39 
415	7 33 
416	38 
417	25 
418	12 31 
419	36 
420	25 
421	31 
422	39 
423	15 
424	11 
425	14 
426	18 
427	9 
428	2 
429	26 
430	28 
431	7 
432	33 
433	25 
434	11 
435	34 
436	1 
437	6 
438	8 
439	18 
440	33 
441	6 19 
442	8 
443	34 
444	9 
445	31 
446	9 26 
447	7 33 
448	13 
449	15 
450	28 
451	9 
452	12 
453	21 
454	25 
455	10 
456	30 
457	24 
458	12 
459	11 
460	8 
461	14 
462	30 39 
463	34 
464	11 
465	14 
466	33 
467	8 
468	27 
469	14 
470	6 
471	14 
472	9 
473	11 19 
474	28 
475	7 26 
476	6 
477	6 
478	15 
479	37 
480	2 
481	29 
482	35 
483	33 
484	40 
485	20 
486	22 
487	38 
488	19 
489	20 
490	34 
491	20 
492	28 
493	15 20 
494	7 
495	4 
496	22 
497	24 
498	3 24 
499	18 
500	32 
501	10 
502	21 
503	25 
504	12 
505	17 22 
506	37 
507	18 
508	40 
509	19 
510	25 
511	21 40 
512	15 23 
513	26 
514	10 
515	4 17 
516	32 
517	33 
518	22 
519	38 
520	1 
521	11 
522	23 
523	32 
524	29 
525	16 
526	28 
527	41 
528	37 
529	14 
530	21 
531	41 
532	20 
533	6 38 
534	24 
535	19 
536	12 
537	14 
538	29 
539	6 
540	15 
541	38 
542	37 
543	19 
544	14 
545	41 
546	21 
547	21 24 
548	31 
549	10 
550	6 
551	7 
552	2 
553	18 
554	35 
555	38 
556	7 
557	19 
558	40 
559	3 
560	18 
561	23 
562	16 
563	15 
564	37 
565	30 
566	7 
567	29 
568	22 
569	14 37 
570	10 
571	25 
572	29 
573	28 
574	34 
575	7 15 
576	14 
577	28 
578	14 
579	19 
580	28 
581	32 
582	11 
583	12 
584	25 
585	14 
586	26 
587	39 
588	16 
589	1 
590	2 
591	2 18 
592	20 
593	33 
594	29 
595	34 
596	41 
597	25 
598	18 
599	30 
600	10 
601	39 
602	3 
603	37 
604	6 
605	7 
606	22 
607	5 
608	31 
609	21 
610	27 
611	33 
612	35 
613	1 
614	3 
615	5 
616	19 
617	15 16 
618	30 
619	3 
620	41 
621	20 
622	34 
623	22 
624	18 
625	33 
626	6 
627	18 
628	36 
629	21 
630	11 
631	12 
632	1 
633	34 
634	37 
635	11 
636	39 
637	37 
638	12 
639	37 
640	7 
641	37 
642	7 
643	33 
644	10 
645	12 35 
646	35 
647	21 
648	15 
649	39 
650	15 
651	28 
652	1 
653	12 
654	37 
655	37 
656	34 
657	11 
658	27 
659	22 
660	5 
661	17 
662	32 
663	4 
664	34 
665	26 
666	16 
667	15 
668	14 
669	35 
670	33 
671	39 
672	26 
673	31 
674	14 
675	31 
676	4 
677	8 
678	11 18 
679	34 
680	37 
681	26 
682	27 
683	28 
684	26 
685	24 
686	7 
687	3 6 
688	11 31 
689	18 37 
690	35 
691	22 39 
692	9 
693	40 
694	8 
695	8 
696	17 
697	25 
698	12 
699	7 
700	31 
701	21 
702	2 
703	18 
704	30 
705	5 
706	40 
707	1 
708	6 
709	23 
710	9 
711	16 
712	6 
713	33 
714	9 
715	29 
716	19 
717	31 
718	9 
719	34 
720	14 
721	15 
722	7 13 
723	9 
724	35 
725	9 
726	30 
727	32 
728	16 
729	1 
730	16 
731	29 
732	7 
733	28 
734	29 
735	11 
736	33 34 
737	19 
738	25 
739	28 37 
740	29 31 
741	25 
742	29 
743	12 
744	26 
745	39 
746	21 
747	3 
748	8 
749	12 
750	29 
751	25 
752	19 
753	14 
754	19 
755	25 
756	15 
757	25 34 
758	31 
759	35 
760	3 
761	17 
762	3 
763	18 
764	33 
765	36 
766	33 
767	5 
768	1 
769	11 
770	6 
771	2 29 
772	24 
773	11 
774	6 
775	21 
776	4 
777	14 
778	1 34 
779	41 
780	21 
781	15 
782	1 9 
783	28 
784	11 34 
785	18 
786	34 
787	35 
788	2 28 
789	27 
790	4 
791	21 
792	15 
793	2 
794	2 
795	11 
796	22 
797	12 
798	7 39 
799	38 
800	31 
801	15 
802	33 
803	7 
804	4 
805	32 
806	14 
807	35 
808	5 
809	12 
810	17 
811	11 
812	41 
813	25 
814	12 
815	12 
816	34 
817	12 
818	26 
819	38 
820	6 
821	6 
822	18 41 
823	40 
824	33 
825	17 
826	33 
827	14 
828	2 31 
829	8 
830	32 
831	18 
832	26 
833	15 
834	12 32 
835	26 
836	14 20 
837	35 
838	28 
839	41 
840	28 
841	1 
842	7 
843	18 
844	33 
845	37 
846	7 
847	26 
848	14 
849	31 
850	17 
851	18 
852	40 
853	14 26 
854	4 
855	37 
856	6 33 
857	3 26 
858	1 16 
859	12 
860	3 41 
861	25 
862	28 
863	4 
864	25 
865	3 35 
866	1 
867	1 
868	23 28 
869	13 
870	33 
871	32 
872	39 
873	40 
874	18 
875	22 
876	14 
877	15 
878	25 29 
879	19 
880	38 
881	37 
882	6 29 
883	31 
884	21 
885	19 
886	7 
887	33 
888	38 
889	15 
890	19 
891	29 
892	40 
893	14 41 
894	18 
895	14 
896	37 
897	6 
898	15 
899	1 
900	15 
901	29 
902	17 
903	39 
904	18 
905	22 
906	14 
907	3 
908	1 
909	39 
910	1 
911	29 
912	1 
913	17 21 
914	34 
915	14 
916	37 
917	3 24 
918	11 
919	26 
920	17 
921	18 31 
922	28 
923	34 
924	12 
925	37 
926	7 
927	25 
928	7 
929	14 
930	21 
931	6 
932	33 
933	7 
934	21 
935	11 
936	7 
937	3 35 
938	11 
939	22 
940	6 
941	1 
942	12 
943	38 
944	12 
945	34 
946	37 
947	18 
948	1 
949	6 
950	3 
951	37 
952	26 
953	14 
954	7 
955	19 
956	12 
957	34 
958	26 33 
959	12 
960	6 28 
961	28 
962	1 
963	31 
964	29 
965	18 
966	7 
967	25 
968	18 
969	33 
970	6 
971	11 
972	22 
973	3 14 
974	6 
975	33 
976	25 
977	33 
978	6 
979	37 
980	1 4 
981	34 
982	11 
983	26 
984	14 
985	21 
986	34 
987	26 
988	29 39 
989	15 
990	21 
991	29 37 
992	37 
993	7 
994	14 
995	7 
996	15 
997	12 
998	18 32 
999	21 
1000	15 
