1000
5067
1	796
1	939
1	970
1	972
2	695
2	748
2	765
2	868
3	100
3	386
3	491
3	973
4	695
4	711
4	712
4	940
5	104
5	887
5	975
5	977
6	579
6	754
6	756
6	890
7	637
7	700
7	963
7	997
8	707
8	775
8	899
8	962
9	307
9	651
9	960
9	961
10	69
10	553
10	607
10	808
11	634
11	950
11	996
11	1000
12	250
12	713
12	795
12	982
13	891
13	911
13	951
13	964
14	661
14	925
14	934
14	946
15	425
15	710
15	718
15	841
16	737
16	896
16	946
16	992
17	799
17	906
17	911
17	943
18	841
18	899
18	908
18	925
19	199
19	450
19	733
19	922
20	949
20	952
20	974
20	991
21	170
21	278
21	669
21	759
22	59
22	176
22	722
22	869
23	494
23	915
23	984
23	994
24	849
24	940
24	974
24	978
25	671
25	819
25	888
25	943
26	899
26	910
26	922
26	962
27	627
27	753
27	894
27	968
28	951
28	964
28	988
28	991
29	443
29	469
29	928
29	936
30	893
30	932
30	969
30	977
31	122
31	848
31	876
31	895
32	470
32	662
32	974
32	978
33	771
33	950
33	973
33	992
34	552
34	794
34	939
34	974
35	807
35	882
35	891
35	911
36	274
36	867
36	959
36	997
37	102
37	531
37	935
37	982
38	55
38	221
38	489
38	592
39	950
39	957
39	981
39	986
40	164
40	735
40	960
40	985
41	800
41	849
41	963
41	977
42	231
42	277
42	448
42	869
43	757
43	926
43	936
43	983
44	489
44	493
44	836
44	899
45	615
45	752
45	885
45	955
46	801
46	972
46	989
46	1000
47	104
47	698
47	794
47	997
48	50
48	115
48	700
48	963
49	865
49	899
49	948
49	962
50	48
50	880
50	966
50	993
51	644
51	833
51	996
51	1000
52	430
52	590
52	828
52	935
53	534
53	685
53	772
53	965
54	327
54	603
54	916
54	979
55	38
55	897
55	931
55	960
56	392
56	631
56	814
56	959
57	294
57	522
57	797
57	868
58	810
58	872
58	903
58	988
59	22
59	966
59	993
59	995
60	403
60	851
60	874
60	885
61	413
61	874
61	917
61	965
62	420
62	884
62	956
62	997
63	128
63	512
63	709
63	987
64	776
64	901
64	911
64	988
65	559
65	687
65	894
65	950
66	766
66	905
66	939
66	972
67	364
67	480
67	788
67	880
68	472
68	608
68	673
68	921
69	10
69	744
69	831
69	965
70	248
70	878
70	911
70	988
71	73
71	945
71	981
71	986
72	380
72	685
72	760
72	917
73	71
73	530
73	990
73	999
74	138
74	662
74	871
74	998
75	540
75	931
75	970
75	978
76	176
76	854
76	863
76	869
77	398
77	561
77	868
77	872
78	486
78	967
78	976
78	999
79	777
79	876
79	973
79	975
80	930
80	990
80	992
80	999
81	133
81	293
81	524
81	786
82	881
82	941
82	948
82	980
83	444
83	710
83	723
83	733
84	885
84	929
84	955
84	970
85	649
85	660
85	705
85	767
86	909
86	945
86	981
86	986
87	205
87	468
87	789
87	926
88	488
88	895
88	953
88	984
89	206
89	825
89	880
89	943
90	573
90	583
90	924
90	956
91	277
91	432
91	955
91	977
92	119
92	405
92	869
92	874
93	382
93	839
93	902
93	920
94	887
94	969
94	975
94	993
95	895
95	924
95	944
95	956
96	776
96	804
96	882
96	980
97	741
97	875
97	927
97	967
98	703
98	741
98	904
98	972
99	558
99	896
99	916
99	925
100	3
100	144
100	485
100	761
101	725
101	738
101	755
101	967
102	37
102	492
102	971
102	982
103	390
103	658
103	667
103	911
104	5
104	47
104	817
104	956
105	828
105	843
105	947
105	965
106	716
106	752
106	859
106	955
107	119
107	341
107	598
107	869
108	318
108	929
108	984
108	994
109	181
109	238
109	509
109	955
110	841
110	908
110	938
110	962
111	810
111	932
111	969
111	975
112	242
112	922
112	924
112	997
113	930
113	984
113	985
113	990
114	441
114	923
114	981
114	986
115	48
115	613
115	957
115	986
116	532
116	795
116	836
116	873
117	249
117	535
117	600
117	644
118	599
118	919
118	952
118	983
119	92
119	107
119	389
119	869
120	672
120	681
120	827
120	987
121	808
121	904
121	928
121	929
122	31
122	727
122	767
122	808
123	492
123	718
123	788
123	961
124	337
124	591
124	730
124	749
125	448
125	862
125	869
125	906
126	676
126	790
126	863
126	961
127	601
127	957
127	981
127	986
128	63
128	384
128	868
128	996
129	771
129	928
129	966
129	995
130	197
130	813
130	861
130	976
131	406
131	425
131	984
131	994
132	262
132	644
132	903
132	909
133	81
133	268
133	709
133	719
134	261
134	923
134	985
134	999
135	985
135	990
135	996
135	999
136	340
136	577
136	806
136	960
137	272
137	862
137	922
137	977
138	74
138	658
138	862
138	922
139	555
139	616
139	879
139	955
140	185
140	838
140	922
140	968
141	265
141	844
141	896
141	977
142	207
142	654
142	683
142	960
143	442
143	500
143	695
143	829
144	100
144	421
144	532
144	836
145	348
145	480
145	726
145	915
146	776
146	854
146	878
146	980
147	588
147	852
147	873
147	892
148	279
148	428
148	590
148	794
149	645
149	807
149	837
149	895
150	719
150	886
150	933
150	993
151	532
151	621
151	996
151	1000
152	757
152	967
152	976
152	1000
153	443
153	461
153	928
153	995
154	590
154	704
154	939
154	992
155	625
155	855
155	870
155	981
156	499
156	965
156	968
156	996
157	238
157	320
157	861
157	967
158	775
158	932
158	990
158	999
159	847
159	949
159	958
159	987
160	184
160	752
160	890
160	924
161	764
161	849
161	996
161	1000
162	725
162	865
162	937
162	976
163	649
163	896
163	931
163	974
164	40
164	792
164	898
164	996
165	784
165	923
165	967
165	981
166	579
166	905
166	939
166	972
167	555
167	616
167	799
167	943
168	648
168	884
168	996
168	1000
169	222
169	762
169	917
169	950
170	21
170	860
170	907
170	950
171	554
171	680
171	690
171	937
172	265
172	512
172	561
172	983
173	841
173	935
173	938
173	982
174	455
174	570
174	644
174	708
175	791
175	889
175	971
175	1000
176	22
176	76
176	488
176	869
177	262
177	482
177	942
177	956
178	479
178	528
178	885
178	992
179	818
179	907
179	952
179	987
180	662
180	742
180	934
180	999
181	109
181	737
181	798
181	890
182	884
182	971
182	982
182	995
183	706
183	749
183	959
183	997
184	160
184	793
184	879
184	890
185	140
185	492
185	836
185	922
186	859
186	915
186	953
186	994
187	350
187	403
187	714
187	953
188	463
188	544
188	553
188	953
189	200
189	369
189	891
189	964
190	266
190	399
190	732
190	765
191	842
191	881
191	925
191	991
192	446
192	451
192	472
192	945
193	449
193	929
193	989
193	996
194	768
194	899
194	908
194	978
195	278
195	936
195	993
195	995
196	688
196	880
196	888
196	943
197	130
197	886
197	936
197	988
198	236
198	970
198	974
198	987
199	19
199	880
199	888
199	943
200	189
200	268
200	776
200	950
201	666
201	728
201	858
201	980
202	805
202	871
202	996
202	998
203	702
203	957
203	969
203	977
204	682
204	789
204	960
204	985
205	87
205	806
205	863
205	925
206	89
206	313
206	367
206	549
207	142
207	949
207	965
207	978
208	685
208	772
208	846
208	917
209	905
209	939
209	951
209	972
210	623
210	913
210	921
210	963
211	785
211	847
211	983
211	987
212	535
212	879
212	955
212	991
213	395
213	503
213	898
213	989
214	928
214	954
214	958
214	993
215	953
215	981
215	994
215	1000
216	604
216	985
216	990
216	999
217	571
217	766
217	927
217	976
218	298
218	823
218	873
218	983
219	503
219	914
219	981
219	986
220	355
220	683
220	777
220	961
221	38
221	550
221	592
221	765
222	169
222	984
222	994
222	998
223	568
223	726
223	768
223	966
224	230
224	930
224	979
224	991
225	839
225	845
225	946
225	979
226	754
226	916
226	951
226	992
227	400
227	852
227	873
227	892
228	411
228	692
228	787
228	894
229	573
229	846
229	966
229	993
230	224
230	933
230	954
230	966
230	995
231	42
231	356
231	678
231	971
231	982
232	513
232	581
232	888
232	943
232	987
233	914
233	923
233	957
233	973
233	980
234	800
234	849
234	883
234	954
234	963
235	237
235	770
235	989
235	996
235	1000
236	198
236	263
236	539
236	757
236	770
237	235
237	931
237	969
237	989
237	1000
238	109
238	157
238	584
238	864
238	976
239	594
239	913
239	985
239	998
239	999
240	830
240	871
240	875
240	947
240	998
241	535
241	616
241	759
241	885
241	890
242	112
242	707
242	815
242	944
242	997
243	558
243	802
243	823
243	852
243	892
244	785
244	940
244	944
244	949
244	970
245	583
245	754
245	885
245	955
245	978
246	376
246	452
246	743
246	944
246	981
247	306
247	681
247	805
247	962
247	998
248	70
248	680
248	839
248	946
248	991
249	117
249	514
249	570
249	600
249	702
250	12
250	305
250	539
250	774
250	970
251	255
251	266
251	628
251	711
251	992
252	721
252	904
252	958
252	996
252	1000
253	926
253	936
253	964
253	978
253	993
254	506
254	979
254	991
254	992
254	994
255	251
255	608
255	622
255	711
255	728
256	682
256	736
256	789
256	901
256	964
257	304
257	477
257	905
257	939
257	972
258	447
258	537
258	815
258	956
258	997
259	767
259	904
259	934
259	990
259	999
260	501
260	549
260	570
260	600
260	639
261	134
261	890
261	955
261	958
261	987
262	132
262	177
262	803
262	924
262	944
263	236
263	653
263	904
263	965
263	968
264	407
264	845
264	914
264	945
264	986
265	141
265	172
265	745
265	824
265	844
266	190
266	251
266	419
266	628
266	765
267	309
267	798
267	897
267	940
267	974
268	133
268	200
268	398
268	522
268	607
269	416
269	818
269	835
269	857
269	997
270	790
270	863
270	869
270	954
270	980
271	522
271	782
271	865
271	941
271	962
272	137
272	675
272	783
272	838
272	922
273	733
273	835
273	942
273	944
273	997
274	36
274	305
274	815
274	965
274	997
275	428
275	794
275	828
275	853
275	875
276	304
276	805
276	823
276	873
276	892
277	42
277	91
277	405
277	448
277	869
278	21
278	195
278	322
278	759
278	837
279	148
279	853
279	861
279	927
279	976
280	391
280	751
280	927
280	967
280	976
281	853
281	881
281	905
281	983
281	987
282	779
282	924
282	942
282	956
282	997
283	714
283	744
283	857
283	983
283	987
284	564
284	602
284	887
284	979
284	992
285	666
285	682
285	891
285	901
285	964
286	364
286	547
286	685
286	910
286	917
287	531
287	596
287	690
287	779
287	839
288	637
288	791
288	879
288	885
288	955
289	573
289	952
289	983
289	987
289	995
290	520
290	633
290	850
290	902
290	920
291	650
291	825
291	850
291	902
291	920
292	722
292	933
292	946
292	951
292	992
293	81
293	493
293	561
293	709
293	868
294	57
294	709
294	864
294	878
294	881
295	656
295	681
295	818
295	983
295	987
296	426
296	742
296	851
296	874
296	998
297	594
297	835
297	952
297	983
297	987
298	218
298	887
298	958
298	969
298	975
299	628
299	660
299	765
299	767
299	970
300	599
300	694
300	704
300	722
300	726
301	843
301	950
301	965
301	968
301	989
302	758
302	842
302	883
302	963
302	997
303	819
303	880
303	888
303	925
303	943
304	257
304	276
304	892
304	937
304	972
305	250
305	274
305	426
305	970
305	978
306	247
306	413
306	692
306	871
306	909
307	9
307	598
307	624
307	843
307	965
308	625
308	787
308	877
308	900
308	996
309	267
309	687
309	935
309	940
309	970
310	360
310	415
310	610
310	658
310	789
311	318
311	894
311	947
311	952
311	968
312	590
312	702
312	793
312	974
312	998
313	206
313	405
313	501
313	777
313	957
314	786
314	805
314	957
314	963
314	986
315	384
315	514
315	696
315	907
315	950
316	403
316	710
316	714
316	723
316	953
317	830
317	954
317	990
317	993
317	995
318	108
318	311
318	843
318	904
318	965
319	964
319	985
319	989
319	996
319	1000
320	157
320	451
320	692
320	718
320	782
321	512
321	884
321	985
321	990
321	999
322	278
322	646
322	807
322	837
322	853
323	384
323	500
323	682
323	805
323	998
324	572
324	731
324	831
324	901
324	964
325	553
325	689
325	818
325	968
325	998
326	377
326	495
326	870
326	920
326	980
327	54
327	774
327	940
327	971
327	974
328	598
328	850
328	902
328	912
328	920
329	367
329	550
329	774
329	974
329	992
330	571
330	813
330	927
330	976
330	1000
331	631
331	814
331	910
331	997
331	998
332	446
332	472
332	584
332	718
332	782
333	508
333	874
333	904
333	947
333	968
334	579
334	781
334	963
334	989
334	1000
335	581
335	834
335	871
335	985
335	998
336	872
336	926
336	966
336	993
336	995
337	124
337	525
337	728
337	730
337	731
338	592
338	610
338	635
338	854
338	980
339	888
339	908
339	912
339	948
339	962
340	136
340	869
340	960
340	961
340	989
341	107
341	403
341	907
341	947
341	950
342	401
342	739
342	951
342	979
342	992
343	373
343	872
343	985
343	990
343	999
344	750
344	867
344	910
344	941
344	962
345	567
345	728
345	891
345	988
345	991
346	455
346	567
346	934
346	990
346	999
347	351
347	364
347	552
347	793
347	989
348	145
348	349
348	771
348	793
348	877
349	348
349	438
349	677
349	695
349	748
350	187
350	710
350	723
350	954
350	957
351	347
351	802
351	887
351	932
351	975
352	429
352	560
352	785
352	947
352	998
353	442
353	467
353	475
353	694
353	829
354	420
354	715
354	918
354	927
354	967
355	220
355	577
355	922
355	961
355	993
356	231
356	624
356	963
356	970
356	974
357	705
357	767
357	808
357	945
357	986
358	524
358	843
358	904
358	947
358	965
359	756
359	855
359	989
359	996
359	1000
360	310
360	520
360	727
360	948
360	980
361	881
361	916
361	946
361	990
361	992
362	873
362	942
362	956
362	959
362	974
363	394
363	659
363	939
363	972
363	984
364	67
364	286
364	347
364	793
364	868
365	638
365	760
365	857
365	865
365	950
366	492
366	526
366	747
366	922
366	961
367	206
367	329
367	796
367	939
367	972
368	389
368	489
368	632
368	912
368	962
369	189
369	930
369	934
369	985
369	990
370	655
370	845
370	959
370	962
370	992
371	515
371	934
371	985
371	990
371	999
372	886
372	926
372	928
372	954
372	965
373	343
373	844
373	932
373	975
373	977
374	899
374	908
374	961
374	962
374	980
375	606
375	922
375	939
375	970
375	972
376	246
376	819
376	880
376	888
376	943
377	326
377	721
377	960
377	989
377	996
378	534
378	840
378	868
378	872
378	961
379	517
379	918
379	931
379	974
379	978
380	72
380	445
380	548
380	828
380	963
381	551
381	783
381	838
381	862
381	961
382	93
382	651
382	689
382	793
382	1000
383	699
383	720
383	855
383	916
383	946
383	992
384	128
384	315
384	323
384	522
384	709
384	988
385	483
385	541
385	555
385	799
385	819
385	943
386	3
386	485
386	491
386	532
386	878
386	988
387	743
387	805
387	814
387	924
387	959
387	997
388	493
388	523
388	830
388	871
388	977
388	998
389	119
389	368
389	780
389	934
389	990
389	999
390	103
390	610
390	682
390	789
390	941
390	966
391	280
391	779
391	812
391	822
391	839
391	893
392	56
392	456
392	508
392	618
392	704
392	726
393	552
393	702
393	771
393	793
393	794
393	929
394	363
394	606
394	697
394	972
394	976
394	986
395	213
395	665
395	783
395	919
395	983
395	987
396	632
396	693
396	823
396	852
396	873
396	892
397	422
397	643
397	650
397	900
397	989
397	1000
398	77
398	268
398	502
398	561
398	661
398	709
399	190
399	419
399	628
399	765
399	858
399	980
400	227
400	853
400	952
400	983
400	987
400	994
401	342
401	703
401	763
401	921
401	959
401	968
402	574
402	700
402	895
402	953
402	984
402	994
403	60
403	187
403	316
403	341
403	831
403	965
404	756
404	851
404	877
404	898
404	989
404	996
405	92
405	277
405	313
405	588
405	722
405	869
406	131
406	518
406	875
406	939
406	972
406	1000
407	264
407	911
407	935
407	938
407	971
407	982
408	799
408	810
408	825
408	850
408	902
408	920
409	548
409	820
409	875
409	905
409	939
409	972
410	525
410	552
410	562
410	588
410	617
410	814
411	228
411	483
411	554
411	759
411	764
411	787
412	776
412	919
412	952
412	958
412	983
412	987
413	61
413	306
413	577
413	894
413	965
413	968
414	746
414	854
414	872
414	903
414	909
414	988
415	310
415	435
415	933
415	954
415	969
415	977
416	269
416	799
416	819
416	880
416	888
416	943
417	813
417	864
417	877
417	882
417	967
417	976
418	686
418	817
418	883
418	944
418	963
418	969
419	266
419	399
419	536
419	628
419	765
419	811
420	62
420	354
420	769
420	813
420	878
420	976
421	144
421	700
421	758
421	849
421	947
421	963
422	397
422	800
422	872
422	903
422	909
422	988
423	478
423	710
423	889
423	989
423	991
423	1000
424	784
424	811
424	938
424	971
424	974
424	982
425	15
425	131
425	806
425	929
425	960
425	984
426	296
426	305
426	591
426	831
426	989
426	998
427	692
427	708
427	714
427	718
427	725
427	782
428	148
428	275
428	552
428	702
428	794
428	995
429	352
429	847
429	952
429	961
429	983
429	987
430	52
430	651
430	783
430	825
430	960
430	961
431	814
431	926
431	933
431	954
431	966
431	995
432	91
432	824
432	851
432	884
432	958
432	977
433	510
433	571
433	638
433	878
433	927
433	971
434	650
434	918
434	935
434	938
434	952
434	982
435	415
435	595
435	945
435	957
435	981
435	986
436	557
436	867
436	941
436	948
436	962
436	971
437	562
437	784
437	931
437	940
437	949
437	974
438	349
438	460
438	694
438	695
438	829
438	882
439	507
439	580
439	627
439	766
439	851
439	965
440	826
440	965
440	969
440	975
440	977
440	990
441	114
441	579
441	754
441	820
441	936
441	978
442	143
442	353
442	491
442	677
442	748
442	829
443	29
443	153
443	463
443	914
443	959
443	986
444	83
444	472
444	692
444	723
444	871
444	968
445	380
445	546
445	667
445	688
445	883
445	963
446	192
446	332
446	714
446	832
446	936
446	983
447	258
447	732
447	752
447	932
447	933
447	969
448	42
448	125
448	277
448	722
448	869
448	990
449	193
449	563
449	715
449	900
449	983
449	996
450	19
450	527
450	609
450	733
450	840
450	922
451	192
451	320
451	710
451	723
451	725
451	998
452	246
452	868
452	924
452	947
452	959
452	997
453	688
453	897
453	930
453	985
453	990
453	999
454	697
454	741
454	864
454	967
454	976
454	981
455	174
455	346
455	501
455	549
455	600
455	871
456	392
456	599
456	618
456	726
456	915
456	959
457	497
457	534
457	664
457	735
457	772
457	917
458	504
458	583
458	897
458	959
458	989
458	997
459	643
459	723
459	811
459	935
459	971
459	982
460	438
460	677
460	685
460	748
460	796
460	829
461	153
461	806
461	906
461	936
461	984
461	994
462	565
462	704
462	890
462	909
462	961
462	988
463	188
463	443
463	923
463	975
463	981
463	986
464	606
464	918
464	938
464	971
464	982
464	995
465	492
465	780
465	827
465	876
465	984
465	994
466	724
466	870
466	932
466	975
466	977
466	990
467	353
467	694
467	747
467	748
467	829
467	880
468	87
468	610
468	658
468	682
468	789
468	875
469	29
469	576
469	777
469	915
469	920
469	984
470	32
470	708
470	820
470	940
470	958
470	974
471	841
471	915
471	929
471	983
471	984
471	994
472	68
472	192
472	332
472	444
472	718
472	725
473	509
473	554
473	630
473	938
473	955
473	982
474	656
474	683
474	868
474	935
474	960
474	961
475	353
475	788
475	919
475	987
475	993
475	995
476	534
476	712
476	940
476	949
476	978
476	987
477	257
477	820
477	869
477	949
477	970
477	978
478	423
478	603
478	807
478	898
478	989
478	1000
479	178
479	680
479	925
479	979
479	980
479	995
480	67
480	145
480	771
480	828
480	830
480	877
481	538
481	572
481	750
481	901
481	964
481	999
482	177
482	669
482	787
482	837
482	894
482	937
483	385
483	411
483	713
483	870
483	969
483	975
484	485
484	706
484	773
484	852
484	873
484	892
485	100
485	386
485	484
485	491
485	693
485	836
486	78
486	811
486	875
486	905
486	939
486	972
487	519
487	539
487	799
487	819
487	880
487	943
487	971
488	88
488	176
488	557
488	716
488	754
488	879
488	955
489	38
489	44
489	368
489	532
489	592
489	621
489	915
490	913
490	914
490	923
490	945
490	957
490	981
490	986
491	3
491	386
491	442
491	485
491	533
491	592
491	621
492	102
492	123
492	185
492	366
492	465
492	838
492	961
493	44
493	293
493	388
493	621
493	962
493	989
493	996
494	23
494	863
494	928
494	933
494	954
494	993
494	995
495	326
495	639
495	765
495	804
495	854
495	863
495	980
496	528
496	733
496	796
496	875
496	905
496	946
496	972
497	457
497	501
497	534
497	685
497	740
497	772
497	917
498	534
498	569
498	747
498	772
498	937
498	973
498	984
499	156
499	649
499	822
499	831
499	838
499	874
499	947
500	143
500	323
500	727
500	805
500	830
500	931
500	998
501	260
501	313
501	455
501	497
501	514
501	644
501	932
502	398
502	780
502	898
502	930
502	985
502	990
502	999
503	213
503	219
503	741
503	813
503	861
503	967
503	976
504	458
504	749
504	797
504	846
504	959
504	961
504	997
505	606
505	610
505	687
505	810
505	825
505	920
505	972
506	254
506	799
506	855
506	946
506	951
506	977
506	979
507	439
507	763
507	787
507	904
507	942
507	947
507	998
508	333
508	392
508	706
508	715
508	823
508	873
508	892
509	109
509	473
509	724
509	737
509	754
509	955
509	968
510	433
510	755
510	927
510	959
510	967
510	972
510	976
511	852
511	883
511	892
511	985
511	986
511	990
511	999
512	63
512	172
512	321
512	519
512	801
512	996
512	1000
513	232
513	738
513	835
513	898
513	952
513	983
513	987
514	249
514	315
514	501
514	570
514	644
514	798
514	977
515	371
515	804
515	863
515	902
515	920
515	977
515	980
516	581
516	784
516	830
516	834
516	871
516	938
516	998
517	379
517	764
517	958
517	969
517	972
517	975
517	977
518	406
518	875
518	905
518	930
518	939
518	972
518	999
519	487
519	512
519	799
519	880
519	888
519	943
519	945
520	290
520	360
520	559
520	729
520	841
520	912
520	980
521	870
521	918
521	935
521	938
521	958
521	971
521	982
522	57
522	268
522	271
522	384
522	561
522	868
522	943
523	388
523	561
523	727
523	830
523	871
523	944
523	998
524	81
524	358
524	715
524	742
524	750
524	891
524	901
525	337
525	410
525	562
525	588
525	666
525	741
525	983
526	366
526	573
526	577
526	691
526	783
526	840
526	901
527	450
527	620
527	779
527	812
527	822
527	839
527	840
528	178
528	496
528	845
528	855
528	896
528	978
528	992
529	691
529	806
529	837
529	848
529	893
529	906
529	953
530	73
530	829
530	930
530	934
530	971
530	990
530	999
531	37
531	287
531	779
531	812
531	839
531	893
531	960
532	116
532	144
532	151
532	386
532	489
532	611
532	698
533	491
533	557
533	820
533	856
533	880
533	943
533	978
534	53
534	378
534	457
534	476
534	497
534	498
534	772
535	117
535	212
535	241
535	547
535	616
535	890
535	955
536	419
536	624
536	815
536	942
536	956
536	959
536	997
537	258
537	827
537	895
537	905
537	953
537	984
537	994
538	481
538	750
538	892
538	901
538	935
538	964
538	991
539	236
539	250
539	487
539	931
539	949
539	978
539	991
540	75
540	739
540	877
540	978
540	989
540	996
540	1000
541	385
541	819
541	864
541	880
541	888
541	943
541	987
542	584
542	896
542	908
542	916
542	951
542	979
542	992
543	557
543	620
543	716
543	879
543	885
543	955
543	976
544	188
544	578
544	633
544	736
544	836
544	953
544	984
545	779
545	812
545	839
545	860
545	893
545	970
545	996
546	445
546	582
546	913
546	934
546	985
546	990
546	999
547	286
547	535
547	574
547	775
547	917
547	985
547	999
548	380
548	409
548	820
548	849
548	883
548	963
548	992
549	206
549	260
549	455
549	644
549	794
549	921
549	937
550	221
550	329
550	821
550	897
550	931
550	950
550	974
551	381
551	670
551	901
551	928
551	936
551	993
551	995
552	34
552	347
552	393
552	410
552	428
552	794
552	860
553	10
553	188
553	325
553	894
553	947
553	968
553	998
554	171
554	411
554	473
554	682
554	724
554	865
554	937
555	139
555	167
555	385
555	819
555	829
555	888
555	943
556	686
556	842
556	936
556	951
556	966
556	976
556	995
557	436
557	488
557	533
557	543
557	879
557	890
557	955
558	99
558	243
558	693
558	765
558	823
558	852
558	902
559	65
559	520
559	619
559	907
559	950
559	973
559	987
560	352
560	763
560	894
560	921
560	947
560	959
560	984
560	998
561	77
561	172
561	293
561	398
561	522
561	523
561	659
561	868
562	410
562	437
562	525
562	617
562	711
562	728
562	734
562	837
563	449
563	863
563	877
563	900
563	989
563	994
563	996
563	1000
564	284
564	680
564	850
564	879
564	946
564	979
564	991
564	992
565	462
565	599
565	618
565	655
565	704
565	726
565	734
565	919
566	720
566	772
566	925
566	926
566	936
566	966
566	993
566	995
567	345
567	346
567	594
567	891
567	901
567	915
567	964
567	991
568	223
568	691
568	796
568	815
568	875
568	878
568	905
568	972
569	498
569	585
569	896
569	910
569	915
569	925
569	953
569	979
570	174
570	249
570	260
570	514
570	600
570	644
570	886
570	957
571	217
571	330
571	433
571	597
571	698
571	878
571	927
571	993
572	324
572	481
572	870
572	891
572	901
572	911
572	964
572	970
573	90
573	229
573	289
573	526
573	651
573	683
573	862
573	961
574	402
574	547
574	784
574	786
574	945
574	957
574	981
574	986
575	654
575	756
575	791
575	900
575	933
575	993
575	995
575	1000
576	469
576	806
576	850
576	929
576	939
576	973
576	984
576	994
577	136
577	355
577	413
577	526
577	782
577	840
577	862
577	988
578	544
578	614
578	665
578	720
578	777
578	876
578	953
578	984
579	6
579	166
579	334
579	441
579	616
579	879
579	955
579	978
580	439
580	733
580	739
580	783
580	803
580	838
580	960
580	961
581	232
581	335
581	516
581	727
581	871
581	880
581	940
581	998
582	546
582	795
582	918
582	929
582	935
582	938
582	971
582	982
583	90
583	245
583	458
583	834
583	859
583	889
583	944
583	997
584	238
584	332
584	542
584	751
584	849
584	927
584	967
584	976
585	569
585	769
585	853
585	873
585	926
585	953
585	984
585	994
586	672
586	681
586	763
586	818
586	952
586	983
586	987
586	999
587	649
587	745
587	869
587	872
587	903
587	909
587	964
587	988
588	147
588	405
588	410
588	525
588	666
588	728
588	730
588	858
589	729
589	740
589	743
589	858
589	908
589	910
589	912
589	962
590	52
590	148
590	154
590	312
590	702
590	734
590	788
590	897
591	124
591	426
591	793
591	794
591	828
591	875
591	939
591	998
592	38
592	221
592	338
592	489
592	491
592	621
592	835
592	973
593	764
593	824
593	863
593	909
593	958
593	969
593	975
593	977
594	239
594	297
594	567
594	731
594	742
594	911
594	964
594	991
595	435
595	816
595	914
595	927
595	957
595	981
595	986
595	999
596	287
596	620
596	676
596	812
596	839
596	860
596	932
596	974
597	571
597	684
597	738
597	813
597	823
597	927
597	967
597	976
598	107
598	307
598	328
598	785
598	831
598	886
598	894
598	947
599	118
599	300
599	456
599	565
599	618
599	704
599	726
599	961
600	117
600	249
600	260
600	455
600	570
600	644
600	804
600	873
601	127
601	671
601	735
601	745
601	872
601	903
601	909
601	988
602	284
602	619
602	747
602	762
602	788
602	907
602	917
602	950
603	54
603	478
603	680
603	855
603	940
603	951
603	991
603	992
604	216
604	605
604	712
604	897
604	949
604	960
604	970
604	974
605	604
605	732
605	846
605	899
605	954
605	975
605	993
605	995
606	375
606	394
606	464
606	505
606	905
606	912
606	939
606	972
607	10
607	268
607	615
607	636
607	660
607	705
607	767
607	808
608	68
608	255
608	717
608	758
608	828
608	921
608	963
608	996
609	450
609	629
609	934
609	975
609	976
609	985
609	990
609	999
610	310
610	338
610	390
610	468
610	505
610	658
610	682
610	789
611	532
611	766
611	826
611	870
611	887
611	896
611	932
611	977
612	646
612	690
612	724
612	750
612	787
612	807
612	937
612	966
613	115
613	632
613	841
613	866
613	941
613	948
613	953
613	955
614	578
614	762
614	784
614	812
614	865
614	907
614	950
614	973
615	45
615	607
615	660
615	705
615	709
615	767
615	808
615	840
616	139
616	167
616	241
616	535
616	579
616	851
616	879
616	885
617	410
617	562
617	711
617	779
617	934
617	989
617	996
617	1000
618	392
618	456
618	565
618	599
618	704
618	726
618	755
618	881
619	559
619	602
619	856
619	907
619	937
619	950
619	964
619	973
620	527
620	543
620	596
620	737
620	812
620	822
620	839
620	893
621	151
621	489
621	491
621	493
621	592
621	836
621	922
621	960
622	255
622	717
622	719
622	757
622	923
622	945
622	957
622	981
622	986
623	210
623	659
623	729
623	796
623	862
623	875
623	905
623	939
623	972
624	307
624	356
624	536
624	703
624	785
624	869
624	947
624	965
624	998
625	155
625	308
625	844
625	887
625	932
625	954
625	963
625	969
625	975
626	796
626	883
626	884
626	897
626	931
626	949
626	970
626	974
626	978
627	27
627	439
627	861
627	894
627	904
627	934
627	956
627	965
627	968
628	251
628	266
628	299
628	399
628	419
628	765
628	955
628	970
628	989
629	609
629	685
629	791
629	871
629	882
629	884
629	930
629	985
629	999
630	473
630	676
630	811
630	935
630	938
630	949
630	971
630	982
630	1000
631	56
631	331
631	797
631	813
631	924
631	944
631	966
631	991
631	997
632	368
632	396
632	613
632	730
632	908
632	910
632	941
632	962
632	980
633	290
633	544
633	719
633	914
633	923
633	945
633	957
633	981
633	986
634	11
634	881
634	896
634	925
634	951
634	979
634	991
634	992
634	998
635	338
635	657
635	709
635	773
635	795
635	918
635	945
635	971
635	982
636	607
636	671
636	745
636	822
636	872
636	903
636	909
636	988
636	999
637	7
637	288
637	799
637	896
637	951
637	967
637	979
637	991
637	992
638	365
638	433
638	809
638	815
638	942
638	944
638	956
638	973
638	997
639	260
639	495
639	881
639	916
639	951
639	979
639	985
639	991
639	992
640	662
640	717
640	732
640	886
640	933
640	936
640	954
640	993
640	995
641	669
641	845
641	855
641	943
641	946
641	951
641	979
641	992
641	998
642	792
642	804
642	842
642	928
642	936
642	966
642	992
642	993
642	995
643	397
643	459
643	689
643	766
643	802
643	870
643	969
643	975
643	977
644	51
644	117
644	132
644	174
644	501
644	514
644	549
644	570
644	600
645	149
645	767
645	807
645	816
645	837
645	885
645	944
645	959
645	997
646	322
646	612
646	669
646	759
646	837
646	865
646	911
646	937
646	956
647	746
647	791
647	884
647	930
647	977
647	982
647	985
647	990
647	999
648	168
648	781
648	887
648	889
648	898
648	966
648	989
648	990
648	1000
649	85
649	163
649	499
649	587
649	745
649	872
649	903
649	909
649	988
650	291
650	397
650	434
650	781
650	833
650	941
650	989
650	996
650	1000
651	9
651	382
651	430
651	573
651	742
651	840
651	862
651	922
651	996
652	729
652	759
652	867
652	891
652	908
652	910
652	912
652	948
652	962
653	263
653	698
653	809
653	814
653	859
653	942
653	956
653	959
653	974
654	142
654	575
654	680
654	778
654	845
654	946
654	951
654	979
654	992
655	370
655	565
655	896
655	923
655	925
655	946
655	976
655	979
655	992
656	295
656	474
656	816
656	923
656	937
656	945
656	957
656	981
656	986
657	635
657	773
657	791
657	918
657	924
657	935
657	938
657	971
657	982
658	103
658	138
658	310
658	468
658	610
658	682
658	789
658	845
658	958
659	363
659	561
659	623
659	675
659	875
659	905
659	939
659	972
659	979
660	85
660	299
660	607
660	615
660	705
660	808
660	812
660	967
660	991
661	14
661	398
661	674
661	810
661	825
661	850
661	902
661	913
661	920
662	32
662	74
662	180
662	640
662	727
662	805
662	830
662	871
662	998
663	676
663	790
663	804
663	854
663	863
663	881
663	913
663	914
663	980
664	457
664	757
664	786
664	889
664	945
664	956
664	957
664	981
664	986
665	395
665	578
665	680
665	832
665	835
665	902
665	919
665	985
665	987
666	201
666	285
666	525
666	588
666	711
666	730
666	858
666	861
666	951
667	103
667	445
667	721
667	758
667	801
667	889
667	989
667	996
667	1000
668	827
668	848
668	862
668	906
668	915
668	929
668	973
668	984
668	986
668	994
669	21
669	482
669	641
669	646
669	690
669	759
669	807
669	837
669	859
669	895
670	551
670	802
670	826
670	844
670	915
670	932
670	948
670	958
670	975
670	977
671	25
671	601
671	636
671	745
671	854
671	872
671	903
671	909
671	933
671	988
672	120
672	586
672	684
672	722
672	819
672	919
672	952
672	963
672	983
672	987
673	68
673	684
673	717
673	751
673	800
673	804
673	849
673	883
673	921
673	963
674	661
674	777
674	876
674	879
674	906
674	915
674	929
674	959
674	984
674	994
675	272
675	659
675	700
675	717
675	740
675	758
675	849
675	883
675	963
675	994
676	126
676	596
676	630
676	663
676	773
676	776
676	790
676	854
676	863
676	980
677	349
677	442
677	460
677	687
677	694
677	695
677	748
677	778
677	829
677	928
678	231
678	851
678	876
678	905
678	918
678	928
678	965
678	971
678	982
678	998
679	759
679	784
679	816
679	849
679	923
679	934
679	945
679	957
679	981
679	986
680	171
680	248
680	479
680	564
680	603
680	654
680	665
680	808
680	979
680	992
681	120
681	247
681	295
681	586
681	832
681	927
681	954
681	958
681	983
681	987
682	204
682	256
682	285
682	323
682	390
682	468
682	554
682	610
682	658
682	789
683	142
683	220
683	474
683	573
683	739
683	775
683	840
683	864
683	866
683	961
684	597
684	672
684	673
684	847
684	857
684	916
684	919
684	952
684	983
684	987
685	53
685	72
685	208
685	286
685	460
685	497
685	629
685	772
685	900
685	917
686	418
686	556
686	914
686	933
686	936
686	954
686	966
686	993
686	995
686	998
687	65
687	309
687	505
687	677
687	907
687	917
687	937
687	951
687	970
687	978
688	196
688	445
688	453
688	800
688	849
688	861
688	918
688	935
688	971
688	982
689	325
689	382
689	643
689	845
689	864
689	925
689	947
689	968
689	979
689	998
690	171
690	287
690	612
690	669
690	724
690	778
690	807
690	837
690	937
690	952
691	526
691	529
691	568
691	830
691	875
691	903
691	909
691	939
691	972
691	988
692	228
692	306
692	320
692	427
692	444
692	714
692	718
692	723
692	725
692	968
693	396
693	485
693	558
693	706
693	823
693	844
693	852
693	873
693	892
693	980
694	300
694	353
694	438
694	467
694	677
694	695
694	714
694	748
694	829
694	996
695	2
695	4
695	143
695	349
695	438
695	677
695	694
695	829
695	867
695	868
696	315
696	761
696	810
696	825
696	850
696	889
696	902
696	908
696	913
696	920
697	394
697	454
697	738
697	755
697	806
697	864
697	945
697	967
697	976
697	989
698	47
698	532
698	571
698	653
698	749
698	817
698	917
698	956
698	959
698	997
699	383
699	842
699	846
699	936
699	954
699	966
699	977
699	987
699	993
699	995
700	7
700	48
700	402
700	421
700	675
700	800
700	883
700	901
700	929
700	963
701	746
701	884
701	923
701	930
701	934
701	985
701	990
701	992
701	997
701	999
702	203
702	249
702	312
702	393
702	428
702	590
702	732
702	788
702	794
702	828
703	98
703	401
703	624
703	732
703	874
703	904
703	948
703	965
703	968
703	969
704	154
704	300
704	392
704	462
704	565
704	599
704	618
704	726
704	892
704	943
705	85
705	357
705	607
705	615
705	660
705	767
705	779
705	808
705	825
705	991
706	183
706	484
706	508
706	693
706	823
706	844
706	852
706	873
706	892
706	970
707	8
707	242
707	768
707	792
707	867
707	910
707	941
707	948
707	949
707	962
708	174
708	427
708	470
708	931
708	940
708	949
708	960
708	974
708	978
708	985
709	63
709	133
709	293
709	294
709	384
709	398
709	615
709	635
709	868
709	909
710	15
710	83
710	316
710	350
710	423
710	451
710	714
710	725
710	812
710	932
711	4
711	251
711	255
711	562
711	617
711	666
711	728
711	730
711	858
711	997
711	999
712	4
712	476
712	604
712	774
712	820
712	897
712	924
712	932
712	949
712	978
712	993
713	12
713	483
713	736
713	764
713	818
713	833
713	847
713	932
713	969
713	975
713	977
714	187
714	283
714	316
714	427
714	446
714	692
714	694
714	710
714	718
714	725
714	843
715	354
715	449
715	508
715	524
715	731
715	734
715	771
715	882
715	964
715	988
715	991
716	106
716	488
716	543
716	752
716	754
716	851
716	856
716	879
716	885
716	890
716	993
717	608
717	622
717	640
717	673
717	675
717	740
717	800
717	828
717	921
717	958
717	963
718	15
718	123
718	320
718	332
718	427
718	472
718	692
718	714
718	782
718	844
718	871
719	133
719	150
719	622
719	633
719	786
719	862
719	923
719	945
719	957
719	981
719	986
720	383
720	566
720	578
720	821
720	848
720	895
720	906
720	915
720	929
720	984
720	994
721	252
721	377
721	667
721	756
721	781
721	782
721	833
721	848
721	852
721	889
721	996
722	22
722	292
722	300
722	405
722	448
722	672
722	869
722	886
722	954
722	993
722	995
723	83
723	316
723	350
723	444
723	451
723	459
723	692
723	725
723	782
723	864
723	977
724	466
724	509
724	554
724	612
724	690
724	759
724	767
724	787
724	807
724	865
724	937
725	101
725	162
725	427
725	451
725	472
725	692
725	710
725	714
725	723
725	780
725	892
726	145
726	223
726	300
726	392
726	456
726	565
726	599
726	618
726	704
726	888
726	990
727	122
727	360
727	500
727	523
727	581
727	662
727	805
727	830
727	871
727	979
727	998
728	201
728	255
728	337
728	345
728	562
728	588
728	711
728	730
728	836
728	855
728	858
729	520
729	589
729	623
729	652
729	737
729	778
729	866
729	899
729	908
729	948
729	993
730	124
730	337
730	588
730	632
730	666
730	711
730	728
730	815
730	847
730	858
730	993
731	324
731	337
731	594
731	715
731	771
731	886
731	911
731	929
731	964
731	988
731	991
732	190
732	447
732	605
732	640
732	702
732	703
732	926
732	954
732	966
732	993
732	995
733	19
733	83
733	273
733	450
733	496
733	580
733	838
733	840
733	868
733	922
733	961
734	562
734	565
734	590
734	715
734	742
734	750
734	891
734	911
734	964
734	988
734	991
735	40
735	457
735	601
735	769
735	795
735	866
735	918
735	935
735	938
735	971
735	982
736	256
736	544
736	713
736	767
736	914
736	919
736	932
736	975
736	977
736	981
736	986
737	16
737	181
737	509
737	620
737	729
737	752
737	754
737	879
737	885
737	890
737	955
738	101
738	513
738	597
738	697
738	751
738	861
738	864
738	878
738	893
738	976
738	989
739	342
739	540
739	580
739	683
739	789
739	838
739	846
739	862
739	951
739	956
739	986
740	497
740	589
740	675
740	717
740	800
740	849
740	891
740	901
740	911
740	964
740	979
741	97
741	98
741	454
741	503
741	525
741	755
741	861
741	864
741	893
741	927
741	967
742	180
742	296
742	524
742	594
742	651
742	734
742	878
742	882
742	988
742	991
742	997
743	246
743	387
743	589
743	924
743	925
743	942
743	956
743	959
743	961
743	988
743	997
744	69
744	283
744	749
744	818
744	832
744	837
744	841
744	847
744	952
744	983
744	987
745	265
745	587
745	601
745	636
745	649
745	671
745	770
745	872
745	874
745	903
745	909
745	988
746	414
746	647
746	701
746	775
746	780
746	791
746	916
746	930
746	985
746	990
746	991
746	999
747	366
747	467
747	498
747	602
747	762
747	902
747	907
747	917
747	933
747	937
747	950
747	973
748	2
748	349
748	442
748	460
748	467
748	677
748	694
748	790
748	809
748	829
748	914
748	962
749	124
749	183
749	504
749	698
749	744
749	859
749	924
749	942
749	944
749	959
749	985
749	997
750	344
750	481
750	524
750	538
750	612
750	734
750	822
750	878
750	901
750	933
750	964
750	991
751	280
751	584
751	673
751	738
751	834
751	861
751	864
751	927
751	958
751	963
751	967
751	976
752	45
752	106
752	160
752	447
752	716
752	737
752	862
752	885
752	890
752	930
752	955
752	995
753	27
753	812
753	827
753	853
753	876
753	895
753	929
753	930
753	953
753	984
753	994
753	995
754	6
754	226
754	245
754	441
754	488
754	509
754	716
754	737
754	788
754	816
754	890
754	955
755	101
755	510
755	618
755	697
755	741
755	757
755	861
755	872
755	927
755	967
755	976
755	983
756	6
756	359
756	404
756	575
756	721
756	816
756	824
756	880
756	885
756	889
756	900
756	996
757	43
757	152
757	236
757	622
757	664
757	755
757	864
757	914
757	956
757	967
757	976
757	981
758	302
758	421
758	608
758	667
758	675
758	800
758	823
758	849
758	883
758	884
758	942
758	963
759	21
759	241
759	278
759	411
759	646
759	652
759	669
759	679
759	724
759	807
759	865
759	878
760	72
760	365
760	763
760	857
760	860
760	907
760	917
760	935
760	937
760	950
760	973
760	988
761	100
761	696
761	810
761	825
761	850
761	865
761	902
761	913
761	918
761	920
761	976
762	169
762	602
762	614
762	747
762	796
762	842
762	865
762	899
762	907
762	950
762	973
762	989
763	401
763	507
763	560
763	586
763	760
763	843
763	874
763	904
763	947
763	951
763	968
763	998
764	161
764	411
764	517
764	593
764	713
764	802
764	826
764	856
764	932
764	954
764	958
764	967
765	2
765	190
765	221
765	266
765	299
765	399
765	419
765	495
765	558
765	628
765	826
765	954
766	66
766	217
766	439
766	611
766	643
766	870
766	887
766	912
766	932
766	969
766	975
766	977
767	85
767	122
767	259
767	299
767	357
767	607
767	615
767	645
767	705
767	724
767	736
767	808
768	194
768	223
768	707
768	782
768	813
768	866
768	867
768	899
768	912
768	941
768	945
768	948
769	420
769	585
769	735
769	773
769	811
769	918
769	922
769	935
769	938
769	965
769	971
769	982
770	235
770	236
770	745
770	821
770	897
770	919
770	949
770	960
770	970
770	974
770	978
770	989
771	33
771	129
771	348
771	393
771	480
771	715
771	731
771	793
771	794
771	831
771	911
771	964
772	53
772	208
772	457
772	497
772	498
772	534
772	566
772	685
772	917
772	975
772	984
772	1000
773	484
773	635
773	657
773	676
773	769
773	784
773	795
773	838
773	935
773	938
773	971
773	982
773	998
774	250
774	327
774	329
774	712
774	822
774	881
774	897
774	913
774	931
774	940
774	957
774	970
774	978
775	8
775	158
775	547
775	683
775	746
775	884
775	913
775	930
775	934
775	976
775	985
775	990
775	999
776	64
776	96
776	146
776	200
776	412
776	676
776	790
776	803
776	804
776	847
776	854
776	863
776	980
777	79
777	220
777	313
777	469
777	578
777	674
777	827
777	848
777	877
777	906
777	940
777	984
777	994
778	654
778	677
778	690
778	729
778	808
778	912
778	923
778	941
778	945
778	948
778	980
778	981
778	986
779	282
779	287
779	391
779	527
779	531
779	545
779	617
779	705
779	812
779	839
779	860
779	893
779	960
780	389
780	465
780	502
780	725
780	746
780	797
780	884
780	930
780	934
780	946
780	985
780	990
780	999
781	334
781	648
781	650
781	721
781	792
781	807
781	842
781	898
781	900
781	973
781	989
781	996
781	1000
782	271
782	320
782	332
782	427
782	577
782	718
782	721
782	723
782	768
782	841
782	908
782	948
782	952
783	272
783	381
783	395
783	430
783	526
783	580
783	840
783	848
783	862
783	960
783	961
783	992
783	1000
784	165
784	424
784	437
784	516
784	574
784	614
784	679
784	773
784	938
784	957
784	968
784	971
784	982
785	211
785	244
785	352
785	598
785	624
785	843
785	894
785	897
785	904
785	921
785	947
785	967
785	998
786	81
786	314
786	574
786	664
786	719
786	816
786	905
786	909
786	914
786	945
786	980
786	981
786	986
787	228
787	308
787	411
787	482
787	507
787	612
787	724
787	807
787	837
787	865
787	937
787	982
787	989
788	67
788	123
788	475
788	590
788	602
788	702
788	754
788	793
788	828
788	838
788	960
788	961
788	967
789	87
789	204
789	256
789	310
789	390
789	468
789	610
789	658
789	682
789	739
789	901
789	932
789	957
790	126
790	270
790	663
790	676
790	748
790	776
790	804
790	819
790	854
790	863
790	937
790	957
790	980
791	175
791	288
791	575
791	629
791	647
791	657
791	746
791	930
791	934
791	985
791	990
791	993
791	999
792	164
792	642
792	707
792	781
792	833
792	848
792	877
792	889
792	898
792	945
792	989
792	996
792	1000
793	184
793	312
793	347
793	348
793	364
793	382
793	393
793	591
793	771
793	788
793	920
793	928
793	946
794	34
794	47
794	148
794	275
794	393
794	428
794	549
794	552
794	591
794	702
794	771
794	944
794	958
795	12
795	116
795	582
795	635
795	735
795	773
795	826
795	918
795	935
795	938
795	971
795	982
795	995
796	1
796	367
796	460
796	496
796	568
796	623
796	626
796	762
796	875
796	905
796	939
796	972
796	986
797	57
797	504
797	631
797	780
797	809
797	817
797	824
797	859
797	942
797	944
797	956
797	977
797	997
798	181
798	267
798	514
798	803
798	821
798	842
798	872
798	903
798	909
798	917
798	966
798	988
798	995
799	17
799	167
799	385
799	408
799	416
799	487
799	506
799	519
799	637
799	880
799	888
799	943
799	983
800	41
800	234
800	422
800	673
800	688
800	700
800	717
800	740
800	758
800	833
800	842
800	913
800	963
801	46
801	512
801	667
801	858
801	877
801	898
801	900
801	944
801	979
801	989
801	995
801	996
801	1000
802	243
802	351
802	643
802	670
802	764
802	844
802	870
802	879
802	934
802	957
802	969
802	975
802	977
803	262
803	580
803	776
803	798
803	886
803	926
803	928
803	933
803	936
803	966
803	967
803	993
803	995
804	96
804	495
804	515
804	600
804	642
804	663
804	673
804	776
804	790
804	854
804	863
804	927
804	969
804	980
805	202
805	247
805	276
805	314
805	323
805	387
805	500
805	662
805	727
805	830
805	834
805	871
805	935
805	998
806	136
806	205
806	425
806	461
806	529
806	576
806	697
806	915
806	929
806	948
806	953
806	973
806	984
806	994
807	35
807	149
807	322
807	478
807	612
807	645
807	669
807	690
807	724
807	759
807	781
807	787
807	837
807	981
808	10
808	121
808	122
808	357
808	607
808	615
808	660
808	680
808	705
808	767
808	778
808	876
808	924
808	939
809	638
809	653
809	748
809	797
809	838
809	883
809	890
809	924
809	925
809	942
809	944
809	956
809	959
809	997
810	58
810	111
810	408
810	505
810	661
810	696
810	761
810	818
810	825
810	850
810	902
810	913
810	920
810	977
811	419
811	424
811	459
811	486
811	630
811	769
811	918
811	935
811	938
811	947
811	962
811	971
811	982
811	992
812	391
812	527
812	531
812	545
812	596
812	614
812	620
812	660
812	710
812	753
812	779
812	839
812	860
812	893
813	130
813	330
813	417
813	420
813	503
813	597
813	631
813	768
813	861
813	927
813	952
813	960
813	967
813	976
814	56
814	331
814	387
814	410
814	431
814	653
814	815
814	817
814	861
814	921
814	942
814	944
814	959
814	997
815	242
815	258
815	274
815	536
815	568
815	638
815	730
815	814
815	924
815	942
815	954
815	956
815	959
815	980
816	595
816	645
816	656
816	679
816	754
816	756
816	786
816	914
816	923
816	945
816	957
816	981
816	986
816	989
817	104
817	418
817	698
817	797
817	814
817	859
817	890
817	911
817	924
817	942
817	959
817	960
817	984
817	997
818	179
818	269
818	295
818	325
818	586
818	713
818	744
818	810
818	834
818	847
818	919
818	952
818	958
818	983
818	987
819	25
819	303
819	376
819	385
819	416
819	487
819	541
819	555
819	672
819	790
819	877
819	880
819	888
819	907
819	943
820	409
820	441
820	470
820	477
820	533
820	548
820	712
820	931
820	940
820	949
820	970
820	974
820	978
820	984
820	990
821	550
821	720
821	770
821	798
821	856
821	882
821	897
821	947
821	949
821	955
821	960
821	970
821	974
821	978
821	996
822	391
822	499
822	527
822	620
822	636
822	750
822	774
822	831
822	834
822	839
822	851
822	860
822	874
822	968
822	999
823	218
823	243
823	276
823	396
823	508
823	558
823	597
823	693
823	706
823	758
823	852
823	873
823	892
823	938
823	948
824	265
824	432
824	593
824	756
824	797
824	826
824	856
824	870
824	887
824	931
824	948
824	969
824	975
824	977
824	988
825	89
825	291
825	408
825	430
825	505
825	661
825	696
825	705
825	761
825	810
825	850
825	902
825	913
825	914
825	920
826	440
826	611
826	670
826	764
826	765
826	795
826	824
826	845
826	870
826	884
826	887
826	932
826	958
826	969
826	975
827	120
827	465
827	537
827	668
827	753
827	777
827	853
827	893
827	906
827	919
827	929
827	946
827	973
827	982
827	994
828	52
828	105
828	275
828	380
828	480
828	591
828	608
828	702
828	717
828	788
828	883
828	891
828	963
828	989
828	1000
829	143
829	353
829	438
829	442
829	460
829	467
829	530
829	555
829	677
829	694
829	695
829	748
829	895
829	899
829	981
830	240
830	317
830	388
830	480
830	500
830	516
830	523
830	662
830	691
830	727
830	805
830	834
830	950
830	961
830	998
831	69
831	324
831	403
831	426
831	499
831	598
831	771
831	822
831	843
831	893
831	904
831	916
831	947
831	965
831	966
832	446
832	665
832	681
832	744
832	835
832	837
832	845
832	847
832	871
832	919
832	952
832	958
832	982
832	983
832	987
833	51
833	650
833	713
833	721
833	792
833	800
833	877
833	889
833	898
833	900
833	926
833	957
833	989
833	996
833	1000
834	335
834	516
834	583
834	751
834	805
834	818
834	822
834	830
834	859
834	871
834	942
834	954
834	956
834	959
834	979
834	997
835	269
835	273
835	297
835	513
835	592
835	665
835	832
835	847
835	858
835	919
835	949
835	952
835	958
835	961
835	983
835	987
836	44
836	116
836	144
836	185
836	485
836	544
836	621
836	728
836	848
836	879
836	906
836	908
836	915
836	920
836	953
836	994
837	149
837	278
837	322
837	482
837	529
837	562
837	645
837	646
837	669
837	690
837	744
837	787
837	807
837	832
837	937
837	942
838	140
838	272
838	381
838	492
838	499
838	580
838	733
838	739
838	773
838	788
838	809
838	840
838	869
838	872
838	922
838	961
839	93
839	225
839	248
839	287
839	391
839	527
839	531
839	545
839	596
839	620
839	779
839	812
839	822
839	852
839	860
839	893
840	378
840	450
840	526
840	527
840	577
840	615
840	651
840	683
840	733
840	783
840	838
840	862
840	879
840	942
840	944
840	961
841	15
841	18
841	110
841	173
841	471
841	520
841	613
841	744
841	782
841	866
841	908
841	910
841	912
841	941
841	948
841	980
842	191
842	302
842	556
842	642
842	699
842	762
842	781
842	798
842	800
842	846
842	886
842	926
842	928
842	933
842	993
842	995
843	105
843	301
843	307
843	318
843	358
843	714
843	763
843	785
843	831
843	914
843	921
843	945
843	953
843	965
843	968
843	998
844	141
844	265
844	373
844	625
844	670
844	693
844	706
844	718
844	802
844	856
844	870
844	887
844	936
844	958
844	973
844	975
844	977
845	225
845	264
845	370
845	528
845	641
845	654
845	658
845	689
845	826
845	832
845	881
845	916
845	921
845	951
845	979
845	991
845	992
846	208
846	229
846	504
846	605
846	699
846	739
846	842
846	886
846	926
846	928
846	933
846	944
846	954
846	966
846	993
846	995
846	997
847	159
847	211
847	429
847	684
847	713
847	730
847	744
847	776
847	818
847	832
847	835
847	857
847	919
847	946
847	952
847	983
847	991
848	31
848	529
848	668
848	720
848	721
848	777
848	783
848	792
848	836
848	895
848	898
848	903
848	906
848	929
848	973
848	984
848	994
849	24
849	41
849	161
849	234
849	421
849	548
849	584
849	673
849	675
849	679
849	688
849	740
849	758
849	883
849	921
849	950
849	963
850	290
850	291
850	328
850	408
850	564
850	576
850	661
850	696
850	761
850	810
850	825
850	873
850	889
850	902
850	913
850	920
850	927
851	60
851	296
851	404
851	432
851	439
851	616
851	678
851	716
851	822
851	865
851	894
851	904
851	915
851	921
851	947
851	968
851	998
852	147
852	227
852	243
852	396
852	484
852	511
852	558
852	693
852	706
852	721
852	823
852	839
852	873
852	892
852	938
852	969
852	982
853	275
853	279
853	281
853	322
853	400
853	585
853	753
853	827
853	895
853	919
853	923
853	952
853	963
853	973
853	983
853	987
853	994
854	76
854	146
854	338
854	414
854	495
854	663
854	671
854	676
854	776
854	790
854	804
854	863
854	891
854	970
854	978
854	980
854	987
855	155
855	359
855	383
855	506
855	528
855	603
855	641
855	728
855	881
855	896
855	903
855	925
855	946
855	951
855	979
855	992
855	996
856	533
856	619
856	716
856	764
856	821
856	824
856	844
856	914
856	931
856	932
856	940
856	969
856	970
856	977
856	978
856	982
856	991
857	269
857	283
857	365
857	684
857	760
857	847
857	860
857	907
857	922
857	930
857	950
857	952
857	973
857	979
857	983
857	984
857	986
858	201
858	399
858	588
858	589
858	666
858	711
858	728
858	730
858	801
858	835
858	902
858	910
858	912
858	941
858	948
858	962
858	965
859	106
859	186
859	583
859	653
859	669
859	749
859	797
859	817
859	834
859	924
859	942
859	944
859	956
859	959
859	976
859	991
859	997
860	170
860	545
860	552
860	596
860	760
860	779
860	812
860	822
860	839
860	857
860	888
860	907
860	937
860	942
860	950
860	962
860	988
861	130
861	157
861	279
861	503
861	627
861	666
861	688
861	738
861	741
861	751
861	755
861	813
861	814
861	927
861	967
861	975
861	976
861	980
862	125
862	137
862	138
862	381
862	573
862	577
862	623
862	651
862	668
862	719
862	739
862	752
862	783
862	840
862	868
862	922
862	960
862	961
863	76
863	126
863	205
863	270
863	494
863	495
863	515
863	563
863	593
863	663
863	676
863	776
863	790
863	804
863	854
863	894
863	912
863	980
864	238
864	294
864	417
864	454
864	541
864	683
864	689
864	697
864	723
864	738
864	741
864	751
864	757
864	918
864	927
864	967
864	976
864	986
865	49
865	162
865	271
865	365
865	554
865	614
865	646
865	724
865	759
865	761
865	762
865	787
865	851
865	918
865	937
865	950
865	973
865	988
866	613
866	683
866	729
866	735
866	768
866	841
866	867
866	899
866	908
866	910
866	912
866	920
866	941
866	946
866	948
866	962
866	964
866	980
867	36
867	344
867	436
867	652
867	695
867	707
867	768
867	866
867	898
867	910
867	912
867	938
867	941
867	947
867	948
867	962
867	967
867	980
868	2
868	57
868	77
868	128
868	293
868	364
868	378
868	452
868	474
868	522
868	561
868	695
868	709
868	733
868	862
868	922
868	955
868	961
869	22
869	42
869	76
869	92
869	107
869	119
869	125
869	176
869	270
869	277
869	340
869	405
869	448
869	477
869	587
869	624
869	722
869	838
870	155
870	326
870	466
870	483
870	521
870	572
870	611
870	643
870	766
870	802
870	824
870	826
870	844
870	912
870	932
870	969
870	975
870	977
870	1000
871	74
871	202
871	240
871	306
871	335
871	388
871	444
871	455
871	516
871	523
871	581
871	629
871	662
871	718
871	727
871	805
871	832
871	834
871	998
872	58
872	77
872	336
872	343
872	378
872	414
872	422
872	587
872	601
872	636
872	649
872	671
872	745
872	755
872	798
872	838
872	903
872	909
872	988
873	116
873	147
873	218
873	227
873	276
873	362
873	396
873	484
873	508
873	585
873	600
873	693
873	706
873	823
873	850
873	852
873	892
873	909
873	939
874	60
874	61
874	92
874	296
874	333
874	499
874	703
874	745
874	763
874	822
874	894
874	896
874	904
874	917
874	921
874	950
874	965
874	968
874	981
875	97
875	240
875	275
875	406
875	409
875	468
875	486
875	496
875	518
875	568
875	591
875	623
875	659
875	691
875	796
875	905
875	939
875	941
875	972
876	31
876	79
876	465
876	578
876	674
876	678
876	753
876	808
876	887
876	893
876	894
876	895
876	915
876	929
876	963
876	973
876	984
876	993
876	994
877	308
877	348
877	404
877	417
877	480
877	540
877	563
877	777
877	792
877	801
877	819
877	833
877	889
877	898
877	899
877	900
877	989
877	996
877	1000
878	70
878	146
878	294
878	386
878	420
878	433
878	568
878	571
878	738
878	742
878	750
878	759
878	886
878	964
878	967
878	976
878	988
878	991
878	995
879	139
879	184
879	212
879	288
879	488
879	543
879	557
879	564
879	579
879	616
879	674
879	716
879	737
879	802
879	836
879	840
879	885
879	888
879	955
880	50
880	67
880	89
880	196
880	199
880	303
880	376
880	416
880	467
880	487
880	519
880	533
880	541
880	581
880	756
880	799
880	819
880	888
880	943
881	82
881	191
881	281
881	294
881	361
881	618
881	634
881	639
881	663
881	774
881	845
881	855
881	916
881	925
881	946
881	951
881	979
881	991
881	992
882	35
882	96
882	417
882	438
882	629
882	715
882	742
882	821
882	891
882	911
882	931
882	940
882	949
882	953
882	960
882	970
882	974
882	986
882	988
883	234
883	302
883	418
883	445
883	511
883	548
883	626
883	673
883	675
883	700
883	758
883	809
883	828
883	849
883	918
883	921
883	930
883	963
883	970
884	62
884	168
884	182
884	321
884	432
884	626
884	629
884	647
884	701
884	758
884	775
884	780
884	826
884	930
884	932
884	934
884	985
884	990
884	999
885	45
885	60
885	84
885	178
885	241
885	245
885	288
885	543
885	616
885	645
885	716
885	737
885	752
885	756
885	879
885	890
885	955
885	972
885	996
886	150
886	197
886	372
886	570
886	598
886	640
886	722
886	731
886	803
886	842
886	846
886	878
886	926
886	933
886	936
886	954
886	968
886	981
886	993
886	995
887	5
887	94
887	284
887	298
887	351
887	611
887	625
887	648
887	766
887	824
887	826
887	844
887	876
887	958
887	969
887	974
887	975
887	977
887	978
887	990
888	25
888	196
888	199
888	232
888	303
888	339
888	376
888	416
888	519
888	541
888	555
888	726
888	799
888	819
888	860
888	879
888	880
888	890
888	943
888	1000
889	175
889	423
889	583
889	648
889	664
889	667
889	696
889	721
889	756
889	792
889	833
889	850
889	877
889	898
889	900
889	906
889	980
889	989
889	996
889	1000
890	6
890	160
890	181
890	184
890	241
890	261
890	462
890	535
890	557
890	716
890	737
890	752
890	754
890	809
890	817
890	885
890	888
890	911
890	955
890	979
891	13
891	35
891	189
891	285
891	345
891	524
891	567
891	572
891	652
891	734
891	740
891	828
891	854
891	882
891	911
891	962
891	964
891	981
891	988
891	994
892	147
892	227
892	243
892	276
892	304
892	396
892	484
892	508
892	511
892	538
892	693
892	704
892	706
892	725
892	823
892	852
892	873
892	924
892	931
892	949
893	30
893	391
893	529
893	531
893	545
893	620
893	738
893	741
893	779
893	812
893	827
893	831
893	839
893	876
893	895
893	906
893	953
893	982
893	993
893	994
894	27
894	65
894	228
894	311
894	413
894	482
894	553
894	560
894	598
894	627
894	785
894	851
894	863
894	874
894	876
894	921
894	932
894	947
894	968
894	998
895	31
895	88
895	95
895	149
895	402
895	537
895	669
895	720
895	753
895	829
895	848
895	853
895	876
895	893
895	929
895	943
895	947
895	953
895	984
895	994
896	16
896	99
896	141
896	163
896	528
896	542
896	569
896	611
896	634
896	637
896	655
896	855
896	874
896	916
896	925
896	946
896	951
896	964
896	978
896	992
897	55
897	267
897	453
897	458
897	550
897	590
897	604
897	626
897	712
897	770
897	774
897	785
897	821
897	931
897	935
897	938
897	940
897	949
897	970
897	974
897	978
898	164
898	213
898	404
898	478
898	502
898	513
898	648
898	781
898	792
898	801
898	833
898	848
898	867
898	877
898	889
898	900
898	917
898	989
898	995
898	996
898	1000
899	8
899	18
899	26
899	44
899	49
899	194
899	374
899	605
899	729
899	762
899	768
899	829
899	866
899	877
899	908
899	910
899	941
899	948
899	962
899	973
899	980
900	308
900	397
900	449
900	563
900	575
900	685
900	756
900	781
900	801
900	833
900	877
900	889
900	898
900	906
900	910
900	933
900	954
900	980
900	989
900	996
900	1000
901	64
901	256
901	285
901	324
901	481
901	524
901	526
901	538
901	551
901	567
901	572
901	700
901	740
901	750
901	789
901	911
901	955
901	964
901	973
901	988
901	991
902	93
902	290
902	291
902	328
902	408
902	515
902	558
902	661
902	665
902	696
902	747
902	761
902	810
902	825
902	850
902	858
902	913
902	920
902	926
902	933
902	994
903	58
903	132
903	414
903	422
903	587
903	601
903	636
903	649
903	671
903	691
903	745
903	798
903	848
903	855
903	872
903	909
903	938
903	941
903	953
903	982
903	988
904	98
904	121
904	252
904	259
904	263
904	318
904	333
904	358
904	507
904	627
904	703
904	763
904	785
904	831
904	851
904	874
904	933
904	947
904	965
904	968
904	972
904	995
905	66
905	166
905	209
905	257
905	281
905	409
905	486
905	496
905	518
905	537
905	568
905	606
905	623
905	659
905	678
905	786
905	796
905	875
905	939
905	971
905	972
905	979
906	17
906	125
906	461
906	529
906	668
906	674
906	720
906	777
906	827
906	836
906	848
906	889
906	893
906	900
906	915
906	921
906	929
906	953
906	975
906	984
906	994
906	997
907	170
907	179
907	315
907	341
907	559
907	602
907	614
907	619
907	687
907	747
907	760
907	762
907	819
907	857
907	860
907	917
907	937
907	946
907	950
907	981
907	992
907	998
908	18
908	110
908	194
908	339
908	374
908	542
908	589
908	632
908	652
908	696
908	729
908	782
908	836
908	841
908	866
908	899
908	910
908	926
908	941
908	960
908	962
908	968
909	86
909	132
909	306
909	414
909	422
909	462
909	587
909	593
909	601
909	636
909	649
909	671
909	691
909	709
909	745
909	786
909	798
909	872
909	873
909	903
909	936
909	972
909	988
910	26
910	286
910	331
910	344
910	569
910	589
910	632
910	652
910	707
910	841
910	858
910	866
910	867
910	899
910	900
910	908
910	912
910	926
910	941
910	950
910	962
910	965
910	980
911	13
911	17
911	35
911	64
911	70
911	103
911	407
911	572
911	594
911	646
911	731
911	734
911	740
911	771
911	817
911	882
911	890
911	891
911	901
911	931
911	964
911	988
911	991
912	328
912	339
912	368
912	520
912	589
912	606
912	652
912	766
912	768
912	778
912	841
912	858
912	863
912	866
912	867
912	870
912	910
912	925
912	941
912	948
912	952
912	962
912	980
913	210
913	239
913	490
913	546
913	661
913	663
913	696
913	761
913	774
913	775
913	800
913	810
913	825
913	850
913	902
913	920
913	930
913	934
913	985
913	988
913	990
913	999
914	219
914	233
914	264
914	443
914	490
914	595
914	633
914	663
914	686
914	736
914	748
914	757
914	786
914	816
914	825
914	843
914	856
914	923
914	945
914	957
914	981
914	982
914	986
915	23
915	145
915	186
915	456
915	469
915	471
915	489
915	567
915	569
915	668
915	670
915	674
915	720
915	806
915	836
915	851
915	876
915	906
915	929
915	931
915	953
915	973
915	994
916	54
916	99
916	226
916	361
916	383
916	542
916	639
916	684
916	746
916	831
916	845
916	881
916	896
916	924
916	925
916	941
916	946
916	951
916	953
916	964
916	979
916	991
916	992
917	61
917	72
917	169
917	208
917	286
917	457
917	497
917	547
917	602
917	685
917	687
917	698
917	747
917	760
917	772
917	798
917	874
917	898
917	907
917	950
917	973
917	992
917	994
918	354
918	379
918	434
918	464
918	521
918	582
918	635
918	657
918	678
918	688
918	735
918	761
918	769
918	795
918	811
918	864
918	865
918	883
918	935
918	938
918	971
918	982
918	994
919	118
919	395
919	412
919	475
919	565
919	665
919	672
919	684
919	736
919	770
919	818
919	827
919	832
919	835
919	847
919	853
919	928
919	952
919	958
919	962
919	983
919	985
919	987
920	93
920	290
920	291
920	326
920	328
920	408
920	469
920	505
920	515
920	661
920	696
920	761
920	793
920	810
920	825
920	836
920	850
920	866
920	902
920	913
920	923
920	944
920	976
920	983
921	68
921	210
921	401
921	549
921	560
921	608
921	673
921	717
921	785
921	814
921	843
921	845
921	849
921	851
921	874
921	883
921	894
921	906
921	937
921	948
921	963
921	965
921	968
921	975
922	19
922	26
922	112
922	137
922	138
922	140
922	185
922	272
922	355
922	366
922	375
922	450
922	621
922	651
922	733
922	769
922	838
922	857
922	862
922	868
922	960
922	961
922	969
922	984
923	114
923	134
923	165
923	233
923	463
923	490
923	622
923	633
923	655
923	656
923	679
923	701
923	719
923	778
923	816
923	853
923	914
923	920
923	940
923	945
923	957
923	976
923	981
923	986
924	90
924	95
924	112
924	160
924	262
924	282
924	387
924	452
924	631
924	657
924	712
924	743
924	749
924	808
924	809
924	815
924	817
924	859
924	892
924	916
924	942
924	944
924	956
924	988
924	997
925	14
925	18
925	99
925	191
925	205
925	303
925	479
925	566
925	569
925	634
925	655
925	689
925	743
925	809
925	855
925	881
925	896
925	912
925	916
925	928
925	946
925	951
925	979
925	991
925	992
926	43
926	87
926	253
926	336
926	372
926	431
926	566
926	585
926	732
926	803
926	833
926	842
926	846
926	886
926	902
926	908
926	910
926	928
926	933
926	936
926	954
926	966
926	971
926	985
926	993
926	995
927	97
927	217
927	279
927	280
927	330
927	354
927	433
927	510
927	571
927	584
927	595
927	597
927	681
927	741
927	751
927	755
927	804
927	813
927	850
927	861
927	864
927	940
927	964
927	967
927	976
927	994
928	29
928	121
928	129
928	153
928	214
928	372
928	494
928	551
928	642
928	677
928	678
928	793
928	803
928	842
928	846
928	919
928	925
928	926
928	933
928	936
928	945
928	954
928	959
928	966
928	993
928	995
929	84
929	108
929	121
929	193
929	393
929	425
929	471
929	576
929	582
929	668
929	674
929	700
929	720
929	731
929	753
929	806
929	827
929	848
929	876
929	895
929	906
929	915
929	941
929	953
929	984
929	985
929	994
930	80
930	113
930	224
930	369
930	453
930	502
930	518
930	530
930	629
930	647
930	701
930	746
930	752
930	753
930	775
930	780
930	791
930	857
930	883
930	884
930	913
930	934
930	985
930	990
930	995
930	997
930	999
931	55
931	75
931	163
931	237
931	379
931	437
931	500
931	539
931	550
931	626
931	708
931	774
931	820
931	824
931	856
931	882
931	892
931	897
931	911
931	915
931	943
931	949
931	960
931	970
931	974
931	975
931	978
932	30
932	111
932	158
932	351
932	373
932	447
932	466
932	501
932	596
932	611
932	625
932	670
932	710
932	712
932	713
932	736
932	764
932	766
932	789
932	826
932	856
932	870
932	884
932	894
932	969
932	975
932	977
933	150
933	230
933	292
933	415
933	431
933	447
933	494
933	575
933	640
933	671
933	686
933	747
933	750
933	803
933	842
933	846
933	886
933	900
933	902
933	904
933	926
933	928
933	942
933	954
933	966
933	993
933	995
934	14
934	180
934	259
934	346
934	369
934	371
934	389
934	530
934	546
934	609
934	617
934	627
934	679
934	701
934	775
934	780
934	791
934	802
934	884
934	913
934	930
934	949
934	956
934	980
934	985
934	990
934	995
934	999
935	37
935	52
935	173
935	309
935	407
935	434
935	459
935	474
935	521
935	538
935	582
935	630
935	657
935	688
935	735
935	760
935	769
935	773
935	795
935	805
935	811
935	897
935	918
935	938
935	939
935	946
935	971
935	982
936	29
936	43
936	195
936	197
936	253
936	441
936	446
936	461
936	551
936	556
936	566
936	640
936	642
936	686
936	699
936	803
936	844
936	886
936	909
936	926
936	928
936	943
936	954
936	956
936	966
936	985
936	993
936	995
937	162
937	171
937	304
937	482
937	498
937	549
937	554
937	612
937	619
937	646
937	656
937	687
937	690
937	724
937	747
937	760
937	787
937	790
937	837
937	860
937	865
937	907
937	921
937	950
937	966
937	973
937	991
937	998
938	110
938	173
938	407
938	424
938	434
938	464
938	473
938	516
938	521
938	582
938	630
938	657
938	735
938	769
938	773
938	784
938	795
938	811
938	823
938	852
938	867
938	897
938	903
938	918
938	935
938	971
938	982
938	1000
939	1
939	34
939	66
939	154
939	166
939	209
939	257
939	363
939	367
939	375
939	406
939	409
939	486
939	518
939	576
939	591
939	606
939	623
939	659
939	691
939	796
939	808
939	873
939	875
939	905
939	935
939	964
939	972
940	4
940	24
940	244
940	267
940	309
940	327
940	437
940	470
940	476
940	581
940	603
940	708
940	774
940	777
940	820
940	856
940	882
940	897
940	923
940	927
940	947
940	949
940	960
940	963
940	970
940	974
940	978
940	982
941	82
941	271
941	344
941	390
941	436
941	613
941	632
941	650
941	707
941	768
941	778
941	841
941	858
941	866
941	867
941	875
941	899
941	903
941	908
941	910
941	912
941	916
941	929
941	948
941	962
941	980
941	988
941	990
942	177
942	273
942	282
942	362
942	507
942	536
942	638
942	653
942	743
942	749
942	758
942	797
942	809
942	814
942	815
942	817
942	834
942	837
942	840
942	859
942	860
942	924
942	933
942	944
942	956
942	982
942	987
942	992
942	997
943	17
943	25
943	89
943	167
943	196
943	199
943	232
943	303
943	376
943	385
943	416
943	487
943	519
943	522
943	533
943	541
943	555
943	641
943	704
943	799
943	819
943	880
943	888
943	895
943	931
943	936
943	956
943	968
943	969
944	95
944	242
944	244
944	246
944	262
944	273
944	418
944	523
944	583
944	631
944	638
944	645
944	749
944	794
944	797
944	801
944	809
944	814
944	840
944	846
944	859
944	920
944	924
944	942
944	956
944	959
944	997
944	998
944	999
945	71
945	86
945	192
945	264
945	357
945	435
945	490
945	519
945	574
945	622
945	633
945	635
945	656
945	664
945	679
945	697
945	719
945	768
945	778
945	786
945	792
945	816
945	843
945	914
945	923
945	928
945	957
945	981
945	986
946	14
946	16
946	225
946	248
946	292
946	361
946	383
946	496
946	506
946	564
946	641
946	654
946	655
946	780
946	793
946	827
946	847
946	855
946	866
946	881
946	896
946	907
946	916
946	925
946	935
946	951
946	979
946	991
946	992
946	999
947	105
947	240
947	311
947	333
947	341
947	352
947	358
947	421
947	452
947	499
947	507
947	553
947	560
947	598
947	624
947	689
947	763
947	785
947	811
947	821
947	831
947	851
947	867
947	894
947	895
947	904
947	940
947	965
947	968
947	978
948	49
948	82
948	339
948	360
948	436
948	613
948	652
948	670
948	703
948	707
948	729
948	768
948	778
948	782
948	806
948	823
948	824
948	841
948	858
948	866
948	867
948	899
948	912
948	921
948	941
948	949
948	962
948	968
948	974
948	979
948	980
949	20
949	159
949	207
949	244
949	437
949	476
949	477
949	539
949	604
949	626
949	630
949	707
949	708
949	712
949	770
949	820
949	821
949	835
949	882
949	892
949	897
949	931
949	934
949	940
949	948
949	960
949	970
949	974
949	978
949	985
949	990
950	11
950	33
950	39
950	65
950	169
950	170
950	200
950	301
950	315
950	341
950	365
950	550
950	559
950	602
950	614
950	619
950	747
950	760
950	762
950	830
950	849
950	857
950	860
950	865
950	874
950	907
950	910
950	917
950	937
950	973
950	1000
951	13
951	28
951	209
951	226
951	292
951	342
951	506
951	542
951	556
951	603
951	634
951	637
951	639
951	641
951	654
951	666
951	687
951	739
951	763
951	845
951	855
951	881
951	896
951	916
951	925
951	946
951	964
951	972
951	979
951	991
951	992
952	20
952	118
952	179
952	289
952	297
952	311
952	400
952	412
952	429
952	434
952	513
952	586
952	672
952	684
952	690
952	744
952	782
952	813
952	818
952	832
952	835
952	847
952	853
952	857
952	912
952	919
952	958
952	983
952	987
952	990
952	991
953	88
953	186
953	187
953	188
953	215
953	316
953	402
953	529
953	537
953	544
953	569
953	578
953	585
953	613
953	753
953	806
953	836
953	843
953	882
953	893
953	895
953	903
953	906
953	915
953	916
953	929
953	958
953	969
953	973
953	974
953	984
953	994
954	214
954	230
954	234
954	270
954	317
954	350
954	372
954	415
954	431
954	494
954	605
954	625
954	640
954	681
954	686
954	699
954	722
954	732
954	764
954	765
954	815
954	834
954	846
954	886
954	900
954	926
954	928
954	933
954	936
954	966
954	993
954	995
955	45
955	84
955	91
955	106
955	109
955	139
955	212
955	245
955	261
955	288
955	473
955	488
955	509
955	535
955	543
955	557
955	579
955	613
955	628
955	737
955	752
955	754
955	821
955	868
955	879
955	885
955	890
955	901
955	994
955	996
955	997
955	999
956	62
956	90
956	95
956	104
956	177
956	258
956	282
956	362
956	536
956	627
956	638
956	646
956	653
956	664
956	698
956	739
956	743
956	757
956	797
956	809
956	815
956	834
956	859
956	924
956	934
956	936
956	942
956	943
956	944
956	959
956	965
956	997
957	39
957	115
957	127
957	203
957	233
957	313
957	314
957	350
957	435
957	490
957	570
957	574
957	595
957	622
957	633
957	656
957	664
957	679
957	719
957	774
957	784
957	789
957	790
957	802
957	816
957	833
957	914
957	923
957	945
957	966
957	981
957	986
958	159
958	214
958	252
958	261
958	298
958	412
958	432
958	470
958	517
958	521
958	593
958	658
958	670
958	681
958	717
958	751
958	764
958	794
958	818
958	826
958	832
958	835
958	844
958	887
958	919
958	952
958	953
958	969
958	971
958	975
958	983
958	987
959	36
959	56
959	183
959	362
959	370
959	387
959	401
959	443
959	452
959	456
959	458
959	504
959	510
959	536
959	560
959	645
959	653
959	674
959	698
959	743
959	749
959	809
959	814
959	815
959	817
959	834
959	859
959	928
959	944
959	956
959	966
959	997
959	1000
960	9
960	40
960	55
960	136
960	142
960	204
960	340
960	377
960	425
960	430
960	474
960	531
960	580
960	604
960	621
960	708
960	770
960	779
960	783
960	788
960	813
960	817
960	821
960	862
960	882
960	908
960	922
960	931
960	940
960	949
960	961
960	970
960	978
961	9
961	123
961	126
961	220
961	340
961	355
961	366
961	374
961	378
961	381
961	429
961	430
961	462
961	474
961	492
961	504
961	573
961	580
961	599
961	683
961	733
961	743
961	783
961	788
961	830
961	835
961	838
961	840
961	862
961	868
961	922
961	960
961	974
962	8
962	26
962	49
962	110
962	247
962	271
962	339
962	344
962	368
962	370
962	374
962	436
962	493
962	589
962	632
962	652
962	707
962	748
962	811
962	858
962	860
962	866
962	867
962	891
962	899
962	908
962	910
962	912
962	919
962	941
962	948
962	981
962	998
963	7
963	41
963	48
963	210
963	234
963	302
963	314
963	334
963	356
963	380
963	418
963	421
963	445
963	548
963	608
963	625
963	672
963	673
963	675
963	700
963	717
963	751
963	758
963	800
963	828
963	849
963	853
963	876
963	883
963	921
963	940
963	975
963	981
964	13
964	28
964	189
964	253
964	256
964	285
964	319
964	324
964	481
964	538
964	567
964	572
964	587
964	594
964	619
964	715
964	731
964	734
964	740
964	750
964	771
964	866
964	878
964	891
964	896
964	901
964	911
964	916
964	927
964	939
964	951
964	983
964	988
964	991
965	53
965	61
965	69
965	105
965	156
965	207
965	263
965	274
965	301
965	307
965	318
965	358
965	372
965	403
965	413
965	439
965	440
965	624
965	627
965	678
965	703
965	769
965	831
965	843
965	858
965	874
965	904
965	910
965	921
965	947
965	956
965	968
965	988
965	998
966	50
966	59
966	129
966	223
966	229
966	230
966	336
966	390
966	431
966	556
966	566
966	612
966	631
966	642
966	648
966	686
966	699
966	732
966	798
966	803
966	831
966	846
966	926
966	928
966	933
966	936
966	937
966	954
966	957
966	959
966	981
966	993
966	995
966	996
967	78
967	97
967	101
967	152
967	157
967	165
967	280
967	354
967	417
967	454
967	503
967	510
967	584
967	597
967	637
967	660
967	697
967	741
967	751
967	755
967	757
967	764
967	785
967	788
967	803
967	813
967	861
967	864
967	867
967	878
967	927
967	975
967	976
967	997
968	27
968	140
968	156
968	263
968	301
968	311
968	325
968	333
968	401
968	413
968	444
968	509
968	553
968	627
968	689
968	692
968	703
968	763
968	784
968	822
968	843
968	851
968	874
968	886
968	894
968	904
968	908
968	921
968	943
968	947
968	948
968	965
968	986
968	998
969	30
969	94
969	111
969	203
969	237
969	298
969	415
969	418
969	440
969	447
969	483
969	517
969	593
969	625
969	643
969	703
969	713
969	766
969	802
969	804
969	824
969	826
969	852
969	856
969	870
969	887
969	922
969	932
969	943
969	953
969	958
969	972
969	975
969	977
969	984
970	1
970	75
970	84
970	198
970	244
970	250
970	299
970	305
970	309
970	356
970	375
970	477
970	545
970	572
970	604
970	626
970	628
970	687
970	706
970	770
970	774
970	820
970	821
970	854
970	856
970	882
970	883
970	897
970	931
970	940
970	949
970	960
970	974
970	978
970	979
971	102
971	175
971	182
971	231
971	327
971	407
971	424
971	433
971	436
971	459
971	464
971	487
971	521
971	530
971	582
971	630
971	635
971	657
971	678
971	688
971	735
971	769
971	773
971	784
971	795
971	811
971	905
971	918
971	926
971	935
971	938
971	958
971	979
971	982
971	989
972	1
972	46
972	66
972	98
972	166
972	209
972	257
972	304
972	363
972	367
972	375
972	394
972	406
972	409
972	486
972	496
972	505
972	510
972	517
972	518
972	568
972	606
972	623
972	659
972	691
972	796
972	875
972	885
972	904
972	905
972	909
972	939
972	951
972	969
972	978
972	986
973	3
973	33
973	79
973	233
973	498
973	559
973	576
973	592
973	614
973	619
973	638
973	668
973	747
973	760
973	762
973	781
973	806
973	827
973	844
973	848
973	853
973	857
973	865
973	876
973	899
973	901
973	915
973	917
973	937
973	950
973	953
973	976
973	984
973	985
973	994
973	998
974	20
974	24
974	32
974	34
974	163
974	198
974	267
974	312
974	327
974	329
974	356
974	362
974	379
974	424
974	437
974	470
974	550
974	596
974	604
974	626
974	653
974	708
974	770
974	820
974	821
974	882
974	887
974	897
974	931
974	940
974	948
974	949
974	953
974	961
974	970
974	978
974	1000
975	5
975	79
975	94
975	111
975	298
975	351
975	373
975	440
975	463
975	466
975	483
975	517
975	593
975	605
975	609
975	625
975	643
975	670
975	713
975	736
975	766
975	772
975	802
975	824
975	826
975	844
975	861
975	870
975	887
975	906
975	921
975	931
975	932
975	958
975	963
975	967
975	969
975	977
976	78
976	130
976	152
976	162
976	217
976	238
976	279
976	280
976	330
976	394
976	417
976	420
976	454
976	503
976	510
976	543
976	556
976	584
976	597
976	609
976	655
976	697
976	738
976	751
976	755
976	757
976	761
976	775
976	813
976	859
976	861
976	864
976	878
976	920
976	923
976	927
976	967
976	973
976	983
977	5
977	30
977	41
977	91
977	137
977	141
977	203
977	373
977	388
977	415
977	432
977	440
977	466
977	506
977	514
977	515
977	517
977	593
977	611
977	643
977	647
977	670
977	699
977	713
977	723
977	736
977	766
977	797
977	802
977	810
977	824
977	844
977	856
977	870
977	887
977	932
977	969
977	975
977	994
978	24
978	32
978	75
978	194
978	207
978	245
978	253
978	305
978	379
978	441
978	476
978	477
978	528
978	533
978	539
978	540
978	579
978	626
978	687
978	708
978	712
978	770
978	774
978	820
978	821
978	854
978	856
978	887
978	896
978	897
978	931
978	940
978	947
978	949
978	960
978	970
978	972
978	974
978	987
979	54
979	224
979	225
979	254
979	284
979	342
979	479
979	506
979	542
979	564
979	569
979	634
979	637
979	639
979	641
979	654
979	655
979	659
979	680
979	689
979	727
979	740
979	801
979	834
979	845
979	855
979	857
979	881
979	890
979	905
979	916
979	925
979	946
979	948
979	951
979	970
979	971
979	983
979	992
980	82
980	96
980	146
980	201
980	233
980	270
980	326
980	338
980	360
980	374
980	399
980	479
980	495
980	515
980	520
980	632
980	663
980	676
980	693
980	776
980	778
980	786
980	790
980	804
980	815
980	841
980	854
980	861
980	863
980	866
980	867
980	889
980	899
980	900
980	910
980	912
980	934
980	941
980	948
980	998
981	39
981	71
981	86
981	114
981	127
981	155
981	165
981	215
981	219
981	246
981	435
981	454
981	463
981	490
981	574
981	595
981	622
981	633
981	656
981	664
981	679
981	719
981	736
981	757
981	778
981	786
981	807
981	816
981	829
981	874
981	886
981	891
981	907
981	914
981	923
981	945
981	957
981	962
981	963
981	966
981	993
982	12
982	37
982	102
982	173
982	182
982	231
982	407
982	424
982	434
982	459
982	464
982	473
982	521
982	582
982	630
982	635
982	647
982	657
982	678
982	688
982	735
982	769
982	773
982	784
982	787
982	795
982	811
982	827
982	832
982	852
982	856
982	893
982	903
982	914
982	918
982	935
982	938
982	940
982	942
982	971
982	1000
983	43
983	118
983	172
983	211
983	218
983	281
983	283
983	289
983	295
983	297
983	395
983	400
983	412
983	429
983	446
983	449
983	471
983	513
983	525
983	586
983	672
983	681
983	684
983	744
983	755
983	799
983	818
983	832
983	835
983	847
983	853
983	857
983	919
983	920
983	952
983	958
983	964
983	976
983	979
983	987
983	999
984	23
984	88
984	108
984	113
984	131
984	222
984	363
984	402
984	425
984	461
984	465
984	469
984	471
984	498
984	537
984	544
984	560
984	576
984	578
984	585
984	668
984	674
984	720
984	753
984	772
984	777
984	806
984	817
984	820
984	848
984	857
984	876
984	895
984	906
984	922
984	929
984	953
984	969
984	973
984	987
984	994
984	996
985	40
985	113
985	134
985	135
985	204
985	216
985	239
985	319
985	321
985	335
985	343
985	369
985	371
985	453
985	502
985	511
985	546
985	547
985	609
985	629
985	639
985	647
985	665
985	701
985	708
985	746
985	749
985	775
985	780
985	791
985	884
985	913
985	919
985	926
985	929
985	930
985	934
985	936
985	949
985	973
985	990
985	999
986	39
986	71
986	86
986	114
986	115
986	127
986	219
986	264
986	314
986	357
986	394
986	435
986	443
986	463
986	490
986	511
986	574
986	595
986	622
986	633
986	656
986	664
986	668
986	679
986	719
986	736
986	739
986	778
986	786
986	796
986	816
986	857
986	864
986	882
986	914
986	923
986	945
986	957
986	968
986	972
986	990
986	999
987	63
987	120
987	159
987	179
987	198
987	211
987	232
987	261
987	281
987	283
987	289
987	295
987	297
987	395
987	400
987	412
987	429
987	475
987	476
987	513
987	541
987	559
987	586
987	665
987	672
987	681
987	684
987	699
987	744
987	818
987	832
987	835
987	853
987	854
987	919
987	942
987	952
987	958
987	978
987	983
987	984
987	993
987	997
988	28
988	58
988	64
988	70
988	197
988	345
988	384
988	386
988	414
988	422
988	462
988	577
988	587
988	601
988	636
988	649
988	671
988	691
988	715
988	731
988	734
988	742
988	743
988	745
988	760
988	798
988	824
988	860
988	865
988	872
988	878
988	882
988	891
988	901
988	903
988	909
988	911
988	913
988	924
988	941
988	964
988	965
988	991
989	46
989	193
989	213
989	235
989	237
989	301
989	319
989	334
989	340
989	347
989	359
989	377
989	397
989	404
989	423
989	426
989	458
989	478
989	493
989	540
989	563
989	617
989	628
989	648
989	650
989	667
989	697
989	738
989	762
989	770
989	781
989	787
989	792
989	801
989	816
989	828
989	833
989	877
989	889
989	898
989	900
989	971
989	996
989	1000
990	73
990	80
990	113
990	135
990	158
990	216
990	259
990	317
990	321
990	343
990	346
990	361
990	369
990	371
990	389
990	440
990	448
990	453
990	466
990	502
990	511
990	530
990	546
990	609
990	647
990	648
990	701
990	726
990	746
990	775
990	780
990	791
990	820
990	884
990	887
990	913
990	930
990	934
990	941
990	949
990	952
990	985
990	986
990	994
990	999
991	20
991	28
991	191
991	212
991	224
991	248
991	254
991	345
991	423
991	538
991	539
991	564
991	567
991	594
991	603
991	631
991	634
991	637
991	639
991	660
991	705
991	715
991	731
991	734
991	742
991	746
991	750
991	845
991	847
991	856
991	859
991	878
991	881
991	901
991	911
991	916
991	925
991	937
991	946
991	951
991	952
991	964
991	988
991	992
991	994
992	16
992	33
992	80
992	154
992	178
992	226
992	251
992	254
992	284
992	292
992	329
992	342
992	361
992	370
992	383
992	528
992	542
992	548
992	564
992	603
992	634
992	637
992	639
992	641
992	642
992	654
992	655
992	680
992	701
992	783
992	811
992	845
992	855
992	881
992	896
992	907
992	916
992	917
992	925
992	942
992	946
992	951
992	979
992	991
992	997
993	50
993	59
993	94
993	150
993	195
993	214
993	229
993	253
993	317
993	336
993	355
993	475
993	494
993	551
993	566
993	571
993	575
993	605
993	640
993	642
993	686
993	699
993	712
993	716
993	722
993	729
993	730
993	732
993	791
993	803
993	842
993	846
993	876
993	886
993	893
993	926
993	928
993	933
993	936
993	954
993	966
993	981
993	987
993	995
993	999
994	23
994	108
994	131
994	186
994	215
994	222
994	254
994	400
994	402
994	461
994	465
994	471
994	537
994	563
994	576
994	585
994	668
994	674
994	675
994	720
994	753
994	777
994	806
994	827
994	836
994	848
994	853
994	876
994	891
994	893
994	895
994	902
994	906
994	915
994	917
994	918
994	927
994	929
994	953
994	955
994	973
994	977
994	984
994	990
994	991
994	997
995	59
995	129
995	153
995	182
995	195
995	230
995	289
995	317
995	336
995	428
995	431
995	464
995	475
995	479
995	494
995	551
995	556
995	566
995	575
995	605
995	640
995	642
995	686
995	699
995	722
995	732
995	752
995	753
995	795
995	798
995	801
995	803
995	842
995	846
995	878
995	886
995	898
995	904
995	926
995	928
995	930
995	933
995	934
995	936
995	954
995	966
995	993
996	11
996	51
996	128
996	135
996	151
996	156
996	161
996	164
996	168
996	193
996	202
996	235
996	252
996	308
996	319
996	359
996	377
996	404
996	449
996	493
996	512
996	540
996	545
996	563
996	608
996	617
996	650
996	651
996	667
996	694
996	721
996	756
996	781
996	792
996	801
996	821
996	833
996	855
996	877
996	885
996	889
996	898
996	900
996	955
996	966
996	984
996	989
996	1000
997	7
997	36
997	47
997	62
997	112
997	183
997	242
997	258
997	269
997	273
997	274
997	282
997	302
997	331
997	387
997	452
997	458
997	504
997	536
997	583
997	631
997	638
997	645
997	698
997	701
997	711
997	742
997	743
997	749
997	797
997	809
997	814
997	817
997	834
997	846
997	859
997	906
997	924
997	930
997	942
997	944
997	955
997	956
997	959
997	967
997	987
997	992
997	994
997	999
998	74
998	202
998	222
998	239
998	240
998	247
998	296
998	312
998	323
998	325
998	331
998	335
998	352
998	388
998	426
998	451
998	500
998	507
998	516
998	523
998	553
998	560
998	581
998	591
998	624
998	634
998	641
998	662
998	678
998	686
998	689
998	727
998	763
998	773
998	785
998	805
998	830
998	843
998	851
998	871
998	894
998	907
998	937
998	944
998	962
998	965
998	968
998	973
998	980
999	73
999	78
999	80
999	134
999	135
999	158
999	180
999	216
999	239
999	259
999	321
999	343
999	346
999	371
999	389
999	453
999	481
999	502
999	511
999	518
999	530
999	546
999	547
999	586
999	595
999	609
999	629
999	636
999	647
999	701
999	711
999	746
999	775
999	780
999	791
999	822
999	884
999	913
999	930
999	934
999	944
999	946
999	955
999	983
999	985
999	986
999	990
999	993
999	997
1000	11
1000	46
1000	51
1000	151
1000	152
1000	161
1000	168
1000	175
1000	215
1000	235
1000	237
1000	252
1000	319
1000	330
1000	334
1000	359
1000	382
1000	397
1000	406
1000	423
1000	478
1000	512
1000	540
1000	563
1000	575
1000	617
1000	630
1000	648
1000	650
1000	667
1000	772
1000	781
1000	783
1000	792
1000	801
1000	828
1000	833
1000	870
1000	877
1000	888
1000	889
1000	898
1000	900
1000	938
1000	950
1000	959
1000	974
1000	982
1000	989
1000	996
