1	63 
2	177 
3	49 
4	82 
5	145 
6	88 
7	9 
8	271 
9	40 
10	223 
11	112 
12	208 
13	221 
14	1 
15	80 
16	55 150 166 169 232 
17	238 
18	159 
19	113 
20	99 
21	18 
22	215 
23	63 149 159 173 232 
24	68 118 159 179 202 
25	138 
26	119 
27	68 
28	56 122 180 193 223 
29	170 
30	123 163 197 239 265 
31	255 
32	271 
33	74 
34	13 18 23 182 227 
35	217 
36	190 
37	157 
38	217 
39	51 154 184 235 254 
40	207 
41	279 
42	56 
43	30 
44	88 
45	68 
46	257 
47	240 
48	47 
49	8 
50	131 
51	90 
52	131 
53	61 141 142 195 237 
54	214 
55	39 
56	63 
57	222 
58	171 
59	83 
60	144 
61	12 80 84 136 261 
62	23 58 85 115 187 
63	167 
64	46 
65	137 
66	265 
67	13 39 83 111 224 
68	102 
69	20 
70	34 
71	55 
72	115 
73	221 
74	31 115 149 250 275 
75	16 
76	158 
77	93 
78	139 
79	125 
80	126 
81	110 
82	5 
83	162 
84	141 
85	121 
86	117 
87	207 
88	13 
89	235 
90	32 
91	227 
92	236 
93	249 
94	134 
95	19 
96	189 
97	106 
98	131 
99	1 
100	213 
101	154 
102	115 121 188 246 279 
103	149 
104	178 
105	67 
106	170 
107	115 
108	32 
109	273 
110	279 
111	63 
112	94 
113	151 
114	185 
115	192 
116	241 
117	71 
118	134 
119	53 
120	205 
121	197 
122	131 
123	84 
124	251 
125	75 
126	236 
127	157 
128	59 223 237 242 244 
129	247 
130	161 
131	61 
132	187 
133	73 
134	278 
135	279 
136	198 
137	211 
138	157 
139	9 
140	42 
141	71 
142	79 
143	159 
144	155 
145	254 
146	126 
147	163 
148	191 
149	271 
150	277 
151	8 24 84 118 223 
152	198 
153	56 
154	59 
155	64 
156	163 
157	61 
158	5 45 57 103 206 
159	150 
160	74 
161	253 
162	98 
163	284 
164	46 
165	157 
166	225 
167	283 
168	199 
169	235 
170	32 
171	107 
172	9 
173	206 
174	270 
175	28 
176	249 
177	85 
178	205 
179	158 198 214 257 282 
180	211 
181	55 98 146 205 225 
182	246 
183	89 
184	31 41 57 220 271 
185	89 169 170 204 283 
186	123 
187	102 
188	103 
189	98 
190	175 
191	5 
192	163 
193	87 
194	156 
195	117 
196	183 
197	214 
198	230 
199	14 
200	185 
201	97 
202	264 
203	274 
204	136 
205	166 
206	6 
207	247 
208	221 
209	126 
210	163 
211	79 
212	217 
213	240 
214	270 
215	227 
216	156 
217	79 
218	78 
219	41 
220	27 
221	57 
222	66 
223	201 
224	19 
225	48 
226	34 
227	185 
228	237 
229	20 
230	266 
231	62 
232	82 
233	124 
234	32 
235	14 
236	113 
237	133 
238	45 
239	137 
240	155 
241	269 
242	166 
243	4 61 76 139 211 
244	283 
245	83 
246	139 
247	224 
248	14 
249	75 116 147 180 213 
250	158 
251	121 142 154 164 171 
252	74 
253	181 
254	192 
255	13 
256	14 
257	259 
258	170 
259	149 
260	283 
261	203 
262	201 
263	245 
264	34 
265	216 
266	47 
267	210 
268	259 
269	72 223 232 247 258 
270	281 
271	48 
272	269 
273	44 87 238 259 265 
274	28 
275	175 
276	170 
277	177 
278	188 
279	101 
280	155 
281	224 
282	104 
283	16 72 139 278 279 
284	112 119 181 275 277 
285	14 
286	69 
287	218 
288	185 
289	32 38 131 232 267 
290	66 
291	79 
292	140 
293	273 
294	270 
295	77 
296	133 
297	4 
298	110 
299	261 
300	248 
301	256 
302	205 
303	49 
304	17 19 28 158 181 
305	150 
306	139 
307	134 
308	250 
309	183 
310	234 
311	138 
312	210 
313	120 
314	51 
315	58 
316	125 
317	110 
318	76 
319	142 
320	157 
321	95 
322	159 185 211 232 278 
323	21 28 122 131 234 
324	98 
325	13 
326	21 156 174 187 258 
327	162 
328	60 
329	155 
330	41 
331	126 
332	138 
333	224 
334	172 
335	47 
336	164 
337	131 
338	5 
339	59 100 139 274 275 
340	111 
341	176 
342	172 
343	154 
344	117 
345	58 
346	140 
347	55 
348	282 
349	34 
350	193 
351	142 149 154 201 272 
352	28 
353	54 
354	206 
355	171 
356	218 
357	103 
358	106 
359	114 
360	169 
361	180 
362	80 
363	85 
364	237 
365	252 
366	95 
367	112 
368	119 
369	110 
370	277 
371	51 
372	190 
373	75 
374	89 
375	53 
376	131 
377	189 
378	55 
379	61 
380	60 
381	221 
382	18 
383	240 
384	267 
385	45 
386	13 
387	113 
388	196 
389	217 
390	252 
391	217 
392	136 
393	104 
394	113 
395	226 
396	38 
397	122 
398	21 
399	201 
400	30 59 110 201 207 
401	1 
402	105 
403	188 
404	71 
405	205 
406	34 
407	5 
408	141 
409	31 
410	191 
411	217 
412	261 
413	139 
414	92 
415	13 78 129 154 196 
416	126 
417	255 
418	190 
419	232 
420	15 
421	271 
422	101 
423	219 
424	46 
425	106 
426	251 
427	66 
428	271 
429	12 
430	268 
431	83 149 150 169 262 
432	243 
433	93 
434	55 
435	19 
436	237 
437	271 
438	208 
439	36 84 118 166 228 
440	45 95 97 180 263 
441	176 
442	127 
443	23 
444	11 
445	178 
446	88 
447	55 72 175 192 282 
448	255 
449	239 
450	124 
451	17 35 107 147 227 
452	71 
453	233 
454	150 
455	200 
456	42 
457	10 
458	176 
459	4 
460	131 
461	151 
462	257 
463	78 
464	236 
465	232 
466	281 
467	138 
468	92 
469	163 
470	212 
471	141 
472	128 
473	263 
474	181 
475	228 
476	178 
477	157 
478	107 
479	153 
480	30 
481	21 
482	188 
483	229 
484	84 
485	125 
486	88 
487	38 
488	271 
489	159 
490	31 159 176 202 281 
491	121 
492	6 71 188 211 279 
493	200 
494	88 
495	216 
496	11 
497	121 
498	241 
499	69 121 137 231 251 
500	263 
501	260 
502	207 
503	279 
504	125 181 207 221 238 
505	277 
506	41 
507	227 
508	75 
509	221 
510	51 
511	281 
512	15 
513	20 
514	211 
515	67 129 132 200 225 
516	95 
517	4 84 100 137 279 
518	58 
519	191 
520	158 
521	237 
522	158 
523	84 
524	242 
525	276 
526	194 
527	126 
528	224 
529	18 
530	56 
531	175 
532	132 
533	180 
534	158 
535	2 158 212 270 272 
536	10 
537	234 
538	264 
539	58 
540	178 
541	21 
542	20 
543	135 
544	66 
545	247 
546	229 
547	103 
548	80 150 157 164 284 
549	71 110 155 205 214 
550	145 
551	50 
552	73 
553	156 
554	219 
555	225 
556	235 
557	15 
558	69 92 235 243 281 
559	62 
560	189 
561	82 
562	77 
563	149 
564	239 
565	194 
566	277 
567	221 
568	31 
569	248 
570	25 
571	75 
572	107 
573	154 
574	140 
575	38 
576	180 
577	220 
578	136 
579	239 
580	60 
581	255 
582	58 
583	220 
584	225 
585	136 
586	11 
587	112 
588	81 
589	50 
590	79 
591	242 
592	243 
593	155 
594	221 
595	28 
596	150 
597	160 
598	46 
599	8 130 206 210 253 
600	53 
601	14 
602	254 
603	58 
604	114 
605	63 118 133 167 210 
606	185 
607	259 
608	125 
609	225 
610	56 
611	98 
612	180 
613	80 
614	243 
615	74 
616	6 
617	6 
618	279 
619	17 
620	69 
621	234 
622	29 
623	135 
624	137 
625	34 
626	277 
627	53 
628	86 
629	70 
630	270 
631	197 
632	234 
633	182 
634	180 
635	241 
636	208 
637	172 
638	69 
639	127 
640	91 
641	38 98 109 195 248 
642	213 
643	45 
644	3 
645	171 
646	272 
647	80 
648	107 
649	139 
650	139 
651	121 
652	35 
653	266 
654	164 
655	182 
656	193 
657	164 
658	81 
659	96 
660	46 54 123 169 278 
661	193 
662	77 
663	196 
664	17 19 80 102 155 
665	167 
666	155 
667	263 
668	128 
669	16 
670	224 
671	73 
672	53 
673	129 
674	177 
675	40 
676	47 
677	267 
678	171 
679	31 
680	193 
681	90 
682	31 
683	78 
684	187 
685	126 
686	75 
687	279 
688	37 118 145 185 206 
689	205 
690	67 
691	173 
692	225 
693	140 
694	72 
695	231 
696	57 
697	281 
698	73 
699	252 
700	112 
701	241 
702	263 
703	148 
704	250 
705	212 
706	60 
707	121 
708	208 
709	48 
710	252 
711	258 
712	137 
713	89 
714	211 
715	56 
716	26 
717	217 
718	150 
719	7 
720	241 
721	209 
722	45 
723	18 
724	46 
725	110 
726	173 
727	79 
728	175 
729	282 
730	141 
731	246 
732	16 48 138 185 246 
733	143 
734	278 
735	36 
736	21 
737	263 
738	214 
739	158 
740	85 
741	59 65 129 142 172 
742	127 
743	19 58 116 158 227 
744	73 
745	42 71 84 165 234 
746	212 
747	103 
748	253 
749	281 
750	63 
751	137 
752	36 
753	72 
754	238 
755	127 
756	56 
757	221 
758	50 90 134 199 279 
759	138 
760	8 
761	60 
762	231 
763	70 
764	261 
765	2 4 154 175 214 
766	74 188 240 241 274 
767	18 
768	132 
769	10 
770	33 
771	215 
772	175 177 211 250 259 
773	230 
774	197 
775	141 
776	18 
777	122 
778	164 
779	218 
780	177 
781	283 
782	139 
783	166 
784	60 
785	41 
786	13 
787	116 
788	87 
789	110 
790	114 
791	41 
792	131 
793	144 
794	126 
795	41 
796	53 
797	103 
798	228 
799	74 
800	13 
801	144 
802	17 
803	58 
804	87 
805	43 
806	138 
807	88 
808	21 
809	164 
810	68 
811	166 
812	279 
813	47 
814	154 
815	40 56 123 154 234 
816	260 
817	32 
818	113 
819	46 
820	64 
821	121 
822	226 
823	277 
824	52 
825	223 
826	83 
827	244 
828	101 139 163 190 226 
829	56 
830	77 
831	80 
832	249 
833	143 
834	160 
835	71 
836	14 133 206 217 220 
837	90 
838	201 
839	53 
840	105 
841	192 
842	41 
843	192 
844	249 
845	111 
846	234 
847	55 
848	245 
849	118 
850	21 38 93 190 238 
851	141 
852	262 
853	69 
854	247 
855	225 
856	121 
857	151 
858	86 
859	241 
860	267 
861	274 
862	208 
863	268 
864	273 
865	45 85 129 184 274 
866	254 
867	28 
868	274 
869	161 
870	38 
871	66 74 128 200 222 
872	225 
873	17 55 76 105 196 
874	199 
875	277 
876	50 
877	115 
878	277 
879	29 
880	258 
881	229 
882	271 
883	118 
884	36 82 199 249 283 
885	107 
886	69 
887	30 
888	248 
889	90 
890	101 
891	246 
892	1 
893	280 
894	126 
895	175 
896	34 80 154 231 278 
897	129 
898	193 
899	172 
900	254 
901	277 
902	108 
903	167 
904	207 
905	85 
906	36 49 91 101 137 
907	43 
908	202 
909	72 
910	150 
911	39 
912	38 
913	129 
914	142 
915	206 
916	166 
917	171 
918	74 
919	55 
920	243 
921	37 
922	164 
923	53 
924	22 79 90 146 212 
925	25 
926	131 
927	53 
928	41 
929	265 
930	75 
931	72 
932	161 
933	130 
934	154 
935	229 
936	195 
937	205 
938	263 
939	28 
940	102 
941	200 
942	133 
943	88 
944	13 
945	129 
946	221 
947	279 
948	39 
949	72 
950	1 41 137 224 267 
951	76 
952	158 
953	174 
954	114 
955	110 
956	175 
957	57 112 134 139 222 
958	235 
959	2 
960	137 
961	262 
962	30 
963	249 
964	122 
965	283 
966	171 
967	200 
968	6 201 221 235 261 
969	82 
970	102 
971	92 
972	269 
973	210 
974	129 
975	30 
976	15 
977	221 
978	242 
979	129 
980	4 38 52 83 269 
981	15 16 32 236 271 
982	6 
983	45 
984	139 
985	185 
986	128 
987	238 
988	8 15 196 231 261 
989	201 
990	41 
991	166 
992	256 
993	283 
994	15 22 152 186 259 
995	29 
996	73 
997	162 
998	125 133 221 267 283 
999	149 
1000	235 
1001	215 
1002	282 
1003	237 
1004	227 
1005	227 
1006	160 
1007	82 
1008	49 54 56 121 222 
1009	57 
1010	10 
1011	30 
1012	101 
1013	22 
1014	162 
1015	21 64 99 186 278 
1016	155 
1017	168 
1018	263 
1019	184 
1020	165 
1021	262 
1022	63 
1023	45 
1024	193 
1025	17 19 43 130 146 
1026	46 188 239 258 283 
1027	284 
1028	229 
1029	250 
1030	185 
1031	180 
1032	34 
1033	25 
1034	136 
1035	269 
1036	126 
1037	81 
1038	154 
1039	33 
1040	104 157 207 219 225 
1041	136 
1042	69 
1043	37 110 163 166 212 
1044	53 
1045	199 
1046	258 
1047	29 
1048	170 
1049	213 
1050	5 
1051	240 
1052	161 
1053	80 
1054	38 
1055	36 
1056	114 
1057	279 
1058	19 
1059	11 33 82 90 146 
1060	227 
1061	53 78 190 207 240 
1062	189 
1063	21 81 84 103 263 
1064	259 
1065	186 
1066	187 
1067	84 
1068	267 
1069	279 
1070	44 
1071	16 
1072	276 
1073	204 
1074	103 
1075	52 103 158 198 226 
1076	189 
1077	97 
1078	49 
1079	175 
1080	93 
1081	231 
1082	103 
1083	5 
1084	174 
1085	181 
1086	103 
1087	207 
1088	251 
1089	92 
1090	258 
1091	63 
1092	124 
1093	28 
1094	108 
1095	33 
1096	271 
1097	3 
1098	137 
1099	90 
1100	149 
1101	3 
1102	156 
1103	206 
1104	251 
1105	100 
1106	39 
1107	220 
1108	186 
1109	262 
1110	255 
1111	15 
1112	150 
1113	239 
1114	172 
1115	165 
1116	187 
1117	85 184 227 254 261 
1118	263 
1119	10 26 84 85 214 
1120	126 
1121	142 
1122	146 
1123	104 
1124	244 
1125	207 
1126	34 
1127	64 
1128	177 
1129	235 
1130	71 
1131	270 
1132	71 115 121 238 263 
1133	107 
1134	28 
1135	72 
1136	60 
1137	180 204 229 274 281 
1138	225 
1139	174 
1140	199 
1141	159 
1142	172 
1143	193 
1144	50 
1145	46 
1146	216 
1147	117 
1148	71 
1149	243 
1150	277 
1151	5 
1152	111 
1153	66 
1154	182 
1155	121 
1156	207 
1157	7 
1158	84 
1159	13 
1160	269 
1161	111 
1162	119 
1163	39 
1164	284 
1165	41 
1166	248 
1167	54 121 152 176 207 
1168	166 
1169	253 
1170	107 
1171	7 57 105 239 261 
1172	38 
1173	158 
1174	166 
1175	14 82 85 120 237 
1176	58 
1177	150 
1178	141 
1179	163 
1180	261 
1181	186 
1182	150 
1183	77 
1184	219 
1185	2 88 126 234 284 
1186	102 
1187	20 
1188	58 120 137 239 248 
1189	189 
1190	273 
1191	207 
1192	50 72 185 191 228 
1193	11 
1194	147 
1195	225 
1196	144 
1197	30 
1198	245 
1199	166 
1200	198 
1201	60 
1202	117 179 183 193 239 
1203	233 
1204	282 
1205	127 
1206	78 164 234 263 272 
1207	50 
1208	167 
1209	269 
1210	204 
1211	201 
1212	62 
1213	189 
1214	81 
1215	137 
1216	116 
1217	137 
1218	220 
1219	158 
1220	15 
1221	31 
1222	71 
1223	233 
1224	64 
1225	246 
1226	53 
1227	41 
1228	106 140 159 198 243 
1229	274 
1230	239 
1231	136 
1232	195 
1233	178 
1234	209 
1235	81 
1236	139 
1237	46 
1238	57 
1239	48 
1240	139 
1241	179 
1242	205 
1243	169 
1244	272 
1245	24 
1246	233 
1247	176 
1248	21 
1249	121 
1250	221 
1251	190 
1252	260 
1253	149 
1254	183 
1255	8 78 199 214 253 
1256	219 
1257	177 
1258	189 
1259	207 
1260	5 
1261	252 
1262	183 
1263	46 
1264	227 
1265	87 89 90 110 211 
1266	31 60 181 200 235 
1267	19 
1268	252 
1269	85 114 172 180 221 
1270	21 
1271	90 
1272	58 
1273	53 
1274	43 44 85 134 264 
1275	265 
1276	107 
1277	99 
1278	229 
1279	270 
1280	233 
1281	214 
1282	27 
1283	225 
1284	273 
1285	28 190 201 217 269 
1286	221 
1287	183 
1288	27 
1289	263 
1290	110 
1291	92 
1292	19 
1293	5 
1294	146 
1295	110 136 138 221 261 
1296	19 32 46 62 180 
1297	138 
1298	30 118 238 273 279 
1299	82 
1300	61 
1301	279 
1302	66 
1303	17 
1304	126 
1305	59 125 198 243 251 
1306	261 
1307	242 
1308	59 
1309	76 
1310	104 
1311	211 
1312	33 
1313	257 
1314	275 
1315	30 
1316	210 
1317	230 
1318	201 
1319	69 
1320	59 
1321	180 
1322	218 
1323	229 
1324	269 
1325	92 
1326	122 
1327	83 99 153 159 250 
1328	155 
1329	61 
1330	16 
1331	206 
1332	52 
1333	34 78 124 165 274 
1334	11 
1335	71 
1336	172 
1337	75 
1338	94 
1339	193 
1340	238 
1341	12 60 130 263 281 
1342	46 
1343	229 
1344	162 
1345	116 
1346	246 
1347	81 
1348	244 
1349	268 
1350	206 
1351	87 
1352	141 
1353	45 47 182 241 274 
1354	226 
1355	207 
1356	128 
1357	180 
1358	215 
1359	49 
1360	80 
1361	34 
1362	185 
1363	134 
1364	242 
1365	225 
1366	79 
1367	2 
1368	56 
1369	186 
1370	32 44 47 95 112 
1371	53 
1372	38 
1373	84 
1374	97 
1375	45 
1376	5 
1377	102 118 142 196 241 
1378	83 
1379	163 
1380	107 
1381	176 
1382	63 136 143 238 266 
1383	176 
1384	95 
1385	34 
1386	154 
1387	166 
1388	33 
1389	185 
1390	240 
1391	76 
1392	178 
1393	195 
1394	33 
1395	142 160 166 243 270 
1396	132 
1397	61 
1398	44 82 162 185 237 
1399	248 
1400	116 
1401	233 
1402	108 
1403	214 
1404	103 121 136 239 241 
1405	158 
1406	154 
1407	72 
1408	166 
1409	84 
1410	48 
1411	229 
1412	160 
1413	16 
1414	269 
1415	151 
1416	84 
1417	4 
1418	259 
1419	221 
1420	165 199 236 253 277 
1421	61 70 158 167 168 
1422	52 
1423	117 
1424	47 
1425	42 
1426	261 
1427	76 
1428	35 
1429	84 
1430	242 
1431	118 
1432	45 71 127 132 225 
1433	64 
1434	30 
1435	196 
1436	132 
1437	185 
1438	183 
1439	17 56 215 275 281 
1440	39 102 110 200 219 
1441	266 
1442	134 
1443	280 
1444	157 
1445	240 
1446	15 
1447	254 
1448	50 
1449	47 
1450	15 63 225 270 271 
1451	248 
1452	223 
1453	80 
1454	209 
1455	2 
1456	224 
1457	165 
1458	96 
1459	67 
1460	4 38 171 200 226 
1461	207 
1462	53 86 172 179 231 
1463	76 
1464	13 
1465	61 
1466	116 
1467	106 
1468	262 
1469	34 
1470	73 
1471	21 
1472	21 
1473	17 34 167 201 281 
1474	237 
1475	19 
1476	71 
1477	190 
1478	7 
1479	15 27 38 50 77 
1480	56 
1481	31 112 167 195 244 
1482	86 
1483	147 
1484	49 
1485	147 
1486	189 
1487	229 
1488	87 163 164 166 226 
1489	109 
1490	74 
1491	227 
1492	85 
1493	96 
1494	146 
1495	6 
1496	247 
1497	260 
1498	177 
1499	128 
1500	51 
1501	251 
1502	192 
1503	162 
1504	167 
1505	57 
1506	158 
1507	196 
1508	259 
1509	86 
1510	15 96 115 129 219 
1511	16 
1512	138 
1513	56 
1514	96 
1515	261 
1516	268 
1517	210 
1518	278 
1519	205 
1520	72 
1521	211 
1522	46 90 105 186 259 
1523	43 
1524	250 
1525	235 
1526	146 
1527	253 
1528	18 
1529	99 
1530	190 
1531	44 
1532	195 
1533	43 
1534	257 
1535	226 
1536	278 
1537	89 
1538	60 
1539	19 
1540	164 
1541	98 
1542	120 
1543	224 
1544	67 134 171 207 267 
1545	234 
1546	228 
1547	84 
1548	43 
1549	170 
1550	147 
1551	206 
1552	80 
1553	213 
1554	92 
1555	271 
1556	37 
1557	85 
1558	221 
1559	19 100 109 177 281 
1560	14 
1561	61 121 142 190 225 
1562	209 
1563	91 
1564	56 
1565	217 
1566	110 
1567	251 
1568	171 
1569	142 
1570	267 
1571	74 
1572	63 
1573	164 
1574	172 
1575	221 
1576	131 143 155 211 250 
1577	21 74 93 125 152 
1578	17 
1579	82 142 175 205 229 
1580	51 
1581	31 
1582	52 
1583	29 
1584	26 
1585	284 
1586	11 15 55 92 235 
1587	268 
1588	164 
1589	52 
1590	41 
1591	63 
1592	186 
1593	53 112 192 197 240 
1594	118 
1595	145 
1596	258 
1597	101 
1598	44 
1599	261 
1600	269 
1601	167 
1602	142 165 180 195 279 
1603	270 
1604	206 
1605	3 
1606	59 69 105 115 138 
1607	271 
1608	46 
1609	10 
1610	19 
1611	164 
1612	144 
1613	21 
1614	211 
1615	5 
1616	138 
1617	4 
1618	251 
1619	266 
1620	158 
1621	211 
1622	281 
1623	56 
1624	155 
1625	234 
1626	277 
1627	121 
1628	158 
1629	267 
1630	221 
1631	167 
1632	8 25 113 166 258 
1633	92 
1634	220 
1635	179 
1636	136 
1637	163 
1638	44 
1639	151 
1640	209 
1641	185 
1642	224 
1643	217 
1644	165 201 221 255 280 
1645	263 
1646	206 
1647	112 
1648	180 
1649	58 
1650	17 
1651	30 
1652	40 163 165 229 277 
1653	38 159 175 217 271 
1654	175 
1655	139 
1656	232 
1657	172 
1658	58 83 103 113 138 
1659	167 
1660	231 
1661	149 
1662	263 
1663	203 
1664	200 
1665	17 53 87 121 281 
1666	55 
1667	137 
1668	226 
1669	115 
1670	269 
1671	103 
1672	37 
1673	11 25 144 218 252 
1674	177 
1675	30 
1676	154 
1677	197 
1678	164 
1679	69 
1680	122 
1681	15 21 67 103 220 
1682	121 
1683	269 
1684	112 
1685	146 
1686	239 
1687	269 
1688	166 
1689	136 
1690	90 
1691	48 
1692	63 121 181 238 279 
1693	271 
1694	19 
1695	40 
1696	281 
1697	110 
1698	64 
1699	181 
1700	123 
1701	270 
1702	186 
1703	166 
1704	89 
1705	51 
1706	101 
1707	128 
1708	214 
1709	167 
1710	103 
1711	61 
1712	198 
1713	212 
1714	167 
1715	187 
1716	107 
1717	143 
1718	66 
1719	262 
1720	142 
1721	192 
1722	147 
1723	30 
1724	221 
1725	133 
1726	82 
1727	283 
1728	116 
1729	156 
1730	98 
1731	177 
1732	115 185 221 239 277 
1733	53 66 67 198 219 
1734	175 
1735	59 
1736	155 
1737	201 
1738	125 
1739	17 
1740	232 
1741	245 
1742	14 103 167 210 274 
1743	122 
1744	203 
1745	171 
1746	106 
1747	224 
1748	204 
1749	169 175 187 194 282 
1750	151 
1751	152 
1752	241 
1753	154 
1754	274 
1755	161 
1756	181 
1757	229 
1758	98 
1759	89 
1760	222 
1761	112 
1762	46 
1763	255 
1764	49 
1765	26 
1766	233 
1767	98 
1768	84 
1769	29 41 53 206 258 
1770	227 
1771	85 
1772	281 
1773	46 
1774	47 
1775	156 
1776	198 
1777	49 
1778	189 
1779	269 
1780	126 
1781	270 
1782	162 
1783	171 
1784	14 21 83 162 216 
1785	85 
1786	170 
1787	2 
1788	93 
1789	190 
1790	145 
1791	166 
1792	164 
1793	26 
1794	152 
1795	96 
1796	270 
1797	261 
1798	176 
1799	101 105 136 258 261 
1800	181 
1801	168 
1802	75 
1803	91 
1804	139 
1805	65 
1806	121 
1807	15 
1808	190 
1809	44 
1810	145 
1811	208 
1812	54 
1813	151 
1814	62 
1815	15 167 176 232 243 
1816	232 
1817	4 
1818	277 
1819	266 
1820	11 
1821	25 
1822	259 
1823	183 
1824	190 
1825	90 
1826	230 
1827	282 
1828	145 
1829	273 
1830	140 
1831	201 
1832	153 
1833	225 
1834	227 
1835	197 
1836	116 
1837	272 
1838	80 
1839	3 
1840	168 
1841	46 
1842	210 
1843	217 
1844	123 
1845	274 
1846	261 
1847	169 
1848	123 
1849	214 
1850	30 
1851	140 
1852	230 
1853	79 
1854	274 
1855	204 
1856	162 
1857	30 
1858	261 
1859	193 
1860	19 
1861	47 
1862	161 
1863	187 
1864	280 
1865	140 
1866	131 
1867	198 
1868	30 
1869	30 51 182 248 250 
1870	133 
1871	162 
1872	241 
1873	214 
1874	123 
1875	265 
1876	270 
1877	72 
1878	226 
1879	39 55 85 112 178 
1880	209 
1881	38 
1882	164 
1883	99 
1884	280 
1885	72 85 229 230 275 
1886	79 
1887	5 83 122 125 131 
1888	253 
1889	164 
1890	14 
1891	94 
1892	31 
1893	64 
1894	157 
1895	250 
1896	260 
1897	68 
1898	82 
1899	181 
1900	175 
1901	255 
1902	15 
1903	277 
1904	84 
1905	214 
1906	75 
1907	8 43 167 229 251 
1908	79 
1909	130 
1910	208 
1911	44 
1912	32 
1913	81 
1914	239 
1915	81 141 229 256 281 
1916	181 
1917	216 
1918	51 77 86 109 268 
1919	12 
1920	151 
1921	26 
1922	84 
1923	61 
1924	22 
1925	186 
1926	91 
1927	189 
1928	31 209 211 235 272 
1929	82 
1930	203 
1931	240 
1932	176 
1933	281 
1934	16 
1935	49 
1936	270 
1937	22 
1938	17 
1939	31 
1940	157 
1941	52 103 163 177 186 
1942	57 
1943	162 
1944	80 
1945	90 
1946	170 
1947	218 
1948	7 
1949	212 
1950	28 
1951	108 
1952	5 
1953	276 
1954	185 
1955	130 
1956	50 97 219 254 282 
1957	272 
1958	123 
1959	256 
1960	207 
1961	236 
1962	281 
1963	13 
1964	134 154 261 270 281 
1965	276 
1966	146 
1967	41 
1968	20 
1969	119 
1970	185 
1971	156 
1972	141 
1973	231 
1974	191 
1975	93 
1976	259 
1977	144 
1978	7 
1979	206 
1980	159 
1981	274 
1982	91 
1983	116 
1984	29 
1985	2 
1986	59 70 75 80 224 
1987	126 
1988	283 
1989	277 
1990	48 114 150 263 279 
1991	133 152 158 198 243 
1992	142 
1993	98 
1994	139 
1995	189 
1996	64 
1997	264 
1998	283 
1999	57 
2000	51 
2001	48 141 153 178 221 
2002	40 
2003	270 
2004	35 
2005	50 
2006	18 
2007	33 
2008	89 
2009	160 
2010	229 
2011	144 
2012	116 
2013	283 
2014	85 
2015	279 
2016	33 
2017	90 136 168 175 192 
2018	10 
2019	19 32 85 88 90 
2020	129 139 189 258 259 
2021	158 
2022	141 
2023	178 
2024	148 
2025	64 
2026	136 
2027	115 
2028	254 
2029	1 176 206 207 238 
2030	173 
2031	33 109 117 169 255 
2032	126 
2033	181 
2034	201 
2035	207 
2036	73 
2037	40 56 99 204 270 
2038	21 
2039	259 
2040	267 
2041	118 
2042	109 
2043	235 
2044	186 
2045	18 35 97 105 172 
2046	255 
2047	177 
2048	175 
2049	71 
2050	108 
2051	24 
2052	218 
2053	5 
2054	246 
2055	193 
2056	253 
2057	189 
2058	281 
2059	187 
2060	19 
2061	212 
2062	186 
2063	148 
2064	30 
2065	240 
2066	23 
2067	88 
2068	201 
2069	17 
2070	159 
2071	1 
2072	50 
2073	203 
2074	161 
2075	200 
2076	35 
2077	12 59 88 122 268 
2078	40 
2079	29 
2080	99 
2081	84 
2082	98 
2083	173 
2084	246 
2085	264 
2086	236 
2087	67 
2088	209 
2089	26 
2090	85 
2091	165 
2092	166 
2093	74 
2094	58 
2095	181 
2096	138 
2097	238 
2098	235 
2099	258 
2100	235 
2101	160 
2102	138 
2103	261 
2104	226 
2105	89 161 218 253 256 
2106	21 69 101 164 190 
2107	271 
2108	218 
2109	27 
2110	36 87 212 232 249 
2111	20 
2112	273 
2113	182 
2114	66 
2115	237 
2116	16 42 81 156 199 
2117	33 
2118	105 
2119	122 
2120	190 
2121	21 
2122	163 
2123	228 
2124	217 
2125	41 
2126	130 
2127	283 
2128	206 
2129	32 
2130	123 
2131	56 
2132	64 
2133	61 
2134	77 103 139 211 217 
2135	205 
2136	89 
2137	259 
2138	277 
2139	110 
2140	35 
2141	104 
2142	35 
2143	16 
2144	50 
2145	276 
2146	261 
2147	61 
2148	247 
2149	72 
2150	30 
2151	13 110 123 137 225 
2152	39 67 83 104 118 
2153	3 37 123 258 269 
2154	120 
2155	35 
2156	13 81 126 186 249 
2157	55 
2158	8 
2159	175 
2160	137 
2161	242 
2162	177 
2163	158 
2164	58 
2165	58 
2166	123 185 191 239 263 
2167	5 28 71 140 225 
2168	146 
2169	115 
2170	261 
2171	129 
2172	171 
2173	209 
2174	130 
2175	113 
2176	175 
2177	126 
2178	121 
2179	142 
2180	144 
2181	65 
2182	212 
2183	46 49 101 152 228 
2184	15 
2185	56 
2186	109 
2187	123 
2188	88 
2189	218 
2190	255 
2191	162 
2192	14 
2193	88 
2194	73 
2195	46 
2196	49 
2197	139 
2198	96 
2199	131 
2200	98 
2201	21 34 121 123 237 
2202	174 
2203	39 67 198 274 278 
2204	168 
2205	61 
2206	41 
2207	131 
2208	154 
2209	1 
2210	90 
2211	244 
2212	175 
2213	150 
2214	106 
2215	84 
2216	199 
2217	235 
2218	278 
2219	31 
2220	186 
2221	174 
2222	271 
2223	62 
2224	60 76 147 276 280 
2225	146 
2226	237 
2227	53 
2228	185 
2229	253 
2230	61 
2231	265 
2232	275 
2233	194 
2234	139 
2235	123 
2236	148 
2237	76 
2238	240 
2239	139 
2240	124 
2241	175 
2242	35 37 75 169 186 
2243	225 
2244	71 78 171 191 237 
2245	199 
2246	139 
2247	10 
2248	14 
2249	272 
2250	154 
2251	208 
2252	71 
2253	27 
2254	271 
2255	26 
2256	162 
2257	96 107 121 172 190 
2258	175 
2259	240 
2260	105 
2261	280 
2262	13 
2263	126 
2264	253 
2265	59 
2266	183 
2267	227 
2268	22 
2269	11 
2270	45 
2271	49 
2272	180 
2273	118 
2274	143 
2275	151 
2276	238 
2277	207 
2278	54 
2279	139 
2280	264 
2281	33 
2282	193 
2283	15 32 164 170 258 
2284	195 
2285	198 
2286	112 
2287	49 
2288	195 
2289	168 
2290	118 
2291	107 
2292	223 
2293	200 
2294	144 
2295	202 
2296	205 
2297	9 64 269 281 282 
2298	75 
2299	240 
2300	115 
2301	16 
2302	227 
2303	282 
2304	137 
2305	274 
2306	220 
2307	199 
2308	37 48 62 177 239 
2309	108 
2310	34 156 190 235 282 
2311	202 
2312	82 
2313	206 
2314	129 
2315	180 
2316	118 
2317	15 
2318	213 
2319	169 
2320	38 
2321	154 
2322	171 
2323	184 
2324	115 
2325	42 
2326	185 
2327	255 
2328	33 
2329	209 
2330	227 
2331	62 
2332	195 
2333	167 
2334	136 
2335	158 
2336	19 61 82 168 195 
2337	214 
2338	94 
2339	89 
2340	55 
2341	3 182 232 238 261 
2342	276 
2343	64 
2344	122 
2345	227 
2346	253 
2347	17 
2348	53 
2349	254 
2350	66 
2351	51 
2352	68 
2353	75 
2354	217 
2355	72 
2356	115 
2357	72 
2358	21 
2359	39 
2360	69 
2361	7 
2362	40 
2363	236 
2364	270 
2365	240 
2366	64 
2367	177 
2368	232 
2369	229 
2370	45 
2371	2 38 131 147 208 
2372	223 
2373	43 
2374	137 
2375	70 
2376	283 
2377	166 
2378	164 
2379	103 
2380	272 
2381	185 
2382	153 
2383	43 
2384	155 
2385	258 
2386	162 
2387	171 
2388	67 
2389	245 
2390	172 
2391	66 
2392	68 
2393	201 
2394	201 
2395	203 
2396	140 
2397	239 
2398	168 
2399	49 
2400	228 
2401	104 
2402	272 
2403	65 
2404	91 100 130 159 216 
2405	32 
2406	240 
2407	3 
2408	64 
2409	240 
2410	57 
2411	53 
2412	69 
2413	125 
2414	238 
2415	35 
2416	4 
2417	13 84 125 144 284 
2418	214 
2419	184 
2420	140 
2421	167 
2422	56 
2423	266 
2424	223 
2425	198 
2426	266 
2427	212 
2428	131 
2429	137 
2430	281 
2431	215 
2432	162 
2433	76 
2434	84 
2435	77 
2436	112 
2437	11 158 182 239 258 
2438	23 
2439	80 
2440	47 
2441	198 
2442	23 
2443	167 
2444	190 
2445	75 
2446	31 
2447	72 
2448	141 
2449	93 
2450	113 
2451	235 
2452	159 
2453	206 
2454	38 70 85 107 182 
2455	5 
2456	261 
2457	221 
2458	154 
2459	56 
2460	257 
2461	107 
2462	204 
2463	251 
2464	207 
2465	13 
2466	230 
2467	16 67 129 133 252 
2468	279 
2469	35 
2470	32 
2471	52 116 137 217 235 
2472	13 
2473	124 
2474	75 91 167 201 265 
2475	180 
2476	142 
2477	74 
2478	233 
2479	105 
2480	241 
2481	117 
2482	48 
2483	122 
2484	8 
2485	127 
2486	166 
2487	57 
2488	236 
2489	230 
2490	177 
2491	150 
2492	36 82 160 249 250 
2493	201 
2494	178 
2495	28 
2496	11 
2497	216 
2498	71 
2499	73 
2500	191 
2501	264 
2502	206 
2503	62 89 109 235 276 
2504	235 
2505	68 
2506	55 
2507	45 66 85 123 189 
2508	30 
2509	122 
2510	17 
2511	152 
2512	171 
2513	105 
2514	19 
2515	236 
2516	139 
2517	187 
2518	28 78 171 249 281 
2519	217 
2520	128 
2521	93 
2522	88 
2523	72 
2524	24 80 115 149 239 
2525	88 
2526	177 
2527	104 115 121 126 136 
2528	246 
2529	43 200 227 261 278 
2530	43 
2531	280 
2532	31 
2533	85 
2534	121 
2535	222 
2536	175 
2537	150 
2538	214 
2539	26 
2540	259 
2541	279 
2542	205 
2543	70 
2544	47 
2545	262 
2546	166 
2547	53 
2548	206 
2549	56 
2550	53 
2551	54 
2552	239 
2553	71 
2554	245 
2555	85 
2556	125 
2557	45 
2558	190 
2559	119 
2560	219 
2561	100 
2562	180 
2563	52 
2564	118 184 186 212 271 
2565	71 
2566	185 
2567	33 
2568	99 
2569	226 
2570	258 
2571	77 
2572	2 175 253 271 272 
2573	239 
2574	18 
2575	13 
2576	185 
2577	27 
2578	14 
2579	121 
2580	45 
2581	43 50 60 112 251 
2582	138 
2583	227 
2584	3 
2585	240 
2586	106 
2587	61 
2588	211 
2589	244 
2590	160 
2591	126 
2592	258 
2593	141 
2594	188 
2595	242 
2596	60 
2597	187 
2598	143 
2599	125 
2600	190 
2601	152 
2602	229 
2603	112 
2604	2 
2605	14 52 175 215 229 
2606	238 
2607	230 
2608	36 
2609	106 
2610	11 
2611	78 
2612	44 
2613	43 45 118 218 232 
2614	236 
2615	66 
2616	131 
2617	110 
2618	93 
2619	225 
2620	164 
2621	15 
2622	63 216 222 263 270 
2623	66 
2624	176 
2625	154 258 277 278 284 
2626	44 
2627	51 
2628	16 
2629	117 
2630	14 
2631	222 
2632	75 
2633	38 115 122 163 186 
2634	172 
2635	142 
2636	153 
2637	239 
2638	15 38 44 91 151 
2639	151 
2640	66 
2641	97 
2642	5 8 41 43 154 
2643	162 
2644	38 146 167 210 271 
2645	121 
2646	50 
2647	138 
2648	57 
2649	142 
2650	131 
2651	12 116 160 232 245 
2652	64 142 146 175 255 
2653	14 
2654	216 
2655	44 
2656	17 110 122 149 281 
2657	148 
2658	281 
2659	161 
2660	75 
2661	135 
2662	163 
2663	139 
2664	103 
2665	265 
2666	31 
2667	75 
2668	279 
2669	201 
2670	64 
2671	108 110 112 239 277 
2672	94 
2673	136 
2674	64 
2675	162 
2676	118 
2677	243 
2678	225 
2679	22 
2680	217 
2681	253 
2682	175 
2683	257 
2684	180 
2685	58 
2686	55 
2687	53 
2688	202 
2689	154 
2690	269 
2691	59 
2692	21 41 101 140 228 
2693	89 
2694	53 
2695	6 
2696	259 
2697	14 
2698	248 
2699	230 
2700	150 
2701	55 
2702	85 
2703	20 
2704	259 
2705	21 
2706	269 
2707	234 
2708	39 43 53 162 202 
2709	139 
2710	259 
2711	55 
2712	185 
2713	190 
2714	212 
2715	201 
2716	44 
2717	53 
2718	279 
2719	122 
2720	103 
2721	15 
2722	6 
2723	97 
2724	110 
2725	201 
2726	205 
2727	50 
2728	182 
2729	141 
2730	161 
2731	143 197 228 261 267 
2732	30 
2733	129 
2734	43 
2735	172 
2736	208 
2737	149 
2738	130 
2739	149 
2740	184 
2741	61 
2742	198 
2743	66 
2744	110 
2745	185 
2746	71 
2747	1 
2748	46 
2749	130 
2750	61 
2751	94 
2752	204 
2753	119 
2754	5 
2755	116 
2756	35 
2757	27 
2758	18 
2759	132 
2760	118 
2761	141 
2762	197 
2763	54 
2764	127 
2765	47 
2766	279 
2767	60 
2768	80 
2769	65 
2770	183 
2771	129 
2772	64 164 221 253 284 
2773	216 
2774	278 
2775	9 
2776	173 
2777	238 
2778	145 
2779	30 
2780	137 
2781	163 
2782	150 
2783	212 
2784	214 
2785	35 
2786	235 
2787	267 
2788	256 
2789	14 31 193 208 260 
2790	123 
2791	186 
2792	108 
2793	70 134 172 227 260 
2794	69 
2795	175 
2796	58 107 188 204 247 
2797	190 
2798	51 
2799	271 
2800	263 
2801	58 66 86 216 276 
2802	31 153 157 167 234 
2803	34 
2804	130 
2805	20 
2806	102 
2807	2 
2808	164 
2809	272 
2810	277 
2811	275 
2812	214 
2813	64 
2814	2 
2815	282 
2816	129 
2817	107 
2818	94 
2819	11 
2820	75 
2821	16 
2822	41 
2823	234 
2824	196 
2825	195 
2826	95 
2827	101 
2828	230 
2829	129 
2830	66 
2831	155 158 212 225 275 
2832	81 
2833	146 
2834	261 
2835	206 
2836	111 
2837	71 
2838	51 
2839	265 
2840	232 
2841	32 39 130 137 271 
2842	115 
2843	204 
2844	277 
2845	221 
2846	270 
2847	2 6 20 124 137 
2848	76 
2849	30 
2850	195 
2851	167 
2852	280 
2853	125 
2854	100 
2855	196 
2856	235 
2857	38 71 112 123 169 
2858	84 
2859	64 
2860	41 
2861	224 
2862	168 
2863	278 
2864	192 
2865	131 
2866	82 
2867	30 
2868	35 
2869	212 
2870	198 
2871	89 
2872	71 
2873	62 216 221 238 267 
2874	271 
2875	95 
2876	9 
2877	135 
2878	246 
2879	173 
2880	198 
2881	187 
2882	119 
2883	253 
2884	46 
2885	109 
2886	54 
2887	150 
2888	284 
2889	164 
2890	223 
2891	245 
2892	120 
2893	179 
2894	19 
2895	66 78 105 199 253 
2896	7 
2897	126 
2898	34 80 136 211 277 
2899	250 
2900	17 
2901	253 
2902	28 
2903	151 
2904	35 
2905	79 
2906	227 
2907	251 
2908	248 
2909	50 
2910	202 
2911	8 90 205 261 270 
2912	159 
2913	195 
2914	45 
2915	95 
2916	34 
2917	69 74 85 208 226 
2918	66 
2919	49 
2920	116 
2921	235 
2922	45 
2923	195 
2924	45 180 206 228 270 
2925	231 
2926	276 
2927	21 91 149 159 192 
2928	106 
2929	177 
2930	4 
2931	124 
2932	82 
2933	33 
2934	37 
2935	219 
2936	166 
2937	166 210 259 261 278 
2938	12 
2939	145 
2940	121 
2941	194 
2942	225 
2943	126 
2944	156 
2945	49 102 206 223 259 
2946	102 
2947	131 
2948	129 
2949	41 
2950	146 
2951	175 
2952	30 66 110 140 184 
2953	9 
2954	246 
2955	183 
2956	137 
2957	29 
2958	55 
2959	271 
2960	184 
2961	131 
2962	156 
2963	92 
2964	241 
2965	182 
2966	253 
2967	22 
2968	112 
2969	15 28 181 182 186 
2970	120 
2971	55 
2972	184 
2973	147 
2974	5 
2975	160 
2976	160 
2977	238 
2978	149 
2979	201 
2980	141 
2981	146 
2982	9 
2983	232 
2984	283 
2985	180 
2986	253 
2987	38 56 65 83 221 
2988	44 
2989	271 
2990	36 
2991	17 
2992	45 
2993	72 
2994	257 
2995	269 
2996	49 
2997	212 
2998	79 
2999	108 
3000	177 
3001	55 74 132 177 192 
3002	95 
3003	197 
3004	229 
3005	137 
3006	175 
3007	90 
3008	184 
3009	274 
3010	10 
3011	60 
3012	182 
3013	160 
3014	42 84 101 142 172 
3015	50 
3016	217 
3017	50 
3018	205 
3019	55 
3020	41 
3021	162 
3022	237 
3023	277 
3024	270 
3025	97 
3026	162 
3027	252 
3028	175 
3029	148 
3030	55 
3031	57 
3032	8 
3033	13 63 147 193 282 
3034	234 
3035	123 
3036	107 
3037	157 
3038	223 
3039	239 
3040	227 
3041	177 
3042	242 
3043	60 
3044	136 
3045	160 
3046	58 
3047	270 
3048	224 
3049	135 
3050	38 
3051	67 
3052	142 
3053	85 
3054	271 
3055	81 
3056	247 
3057	1 13 23 114 157 
3058	230 
3059	76 
3060	212 
3061	282 
3062	262 
3063	159 
3064	139 
3065	23 
3066	85 
3067	81 115 121 131 226 
3068	16 
3069	43 56 111 199 257 
3070	183 
3071	16 
3072	199 
3073	225 
3074	190 
3075	27 
3076	23 
3077	185 
3078	38 
3079	21 81 90 185 202 
3080	137 
3081	277 
3082	273 
3083	244 
3084	58 107 148 214 282 
3085	33 
3086	179 
3087	142 
3088	209 
3089	229 
3090	231 
3091	211 
3092	136 
3093	203 
3094	18 
3095	31 117 194 201 223 
3096	154 
3097	279 
3098	42 
3099	45 
3100	207 
3101	248 
3102	211 
3103	180 
3104	175 
3105	104 
3106	178 
3107	221 
3108	110 
3109	187 
3110	52 120 139 258 262 
3111	112 
3112	66 
3113	154 
3114	72 
3115	89 
3116	34 65 66 91 116 
3117	44 
3118	239 
3119	26 83 89 118 211 
3120	155 
3121	254 
3122	182 
3123	66 
3124	237 
3125	30 
3126	63 
3127	215 
3128	135 
3129	34 
3130	87 172 200 201 245 
3131	31 
3132	58 
3133	149 
3134	186 
3135	7 
3136	18 
3137	55 
3138	183 
3139	162 
3140	117 
3141	131 
3142	235 
3143	60 
3144	96 
3145	34 
3146	93 
3147	83 
3148	200 
3149	40 
3150	227 
3151	193 
3152	176 
3153	34 
3154	38 158 217 226 284 
3155	141 
3156	11 117 201 220 232 
3157	96 
3158	186 
3159	107 
3160	56 
3161	83 
3162	282 
3163	248 
3164	276 
3165	3 
3166	167 
3167	275 
3168	11 
3169	34 57 107 131 278 
3170	255 
3171	235 
3172	48 
3173	228 
3174	91 
3175	15 50 82 89 229 
3176	212 
3177	12 
3178	10 
3179	233 
3180	118 
3181	129 
3182	213 
3183	137 
3184	120 
3185	212 
3186	107 
3187	251 
3188	212 
3189	6 
3190	274 
3191	56 
3192	68 76 142 202 237 
3193	129 
3194	186 
3195	90 108 138 184 231 
3196	72 
3197	237 
3198	92 
3199	104 
3200	73 
3201	219 
3202	15 102 118 269 278 
3203	46 
3204	112 
3205	142 
3206	229 
3207	179 
3208	245 
3209	5 
3210	5 
3211	83 
3212	24 
3213	146 
3214	141 
3215	263 
3216	238 
3217	6 
3218	161 
3219	231 
3220	215 
3221	236 
3222	81 
3223	13 
3224	226 
3225	201 
3226	2 14 68 249 267 
3227	49 61 69 163 259 
3228	189 
3229	222 
3230	216 
3231	76 
3232	177 
3233	217 
3234	115 
3235	46 
3236	158 
3237	61 
3238	118 129 168 173 266 
3239	137 
3240	104 
3241	46 
3242	53 
3243	246 
3244	146 
3245	80 
3246	225 
3247	79 
3248	192 
3249	213 
3250	142 
3251	274 
3252	197 206 212 236 248 
3253	281 
3254	224 
3255	137 
3256	166 
3257	263 
3258	226 
3259	171 
3260	129 
3261	277 
3262	268 
3263	269 
3264	30 
3265	56 
3266	88 
3267	126 
3268	34 137 234 248 260 
3269	284 
3270	72 
3271	252 
3272	199 
3273	11 
3274	122 
3275	173 
3276	148 
3277	246 
3278	143 159 175 180 270 
3279	223 
3280	278 
3281	14 
3282	262 
3283	129 
3284	136 
3285	9 103 142 228 279 
3286	165 
3287	227 
3288	107 
3289	195 
3290	241 
3291	264 
3292	45 
3293	197 
3294	71 226 261 268 277 
3295	57 
3296	21 45 61 84 129 
3297	243 
3298	102 
3299	281 
3300	24 
3301	257 
3302	193 
3303	99 
3304	8 28 43 80 158 
3305	264 
3306	80 
3307	281 
3308	145 
3309	80 105 124 125 279 
3310	60 
3311	44 
3312	267 
3313	124 
3314	46 
3315	65 
3316	31 
3317	153 
3318	13 
3319	174 
3320	88 
3321	91 
3322	107 
3323	133 
3324	101 
3325	160 
3326	71 
3327	153 
3328	212 
3329	190 
3330	137 
3331	106 
3332	118 
3333	209 
3334	271 
3335	121 
3336	2 
3337	11 104 105 117 221 
3338	284 
3339	76 78 224 258 269 
3340	184 
3341	217 
3342	190 
3343	52 
3344	53 
3345	42 
3346	169 
3347	255 
3348	194 
3349	239 
3350	76 
3351	158 
3352	200 
3353	77 
3354	63 
3355	269 
3356	67 
3357	234 
3358	65 
3359	143 
3360	15 204 256 257 275 
3361	166 
3362	186 
3363	104 
3364	227 
3365	106 
3366	183 
3367	132 
3368	53 
3369	139 
3370	239 
3371	251 
3372	122 
3373	168 
3374	256 
3375	186 
3376	121 
3377	45 
3378	201 
3379	138 
3380	106 
3381	72 
3382	22 
3383	7 21 38 45 180 
3384	200 
3385	132 
3386	152 
3387	223 
3388	30 
3389	157 
3390	258 
3391	16 
3392	55 
3393	147 
3394	226 
3395	38 
3396	150 
3397	123 
3398	208 
3399	12 
3400	37 120 200 234 268 
3401	84 
3402	237 
3403	151 
3404	159 
3405	253 
3406	166 
3407	83 
3408	225 
3409	10 
3410	107 
3411	180 
3412	281 
3413	235 
3414	123 
3415	137 
3416	275 
3417	1 22 139 142 227 
3418	154 207 241 251 283 
3419	94 
3420	205 
3421	50 
3422	58 118 157 248 250 
3423	136 
3424	57 66 172 212 242 
3425	129 
3426	53 
3427	93 
3428	112 
3429	114 130 142 186 225 
3430	254 
3431	239 
3432	174 
3433	180 
3434	189 
3435	255 
3436	245 
3437	283 
3438	5 16 30 132 135 
3439	154 
3440	49 
3441	114 
3442	253 
3443	248 
3444	74 
3445	264 
3446	239 
3447	94 
3448	254 
3449	131 
3450	185 
3451	152 156 165 206 261 
3452	251 
3453	38 
3454	184 
3455	263 
3456	159 
3457	85 
3458	261 
3459	226 
3460	43 
3461	98 134 159 269 278 
3462	74 
3463	19 
3464	1 
3465	80 
3466	281 
3467	69 
3468	124 
3469	183 
3470	34 
3471	53 159 219 251 259 
3472	171 
3473	224 
3474	253 
3475	241 
3476	92 
3477	97 
3478	75 
3479	214 
3480	83 
3481	272 
3482	251 
3483	8 104 127 176 208 
3484	246 
3485	192 
3486	282 
3487	244 
3488	50 
3489	137 214 225 235 254 
3490	282 
3491	160 
3492	154 
3493	221 
3494	80 
3495	166 
3496	11 
3497	10 
3498	116 
3499	156 
3500	11 
3501	44 
3502	260 
3503	14 100 127 203 240 
3504	80 
3505	118 
3506	74 
3507	165 
3508	243 
3509	38 
3510	158 
3511	171 
3512	98 
3513	142 
3514	59 
3515	201 
3516	48 
3517	43 
3518	133 
3519	23 
3520	186 
3521	29 39 98 160 211 
3522	18 
3523	9 
3524	51 
3525	253 
3526	240 
3527	45 142 154 164 191 
3528	144 
3529	155 
3530	137 
3531	249 
3532	93 
3533	87 
3534	158 
3535	125 
3536	148 
3537	279 
3538	45 
3539	213 
3540	186 
3541	263 
3542	122 
3543	253 
3544	50 214 231 243 270 
3545	38 
3546	105 
3547	101 
3548	69 
3549	271 
3550	215 
3551	54 
3552	174 
3553	2 
3554	182 
3555	30 
3556	283 
3557	178 
3558	71 
3559	46 
3560	268 
3561	250 
3562	44 166 191 226 247 
3563	168 
3564	8 
3565	78 
3566	150 
3567	139 
3568	224 
3569	150 
3570	15 
3571	279 
3572	154 
3573	133 
3574	128 
3575	84 
3576	84 
3577	259 
3578	58 
3579	42 
3580	21 
3581	55 
3582	136 
3583	159 
3584	213 
3585	8 
3586	106 
3587	43 50 82 140 167 
3588	250 
3589	179 
3590	259 
3591	213 
3592	172 
3593	65 
3594	21 
3595	259 
3596	136 
3597	203 
3598	111 
3599	69 
3600	5 
3601	279 
3602	129 
3603	68 166 203 243 279 
3604	52 
3605	275 
3606	56 
3607	192 
3608	233 
3609	194 
3610	4 
3611	84 
3612	16 
3613	9 
3614	16 
3615	253 
3616	180 
3617	138 
3618	277 
3619	72 
3620	45 
3621	55 
3622	239 
3623	190 
3624	15 
3625	224 
3626	217 
3627	69 
3628	78 
3629	205 
3630	162 
3631	167 
3632	278 
3633	136 
3634	28 
3635	243 
3636	118 
3637	249 
3638	97 
3639	61 
3640	181 
3641	21 
3642	158 
3643	56 
3644	117 
3645	16 112 135 171 195 
3646	58 
3647	15 
3648	122 
3649	267 
3650	259 
3651	157 
3652	53 
3653	272 
3654	101 
3655	18 
3656	105 
3657	239 
3658	91 
3659	22 
3660	203 
3661	60 74 127 141 196 
3662	209 
3663	116 
3664	157 
3665	44 
3666	15 35 129 180 206 
3667	82 
3668	85 
3669	30 41 55 107 173 
3670	212 
3671	109 
3672	115 
3673	283 
3674	53 
3675	206 
3676	281 
3677	5 
3678	112 137 198 248 258 
3679	62 
3680	43 
3681	264 
3682	206 
3683	159 
3684	45 46 159 264 284 
3685	121 
3686	195 
3687	172 
3688	175 
3689	46 
3690	11 
3691	7 
3692	211 
3693	94 
3694	177 
3695	155 
3696	50 
3697	176 
3698	70 
3699	132 
3700	2 
3701	263 
3702	13 44 55 60 205 
3703	185 
3704	152 
3705	201 
3706	271 
3707	104 
3708	9 
3709	107 
3710	200 
3711	35 
3712	190 
3713	281 
3714	86 
3715	16 
3716	62 146 164 186 239 
3717	270 
3718	18 
3719	50 
3720	186 
3721	58 
3722	95 
3723	45 
3724	137 
3725	131 
3726	106 
3727	92 
3728	151 
3729	175 
3730	3 
3731	60 
3732	74 
3733	118 
3734	127 
3735	269 
3736	202 
3737	225 
3738	214 
3739	59 
3740	232 
3741	169 
3742	115 
3743	69 
3744	190 
3745	102 
3746	198 
3747	112 
3748	108 
3749	213 
3750	206 
3751	224 
3752	161 
3753	216 
3754	154 
3755	225 
3756	249 
3757	110 
3758	122 
3759	281 
3760	66 
3761	254 
3762	271 
3763	225 
3764	204 
3765	83 
3766	209 
3767	235 
3768	183 
3769	112 
3770	250 
3771	102 
3772	282 
3773	114 
3774	179 
3775	239 
3776	140 
3777	274 
3778	15 167 214 244 250 
3779	145 
3780	258 
3781	245 
3782	30 
3783	169 
3784	98 
3785	30 
3786	59 
3787	42 56 204 217 282 
3788	102 
3789	179 
3790	26 
3791	38 
3792	33 
3793	112 
3794	83 
3795	31 
3796	118 
3797	80 
3798	34 
3799	248 
3800	79 
3801	91 
3802	108 136 190 213 227 
3803	215 
3804	193 
3805	106 
3806	146 
3807	32 
3808	138 
3809	84 
3810	126 
3811	169 
3812	32 53 69 177 282 
3813	235 
3814	216 
3815	254 
3816	58 121 124 146 171 
3817	82 
3818	174 
3819	5 
3820	89 
3821	205 
3822	225 
3823	127 
3824	53 
3825	271 
3826	164 
3827	175 
3828	184 
3829	125 
3830	19 
3831	280 
3832	122 
3833	106 
3834	152 
3835	68 
3836	102 
3837	149 
3838	61 
3839	97 
3840	112 
3841	282 
3842	152 
3843	132 
3844	115 
3845	102 
3846	149 240 257 263 264 
3847	271 
3848	109 
3849	174 
3850	231 
3851	201 
3852	140 
3853	50 
3854	25 43 51 102 182 
3855	202 
3856	131 
3857	23 
3858	90 
3859	210 
3860	68 
3861	63 
3862	58 
3863	262 
3864	229 
3865	34 
3866	225 
3867	284 
3868	140 
3869	179 
3870	109 
3871	197 
3872	110 
3873	125 
3874	172 
3875	167 
3876	103 
3877	207 
3878	147 
3879	88 
3880	283 
3881	190 
3882	131 
3883	156 
3884	131 
3885	137 
3886	181 
3887	138 
3888	53 80 101 239 254 
3889	30 
3890	129 
3891	141 
3892	197 
3893	135 
3894	207 
3895	79 81 186 187 269 
3896	121 
3897	82 
3898	131 
3899	117 
3900	275 
3901	93 
3902	183 
3903	217 
3904	50 59 166 213 263 
3905	251 
3906	7 13 85 108 145 
3907	213 
3908	176 
3909	208 
3910	156 
3911	16 
3912	5 
3913	199 
3914	206 
3915	49 63 114 198 221 
3916	79 
3917	248 
3918	253 
3919	129 
3920	190 
3921	43 
3922	125 
3923	48 
3924	92 
3925	281 
3926	50 
3927	15 
3928	240 
3929	35 
3930	208 
3931	118 
3932	63 
3933	6 
3934	115 
3935	32 
3936	140 
3937	3 48 184 269 281 
3938	229 
3939	198 
3940	21 
3941	43 80 84 223 250 
3942	270 
3943	186 
3944	5 
3945	211 
3946	281 
3947	278 
3948	90 
3949	28 
3950	64 
3951	248 
3952	3 140 171 180 259 
3953	116 
3954	250 
3955	121 
3956	146 
3957	254 
3958	243 
3959	200 
3960	14 
3961	88 
3962	136 
3963	276 
3964	166 
3965	240 
3966	43 
3967	221 
3968	31 
3969	63 
3970	271 
3971	110 
3972	84 
3973	269 
3974	95 141 201 231 259 
3975	149 
3976	59 
3977	16 
3978	15 
3979	80 
3980	282 
3981	9 
3982	68 
3983	56 
3984	191 
3985	180 
3986	198 
3987	35 
3988	172 
3989	171 
3990	85 
3991	7 
3992	207 
3993	49 
3994	267 
3995	146 
3996	150 
3997	117 
3998	139 
3999	241 
4000	12 71 72 77 89 
4001	261 
4002	166 
4003	85 
4004	177 
4005	237 
4006	110 
4007	104 
4008	199 
4009	271 
4010	174 
4011	66 
4012	61 
4013	82 
4014	206 
4015	120 
4016	126 
4017	23 
4018	137 
4019	185 
4020	178 
4021	63 70 129 166 239 
4022	103 
4023	223 
4024	116 
4025	3 
4026	19 21 146 170 195 
4027	117 
4028	64 
4029	15 
4030	240 
4031	71 
4032	69 
4033	52 
4034	202 
4035	219 
4036	235 
4037	17 
4038	274 
4039	214 
4040	139 
4041	242 
4042	17 
4043	274 
4044	182 
4045	79 
4046	118 
4047	150 
4048	263 
4049	270 
4050	115 
4051	55 
4052	53 
4053	239 
4054	104 
4055	240 
4056	284 
4057	41 
4058	121 207 222 226 283 
4059	204 
4060	66 
4061	17 87 212 226 231 
4062	19 
4063	140 
4064	13 71 227 242 261 
4065	282 
4066	118 
4067	53 
4068	3 
4069	45 58 147 167 207 
4070	169 
4071	76 
4072	249 
4073	229 
4074	148 
4075	277 
4076	69 
4077	107 
4078	107 
4079	242 
4080	98 
4081	235 
4082	234 
4083	41 61 149 166 225 
4084	129 
4085	223 
4086	205 
4087	154 
4088	174 
4089	226 
4090	253 
4091	18 
4092	34 
4093	115 
4094	263 
4095	61 
4096	189 209 258 283 284 
4097	10 
4098	11 71 142 171 221 
4099	253 
4100	146 
4101	192 
4102	50 
4103	235 
4104	248 
4105	106 
4106	279 
4107	225 
4108	128 205 212 223 236 
4109	271 
4110	102 
4111	207 
4112	25 27 183 204 252 
4113	201 
4114	114 
4115	5 97 135 201 283 
4116	69 
4117	142 
4118	112 
4119	60 85 111 125 126 
4120	46 
4121	161 
4122	117 
4123	248 
4124	58 
4125	69 
4126	84 113 123 126 279 
4127	185 
4128	261 
4129	245 
4130	17 
4131	57 
4132	78 
4133	66 
4134	62 
4135	221 
4136	137 
4137	79 
4138	221 
4139	31 111 158 204 266 
4140	37 80 223 275 281 
4141	72 
4142	212 
4143	57 
4144	207 
4145	66 
4146	30 
4147	131 
4148	235 
4149	139 
4150	64 
4151	154 
4152	56 
4153	236 
4154	168 
4155	5 
4156	53 
4157	152 
4158	245 
4159	66 
4160	184 
4161	49 
4162	167 
4163	3 7 84 108 161 
4164	2 
4165	227 
4166	221 
4167	175 
4168	92 
4169	243 
4170	115 
4171	226 
4172	171 
4173	38 
4174	93 
4175	24 38 118 140 207 
4176	240 
4177	18 63 124 231 279 
4178	49 85 86 129 280 
4179	88 
4180	34 
4181	151 
4182	7 
4183	115 
4184	181 
4185	167 
4186	41 57 106 227 246 
4187	125 
4188	146 
4189	226 
4190	192 
4191	221 
4192	141 
4193	239 
4194	8 79 84 242 271 
4195	205 
4196	259 
4197	122 
4198	281 
4199	31 49 96 142 148 
4200	137 
4201	51 
4202	242 
4203	199 
4204	83 
4205	83 
4206	158 
4207	150 
4208	211 
4209	207 
4210	72 
4211	279 
4212	239 
4213	176 
4214	171 
4215	187 
4216	263 
4217	90 
4218	57 112 193 245 260 
4219	243 
4220	158 
4221	185 
4222	37 64 90 121 181 
4223	61 
4224	114 147 225 231 237 
4225	116 
4226	50 
4227	205 
4228	202 
4229	121 
4230	190 
4231	141 
4232	245 
4233	19 123 155 189 223 
4234	175 199 227 237 242 
4235	264 
4236	249 
4237	186 
4238	97 
4239	122 
4240	271 
4241	46 79 136 155 259 
4242	125 
4243	72 
4244	60 
4245	117 
4246	158 
4247	253 
4248	237 
4249	129 
4250	271 
4251	270 
4252	229 
4253	235 
4254	55 
4255	271 
4256	51 
4257	240 
4258	121 200 235 259 283 
4259	17 
4260	90 
4261	270 
4262	162 
4263	9 
4264	162 
4265	17 
4266	126 
4267	208 
4268	41 
4269	270 
4270	56 
4271	255 
4272	160 
4273	102 
4274	55 86 122 134 135 
4275	261 
4276	259 
4277	32 
4278	69 
4279	103 
4280	238 
4281	16 
4282	14 
4283	84 
4284	227 
4285	255 
4286	254 
4287	71 
4288	139 
4289	14 
4290	60 
4291	278 
4292	117 
4293	253 
4294	85 
4295	161 
4296	28 
4297	198 
4298	14 120 148 168 179 
4299	136 
4300	129 
4301	9 21 200 250 269 
4302	64 115 138 139 274 
4303	277 
4304	269 
4305	281 
4306	104 
4307	102 
4308	18 
4309	129 
4310	159 
4311	270 
4312	242 
4313	171 
4314	53 
4315	258 
4316	85 
4317	146 
4318	263 
4319	245 
4320	15 34 67 239 246 
4321	5 
4322	129 
4323	121 
4324	166 
4325	45 
4326	202 
4327	19 
4328	195 
4329	250 
4330	47 83 115 119 279 
4331	167 
4332	245 
4333	24 123 211 227 229 
4334	164 
4335	50 
4336	31 
4337	125 
4338	105 
4339	211 
4340	55 88 242 275 277 
4341	248 
4342	147 
4343	44 
4344	60 
4345	139 
4346	270 
4347	21 
4348	38 
4349	279 
4350	248 
4351	201 
4352	136 
4353	183 227 236 254 270 
4354	6 
4355	138 
4356	234 
4357	57 
4358	278 
4359	63 
4360	269 
4361	105 
4362	7 
4363	172 
4364	102 
4365	56 
4366	172 
4367	112 
4368	255 
4369	33 
4370	146 
4371	269 
4372	21 
4373	267 
4374	160 
4375	183 
4376	192 
4377	53 
4378	75 79 167 201 235 
4379	81 
4380	7 
4381	57 
4382	277 
4383	55 
4384	51 
4385	38 
4386	198 
4387	241 
4388	207 
4389	202 
4390	232 
4391	104 
4392	181 
4393	59 
4394	85 
4395	16 
4396	45 
4397	183 
4398	282 
4399	225 
4400	185 
4401	45 
4402	164 
4403	59 
4404	192 
4405	60 
4406	66 
4407	56 
4408	211 
4409	253 
4410	122 
4411	19 24 59 83 250 
4412	190 
4413	30 115 156 201 226 
4414	169 
4415	251 
4416	248 
4417	226 
4418	5 
4419	64 
4420	31 110 125 175 277 
4421	30 
4422	214 
4423	162 
4424	13 15 34 104 225 
4425	61 190 211 221 269 
4426	180 
4427	284 
4428	88 
4429	19 185 210 226 281 
4430	107 
4431	147 
4432	193 
4433	221 
4434	95 212 234 235 253 
4435	207 
4436	85 
4437	71 
4438	158 
4439	79 
4440	142 
4441	183 
4442	190 
4443	202 
4444	224 
4445	214 
4446	107 
4447	115 
4448	205 
4449	92 
4450	66 166 187 223 248 
4451	71 
4452	185 
4453	270 
4454	201 
4455	166 
4456	32 
4457	6 80 131 219 251 
4458	137 
4459	102 
4460	19 
4461	89 
4462	121 
4463	85 
4464	259 
4465	7 
4466	56 192 234 245 256 
4467	23 107 212 231 279 
4468	213 
4469	229 
4470	7 
4471	46 
4472	19 73 74 112 140 
4473	126 
4474	90 
4475	131 
4476	282 
4477	55 
4478	248 
4479	90 109 177 190 277 
4480	2 
4481	269 
4482	21 
4483	85 
4484	21 
4485	106 
4486	30 37 44 193 250 
4487	255 
4488	207 
4489	17 
4490	167 
4491	7 
4492	106 
4493	158 
4494	41 83 102 181 204 
4495	199 
4496	207 
4497	55 
4498	258 
4499	38 45 76 212 213 
4500	213 
4501	41 
4502	234 
4503	80 
4504	269 
4505	281 
4506	185 
4507	64 
4508	76 100 158 180 268 
4509	198 
4510	61 
4511	150 
4512	159 
4513	17 25 190 217 240 
4514	38 
4515	21 
4516	80 
4517	213 
4518	172 
4519	198 
4520	92 
4521	207 
4522	59 
4523	271 
4524	270 
4525	38 
4526	89 
4527	122 
4528	18 
4529	274 
4530	269 
4531	240 
4532	11 
4533	274 
4534	89 
4535	150 197 239 243 279 
4536	46 
4537	34 
4538	253 
4539	52 107 161 189 279 
4540	282 
4541	21 
4542	6 21 43 115 262 
4543	237 
4544	212 
4545	34 
4546	183 
4547	44 71 185 207 238 
4548	160 
4549	235 
4550	248 
4551	69 113 132 166 216 
4552	14 
4553	21 132 157 205 245 
4554	7 
4555	106 
4556	131 
4557	70 232 251 259 281 
4558	282 
4559	84 
4560	64 
4561	106 
4562	217 
4563	105 
4564	11 
4565	57 80 212 215 272 
4566	38 
4567	102 
4568	136 
4569	47 85 112 115 145 
4570	237 
4571	269 
4572	57 164 219 240 258 
4573	147 
4574	253 
4575	261 
4576	89 
4577	269 
4578	60 
4579	12 18 89 138 264 
4580	231 
4581	13 
4582	46 
4583	181 
4584	140 
4585	13 
4586	34 
4587	110 
4588	149 
4589	243 
4590	237 
4591	102 129 202 234 273 
4592	118 
4593	80 
4594	217 
4595	34 
4596	214 
4597	84 
4598	26 246 248 263 269 
4599	103 
4600	258 
4601	64 150 177 209 214 
4602	159 
4603	50 
4604	232 
4605	190 
4606	198 
4607	107 
4608	198 
4609	102 
4610	137 
4611	76 
4612	171 
4613	207 
4614	181 
4615	167 
4616	85 
4617	46 
4618	160 
4619	116 
4620	118 
4621	201 
4622	69 
4623	199 
4624	138 
4625	212 
4626	221 
4627	198 
4628	90 
4629	83 
4630	274 
4631	201 
4632	88 
4633	21 55 76 84 147 
4634	281 
4635	19 
4636	270 
4637	282 
4638	221 
4639	167 
4640	123 124 150 155 273 
4641	88 
4642	115 
4643	239 
4644	17 
4645	274 
4646	6 45 86 126 169 
4647	269 
4648	207 
4649	239 
4650	55 76 90 206 217 
4651	232 
4652	282 
4653	166 
4654	34 
4655	206 
4656	205 
4657	175 
4658	180 
4659	234 
4660	251 
4661	129 
4662	38 
4663	46 
4664	225 
4665	166 
4666	38 
4667	34 
4668	84 
4669	15 
4670	227 
4671	212 
4672	279 
4673	139 
4674	131 
4675	271 
4676	150 
4677	19 
4678	83 
4679	141 
4680	15 20 139 247 260 
4681	53 92 172 173 211 
4682	237 
4683	205 
4684	258 
4685	80 
4686	41 
4687	6 31 45 225 236 
4688	270 
4689	225 
4690	31 45 108 268 277 
4691	118 
4692	139 
4693	49 
4694	271 
4695	258 
4696	240 
4697	274 
4698	261 
4699	102 146 150 261 277 
4700	162 
4701	136 
4702	270 
4703	19 
4704	43 
4705	269 
4706	253 
4707	177 
4708	240 
4709	30 
4710	261 
4711	271 
4712	141 
4713	102 
4714	258 
4715	115 
4716	123 
4717	234 
4718	212 
4719	60 62 69 222 273 
4720	14 
4721	38 
4722	49 
4723	118 
4724	190 
4725	240 
4726	201 
4727	13 
4728	34 89 97 198 257 
4729	41 71 155 214 241 
4730	41 
4731	281 
4732	43 
4733	166 
4734	14 
4735	212 
4736	270 
4737	88 
4738	248 
4739	166 
4740	30 
4741	31 
4742	84 
4743	137 
4744	207 
4745	5 
4746	248 
4747	271 
4748	53 
4749	154 
4750	87 121 186 248 276 
4751	31 
4752	14 
4753	102 
4754	110 
4755	137 
4756	136 
4757	282 
4758	41 
4759	141 
4760	281 
4761	177 
4762	201 
4763	69 
4764	17 175 207 212 279 
4765	115 
4766	171 
4767	259 
4768	88 
4769	39 130 160 238 282 
4770	122 
4771	185 
4772	141 
4773	206 
4774	31 67 118 166 227 
4775	61 
4776	225 
4777	14 65 167 240 267 
4778	150 
4779	55 
4780	68 82 136 160 200 
4781	142 
4782	190 
4783	229 
4784	9 80 202 216 220 
4785	71 
4786	227 
4787	15 
4788	21 
4789	226 
4790	270 
4791	107 
4792	180 
4793	146 
4794	205 
4795	15 
4796	226 
4797	190 
4798	175 
4799	167 
4800	171 
4801	142 
4802	227 
4803	49 
4804	261 
4805	190 
4806	136 
4807	17 
4808	198 
4809	282 
4810	41 
4811	4 35 155 186 278 
4812	5 
4813	240 
4814	253 
4815	49 
4816	186 
4817	201 
4818	13 33 136 173 209 
4819	21 
4820	70 121 146 191 261 
4821	270 
4822	33 54 142 207 246 
4823	229 
4824	56 
4825	201 
4826	226 
4827	270 
4828	22 61 157 180 217 
4829	90 119 154 201 206 
4830	253 
4831	83 103 154 188 280 
4832	212 
4833	270 
4834	118 
4835	5 
4836	171 
4837	61 84 119 141 142 
4838	269 
4839	69 
4840	15 
4841	229 
4842	49 162 270 278 281 
4843	167 
4844	45 138 175 179 256 
4845	71 
4846	15 139 147 175 264 
4847	120 164 241 267 275 
4848	30 
4849	45 
4850	25 172 190 204 231 
4851	13 
4852	164 
4853	136 
4854	217 
4855	60 167 171 181 271 
4856	9 13 33 52 163 
4857	28 123 141 205 211 
4858	166 
4859	166 
4860	258 
4861	53 
4862	171 
4863	217 
4864	113 142 217 271 279 
4865	239 
4866	24 36 37 164 279 
4867	61 203 235 263 273 
4868	279 
4869	240 
4870	19 
4871	186 
4872	45 
4873	185 
4874	240 
4875	279 
4876	259 
4877	141 
4878	186 
4879	136 
4880	38 45 58 180 257 
4881	271 
4882	21 85 142 193 276 
4883	45 
4884	152 189 199 234 277 
4885	31 
4886	50 139 142 158 248 
4887	1 139 148 225 277 
4888	225 
4889	225 
4890	56 
4891	206 
4892	253 
4893	13 
4894	16 30 50 85 196 
4895	258 
4896	112 
4897	34 
4898	56 
4899	139 
4900	142 
4901	13 
4902	107 
4903	185 
4904	12 15 116 167 180 
4905	158 
4906	227 
4907	71 
4908	46 
4909	207 
4910	56 
4911	212 
4912	279 
4913	240 
4914	53 
4915	56 
4916	277 
4917	167 
4918	53 
4919	19 
4920	270 
4921	5 45 115 136 281 
4922	45 
4923	56 
4924	16 147 164 258 269 
4925	129 
4926	38 
4927	180 
4928	71 125 171 183 215 
4929	31 
4930	115 
4931	158 
4932	46 
4933	221 
4934	67 167 168 206 238 
4935	21 
4936	206 
4937	3 5 83 251 270 
4938	4 138 151 221 271 
4939	19 59 75 184 237 
4940	139 
4941	80 88 227 233 246 
4942	33 97 137 143 160 
4943	190 
4944	101 112 190 246 258 
4945	85 
4946	6 19 114 181 197 
4947	180 
4948	212 
4949	58 63 95 150 245 
4950	227 
4951	21 41 88 229 248 
4952	15 
4953	30 
4954	136 
4955	201 
4956	14 88 90 141 213 
4957	53 103 105 145 172 
4958	53 136 206 227 231 
4959	46 126 129 199 243 
4960	23 52 81 107 274 
4961	137 
4962	201 
4963	63 158 200 242 281 
4964	142 
4965	239 
4966	139 
4967	185 
4968	137 
4969	279 
4970	2 31 54 240 278 
4971	30 
4972	269 
4973	227 
4974	121 
4975	239 
4976	45 52 83 123 221 
4977	45 49 69 79 141 
4978	54 116 137 168 194 
4979	17 177 194 203 237 
4980	56 126 153 184 226 
4981	13 64 107 178 203 
4982	7 31 100 142 213 
4983	6 179 190 225 232 
4984	269 
4985	38 82 190 241 284 
4986	102 159 191 207 269 
4987	15 
4988	142 
4989	38 
4990	281 
4991	201 
4992	269 
4993	15 
4994	13 69 86 144 167 
4995	207 
4996	6 60 120 151 216 
4997	175 
4998	141 162 189 234 260 
4999	75 92 131 136 270 
5000	142 
