1 4359
2 4761
3 4815
4 3667
5 2939
6 4768
7 4263
8 4881
9 2002
10 4023
11 4896
12 4267
13 4933
14 2209
15 4685
16 3811 4651
17 4280
18 4602
19 2175
20 2568
21 4528
22 3803
23 2776 4359
24 3860 4443 4602
25 4624
26 2882 4991
27 3860
28 2055
29 1549
30 2122 3871
31 4487
32 4881
33 3462
34 3857 4528
35 4863
36 4943
37 3651
38 4863
39 3828 4549
40 4995
41 4969
42 4915
43 4971
44 4768
45 3860
46 3301
47 4869
48 1861
49 3032
50 4475
51 4628
52 4475
53 4328 4775 5000
54 4596
55 948
56 4359
57 3229
58 4862
59 4678
60 3528
61 3399
62 1658
63 4917
64 4932
65 4968
66 2665
67 2836 4997
68 4713
69 2111
70 4897
71 4779
72 4930
73 4933
74 4329 4588
75 3977
76 4931
77 4174
78 4966
79 4242
80 4266
81 4754
82 4835
83 4700
84 4877
85 4974
86 4245
87 4995
88 4901
89 4267
90 4456
91 4973
92 4153
93 3756
94 1363
95 4919
96 3434
97 4555
98 4475
99 2209
100 4468
101 4749
102 482 4974
103 4588
104 4020
105 2087
106 1549
107 4930
108 4456
109 3082
110 4969
111 4359
112 3693
113 4181
114 4967
115 4404
116 3999
117 4907
118 1363
119 4918
120 4794
121 3871
122 4475
123 4742
124 4660
125 3478
126 4153
127 3651
128 3083 4023
129 2148
130 4295
131 4775
132 4215
133 2499
134 4291
135 4969
136 4808
137 4208
138 3651
139 4263
140 3345
141 4907
142 4439
143 4602
144 3695
145 4286
146 4266
147 2122
148 2500
149 4881
150 4916
151 3032 3300
152 4808
153 4915
154 4393
155 4419
156 2122
157 4775
158 1082 4357
159 4778
160 3462
161 4892
162 3784
163 4056
164 4932
165 3651
166 4888
167 2984
168 4623
169 4549
170 4456
171 4902
172 4263
173 4936
174 4920
175 1950
176 3756
177 4945
178 4794
179 4596
180 4208
181 3784
182 3243
183 4526
184 1107 4357
185 1549
186 4716
187 4713
188 1082
189 3784
190 4997
191 4835
192 2122
193 3533
194 3883
195 4245
196 4546
197 4596
198 3058
199 4752
200 4967
201 4238
202 4235
203 4697
204 4954
205 4858
206 4354
207 2148
208 4933
209 4266
210 2122
211 4439
212 4863
213 4869
214 4920
215 4973
216 3883
217 4439
218 3565
219 4810
220 3075
221 4357
222 4011
223 4991
224 4919
225 3516
226 4897
227 4967
228 4682
229 2111
230 1819
231 3679
232 3667
233 3468
234 4456
235 4752
236 2175
237 3323
238 4922
239 4968
240 3695
241 4992
242 4858
243 2930 4775
244 2984
245 4678
246 4966
247 3625
248 4752
249 2999 3478
250 4931
251 4749 4974
252 3462
253 4614
254 4404
255 4901
256 4752
257 4876
258 1549
259 4588
260 2984
261 4263
262 4991
263 4319
264 4897
265 3753
266 1861
267 3859
268 4876
269 2148 4023 4210
270 4990
271 3516
272 4992
273 3533 4343
274 1950
275 4997
276 1549
277 4761
278 482
279 3654
280 3695
281 3625
282 4391
283 3977 4210 4291
284 3605 4614 4896
285 4752
286 4763
287 2189
288 4967
289 4456 4651
290 4011
291 4439
292 4584
293 3082
294 4920
295 2571
296 3323
297 2930
298 4754
299 4804
300 4746
301 3374
302 4794
303 4815
304 1950 4614
305 4778
306 4966
307 1363
308 4329
309 4546
310 4717
311 4624
312 3859
313 4015
314 4384
315 2685
316 4242
317 4754
318 4611
319 5000
320 3651
321 2915
322 4208 4602 4651
323 1950 4475
324 3784
325 4901
326 3883 4088
327 4700
328 4344
329 3695
330 4810
331 4266
332 4624
333 3625
334 4518
335 1861
336 4852
337 4475
338 4835
339 4393 4624 4697 4966
340 2836
341 4213
342 4518
343 4749
344 4245
345 3862
346 4584
347 4779
348 4809
349 4897
350 2055
351 4419 5000
352 1950
353 2886
354 4936
355 4862
356 2052
357 1082
358 4555
359 4114
360 3811
361 4947
362 4685
363 4945
364 4682
365 3027
366 2915
367 4896
368 2882
369 4754
370 4916
371 4384
372 4943
373 3478
374 4526
375 4918
376 4475
377 3434
378 4779
379 4775
380 4344
381 4933
382 4528
383 4869
384 3994
385 4922
386 4901
387 1658 2175
388 2824
389 4863
390 3027
391 4863
392 4954
393 4391
394 2175
395 4826
396 4989
397 4770
398 4935
399 4991
400 4393 4754
401 2209
402 4563
403 482
404 4907
405 4794
406 4897
407 4835
408 4877
409 4929
410 2500
411 4863
412 4804
413 4966
414 4520
415 3565 4749
416 4266
417 4487
418 4943
419 4651
420 4993
421 4881
422 3654
423 4035
424 4932
425 4555
426 4660
427 4011
428 4881
429 3399
430 3560
431 3811 4588 4678
432 4589
433 4174
434 4779
435 4919
436 4682
437 4881
438 4267
439 4742 4826 4834
440 2915
441 4213
442 3823
443 3857
444 4532
445 4020
446 4768
447 4210 4404
448 4487
449 4975
450 3468
451 3711 4573
452 4907
453 3608
454 4778
455 3384
456 3345
457 3497
458 4213
459 2930 4749
460 4475
461 4181
462 3301
463 3565
464 4153
465 4651
466 4990
467 4624
468 4520
469 2122
470 4948
471 4877
472 2520
473 3257
474 4614
475 3173
476 4020
477 3651
478 4902
479 2636
480 4971
481 4935
482 482
483 4841
484 4742
485 4242
486 4768
487 4989
488 4881
489 4602
490 4213 4443 4528 4602
491 4974
492 4208 4354 4907
493 3384
494 4768
495 3753
496 4532
497 4974
498 3999
499 3219 4660 4974
500 3257
501 1896 2499
502 4995
503 4969
504 4242 4614
505 4916
506 4810
507 4973
508 3462 3478
509 4933
510 4384
511 4990
512 4993
513 2111
514 4208
515 3367 4589 4925
516 2915
517 2930 4742
518 2685
519 2500
520 4931
521 4682
522 4931
523 4742
524 4079
525 3963
526 3609 4968
527 4266
528 3625
529 4528
530 4915
531 4997
532 3367
533 4947
534 4931
535 4480 4931 4948
536 3497
537 4717
538 4235
539 3862
540 4020
541 4935
542 2111
543 3049
544 4011
545 2148
546 4841
547 1082
548 3651 4056 4685
549 3695
550 2939
551 4603
552 2499
553 3883
554 4035
555 4888
556 4549
557 4993
558 4549
559 3679
560 1062 4549
561 3667
562 2571
563 4588
564 4975
565 3609
566 4916
567 4933
568 4929
569 4746
570 1821
571 3478
572 4902
573 4749
574 4584
575 4989
576 4947
577 1107
578 4954
579 4975
580 4344
581 4487
582 2685
583 1107
584 4888
585 4954
586 4532
587 4896
588 4379
589 4603
590 4439
591 4079
592 4589
593 3695
594 4933
595 1950
596 4778
597 4618
598 4932
599 2804 3859
600 4918
601 4752
602 4286
603 3862
604 4114
605 3323 4359
606 4967
607 4876
608 4242
609 4888
610 4915
611 3784
612 4947
613 4685
614 4589
615 3462
616 4354
617 4354
618 4969
619 4807
620 4763
621 4717
622 2079
623 3049
624 4968
625 4897
626 4916
627 4918
628 3714
629 3698
630 4920
631 3871
632 4717
633 3554
634 4947
635 3999
636 4267
637 4518
638 4763
639 3823
640 3801
641 3784 3848 4328
642 4468
643 4922
644 3165
645 4862
646 2809
647 4685
648 4902
649 4966
650 4966
651 4974
652 3711
653 1819
654 4852
655 3554
656 2055
657 4852
658 4379
659 3157
660 2886 3811 4716
661 2055
662 2571
663 2824
664 4157 4807 4919
665 4917
666 3695
667 3257
668 2520
669 3977
670 3625
671 2499
672 4918
673 4925
674 4761
675 2002
676 2440
677 3994
678 4862
679 4929
680 2055
681 4628
682 4929
683 3565
684 4215
685 4266
686 3478
687 4969
688 1672 2939
689 4794
690 2087
691 2776
692 4888
693 4584
694 4210
695 3219
696 4357
697 4990
698 2499
699 3027
700 4896
701 3999
702 3257
703 3536
704 4329
705 4948
706 4344
707 4974
708 4267
709 3516
710 3027
711 4895
712 4968
713 4526
714 4208
715 4915
716 2089
717 4863
718 4778
719 4554
720 3999
721 1880
722 4922
723 4528
724 4932
725 4754
726 2776
727 4439
728 4997
729 4809
730 4877
731 3243
732 3516 3977 4915
733 3359
734 4291
735 2608
736 4935
737 3257
738 4596
739 4931
740 4945
741 3593 4391
742 3823
743 2685
744 2499
745 2091 3345 4742
746 4948
747 1082
748 4892
749 4990
750 4359
751 4968
752 2608
753 4210
754 4280
755 3823
756 4915
757 4933
758 1363
759 4624
760 3032
761 4344
762 3219
763 3698
764 4804
765 4749
766 3345 3462
767 4528
768 3367
769 3497
770 3792
771 3803
772 2915 4208
773 3058
774 3871
775 4877
776 4528
777 4770
778 4852
779 2189
780 4761
781 2984
782 4966
783 4858
784 4344
785 4810
786 4901
787 4619
788 3533
789 4754
790 4114
791 4810
792 4475
793 3528
794 4266
795 4810
796 4918
797 1082
798 3173
799 3462
800 4901
801 3528
802 4807
803 3862
804 3533
805 4732
806 4624
807 4768
808 4935
809 4852
810 3860
811 4858
812 4969
813 1861
814 4749
815 2002 4716
816 1896
817 4456
818 2175
819 4932
820 4419
821 4974
822 4826
823 4916
824 4033
825 4023
826 4678
827 3083
828 2122 3654
829 4915
830 2571
831 4685
832 3756
833 3359
834 4618
835 4907
836 3323
837 4628
838 4991
839 4918
840 4563
841 4404
842 4810
843 4404
844 3756
845 2836
846 4717
847 4779
848 4319
849 4834
850 4174 4546
851 4877
852 3863
853 4763
854 2148
855 4888
856 4974
857 4181
858 3714
859 3999
860 3994
861 4697
862 4267
863 3560
864 3082
865 4922
866 4286
867 1950
868 4697
869 4295
870 4989
871 2520 3229 3462 4011
872 4888
873 4779
874 4623
875 4916
876 4603
877 4930
878 4916
879 2079
880 4895
881 4841
882 4881
883 4834
884 2608 3667 3756
885 4902
886 4763
887 4971
888 4746
889 4628
890 3654
891 1346
892 2209
893 3831
894 4266
895 4997
896 3219 4749 4826
897 4925
898 2055
899 4518
900 4286
901 4916
902 2999
903 4917
904 4995
905 4945
906 2608 3801 4554
907 4732
908 4443
909 4210
910 4778
911 2359
912 4989
913 4925
914 5000
915 4936
916 4858
917 4862
918 3462
919 4779
920 4589
921 1672
922 4852
923 4918
924 3382 4439
925 1821
926 4475
927 4918
928 4810
929 2665
930 3478
931 4210
932 4295
933 2804
934 4749
935 4841
936 4328
937 4794
938 3257
939 1950
940 4713
941 3384
942 3323
943 4768
944 4901
945 4925
946 4933
947 4969
948 948
949 4210
950 4901
951 4611
952 4931
953 4088
954 4114
955 4754
956 4997
957 1363 3229
958 4549
959 4480
960 4968
961 3863
962 4971
963 3756
964 4770
965 2984
966 4862
967 3384
968 3323 4549
969 3667
970 4713
971 4520
972 4992
973 3859
974 4925
975 4971
976 4993
977 4933
978 4079
979 4925
980 4033 4678
981 3977 4153
982 4354
983 4922
984 4966
985 4967
986 2520
987 4280
988 3032 3219
989 4991
990 4810
991 4858
992 3374
993 2984
994 3382 4157
995 2079
996 2499
997 4700
998 3323 4549
999 4588
1000 4549
1001 3803
1002 4809
1003 4682
1004 4973
1005 4973
1006 4618
1007 3667
1008 2886 3229
1009 4357
1010 3497
1011 4971
1012 3654
1013 3382
1014 4700
1015 2568 4266 4419
1016 3695
1017 4154
1018 3257
1019 3828
1020 2091
1021 3863
1022 4359
1023 4922
1024 2055
1025 4732 4807
1026 482
1027 4056
1028 4841
1029 4329
1030 4967
1031 4947
1032 4897
1033 1821
1034 4954
1035 4992
1036 4266
1037 4379
1038 4749
1039 3792
1040 4035 4391
1041 4954
1042 4763
1043 4754 4858 4948
1044 4918
1045 4623
1046 4895
1047 2079
1048 1549
1049 4468
1050 4835
1051 4869
1052 4295
1053 4685
1054 4989
1055 2608
1056 4114
1057 4969
1058 4919
1059 3667 4532
1060 4973
1061 3565
1062 1062 3434
1063 4379 4742
1064 4876
1065 4878
1066 4215
1067 4742
1068 3994
1069 4969
1070 4343
1071 3977
1072 3963
1073 1748
1074 1082
1075 1082 4033
1076 3434
1077 4238
1078 4815
1079 4997
1080 4174
1081 3219
1082 1082
1083 4835
1084 4088
1085 4614
1086 1082
1087 4995
1088 4660
1089 4520
1090 4895
1091 4359
1092 3468
1093 1950
1094 2999
1095 3792
1096 4881
1097 4025
1098 4968
1099 4628
1100 4588
1101 4025
1102 3883
1103 4936
1104 4660
1105 2561
1106 948 2359 4603
1107 1107
1108 4878
1109 3863
1110 4487
1111 4993
1112 4778
1113 4975
1114 4518
1115 2091
1116 4215
1117 3165 3828
1118 3257
1119 2561 3497
1120 4266
1121 5000
1122 4793
1123 4391
1124 3083
1125 4995
1126 4897
1127 4419
1128 4761
1129 4549
1130 4907
1131 4920
1132 4907 4930 4974
1133 4902
1134 1950
1135 4210
1136 4344
1137 1748
1138 4888
1139 4088
1140 4623
1141 4602
1142 4518
1143 2055
1144 4603
1145 4932
1146 3753
1147 4245
1148 4907
1149 4589
1150 4916
1151 4835
1152 2836
1153 4011
1154 3554
1155 4974
1156 4995
1157 4554
1158 4742
1159 4901
1160 4992
1161 2836
1162 2882
1163 2359
1164 4056
1165 4810
1166 4746
1167 1363 2886
1168 4858
1169 4892
1170 4902
1171 4357 4563 4930
1172 4989
1173 4931
1174 4858
1175 3667
1176 2685
1177 4778
1178 4877
1179 2122
1180 4804
1181 4878
1182 4778
1183 2571
1184 4035
1185 2571
1186 4713
1187 2111
1188 4011 4015
1189 3434
1190 3082
1191 4995
1192 2500 4210
1193 4532
1194 4573
1195 4888
1196 3528
1197 4971
1198 4319
1199 4858
1200 4808
1201 4344
1202 2055 3789
1203 3608
1204 4809
1205 3823
1206 3565
1207 4603
1208 4917
1209 4992
1210 1748
1211 4991
1212 3679
1213 3434
1214 4379
1215 4968
1216 4619
1217 4968
1218 1107
1219 4931
1220 4993
1221 4929
1222 4907
1223 3608
1224 4419
1225 1346
1226 4918
1227 4810
1228 4589
1229 4697
1230 4975
1231 4954
1232 4328
1233 4020
1234 1880
1235 4379
1236 4966
1237 4932
1238 4357
1239 3516
1240 4966
1241 3789
1242 4794
1243 3811
1244 2809
1245 3300
1246 3608
1247 4213
1248 4935
1249 4974
1250 4933
1251 4943
1252 1896
1253 4588
1254 4546
1255 3032 3565 4596
1256 4035
1257 4761
1258 3434
1259 4995
1260 4835
1261 3027
1262 4546
1263 4932
1264 4973
1265 3533
1266 3384 4344
1267 4919
1268 3027
1269 4114 4518
1270 4935
1271 4628
1272 2685
1273 4918
1274 4235 4732 4945
1275 2665
1276 4902
1277 2568
1278 4841
1279 4920
1280 3608
1281 4596
1282 3075
1283 4888
1284 3082
1285 1950
1286 4933
1287 4546
1288 3075
1289 3257
1290 4754
1291 4520
1292 4919
1293 4835
1294 4793
1295 4624
1296 3679 4456
1297 4624
1298 4280 4969
1299 3667
1300 4775
1301 4969
1302 4011
1303 4807
1304 4266
1305 4589 4596
1306 4804
1307 4079
1308 4393
1309 4611
1310 4391
1311 4208
1312 3792
1313 3301
1314 3605
1315 4971
1316 3859
1317 3058
1318 4991
1319 4763
1320 4393
1321 4947
1322 2189
1323 4841
1324 4992
1325 4520
1326 4770
1327 2568 4329 4602
1328 3695
1329 4775
1330 3977
1331 4936
1332 4033
1333 2091 3468 3565
1334 4532
1335 4907
1336 4518
1337 3478
1338 3693
1339 2055
1340 4280
1341 2804 3399
1342 4932
1343 4841
1344 4700
1345 4619
1346 1346
1347 4379
1348 3083
1349 3560
1350 4936
1351 3533
1352 4877
1353 2440 3554 3999
1354 4826
1355 4995
1356 2520
1357 4947
1358 3803
1359 4815
1360 4685
1361 4897
1362 4967
1363 1363
1364 4079
1365 4888
1366 4439
1367 4480
1368 4915
1369 4878
1370 1861 2915 4025
1371 4918
1372 4989
1373 4742
1374 4238
1375 4922
1376 4835
1377 2824 4834
1378 4678
1379 2122
1380 4902
1381 4213
1382 1819 3359 4280
1383 4213
1384 2915
1385 4897
1386 4749
1387 4858
1388 3792
1389 4967
1390 4869
1391 4611
1392 4020
1393 4328
1394 3792
1395 4589 4618
1396 3367
1397 4775
1398 3667 4343
1399 4746
1400 4619
1401 3608
1402 2999
1403 4596
1404 1082 3999
1405 4931
1406 4749
1407 4210
1408 4858
1409 4742
1410 3516
1411 4841
1412 4618
1413 3977
1414 4992
1415 4181
1416 4742
1417 2930
1418 4876
1419 4933
1420 2091 4153 4623
1421 3698 4154
1422 4033
1423 4245
1424 2440
1425 3345
1426 4804
1427 4611
1428 3711
1429 4742
1430 4079
1431 4834
1432 3367 3823
1433 4419
1434 4971
1435 2824
1436 3367
1437 4967
1438 4546
1439 3605 3803 4807
1440 2359
1441 1819
1442 1363
1443 3831
1444 3651
1445 4869
1446 4993
1447 4286
1448 4603
1449 1861 2440
1450 4359
1451 4746
1452 4023
1453 4685
1454 1880
1455 4480
1456 3625
1457 2091
1458 3157
1459 2087
1460 3384 4826 4989
1461 4995
1462 3219 3789 4518 4918
1463 4611
1464 4901
1465 4775
1466 4619
1467 4555
1468 3863
1469 4897
1470 2499
1471 4935
1472 4935
1473 3565
1474 4682
1475 4919
1476 4907
1477 4943
1478 4554
1479 4993
1480 4915
1481 3083 4328
1482 3714
1483 4573
1484 4815
1485 4573
1486 3434
1487 4841
1488 2122 3533 4852
1489 3848
1490 3462
1491 4973
1492 4945
1493 3157
1494 4793
1495 4354
1496 2148
1497 1896
1498 4761
1499 2520
1500 4384
1501 4660
1502 4404
1503 4700
1504 4917
1505 4357
1506 4931
1507 2824
1508 4876
1509 3714
1510 1819 3157
1511 3977
1512 4624
1513 4915
1514 3157
1515 4804
1516 3560
1517 3859
1518 4291
1519 4794
1520 4210
1521 4208
1522 4878
1523 4732
1524 4329
1525 4549
1526 4793
1527 4892
1528 4528
1529 2568
1530 4943
1531 4343
1532 4328
1533 4732
1534 3301
1535 4826
1536 4291
1537 4526
1538 4344
1539 4919
1540 4852
1541 3784
1542 4015
1543 3625
1544 1363 2087
1545 4717
1546 3173
1547 4742
1548 4732
1549 1549
1550 4573
1551 4936
1552 4685
1553 4468
1554 4520
1555 4881
1556 1672
1557 4945
1558 4933
1559 3848 4761 4931
1560 4752
1561 4775
1562 1880
1563 3801
1564 4915
1565 4863
1566 4754
1567 4660
1568 4862
1569 5000
1570 3994
1571 3462
1572 4359
1573 4852
1574 4518
1575 4933
1576 3359 3695 4208
1577 3462 4157
1578 4807
1579 3667
1580 4384
1581 4929
1582 4033
1583 2079
1584 2089
1585 4056
1586 4267
1587 3560
1588 4852
1589 4033
1590 4810
1591 4359
1592 4878
1593 3871 4404 4896
1594 4834
1595 2939
1596 4895
1597 3654
1598 4343
1599 4804
1600 4992
1601 4917
1602 2091 4328
1603 4920
1604 4936
1605 3165 4025
1606 4563 4624
1607 4881
1608 4932
1609 3497
1610 4919
1611 4852
1612 3528
1613 4935
1614 4208
1615 4835
1616 4624
1617 2930
1618 4660
1619 1819
1620 4931
1621 4208
1622 4990
1623 4915
1624 3695
1625 4717
1626 4916
1627 4974
1628 4931
1629 3994
1630 4933
1631 4917
1632 3032 4858 4895
1633 4520
1634 1107
1635 3789
1636 4954
1637 2122
1638 4343
1639 4181
1640 1880
1641 4967
1642 3625
1643 4863
1644 1950 2091
1645 3257
1646 4936
1647 4896
1648 4947
1649 2685
1650 4807
1651 4971
1652 2002 2091 2122
1653 4602 4863 4997
1654 4997
1655 4966
1656 4651
1657 4518
1658 1658
1659 4917
1660 3219
1661 4588
1662 3257
1663 4263
1664 3384
1665 4974
1666 4779
1667 4968
1668 4826
1669 4930
1670 4992
1671 1082
1672 1672
1673 2052 3027 3528
1674 4761
1675 4971
1676 4749
1677 3871
1678 4852
1679 4763
1680 4770
1681 1107 2087
1682 4974
1683 4992
1684 4896
1685 4793
1686 4975
1687 4992
1688 4858
1689 4954
1690 4628
1691 3516
1692 4280 4359 4974
1693 4881
1694 4919
1695 2002
1696 4990
1697 4754
1698 4419
1699 4614
1700 4716
1701 4920
1702 4878
1703 4858
1704 4526
1705 4384
1706 3654
1707 2520
1708 4596
1709 4917
1710 1082
1711 4775
1712 4808
1713 4948
1714 4917
1715 4215
1716 4902
1717 3359
1718 4011
1719 3863
1720 5000
1721 4404
1722 4573
1723 4971
1724 4933
1725 3323
1726 3667
1727 2984
1728 4619
1729 3883
1730 3784
1731 4761
1732 4916 4933
1733 2087 4011
1734 4997
1735 4393
1736 3695
1737 4991
1738 4242
1739 4807
1740 4651
1741 4319
1742 1082 3859
1743 4770
1744 4263
1745 4862
1746 4555
1747 3625
1748 1748
1749 2055 3811 4809 4997
1750 4181
1751 4157
1752 3999
1753 4749
1754 4697
1755 4295
1756 4614
1757 4841
1758 3784
1759 4526
1760 3229
1761 4896
1762 4932
1763 4487
1764 4815
1765 2089
1766 3608
1767 3784
1768 4742
1769 2079 4918
1770 4973
1771 4945
1772 4990
1773 4932
1774 2440
1775 3883
1776 4808
1777 4815
1778 3434
1779 4992
1780 4266
1781 4920
1782 4700
1783 4862
1784 4678 4700 4793
1785 4945
1786 1549
1787 4480
1788 4174
1789 4943
1790 2939
1791 4858
1792 4852
1793 2089
1794 4157
1795 3157
1796 4920
1797 4804
1798 4213
1799 4895
1800 4614
1801 4154
1802 3478
1803 3801
1804 4966
1805 3593
1806 4974
1807 4993
1808 4943
1809 4343
1810 2939
1811 4267
1812 2886
1813 4181
1814 3679
1815 4213 4809
1816 4651
1817 2930
1818 4916
1819 1819
1820 4532
1821 1821
1822 4876
1823 4546
1824 4943
1825 4628
1826 3058
1827 4809
1828 2939
1829 3082
1830 4584
1831 4991
1832 2636
1833 4888
1834 4973
1835 3871
1836 4619
1837 2809
1838 4685
1839 4025
1840 4154
1841 4932
1842 3859
1843 4863
1844 4716
1845 4697
1846 4804
1847 3811
1848 4716
1849 4596
1850 4971
1851 4584
1852 3058
1853 4439
1854 4697
1855 1748
1856 4700
1857 4971
1858 4804
1859 2055
1860 4919
1861 1861
1862 4295
1863 4215
1864 3831
1865 4584
1866 4475
1867 4808
1868 4971
1869 3554 4329
1870 3323
1871 4700
1872 3999
1873 4596
1874 4716
1875 2665
1876 4920
1877 4210
1878 4826
1879 2359 4020
1880 1880
1881 4989
1882 4852
1883 2568
1884 3831
1885 3058 4210
1886 4439
1887 2017
1888 4892
1889 4852
1890 4752
1891 3693
1892 4929
1893 4419
1894 3651
1895 4329
1896 1896
1897 3860
1898 3667
1899 4614
1900 4997
1901 4487
1902 4993
1903 4916
1904 4742
1905 4596
1906 3478
1907 3032
1908 4439
1909 2804
1910 4267
1911 4343
1912 4456
1913 4379
1914 4975
1915 3374 4379
1916 4614
1917 3753
1918 2571 3714 3848
1919 3399
1920 4181
1921 2089
1922 4742
1923 4775
1924 3382
1925 4878
1926 3801
1927 3434
1928 1880 4208
1929 3667
1930 4263
1931 4869
1932 4213
1933 4990
1934 3977
1935 4815
1936 4920
1937 3382
1938 4807
1939 4929
1940 3651
1941 3359 4033
1942 4357
1943 4700
1944 4685
1945 4628
1946 1549
1947 2052 2189
1948 4554
1949 4948
1950 1950
1951 2999
1952 4835
1953 3963
1954 4967
1955 2804
1956 4035 4603
1957 2809
1958 4716
1959 3374
1960 4995
1961 4153
1962 4990
1963 4901
1964 4749 4990
1965 3963
1966 4793
1967 4810
1968 2111
1969 2882
1970 4967
1971 3883
1972 4877
1973 3219
1974 2500
1975 4174
1976 4876
1977 3528
1978 4554
1979 4936
1980 4602
1981 4697
1982 3801
1983 4619
1984 2079
1985 4480
1986 3478 3698
1987 4266
1988 2984
1989 4916
1990 3257 3516
1991 3323 4157 4589
1992 5000
1993 3784
1994 4966
1995 3434
1996 4419
1997 4235
1998 2984
1999 4357
2000 4384
2001 3516
2002 2002
2003 4920
2004 3711
2005 4603
2006 4528
2007 3792
2008 4526
2009 4618
2010 4841
2011 3528
2012 4619
2013 2984
2014 4945
2015 4969
2016 3792
2017 2017 4154
2018 3497
2019 4456 4768
2020 1062
2021 4931
2022 4877
2023 4020
2024 3536
2025 4419
2026 4954
2027 4930
2028 4286
2029 2209
2030 2776
2031 3792
2032 4266
2033 4614
2034 4991
2035 4995
2036 2499
2037 2002
2038 4935
2039 4876
2040 3994
2041 4834
2042 3848
2043 4549
2044 4878
2045 1082 3711
2046 4487
2047 4761
2048 4997
2049 4907
2050 2999
2051 3300
2052 2052
2053 4835
2054 3243
2055 2055
2056 4892
2057 3434
2058 4990
2059 4215
2060 4919
2061 4948
2062 4878
2063 3536
2064 4971
2065 4869
2066 3857
2067 4768
2068 4991
2069 4807
2070 4602
2071 2209
2072 4603
2073 4263
2074 4295
2075 3384
2076 3711
2077 3399 3560
2078 2002
2079 2079
2080 2568
2081 4742
2082 3784
2083 2776
2084 1346 3243
2085 4235
2086 4153
2087 2087
2088 1880
2089 2089
2090 4945
2091 2091
2092 4858
2093 3462
2094 2685
2095 4614
2096 4624
2097 4280
2098 4549
2099 4895
2100 4549
2101 4618
2102 4624
2103 4804
2104 4826
2105 2052 3374
2106 3654 4935
2107 4881
2108 2189
2109 3075
2110 2608 3533 3756
2111 2111
2112 3082
2113 3554
2114 4011
2115 4682
2116 3345 3883 3977 4379
2117 3792
2118 4563
2119 4770
2120 4943
2121 4935
2122 2122
2123 3173
2124 4863
2125 4810
2126 2804
2127 2984
2128 4936
2129 4456
2130 4716
2131 4915
2132 4419
2133 4775
2134 2571
2135 4794
2136 4526
2137 4876
2138 4916
2139 4754
2140 3711
2141 4391
2142 3711
2143 3977
2144 4603
2145 3963
2146 4804
2147 4775
2148 2148
2149 4210
2150 4971
2151 4480 4754
2152 4391 4678 4834 4975
2153 1672 4025 4716
2154 4015
2155 3711
2156 4266 4974
2157 4779
2158 3032
2159 4997
2160 4968
2161 4079
2162 4761
2163 4931
2164 3862
2165 2685
2166 2500 3257 3753
2167 4835
2168 4793
2169 4930
2170 4804
2171 4925
2172 4862
2173 1880
2174 2804
2175 2175
2176 4997
2177 4266
2178 4974
2179 5000
2180 3528
2181 3593
2182 4948
2183 4932
2184 4993
2185 4915
2186 3848
2187 4716
2188 4768
2189 2189
2190 4487
2191 4700
2192 4752
2193 4768
2194 2499
2195 4932
2196 4815
2197 4966
2198 3157
2199 4475
2200 3784
2201 4716 4935
2202 4088
2203 2359
2204 4154
2205 4775
2206 4810
2207 4475
2208 4749
2209 2209
2210 4628
2211 3083
2212 4997
2213 4778
2214 4555
2215 4742
2216 4623
2217 4549
2218 4291
2219 4929
2220 4878
2221 4088
2222 4881
2223 3679
2224 3831 3963 4611
2225 4793
2226 4682
2227 4918
2228 4967
2229 4892
2230 4775
2231 2665
2232 3605
2233 3609
2234 4966
2235 4716
2236 3536
2237 4611
2238 4869
2239 4966
2240 3468
2241 4997
2242 3478 3711 3811
2243 4888
2244 3565
2245 4623
2246 4966
2247 3497
2248 4752
2249 2809
2250 4749
2251 4267
2252 4907
2253 3075
2254 4881
2255 2089
2256 4700
2257 3157
2258 4997
2259 4869
2260 4563
2261 3831
2262 4901
2263 4266
2264 4892
2265 4393
2266 4546
2267 4973
2268 3382
2269 4532
2270 4922
2271 4815
2272 4947
2273 4834
2274 3359
2275 4181
2276 4280
2277 4995
2278 2886
2279 4966
2280 4235
2281 3792
2282 2055
2283 1549 4852
2284 4328
2285 4808
2286 4896
2287 4815
2288 4328
2289 4154
2290 4834
2291 4902
2292 4023
2293 3384
2294 3528
2295 4443
2296 4794
2297 4419 4809 4918 4990 4992
2298 3478
2299 4869
2300 4930
2301 3977
2302 4973
2303 4809
2304 4968
2305 4697
2306 1107
2307 4623
2308 3516 3679
2309 2999
2310 3536 3883
2311 4443
2312 3667
2313 4936
2314 4925
2315 4947
2316 4834
2317 4993
2318 4468
2319 3811
2320 4989
2321 4749
2322 4862
2323 3828
2324 4930
2325 3345
2326 4967
2327 4487
2328 3792
2329 1880
2330 4973
2331 3679
2332 4328
2333 4917
2334 4954
2335 4931
2336 4328
2337 4596
2338 3693
2339 4526
2340 4779
2341 4025
2342 3963
2343 4419
2344 4770
2345 4973
2346 4892
2347 4807
2348 4918
2349 4286
2350 4011
2351 4384
2352 3860
2353 3478
2354 4863
2355 4210
2356 4930
2357 4210
2358 4935
2359 2359
2360 4763
2361 4554
2362 2002
2363 4153
2364 4920
2365 4869
2366 4419
2367 4761
2368 4651
2369 4841
2370 4922
2371 4267 4475 4480 4618
2372 4023
2373 4732
2374 4968
2375 3698
2376 2984
2377 4858
2378 4852
2379 1082
2380 2809
2381 4967
2382 2636
2383 4732
2384 3695
2385 4895
2386 4700
2387 4862
2388 2087
2389 4319
2390 4518
2391 4011
2392 3860
2393 4991
2394 4991
2395 4263
2396 4584
2397 4975
2398 4154
2399 4815
2400 3173
2401 4391
2402 2809
2403 3593
2404 3801
2405 4456
2406 4869
2407 4025
2408 4419
2409 4869
2410 4357
2411 4918
2412 4763
2413 4242
2414 4280
2415 3711
2416 2930
2417 3528 4742
2418 4596
2419 3828
2420 4584
2421 4917
2422 4915
2423 1819
2424 4023
2425 4808
2426 1819
2427 4948
2428 4475
2429 4968
2430 4990
2431 3803
2432 4700
2433 4611
2434 4742
2435 2571
2436 4896
2437 4532
2438 3857
2439 4685
2440 2440
2441 4808
2442 3857
2443 4917
2444 4943
2445 3478
2446 4929
2447 4210
2448 4877
2449 4174
2450 2175
2451 4549
2452 4602
2453 4936
2454 4989
2455 4835
2456 4804
2457 4933
2458 4749
2459 4915
2460 3301
2461 4902
2462 1748
2463 4660
2464 4995
2465 4901
2466 3058
2467 3977
2468 4969
2469 3711
2470 4456
2471 4033 4549 4878
2472 4901
2473 3468
2474 3478
2475 4947
2476 5000
2477 3462
2478 3608
2479 4563
2480 3999
2481 4245
2482 3516
2483 4770
2484 3032
2485 3823
2486 4858
2487 4357
2488 4153
2489 3058
2490 4761
2491 4778
2492 3667 3756 4329
2493 4991
2494 4020
2495 1950
2496 4532
2497 3753
2498 4907
2499 2499
2500 2500
2501 4235
2502 4936
2503 3679
2504 4549
2505 3860
2506 4779
2507 4922
2508 4971
2509 4770
2510 4807
2511 4157
2512 4862
2513 4563
2514 4919
2515 4153
2516 4966
2517 4215
2518 1950
2519 4863
2520 2520
2521 4174
2522 4768
2523 4210
2524 3300
2525 4768
2526 4761
2527 4266 4391
2528 1346 3243
2529 3384 4732
2530 4732
2531 3831
2532 4929
2533 4945
2534 4974
2535 3229
2536 4997
2537 4778
2538 4596
2539 2089
2540 4876
2541 4969
2542 4794
2543 3698
2544 1861 2440
2545 3863
2546 4858
2547 4918
2548 4936
2549 4915
2550 4918
2551 2886
2552 4975
2553 4907
2554 4319
2555 4945
2556 4242
2557 4922
2558 4943
2559 2882
2560 4035
2561 2561
2562 4947
2563 4033
2564 3828 4834
2565 4907
2566 4967
2567 3792
2568 2568
2569 4826
2570 4895
2571 2571
2572 4480
2573 4975
2574 4528
2575 4901
2576 4967
2577 3075
2578 4752
2579 4974
2580 4922
2581 4732
2582 4624
2583 4973
2584 3165
2585 4869
2586 4555
2587 4775
2588 4208
2589 3083
2590 4618
2591 4266
2592 4895
2593 4877
2594 482
2595 4079
2596 4344
2597 4215
2598 3359
2599 4242
2600 4943
2601 4157
2602 4841
2603 4896
2604 4480
2605 4033 4752
2606 4280
2607 3058
2608 2608
2609 4555
2610 4532
2611 3565
2612 4343
2613 4732
2614 4153
2615 4011
2616 4475
2617 4754
2618 4174
2619 4888
2620 4852
2621 4993
2622 3229 4359
2623 4011
2624 4213
2625 4749 4895
2626 4343
2627 4384
2628 3977
2629 4245
2630 4752
2631 3229
2632 3478
2633 2122 4989
2634 4518
2635 5000
2636 2636
2637 4975
2638 4993
2639 4181
2640 4011
2641 4238
2642 2804 3032 4749 4835
2643 4700
2644 4793 4989
2645 4974
2646 4603
2647 4624
2648 4357
2649 5000
2650 4475
2651 3399 4619
2652 4419
2653 4752
2654 3753
2655 4343
2656 4807
2657 3536
2658 4990
2659 4295
2660 3478
2661 3049
2662 2122
2663 4966
2664 1082
2665 2665
2666 4929
2667 3478
2668 4969
2669 4991
2670 4419
2671 2999 4754
2672 3693
2673 4954
2674 4419
2675 4700
2676 4834
2677 4589
2678 4888
2679 3382
2680 4863
2681 4892
2682 4997
2683 3301
2684 4947
2685 2685
2686 4779
2687 4918
2688 4443
2689 4749
2690 4992
2691 4393
2692 4810 4935
2693 4526
2694 4918
2695 4354
2696 4876
2697 4752
2698 4746
2699 3058
2700 4778
2701 4779
2702 4945
2703 2111
2704 4876
2705 4935
2706 4992
2707 4717
2708 948 2359 4732
2709 4966
2710 4876
2711 4779
2712 4967
2713 4943
2714 4948
2715 4991
2716 4343
2717 4918
2718 4969
2719 4770
2720 1082
2721 4993
2722 4354
2723 4238
2724 4754
2725 4991
2726 4794
2727 4603
2728 3554
2729 4877
2730 4295
2731 3359 3871
2732 4971
2733 4925
2734 4732
2735 4518
2736 4267
2737 4588
2738 2804
2739 4588
2740 3828
2741 4775
2742 4808
2743 4011
2744 4754
2745 4967
2746 4907
2747 2209
2748 4932
2749 2804
2750 4775
2751 3693
2752 1748
2753 2882
2754 4835
2755 4619
2756 3711
2757 3075
2758 4528
2759 3367
2760 4834
2761 4877
2762 3871
2763 2886
2764 3823
2765 2440
2766 4969
2767 4344
2768 4685
2769 3593
2770 4546
2771 4925
2772 4419 4852
2773 3753
2774 4291
2775 4263
2776 2776
2777 4280
2778 2939
2779 4971
2780 4968
2781 2122
2782 4778
2783 4948
2784 4596
2785 3711
2786 4549
2787 3994
2788 3374
2789 4752 4929
2790 4716
2791 4878
2792 2999
2793 1363 1896 3698
2794 4763
2795 4997
2796 482 2148 2685 3862
2797 4943
2798 4384
2799 4881
2800 3257
2801 4011
2802 4929
2803 4897
2804 2804
2805 2111
2806 4713
2807 4480
2808 4852
2809 2809
2810 4916
2811 3605
2812 4596
2813 4419
2814 4480
2815 4809
2816 4925
2817 4902
2818 3693
2819 4532
2820 3478
2821 3977
2822 4810
2823 4717
2824 2824
2825 4328
2826 2915
2827 3654
2828 3058
2829 4925
2830 4011
2831 4931
2832 4379
2833 4793
2834 4804
2835 4936
2836 2836
2837 4907
2838 4384
2839 2665
2840 4651
2841 2359 4456
2842 4930
2843 1748
2844 4916
2845 4933
2846 4920
2847 4480
2848 4611
2849 4971
2850 4328
2851 4917
2852 3831
2853 4242
2854 2561
2855 2824
2856 4549
2857 4989
2858 4742
2859 4419
2860 4810
2861 3625
2862 4154
2863 4291
2864 4404
2865 4475
2866 3667
2867 4971
2868 3711
2869 4948
2870 4808
2871 4526
2872 4907
2873 3679 4280
2874 4881
2875 2915
2876 4263
2877 3049
2878 3243
2879 2776
2880 4808
2881 4215
2882 2882
2883 4892
2884 4932
2885 3848
2886 2886
2887 4778
2888 4056
2889 4852
2890 4023
2891 4319
2892 4015
2893 3789
2894 4919
2895 3565 4011
2896 4554
2897 4266
2898 4897
2899 4329
2900 4807
2901 4892
2902 1950
2903 4181
2904 3711
2905 4439
2906 4973
2907 4660
2908 4746
2909 4603
2910 4443
2911 3032 4628
2912 4602
2913 4328
2914 4922
2915 2915
2916 4897
2917 4763
2918 4011
2919 4815
2920 4619
2921 4549
2922 4922
2923 4328
2924 4922 4947
2925 3219
2926 3963
2927 3801 4935
2928 4555
2929 4761
2930 2930
2931 3468
2932 3667
2933 3792
2934 1672
2935 4035
2936 4858
2937 3859 4858
2938 3399
2939 2939
2940 4974
2941 3609
2942 4888
2943 4266
2944 3883
2945 4713 4815
2946 4713
2947 4475
2948 4925
2949 4810
2950 4793
2951 4997
2952 4011 4754 4971
2953 4263
2954 1346 3243
2955 4546
2956 4968
2957 2079
2958 4779
2959 4881
2960 3828
2961 4475
2962 3883
2963 4520
2964 3999
2965 3554
2966 4892
2967 3382
2968 4896
2969 1950 4993
2970 4015
2971 4779
2972 3828
2973 4573
2974 4835
2975 4618
2976 4618
2977 4280
2978 4588
2979 4991
2980 4877
2981 4793
2982 4263
2983 4651
2984 2984
2985 4947
2986 4892
2987 3593 4915 4989
2988 4343
2989 4881
2990 2608
2991 4807
2992 4922
2993 4210
2994 3301
2995 4992
2996 4815
2997 4948
2998 4439
2999 2999
3000 4761
3001 3462 4779
3002 2915
3003 3871
3004 4841
3005 4968
3006 4997
3007 4628
3008 3828
3009 4697
3010 3497
3011 4344
3012 3554
3013 4618
3014 3345 4742
3015 4603
3016 4863
3017 4603
3018 4794
3019 4779
3020 4810
3021 4700
3022 4682
3023 4916
3024 4920
3025 4238
3026 4700
3027 3027
3028 4997
3029 3536
3030 4779
3031 4357
3032 3032
3033 4359 4573 4901
3034 4717
3035 4716
3036 4902
3037 3651
3038 4023
3039 4975
3040 4973
3041 4761
3042 4079
3043 4344
3044 4954
3045 4618
3046 3862
3047 4920
3048 3625
3049 3049
3050 4989
3051 2087
3052 5000
3053 4945
3054 4881
3055 4379
3056 2148
3057 4901
3058 3058
3059 4611
3060 4948
3061 4809
3062 3863
3063 4602
3064 4966
3065 3857
3066 4945
3067 4379 4930
3068 3977
3069 4732 4915
3070 4546
3071 3977
3072 4623
3073 4888
3074 4943
3075 3075
3076 3857
3077 4967
3078 4989
3079 4379 4628 4935
3080 4968
3081 4916
3082 3082
3083 3083
3084 4902
3085 3792
3086 3789
3087 5000
3088 1880
3089 4841
3090 3219
3091 4208
3092 4954
3093 4263
3094 4528
3095 4245 4929
3096 4749
3097 4969
3098 3345
3099 4922
3100 4995
3101 4746
3102 4208
3103 4947
3104 4997
3105 4391
3106 4020
3107 4933
3108 4754
3109 4215
3110 4015 4033
3111 4896
3112 4011
3113 4749
3114 4210
3115 4526
3116 3593 4011 4897
3117 4343
3118 4975
3119 2089 4678
3120 3695
3121 4286
3122 3554
3123 4011
3124 4682
3125 4971
3126 4359
3127 3803
3128 3049
3129 4897
3130 3533 4518
3131 4929
3132 3862
3133 4588
3134 4878
3135 4554
3136 4528
3137 4779
3138 4546
3139 4700
3140 4245
3141 4475
3142 4549
3143 4344
3144 3157
3145 4897
3146 4174
3147 4678
3148 3384
3149 2002
3150 4973
3151 2055
3152 4213
3153 4897
3154 4931 4989
3155 4877
3156 1107 4245 4532
3157 3157
3158 4878
3159 4902
3160 4915
3161 4678
3162 4809
3163 4746
3164 3963
3165 3165 4025
3166 4917
3167 3605
3168 4532
3169 4357 4897 4902
3170 4487
3171 4549
3172 3516
3173 3173
3174 3801
3175 4993
3176 4948
3177 3399
3178 3497
3179 3608
3180 4834
3181 4925
3182 4468
3183 4968
3184 4015
3185 4948
3186 4902
3187 4660
3188 4948
3189 4354
3190 4697
3191 4915
3192 3860 4611 5000
3193 4925
3194 4878
3195 2999 4624
3196 4210
3197 4682
3198 4520
3199 4391
3200 2499
3201 4035
3202 4713 4834 4993
3203 4932
3204 4896
3205 5000
3206 4841
3207 3789
3208 4319
3209 4835
3210 4835
3211 4678
3212 3300
3213 4793
3214 4877
3215 3257
3216 4280
3217 4354
3218 4295
3219 3219
3220 3803
3221 4153
3222 4379
3223 4901
3224 4826
3225 4991
3226 3860 4480 4752
3227 4763 4775 4815
3228 3434
3229 3229
3230 3753
3231 4611
3232 4761
3233 4863
3234 4930
3235 4932
3236 4931
3237 4775
3238 4154 4834 4925
3239 4968
3240 4391
3241 4932
3242 4918
3243 3243
3244 4793
3245 4685
3246 4888
3247 4439
3248 4404
3249 4468
3250 5000
3251 4697
3252 3871 4936 4948
3253 4990
3254 3625
3255 4968
3256 4858
3257 3257
3258 4826
3259 4862
3260 4925
3261 4916
3262 3560
3263 4992
3264 4971
3265 4915
3266 4768
3267 4266
3268 4717 4897 4968
3269 4056
3270 4210
3271 3027
3272 4623
3273 4532
3274 4770
3275 2776
3276 3536
3277 1346 3243
3278 3359 4602 4997
3279 4023
3280 4291
3281 4752
3282 3863
3283 4925
3284 4954
3285 1082 4263 5000
3286 2091
3287 4973
3288 4902
3289 4328
3290 3999
3291 4235
3292 4922
3293 3871
3294 4804 4826 4907
3295 4357
3296 4742 4775 4922 4935
3297 4589
3298 4713
3299 4990
3300 3300
3301 3301
3302 2055
3303 2568
3304 1950 3032 4685 4732
3305 4235
3306 4685
3307 4990
3308 2939
3309 3468 4563 4685
3310 4344
3311 4343
3312 3994
3313 3468
3314 4932
3315 3593
3316 4929
3317 2636
3318 4901
3319 4088
3320 4768
3321 3801
3322 4902
3323 3323
3324 3654
3325 4618
3326 4907
3327 2636
3328 4948
3329 4943
3330 4968
3331 4555
3332 4834
3333 1880
3334 4881
3335 4974
3336 4480
3337 4391 4532 4563
3338 4056
3339 3565 3625 4611
3340 3828
3341 4863
3342 4943
3343 4033
3344 4918
3345 3345
3346 3811
3347 4487
3348 3609
3349 4975
3350 4611
3351 4931
3352 3384
3353 2571
3354 4359
3355 4992
3356 2087
3357 4717
3358 3593
3359 3359
3360 1748 3374 4993
3361 4858
3362 4878
3363 4391
3364 4973
3365 4555
3366 4546
3367 3367
3368 4918
3369 4966
3370 4975
3371 4660
3372 4770
3373 4154
3374 3374
3375 4878
3376 4974
3377 4922
3378 4991
3379 4624
3380 4555
3381 4210
3382 3382
3383 4554 4935 4989
3384 3384
3385 3367
3386 4157
3387 4023
3388 4971
3389 3651
3390 4895
3391 3977
3392 4779
3393 4573
3394 4826
3395 4989
3396 4778
3397 4716
3398 4267
3399 3399
3400 1672 4015
3401 4742
3402 4682
3403 4181
3404 4602
3405 4892
3406 4858
3407 4678
3408 4888
3409 3497
3410 4902
3411 4947
3412 4990
3413 4549
3414 4716
3415 4968
3416 3605
3417 2209 3382 4966
3418 3999 4660 4749 4995
3419 3693
3420 4794
3421 4603
3422 3862 4746 4834
3423 4954
3424 4011 4357 4518 4948
3425 4925
3426 4918
3427 4174
3428 4896
3429 2804 4114 4878 5000
3430 4286
3431 4975
3432 4088
3433 4947
3434 3434
3435 4487
3436 4319
3437 2984
3438 3367 3977 4835 4971
3439 4749
3440 4815
3441 4114
3442 4892
3443 4746
3444 3462
3445 4235
3446 4975
3447 3693
3448 4286
3449 4475
3450 4967
3451 2091 3883 4157 4936
3452 4660
3453 4989
3454 3828
3455 3257
3456 4602
3457 4945
3458 4804
3459 4826
3460 4732
3461 1363 3784 4992
3462 3462
3463 4919
3464 2209
3465 4685
3466 4990
3467 4763
3468 3468
3469 4546
3470 4897
3471 4035 4602 4660 4918
3472 4862
3473 3625
3474 4892
3475 3999
3476 4520
3477 4238
3478 3478
3479 4596
3480 4678
3481 2809
3482 4660
3483 3032 3823 4213 4391
3484 3243
3485 4404
3486 4809
3487 3083
3488 4603
3489 4549 4596 4888 4968
3490 4809
3491 4618
3492 4749
3493 4933
3494 4685
3495 4858
3496 4532
3497 3497
3498 4619
3499 3883
3500 4532
3501 4343
3502 1896
3503 2561 3823 4752
3504 4685
3505 4834
3506 3462
3507 2091
3508 4589
3509 4989
3510 4931
3511 4862
3512 3784
3513 5000
3514 4393
3515 4991
3516 3516
3517 4732
3518 3323
3519 3857
3520 4878
3521 2079 3784 4618
3522 4528
3523 4263
3524 4384
3525 4892
3526 4869
3527 4852 4922 5000
3528 3528
3529 3695
3530 4968
3531 3756
3532 4174
3533 3533
3534 4931
3535 4242
3536 3536
3537 4969
3538 4922
3539 4468
3540 4878
3541 3257
3542 4770
3543 4892
3544 4589 4596 4603
3545 4989
3546 4563
3547 3654
3548 4763
3549 4881
3550 3803
3551 2886
3552 4088
3553 4480
3554 3554
3555 4971
3556 2984
3557 4020
3558 4907
3559 4932
3560 3560
3561 4329
3562 4343 4826 4858
3563 4154
3564 3032
3565 3565
3566 4778
3567 4966
3568 3625
3569 4778
3570 4993
3571 4969
3572 4749
3573 3323
3574 2520
3575 4742
3576 4742
3577 4876
3578 2685 3862
3579 3345
3580 4935
3581 4779
3582 4954
3583 4602
3584 4468
3585 3032
3586 4555
3587 4584 4603 4732
3588 4329
3589 3789
3590 4876
3591 4468
3592 4518
3593 3593
3594 4935
3595 4876
3596 4954
3597 4263
3598 2836
3599 4763
3600 4835
3601 4969
3602 4925
3603 3860 4589 4858
3604 4033
3605 3605
3606 4915
3607 4404
3608 3608
3609 3609
3610 2930
3611 4742
3612 3977
3613 4263
3614 3977
3615 4892
3616 4947
3617 4624
3618 4916
3619 4210
3620 4922
3621 4779
3622 4975
3623 4943
3624 4993
3625 3625
3626 4863
3627 4763
3628 3565
3629 4794
3630 4700
3631 4917
3632 4291
3633 4954
3634 1950
3635 4589
3636 4834
3637 3756
3638 4238
3639 4775
3640 4614
3641 4935
3642 4931
3643 4915
3644 4245
3645 3049 3977 4328 4862
3646 2685
3647 4993
3648 4770
3649 3994
3650 4876
3651 3651
3652 4918
3653 2809
3654 3654
3655 4528
3656 4563
3657 4975
3658 3801
3659 3382
3660 4263
3661 2824 3462 3823 4344 4877
3662 1880
3663 4619
3664 3651
3665 4343
3666 4925 4936 4947 4993
3667 3667
3668 4945
3669 2776 4810 4971
3670 4948
3671 3848
3672 4930
3673 2984
3674 4918
3675 4936
3676 4990
3677 4835
3678 4746 4808 4895 4968
3679 3679
3680 4732
3681 4235
3682 4936
3683 4602
3684 4056 4235 4922 4932
3685 4974
3686 4328
3687 4518
3688 4997
3689 4932
3690 4532
3691 4554
3692 4208
3693 3693
3694 4761
3695 3695
3696 4603
3697 4213
3698 3698
3699 3367
3700 4480
3701 3257
3702 4343 4344 4794 4901
3703 4967
3704 4157
3705 4991
3706 4881
3707 4391
3708 4263
3709 4902
3710 3384
3711 3711
3712 4943
3713 4990
3714 3714
3715 3977
3716 3679 4852 4878 4975
3717 4920
3718 4528
3719 4603
3720 4878
3721 2685 3862
3722 2915
3723 4922
3724 4968
3725 4475
3726 4555
3727 4520
3728 4181
3729 4997
3730 3165 4025
3731 4344
3732 3462
3733 4834
3734 3823
3735 4992
3736 4443
3737 4888
3738 4596
3739 4393
3740 4651
3741 3811
3742 4930
3743 4763
3744 4943
3745 4713
3746 4808
3747 4896
3748 2999
3749 4468
3750 4936
3751 3625
3752 4295
3753 3753
3754 4749
3755 4888
3756 3756
3757 4754
3758 4770
3759 4990
3760 4011
3761 4286
3762 4881
3763 4888
3764 1748
3765 4678
3766 1880
3767 4549
3768 4546
3769 4896
3770 4329
3771 4713
3772 4809
3773 4114
3774 3789
3775 4975
3776 4584
3777 4697
3778 4917 4993
3779 2939
3780 4895
3781 4319
3782 4971
3783 3811
3784 3784
3785 4971
3786 4393
3787 3345 4863 4915
3788 4713
3789 3789
3790 2089
3791 4989
3792 3792
3793 4896
3794 4678
3795 4929
3796 4834
3797 4685
3798 4897
3799 4746
3800 4439
3801 3801
3802 2999 4468 4943 4954 4973
3803 3803
3804 2055
3805 4555
3806 4793
3807 4456
3808 4624
3809 4742
3810 4266
3811 3811
3812 4456 4809
3813 4549
3814 3753
3815 4286
3816 3468 4793 4862 4974
3817 3667
3818 4088
3819 4835
3820 4526
3821 4794
3822 4888
3823 3823
3824 4918
3825 4881
3826 4852
3827 4997
3828 3828
3829 4242
3830 4919
3831 3831
3832 4770
3833 4555
3834 4157
3835 3860
3836 4713
3837 4588
3838 4775
3839 4238
3840 4896
3841 4809
3842 4157
3843 3367
3844 4930
3845 4713
3846 3257 4588 4869
3847 4881
3848 3848
3849 4088
3850 3219
3851 4991
3852 4584
3853 4603
3854 1821 3554 4384 4713 4732
3855 4443
3856 4475
3857 3857
3858 4628
3859 3859
3860 3860
3861 4359
3862 2685 3862
3863 3863
3864 4841
3865 4897
3866 4888
3867 4056
3868 4584
3869 3789
3870 3848
3871 3871
3872 4754
3873 4242
3874 4518
3875 4917
3876 1082
3877 4995
3878 4573
3879 4768
3880 2984
3881 4943
3882 4475
3883 3883
3884 4475
3885 4968
3886 4614
3887 4624
3888 4918 4975
3889 4971
3890 4925
3891 4877
3892 3871
3893 3049
3894 4995
3895 4439 4878 4992
3896 4974
3897 3667
3898 4475
3899 4245
3900 3605
3901 4174
3902 4546
3903 4863
3904 4393 4603
3905 4660
3906 2939 4554 4901 4945
3907 4468
3908 4213
3909 4267
3910 3883
3911 3977
3912 4835
3913 4623
3914 4936
3915 4359 4815
3916 4439
3917 4746
3918 4892
3919 4925
3920 4943
3921 4732
3922 4242
3923 3516
3924 4520
3925 4990
3926 4603
3927 4993
3928 4869
3929 3711
3930 4267
3931 4834
3932 4359
3933 4354
3934 4930
3935 4456
3936 4584
3937 3516 4025 4990 4992
3938 4841
3939 4808
3940 4935
3941 4023 4329 4685 4732
3942 4920
3943 4878
3944 4835
3945 4208
3946 4990
3947 4291
3948 4628
3949 1950
3950 4419
3951 4746
3952 4025 4584 4862 4876
3953 4619
3954 4329
3955 4974
3956 4793
3957 4286
3958 4589
3959 3384
3960 4752
3961 4768
3962 4954
3963 3963
3964 4858
3965 4869
3966 4732
3967 4933
3968 4929
3969 4359
3970 4881
3971 4754
3972 4742
3973 4992
3974 2915 3219 4876 4877 4991
3975 4588
3976 4393
3977 3977
3978 4993
3979 4685
3980 4809
3981 4263
3982 3860
3983 4915
3984 2500
3985 4947
3986 4808
3987 3711
3988 4518
3989 4862
3990 4945
3991 4554
3992 4995
3993 4815
3994 3994
3995 4793
3996 4778
3997 4245
3998 4966
3999 3999
4000 2571 3399 4526 4907
4001 4804
4002 4858
4003 4945
4004 4761
4005 4682
4006 4754
4007 4391
4008 4623
4009 4881
4010 4088
4011 4011
4012 4775
4013 3667
4014 4936
4015 4015
4016 4266
4017 3857
4018 4968
4019 4967
4020 4020
4021 3698 4359 4925 4975
4022 1082
4023 4023
4024 4619
4025 3165 4025
4026 4793 4919 4935
4027 4245
4028 4419
4029 4993
4030 4869
4031 4907
4032 4763
4033 4033
4034 4443
4035 4035
4036 4549
4037 4807
4038 4697
4039 4596
4040 4966
4041 4079
4042 4807
4043 4697
4044 3554
4045 4439
4046 4834
4047 4778
4048 3257
4049 4920
4050 4930
4051 4779
4052 4918
4053 4975
4054 4391
4055 4869
4056 4056
4057 4810
4058 3229 4826 4974 4995
4059 1748
4060 4011
4061 3533 4807 4948
4062 4919
4063 4584
4064 4804 4901 4907 4973
4065 4809
4066 4834
4067 4918
4068 3165 4025
4069 3862 4573 4917 4922 4995
4070 3811
4071 4611
4072 3756
4073 4841
4074 3536
4075 4916
4076 4763
4077 4902
4078 4902
4079 4079
4080 3784
4081 4549
4082 4717
4083 4588 4775 4810
4084 4925
4085 4023
4086 4794
4087 4749
4088 4088
4089 4826
4090 4892
4091 4528
4092 4897
4093 4930
4094 3257
4095 4775
4096 1880 3434 4056 4895
4097 3497
4098 4532 4907 5000
4099 4892
4100 4793
4101 4404
4102 4603
4103 4549
4104 4746
4105 4555
4106 4969
4107 4888
4108 2520 4153 4948
4109 4881
4110 4713
4111 4995
4112 1748 1821 3075 4546
4113 4991
4114 4114
4115 3049 4238 4835
4116 4763
4117 5000
4118 4896
4119 2836 4242 4344 4945
4120 4932
4121 4295
4122 4245
4123 4746
4124 2685 3862
4125 4763
4126 2175 4266 4716 4742 4969
4127 4967
4128 4804
4129 4319
4130 4807
4131 4357
4132 3565
4133 4011
4134 3679
4135 4933
4136 4968
4137 4439
4138 4933
4139 1748 2836 4929
4140 3605 4023 4685 4990
4141 4210
4142 4948
4143 4357
4144 4995
4145 4011
4146 4971
4147 4475
4148 4549
4149 4966
4150 4419
4151 4749
4152 4915
4153 4153
4154 4154
4155 4835
4156 4918
4157 4157
4158 4319
4159 4011
4160 3828
4161 4815
4162 4917
4163 2999 4025 4554 4742
4164 4480
4165 4973
4166 4933
4167 4997
4168 4520
4169 4589
4170 4930
4171 4826
4172 4862
4173 4989
4174 4174
4175 3300 4834 4989 4995
4176 4869
4177 3219 3468 4359 4528 4969
4178 4815 4925 4945
4179 4768
4180 4897
4181 4181
4182 4554
4183 4930
4184 4614
4185 4917
4186 4555 4810 4973
4187 4242
4188 4793
4189 4826
4190 4404
4191 4933
4192 4877
4193 4975
4194 3032 4439 4742 4881
4195 4794
4196 4876
4197 4770
4198 4990
4199 3157 4815 4929 5000
4200 4968
4201 4384
4202 4079
4203 4623
4204 4678
4205 4678
4206 4931
4207 4778
4208 4208
4209 4995
4210 4210
4211 4969
4212 4975
4213 4213
4214 4862
4215 4215
4216 3257
4217 4628
4218 1896 2055 4319 4357 4896
4219 4589
4220 4931
4221 4967
4222 1672 4419 4614 4628 4974
4223 4775
4224 4114 4573 4682 4888
4225 4619
4226 4603
4227 4794
4228 4443
4229 4974
4230 4943
4231 4877
4232 4319
4233 3695 4023 4716 4919
4234 4623 4682 4973 4997
4235 4235
4236 3756
4237 4878
4238 4238
4239 4770
4240 4881
4241 4439 4876 4932 4954
4242 4242
4243 4210
4244 4344
4245 4245
4246 4931
4247 4892
4248 4682
4249 4925
4250 4881
4251 4920
4252 4841
4253 4549
4254 4779
4255 4881
4256 4384
4257 4869
4258 2984 3384 4549 4876 4974
4259 4807
4260 4628
4261 4920
4262 4700
4263 4263
4264 4700
4265 4807
4266 4266
4267 4267
4268 4810
4269 4920
4270 4915
4271 4487
4272 4618
4273 4713
4274 3049 3714 4770 4779
4275 4804
4276 4876
4277 4456
4278 4763
4279 1082
4280 4280
4281 3977
4282 4752
4283 4742
4284 4973
4285 4487
4286 4286
4287 4907
4288 4966
4289 4752
4290 4344
4291 4291
4292 4245
4293 4892
4294 4945
4295 4295
4296 1950
4297 4808
4298 3536 3789 4015 4154 4752
4299 4954
4300 4925
4301 4263 4329 4935 4992
4302 4419 4697 4930 4966
4303 4916
4304 4992
4305 4990
4306 4391
4307 4713
4308 4528
4309 4925
4310 4602
4311 4920
4312 4079
4313 4862
4314 4918
4315 4895
4316 4945
4317 4793
4318 3257
4319 4319
4320 4897 4975 4993
4321 4835
4322 4925
4323 4974
4324 4858
4325 4922
4326 4443
4327 4919
4328 4328
4329 4329
4330 2440 2882 4678 4930 4969
4331 4917
4332 4319
4333 3300 4716 4841 4973
4334 4852
4335 4603
4336 4929
4337 4242
4338 4563
4339 4208
4340 3605 4079 4768 4779 4916
4341 4746
4342 4573
4343 4343
4344 4344
4345 4966
4346 4920
4347 4935
4348 4989
4349 4969
4350 4746
4351 4991
4352 4954
4353 4153 4546 4920 4973
4354 4354
4355 4624
4356 4717
4357 4357
4358 4291
4359 4359
4360 4992
4361 4563
4362 4554
4363 4518
4364 4713
4365 4915
4366 4518
4367 4896
4368 4487
4369 3792
4370 4793
4371 4992
4372 4935
4373 3994
4374 4618
4375 4546
4376 4404
4377 4918
4378 3478 4439 4917 4991
4379 4379
4380 4554
4381 4357
4382 4916
4383 4779
4384 4384
4385 4989
4386 4808
4387 3999
4388 4995
4389 4443
4390 4651
4391 4391
4392 4614
4393 4393
4394 4945
4395 3977
4396 4922
4397 4546
4398 4809
4399 4888
4400 4967
4401 4922
4402 4852
4403 4393
4404 4404
4405 4344
4406 4011
4407 4915
4408 4208
4409 4892
4410 4770
4411 3300 4329 4393 4678 4919
4412 4943
4413 3883 4826 4930 4971
4414 3811
4415 4660
4416 4746
4417 4826
4418 4835
4419 4419
4420 4242 4754 4916 4929 4997
4421 4971
4422 4596
4423 4700
4424 4391 4897 4901 4993
4425 4208 4775 4933 4943 4992
4426 4947
4427 4056
4428 4768
4429 3859 4826 4919 4967 4990
4430 4902
4431 4573
4432 2055
4433 4933
4434 2915 4717 4892 4948
4435 4995
4436 4945
4437 4907
4438 4931
4439 4439
4440 5000
4441 4546
4442 4943
4443 4443
4444 3625
4445 4596
4446 4902
4447 4930
4448 4794
4449 4520
4450 4011 4023 4215 4746 4858
4451 4907
4452 4967
4453 4920
4454 4991
4455 4858
4456 4456
4457 4035 4475 4660 4685
4458 4968
4459 4713
4460 4919
4461 4526
4462 4974
4463 4945
4464 4876
4465 4554
4466 4319 4404 4717 4915
4467 3219 3857 4902 4948 4969
4468 4468
4469 4841
4470 4554
4471 4932
4472 2499 3462 4896 4919
4473 4266
4474 4628
4475 4475
4476 4809
4477 4779
4478 4746
4479 3848 4628 4761 4916 4943
4480 4480
4481 4992
4482 4935
4483 4945
4484 4935
4485 4555
4486 2055 4329 4343 4971
4487 4487
4488 4995
4489 4807
4490 4917
4491 4554
4492 4555
4493 4931
4494 4614 4678 4713 4810
4495 4623
4496 4995
4497 4779
4498 4895
4499 4468 4611 4922 4948 4989
4500 4468
4501 4810
4502 4717
4503 4685
4504 4992
4505 4990
4506 4967
4507 4419
4508 3560 4611 4931 4947
4509 4808
4510 4775
4511 4778
4512 4602
4513 1821 4807 4863 4869 4943
4514 4989
4515 4935
4516 4685
4517 4468
4518 4518
4519 4808
4520 4520
4521 4995
4522 4393
4523 4881
4524 4920
4525 4989
4526 4526
4527 4770
4528 4528
4529 4697
4530 4992
4531 4869
4532 4532
4533 4697
4534 4526
4535 3871 4589 4778 4969 4975
4536 4932
4537 4897
4538 4892
4539 3434 4033 4295 4902 4969
4540 4809
4541 4935
4542 3863 4732 4930 4935
4543 4682
4544 4948
4545 4897
4546 4546
4547 4280 4907 4967 4995
4548 4618
4549 4549
4550 4746
4551 2175 3367 3753 4763 4858
4552 4752
4553 3367 3651 4319 4794 4935
4554 4554
4555 4555
4556 4475
4557 3698 4660 4876 4990
4558 4809
4559 4742
4560 4419
4561 4555
4562 4863
4563 4563
4564 4532
4565 2809 3803 4357 4685 4948
4566 4989
4567 4713
4568 4954
4569 2440 2939 4896 4930 4945
4570 4682
4571 4992
4572 4035 4357 4852 4869 4895
4573 4573
4574 4892
4575 4804
4576 4526
4577 4992
4578 4344
4579 3399 4235 4526 4528 4624
4580 3219
4581 4901
4582 4932
4583 4614
4584 4584
4585 4901
4586 4897
4587 4754
4588 4588
4589 4589
4590 4682
4591 3082 4443 4713 4717 4925
4592 4834
4593 4685
4594 4863
4595 4897
4596 4596
4597 4742
4598 2089 3257 4746 4992
4599 1082
4600 4895
4601 1880 4419 4596 4761 4778
4602 4602
4603 4603
4604 4651
4605 4943
4606 4808
4607 4902
4608 4808
4609 4713
4610 4968
4611 4611
4612 4862
4613 4995
4614 4614
4615 4917
4616 4945
4617 4932
4618 4618
4619 4619
4620 4834
4621 4991
4622 4763
4623 4623
4624 4624
4625 4948
4626 4933
4627 4808
4628 4628
4629 4678
4630 4697
4631 4991
4632 4768
4633 4573 4611 4742 4779 4935
4634 4990
4635 4919
4636 4920
4637 4809
4638 4933
4639 4917
4640 3082 3468 3695 4716 4778
4641 4768
4642 4930
4643 4975
4644 4807
4645 4697
4646 3714 3811 4266 4354 4922
4647 4992
4648 4995
4649 4975
4650 4611 4628 4779 4863 4936
4651 4651
4652 4809
4653 4858
4654 4897
4655 4936
4656 4794
4657 4997
4658 4947
4659 4717
4660 4660
4661 4925
4662 4989
4663 4932
4664 4888
4665 4858
4666 4989
4667 4897
4668 4742
4669 4993
4670 4973
4671 4948
4672 4969
4673 4966
4674 4475
4675 4881
4676 4778
4677 4919
4678 4678
4679 4877
4680 2111 2148 4966 4993
4681 2776 4208 4518 4520 4918
4682 4682
4683 4794
4684 4895
4685 4685
4686 4810
4687 4153 4354 4888 4922 4929
4688 4920
4689 4888
4690 2999 3560 4916 4922 4929
4691 4834
4692 4966
4693 4815
4694 4881
4695 4895
4696 4869
4697 4697
4698 4804
4699 4713 4778 4793 4804 4916
4700 4700
4701 4954
4702 4920
4703 4919
4704 4732
4705 4992
4706 4892
4707 4761
4708 4869
4709 4971
4710 4804
4711 4881
4712 4877
4713 4713
4714 4895
4715 4930
4716 4716
4717 4717
4718 4948
4719 3082 3229 3679 4344 4763
4720 4752
4721 4989
4722 4815
4723 4834
4724 4943
4725 4869
4726 4991
4727 4901
4728 3301 4238 4526 4808 4897
4729 3999 4596 4810 4907
4730 4810
4731 4990
4732 4732
4733 4858
4734 4752
4735 4948
4736 4920
4737 4768
4738 4746
4739 4858
4740 4971
4741 4929
4742 4742
4743 4968
4744 4995
4745 4835
4746 4746
4747 4881
4748 4918
4749 4749
4750 3533 3963 4746 4878 4974
4751 4929
4752 4752
4753 4713
4754 4754
4755 4968
4756 4954
4757 4809
4758 4810
4759 4877
4760 4990
4761 4761
4762 4991
4763 4763
4764 4807 4948 4969 4995 4997
4765 4930
4766 4862
4767 4876
4768 4768
4769 2804 4280 4618 4809
4770 4770
4771 4967
4772 4877
4773 4936
4774 2087 4834 4858 4929 4973
4775 4775
4776 4888
4777 3593 3994 4752 4869 4917
4778 4778
4779 4779
4780 3384 3667 3860 4618 4954
4781 5000
4782 4943
4783 4841
4784 1107 3753 4263 4443 4685
4785 4907
4786 4973
4787 4993
4788 4935
4789 4826
4790 4920
4791 4902
4792 4947
4793 4793
4794 4794
4795 4993
4796 4826
4797 4943
4798 4997
4799 4917
4800 4862
4801 5000
4802 4973
4803 4815
4804 4804
4805 4943
4806 4954
4807 4807
4808 4808
4809 4809
4810 4810
4811 2930 3695 3711 4291 4878
4812 4835
4813 4869
4814 4892
4815 4815
4816 4878
4817 4991
4818 1880 2776 3792 4901 4954
4819 4935
4820 2500 3698 4793 4804 4974
4821 4920
4822 2886 3243 3792 4995 5000
4823 4841
4824 4915
4825 4991
4826 4826
4827 4920
4828 3382 3651 4775 4863 4947
4829 2882 4628 4749 4936 4991
4830 4892
4831 482 1082 3831 4678 4749
4832 4948
4833 4920
4834 4834
4835 4835
4836 4862
4837 2882 4742 4775 4877 5000
4838 4992
4839 4763
4840 4993
4841 4841
4842 4291 4700 4815 4920 4990
4843 4917
4844 3374 3789 4624 4922 4997
4845 4907
4846 4235 4573 4966 4993 4997
4847 3605 3994 3999 4015 4852
4848 4971
4849 4922
4850 1748 1821 3219 4518 4943
4851 4901
4852 4852
4853 4954
4854 4863
4855 4344 4614 4862 4881 4917
4856 2122 3792 4033 4263 4901
4857 1950 4208 4716 4794 4877
4858 4858
4859 4858
4860 4895
4861 4918
4862 4862
4863 4863
4864 2175 4863 4881 4969 5000
4865 4975
4866 1672 2608 3300 4852 4969
4867 3082 3257 4263 4549 4775
4868 4969
4869 4869
4870 4919
4871 4878
4872 4922
4873 4967
4874 4869
4875 4969
4876 4876
4877 4877
4878 4878
4879 4954
4880 3301 4922 4947 4989
4881 4881
4882 2055 3963 4935 4945 5000
4883 4922
4884 3434 4157 4623 4717 4916
4885 4929
4886 4603 4746 4931 4966 5000
4887 2209 3536 4888 4916 4966
4888 4888
4889 4888
4890 4915
4891 4936
4892 4892
4893 4901
4894 2824 3977 4603 4945 4971
4895 4895
4896 4896
4897 4897
4898 4915
4899 4966
4900 5000
4901 4901
4902 4902
4903 4967
4904 3399 4619 4917 4947 4993
4905 4931
4906 4973
4907 4907
4908 4932
4909 4995
4910 4915
4911 4948
4912 4969
4913 4869
4914 4918
4915 4915
4916 4916
4917 4917
4918 4918
4919 4919
4920 4920
4921 4835 4922 4930 4954 4990
4922 4922
4923 4915
4924 3977 4573 4852 4895 4992
4925 4925
4926 4989
4927 4947
4928 3803 4242 4546 4862 4907
4929 4929
4930 4930
4931 4931
4932 4932
4933 4933
4934 2087 4154 4280 4917 4936
4935 4935
4936 4936
4937 4025 4660 4678 4835 4920
4938 2930 4181 4624 4881 4933
4939 3478 3828 4393 4682 4919
4940 4966
4941 3608 4685 4768 4973
4942 3359 3792 4238 4618 4968
4943 4943
4944 3243 3654 4895 4896 4943
4945 4945
4946 3871 4114 4354 4614 4919
4947 4947
4948 4948
4949 2685 2915 3862 4319 4359 4778
4950 4973
4951 4746 4768 4810 4841 4935
4952 4993
4953 4971
4954 4954
4955 4991
4956 4468 4628 4752 4768 4877
4957 1082 2939 4518 4563 4918
4958 3219 4918 4936 4954 4973
4959 4266 4589 4623 4925 4932
4960 3857 4033 4379 4697 4902
4961 4968
4962 4991
4963 3384 4079 4359 4931 4990
4964 5000
4965 4975
4966 4966
4967 4967
4968 4968
4969 4969
4970 2886 4291 4480 4869 4929
4971 4971
4972 4992
4973 4973
4974 4974
4975 4975
4976 4033 4678 4716 4922 4933
4977 4439 4763 4815 4877 4922
4978 2886 3609 4154 4619 4968
4979 3609 4263 4682 4761 4807
4980 2636 3828 4266 4826 4915
4981 4020 4263 4419 4901 4902
4982 2561 4468 4554 4929 5000
4983 3789 4354 4651 4888 4943
4984 4992
4985 3667 3999 4056 4943 4989
4986 2500 4602 4713 4992 4995
4987 4993
4988 5000
4989 4989
4990 4990
4991 4991
4992 4992
4993 4993
4994 3528 3714 4763 4901 4917
4995 4995
4996 3753 4015 4181 4344 4354
4997 4997
4998 1896 3434 4700 4717 4877
4999 3478 4475 4520 4920 4954
5000 5000
