1	8 
2	158 
3	136 
4	226 
5	34 
6	190 201 225 241 
7	30 81 86 236 
8	60 192 226 258 
9	52 
10	154 
11	18 
12	125 
13	146 
14	89 
15	146 
16	76 170 180 230 
17	227 
18	112 
19	225 
20	208 
21	64 
22	133 
23	161 
24	158 
25	58 
26	22 121 142 205 
27	177 
28	69 
29	169 
30	161 
31	176 
32	218 
33	133 
34	184 
35	226 
36	84 
37	9 
38	121 
39	204 
40	108 
41	190 
42	224 
43	158 
44	26 
45	173 
46	102 
47	191 
48	46 
49	166 
50	86 
51	21 
52	149 
53	25 53 90 139 
54	3 
55	151 
56	168 
57	172 
58	44 
59	159 
60	28 142 164 201 
61	171 
62	261 
63	220 
64	29 
65	56 58 85 91 
66	144 
67	76 
68	231 
69	167 
70	166 
71	46 
72	198 
73	199 
74	53 103 184 220 
75	253 
76	167 
77	170 
78	81 
79	221 
80	179 
81	19 49 167 253 
82	63 
83	41 
84	28 
85	136 
86	67 
87	117 
88	245 
89	119 
90	43 
91	231 
92	207 
93	109 
94	69 
95	49 
96	263 
97	166 
98	25 33 51 267 
99	45 
100	242 
101	85 
102	55 
103	93 
104	250 
105	202 
106	171 
107	102 
108	89 165 201 207 
109	5 20 212 216 
110	25 112 151 214 
111	196 
112	29 
113	51 
114	263 
115	58 
116	185 
117	223 
118	138 
119	215 
120	82 
121	201 
122	11 
123	209 
124	235 
125	166 
126	243 
127	261 
128	137 
129	7 21 115 207 
130	128 
131	85 
132	158 
133	32 
134	43 
135	259 
136	218 
137	185 
138	242 
139	129 
140	78 
141	76 
142	5 
143	82 
144	88 
145	59 
146	31 136 205 258 
147	45 
148	181 
149	85 
150	257 
151	90 111 249 261 
152	188 
153	111 
154	244 
155	234 
156	20 
157	26 
158	180 
159	9 
160	223 
161	239 
162	85 148 251 262 
163	115 
164	190 
165	237 
166	239 
167	255 
168	215 
169	255 
170	175 
171	138 
172	175 
173	16 57 90 190 
174	157 
175	234 
176	259 
177	46 
178	56 
179	242 
180	140 
181	106 
182	28 
183	215 
184	139 
185	117 
186	56 
187	10 
188	183 
189	193 
190	179 
191	174 
192	123 
193	229 
194	45 
195	55 106 118 199 
196	196 
197	150 
198	217 
199	235 
200	41 
201	108 
202	65 
203	72 
204	129 
205	38 
206	254 
207	74 
208	81 
209	137 138 180 207 
210	102 
211	198 
212	125 
213	171 
214	241 
215	66 106 158 263 
216	31 
217	21 
218	171 
219	214 
220	66 71 176 185 
221	137 
222	52 
223	138 
224	186 
225	30 
226	254 
227	80 
228	159 
229	98 
230	144 
231	214 
232	74 
233	244 
234	74 
235	150 
236	107 
237	123 
238	54 
239	50 
240	78 
241	57 
242	167 
243	126 
244	75 
245	189 
246	46 
247	55 
248	223 
249	251 
250	80 
251	62 
252	64 
253	166 
254	179 
255	224 
256	80 
257	26 
258	268 
259	223 
260	121 
261	7 12 18 34 
262	139 
263	137 
264	106 
265	154 
266	151 
267	45 
268	107 
269	232 
270	254 
271	232 
272	60 
273	197 
274	34 128 147 227 
275	53 
276	2 
277	51 
278	211 
279	50 
280	71 
281	171 
282	126 
283	62 
284	53 
285	166 
286	13 
287	166 
288	134 
289	212 
290	205 
291	259 
292	84 
293	166 
294	266 
295	57 
296	259 
297	123 
298	50 
299	169 
300	88 126 189 267 
301	8 78 189 243 
302	162 
303	150 
304	187 
305	257 
306	51 
307	22 
308	204 
309	174 
310	121 
311	50 
312	227 
313	42 
314	195 
315	151 
316	229 
317	261 
318	190 
319	34 
320	158 
321	141 
322	157 
323	66 
324	159 
325	145 
326	38 
327	31 
328	80 
329	13 
330	64 
331	35 
332	63 137 208 226 
333	114 
334	187 
335	92 
336	28 31 82 83 
337	166 
338	148 
339	28 
340	207 
341	258 
342	175 
343	248 
344	184 190 212 227 
345	102 
346	161 
347	141 
348	129 
349	48 
350	51 
351	71 
352	98 
353	113 
354	55 
355	135 
356	71 
357	235 
358	261 
359	30 78 97 169 
360	15 
361	214 
362	213 
363	127 
364	21 34 172 215 
365	23 
366	245 
367	141 
368	117 
369	212 
370	56 
371	29 139 176 225 
372	38 
373	50 
374	214 
375	75 
376	176 
377	6 
378	161 
379	171 
380	130 
381	258 
382	81 
383	239 
384	2 
385	121 
386	268 
387	231 
388	41 
389	115 
390	126 
391	19 
392	53 
393	140 
394	137 
395	18 109 138 196 
396	47 
397	76 
398	258 
399	25 
400	261 
401	206 
402	238 
403	140 
404	14 168 190 237 
405	22 
406	28 
407	215 
408	222 
409	82 
410	50 
411	258 
412	129 
413	186 
414	132 
415	81 93 205 239 
416	14 
417	214 
418	21 
419	165 
420	15 
421	114 
422	201 
423	32 
424	195 
425	164 
426	216 
427	156 
428	15 
429	146 
430	29 
431	171 
432	109 
433	263 
434	117 
435	178 
436	168 
437	145 
438	164 
439	162 
440	139 
441	147 
442	110 
443	227 
444	85 
445	206 
446	169 
447	131 
448	110 
449	38 
450	201 
451	204 
452	88 
453	36 
454	53 
455	140 
456	75 
457	217 
458	164 
459	254 
460	177 
461	194 
462	239 
463	31 
464	107 
465	101 
466	70 
467	49 
468	119 
469	156 
470	119 
471	93 
472	53 
473	103 
474	85 
475	56 
476	245 
477	248 
478	5 
479	152 
480	193 
481	114 
482	268 
483	149 
484	268 
485	158 
486	14 
487	207 
488	177 
489	249 
490	206 
491	211 
492	89 
493	205 
494	115 
495	47 
496	239 
497	115 121 152 162 
498	264 
499	185 
500	42 
501	226 
502	41 
503	171 
504	229 
505	34 
506	239 
507	261 
508	38 60 150 213 
509	34 
510	178 
511	128 
512	67 
513	141 
514	200 
515	230 
516	223 
517	115 
518	35 
519	144 
520	197 
521	186 
522	62 
523	13 62 150 198 
524	49 
525	173 
526	82 
527	130 
528	15 
529	137 
530	217 
531	212 
532	117 
533	131 
534	224 
535	19 
536	196 
537	120 
538	54 
539	87 
540	74 
541	142 
542	88 
543	45 55 171 251 
544	230 
545	199 
546	19 
547	137 
548	208 
549	62 
550	24 
551	27 122 154 221 
552	90 
553	79 
554	79 
555	11 
556	39 
557	70 
558	168 
559	225 
560	192 
561	13 72 205 259 
562	59 154 197 232 
563	166 
564	85 
565	162 
566	52 
567	32 
568	224 
569	93 
570	69 
571	188 
572	79 
573	265 
574	30 
575	155 
576	139 
577	125 
578	122 
579	238 
580	55 
581	106 
582	30 76 136 257 
583	200 
584	198 
585	268 
586	261 
587	160 
588	9 
589	31 
590	112 
591	139 
592	140 
593	146 
594	223 
595	18 
596	98 139 241 253 
597	173 
598	186 
599	102 
600	76 218 230 243 
601	3 95 131 190 
602	45 
603	48 
604	81 
605	104 
606	249 
607	141 
608	250 
609	30 
610	234 
611	226 
612	121 
613	136 
614	133 
615	134 
616	106 
617	267 
618	202 
619	46 
620	46 
621	85 
622	234 
623	43 
624	209 
625	21 
626	9 
627	256 
628	58 175 199 239 
629	100 
630	23 
631	71 
632	196 
633	204 
634	104 
635	86 
636	50 
637	141 
638	107 
639	243 
640	35 81 177 231 
641	67 
642	237 
643	118 
644	88 
645	50 
646	163 
647	76 
648	229 
649	31 
650	56 
651	88 
652	240 
653	235 
654	15 
655	248 
656	253 
657	224 
658	130 
659	175 
660	89 120 207 229 
661	58 59 138 259 
662	107 
663	102 
664	241 
665	94 
666	152 
667	49 
668	75 
669	58 180 183 212 
670	49 
671	175 
672	138 
673	259 
674	90 
675	256 
676	37 
677	80 
678	174 
679	151 
680	139 
681	249 
682	197 
683	99 
684	188 
685	219 
686	53 
687	148 
688	96 
689	13 204 207 225 
690	254 
691	216 
692	253 
693	132 
694	163 
695	178 
696	233 
697	171 
698	35 
699	3 
700	115 
701	211 
702	66 
703	18 137 207 237 
704	199 
705	169 
706	251 
707	73 
708	67 
709	72 
710	221 
711	71 
712	263 
713	66 186 214 245 
714	91 
715	216 
716	133 139 225 247 
717	50 
718	213 
719	219 
720	46 
721	88 
722	129 
723	251 
724	174 
725	206 
726	229 
727	192 
728	81 
729	239 
730	239 
731	61 
732	237 
733	253 
734	37 
735	137 
736	88 
737	38 167 175 201 
738	72 
739	46 89 102 129 
740	41 
741	33 
742	63 
743	238 
744	141 
745	95 
746	30 
747	108 
748	234 
749	63 
750	53 
751	70 
752	253 
753	91 
754	182 
755	142 166 175 190 
756	195 
757	24 
758	143 
759	131 
760	54 
761	87 
762	228 
763	53 
764	141 
765	8 
766	84 
767	90 
768	52 
769	255 
770	198 
771	177 
772	143 
773	83 
774	67 
775	180 
776	206 
777	265 
778	207 
779	239 
780	162 
781	259 
782	121 
783	209 
784	135 
785	84 89 97 245 
786	44 
787	80 
788	163 
789	129 
790	38 
791	26 27 235 248 
792	11 23 136 160 
793	217 
794	4 10 90 226 
795	137 
796	142 
797	207 
798	165 
799	180 
800	257 
801	138 
802	202 
803	251 
804	39 
805	180 
806	3 
807	8 
808	60 
809	233 
810	197 
811	29 
812	48 49 54 243 
813	237 
814	130 
815	69 
816	168 
817	245 
818	19 
819	221 
820	75 
821	56 
822	133 
823	117 
824	215 
825	15 
826	254 
827	65 
828	153 
829	162 
830	211 
831	158 
832	174 
833	252 
834	115 
835	147 
836	121 
837	182 
838	242 
839	85 169 187 207 
840	59 129 217 254 
841	116 
842	195 
843	118 
844	33 
845	206 
846	149 
847	7 68 185 254 
848	15 
849	264 
850	83 92 139 253 
851	38 
852	206 
853	143 159 195 267 
854	74 
855	217 
856	59 
857	6 
858	31 
859	203 
860	173 
861	237 
862	58 
863	110 
864	253 
865	158 
866	103 
867	159 
868	6 
869	126 
870	255 
871	221 
872	59 
873	249 
874	172 
875	210 
876	68 
877	128 
878	135 
879	185 
880	47 
881	21 
882	246 
883	168 
884	64 
885	41 
886	240 
887	7 
888	118 
889	45 164 219 240 
890	101 
891	152 
892	235 
893	50 83 115 232 
894	55 
895	27 
896	195 239 245 267 
897	156 
898	139 
899	81 
900	157 
901	13 
902	21 
903	71 
904	102 
905	107 
906	211 
907	34 
908	84 
909	217 
910	173 
911	131 
912	240 
913	119 
914	141 
915	175 
916	50 
917	32 
918	135 
919	198 
920	40 52 56 139 
921	164 
922	115 
923	168 
924	203 
925	113 
926	207 
927	37 124 189 253 
928	155 
929	40 
930	61 
931	193 
932	92 103 158 226 
933	22 79 222 239 
934	76 
935	166 
936	182 
937	8 
938	45 
939	61 
940	52 
941	167 
942	213 
943	115 
944	223 
945	149 
946	84 
947	240 
948	142 
949	12 
950	62 
951	260 
952	112 
953	175 
954	33 
955	15 
956	10 
957	210 
958	42 48 88 139 
959	223 
960	31 56 84 190 
961	221 
962	216 
963	98 
964	136 
965	175 
966	127 
967	154 
968	255 
969	159 
970	52 
971	24 
972	184 
973	79 114 142 145 
974	108 
975	92 
976	155 
977	137 
978	208 
979	142 
980	150 
981	160 
982	58 
983	103 
984	60 
985	174 
986	193 
987	103 
988	191 
989	142 
990	234 
991	102 
992	253 
993	34 
994	250 
995	21 53 80 202 
996	143 
997	23 
998	87 
999	129 
1000	41 
1001	142 
1002	30 
1003	15 
1004	55 
1005	38 
1006	232 
1007	243 
1008	107 
1009	199 
1010	196 
1011	85 
1012	212 
1013	34 
1014	45 
1015	45 
1016	227 
1017	198 
1018	13 
1019	97 
1020	158 
1021	79 
1022	30 
1023	167 
1024	126 
1025	211 
1026	137 
1027	36 
1028	187 
1029	69 
1030	13 
1031	158 
1032	102 
1033	221 
1034	177 
1035	38 
1036	39 45 167 205 
1037	14 
1038	77 
1039	118 
1040	236 
1041	225 
1042	127 
1043	181 
1044	90 
1045	131 
1046	170 
1047	241 
1048	158 
1049	235 
1050	156 
1051	76 
1052	129 
1053	121 
1054	164 
1055	256 
1056	257 
1057	181 
1058	14 28 76 253 
1059	161 
1060	81 
1061	40 57 85 149 
1062	64 
1063	244 
1064	60 122 170 192 
1065	211 
1066	91 
1067	55 176 198 240 
1068	101 
1069	21 
1070	35 
1071	12 
1072	191 
1073	9 162 171 213 
1074	97 
1075	181 
1076	65 
1077	201 
1078	110 
1079	206 
1080	50 85 88 111 
1081	186 
1082	234 
1083	8 17 62 63 
1084	115 
1085	167 201 251 263 
1086	43 
1087	69 
1088	80 
1089	63 206 220 268 
1090	46 
1091	5 
1092	225 
1093	126 
1094	243 
1095	49 
1096	28 
1097	73 
1098	165 
1099	256 
1100	21 55 56 178 
1101	14 
1102	189 
1103	196 
1104	230 
1105	56 
1106	138 
1107	69 
1108	223 
1109	34 45 50 149 
1110	209 
1111	142 
1112	85 
1113	31 37 121 182 
1114	58 
1115	183 
1116	56 
1117	60 
1118	252 
1119	126 
1120	140 
1121	264 
1122	259 
1123	226 
1124	205 
1125	12 
1126	176 
1127	248 
1128	109 
1129	213 
1130	9 
1131	159 
1132	110 
1133	68 
1134	15 38 125 195 
1135	66 120 157 231 
1136	205 
1137	158 
1138	222 
1139	138 
1140	183 
1141	240 
1142	262 
1143	125 
1144	61 
1145	268 
1146	259 
1147	232 
1148	123 
1149	18 
1150	28 
1151	246 
1152	156 
1153	260 
1154	160 
1155	3 
1156	170 
1157	16 
1158	3 
1159	146 
1160	142 
1161	224 
1162	20 150 162 227 
1163	159 
1164	200 
1165	133 
1166	123 
1167	101 
1168	20 
1169	101 151 200 240 
1170	10 
1171	2 
1172	6 
1173	167 
1174	228 
1175	42 
1176	131 
1177	7 
1178	173 
1179	52 
1180	219 
1181	30 
1182	126 
1183	20 
1184	97 
1185	179 
1186	166 
1187	205 
1188	178 
1189	84 129 147 250 
1190	186 
1191	172 
1192	14 
1193	186 
1194	67 
1195	80 
1196	46 
1197	69 
1198	178 
1199	212 
1200	144 
1201	189 
1202	243 
1203	184 
1204	170 
1205	191 
1206	98 
1207	248 
1208	27 72 107 150 
1209	115 
1210	32 
1211	39 
1212	135 204 250 252 
1213	85 119 180 260 
1214	214 
1215	243 
1216	187 
1217	257 
1218	83 115 136 142 
1219	206 
1220	172 
1221	61 
1222	23 
1223	171 
1224	242 
1225	106 
1226	251 
1227	208 
1228	53 
1229	38 133 140 158 
1230	5 105 189 257 
1231	139 
1232	164 
1233	13 
1234	229 
1235	57 
1236	6 60 160 211 
1237	11 93 103 116 
1238	87 
1239	26 
1240	82 
1241	235 
1242	168 
1243	85 
1244	166 
1245	221 
1246	226 
1247	140 
1248	58 
1249	89 
1250	15 83 158 198 
1251	13 
1252	20 
1253	14 
1254	236 
1255	161 
1256	237 
1257	221 
1258	142 
1259	66 
1260	92 
1261	104 
1262	112 
1263	163 
1264	141 
1265	36 
1266	198 
1267	238 
1268	39 
1269	90 
1270	130 
1271	68 
1272	21 
1273	251 
1274	86 
1275	54 
1276	167 
1277	50 107 139 221 
1278	19 98 158 215 
1279	226 
1280	240 
1281	201 
1282	208 
1283	46 
1284	89 
1285	123 
1286	86 
1287	42 
1288	268 
1289	52 
1290	84 
1291	178 
1292	187 
1293	135 
1294	75 
1295	66 
1296	45 
1297	152 
1298	234 
1299	93 
1300	46 
1301	63 
1302	102 
1303	251 
1304	181 
1305	208 
1306	236 
1307	182 
1308	27 
1309	19 
1310	258 
1311	226 
1312	166 
1313	2 
1314	193 
1315	88 
1316	55 67 116 217 
1317	13 
1318	234 
1319	13 
1320	242 
1321	110 
1322	212 
1323	161 
1324	25 
1325	138 
1326	50 
1327	131 
1328	21 
1329	16 104 127 185 
1330	73 
1331	102 
1332	149 185 224 240 
1333	66 
1334	75 
1335	41 
1336	126 
1337	157 
1338	27 
1339	118 
1340	66 
1341	185 
1342	66 
1343	102 
1344	41 
1345	14 34 116 207 
1346	268 
1347	196 
1348	259 
1349	135 
1350	197 
1351	232 
1352	233 
1353	24 
1354	231 
1355	166 
1356	101 
1357	129 
1358	146 
1359	64 
1360	238 
1361	66 
1362	112 
1363	84 
1364	121 
1365	118 
1366	170 
1367	100 
1368	139 
1369	149 
1370	266 
1371	147 
1372	142 
1373	92 
1374	68 
1375	20 
1376	2 
1377	121 
1378	74 
1379	136 150 160 185 
1380	41 
1381	126 
1382	142 
1383	203 
1384	191 
1385	227 
1386	222 
1387	82 
1388	233 
1389	74 
1390	174 
1391	261 
1392	225 
1393	110 
1394	74 
1395	254 
1396	182 
1397	213 
1398	140 
1399	11 
1400	261 
1401	167 
1402	263 
1403	192 
1404	86 
1405	183 
1406	246 
1407	175 
1408	201 
1409	49 
1410	142 
1411	38 
1412	154 
1413	213 
1414	133 
1415	105 
1416	202 
1417	260 
1418	66 117 212 246 
1419	218 
1420	143 
1421	102 
1422	207 
1423	255 
1424	30 88 112 261 
1425	55 
1426	67 
1427	190 
1428	172 
1429	117 
1430	175 
1431	103 177 255 266 
1432	72 
1433	30 
1434	76 
1435	167 
1436	21 
1437	244 
1438	43 
1439	181 
1440	35 
1441	145 
1442	31 
1443	1 
1444	166 
1445	185 
1446	123 
1447	122 
1448	204 
1449	229 
1450	261 
1451	131 
1452	164 
1453	206 
1454	126 
1455	236 
1456	252 
1457	131 
1458	58 
1459	197 
1460	215 
1461	154 
1462	91 223 229 235 
1463	179 
1464	227 
1465	129 
1466	120 
1467	56 
1468	195 
1469	33 186 201 208 
1470	123 
1471	172 
1472	95 
1473	95 
1474	164 
1475	124 
1476	72 
1477	205 
1478	51 64 72 253 
1479	80 
1480	15 
1481	130 
1482	162 
1483	76 
1484	98 
1485	218 
1486	17 
1487	30 
1488	126 
1489	53 
1490	79 
1491	172 
1492	231 
1493	69 
1494	171 
1495	225 
1496	185 
1497	45 
1498	236 
1499	201 
1500	61 
1501	60 
1502	116 136 147 167 
1503	13 63 81 222 
1504	141 
1505	33 210 221 226 
1506	185 
1507	114 
1508	49 145 207 247 
1509	161 
1510	119 
1511	234 
1512	78 
1513	221 
1514	129 
1515	140 
1516	228 
1517	21 129 137 138 
1518	167 
1519	59 
1520	90 
1521	71 
1522	184 
1523	152 
1524	237 
1525	133 
1526	186 
1527	184 
1528	154 
1529	103 
1530	38 
1531	194 
1532	34 
1533	42 
1534	205 
1535	34 
1536	159 
1537	34 69 155 189 
1538	241 
1539	74 
1540	152 
1541	229 
1542	241 
1543	259 
1544	257 
1545	7 
1546	239 
1547	69 
1548	97 
1549	50 
1550	43 83 137 146 
1551	201 
1552	234 
1553	53 
1554	209 
1555	175 
1556	138 
1557	221 
1558	63 
1559	39 
1560	89 
1561	131 
1562	231 
1563	105 118 142 263 
1564	134 
1565	54 
1566	12 85 167 217 
1567	66 
1568	251 
1569	226 
1570	259 
1571	13 
1572	212 
1573	267 
1574	61 
1575	103 
1576	124 
1577	162 
1578	15 225 251 255 
1579	190 
1580	6 
1581	244 
1582	1 
1583	116 139 258 262 
1584	104 
1585	141 
1586	13 17 47 85 
1587	38 
1588	69 
1589	100 
1590	33 107 202 237 
1591	12 
1592	158 
1593	186 
1594	32 
1595	58 
1596	115 
1597	90 
1598	223 
1599	150 
1600	257 
1601	221 
1602	120 
1603	267 
1604	226 
1605	81 166 186 265 
1606	185 
1607	227 
1608	40 
1609	161 
1610	168 
1611	64 
1612	205 
1613	56 
1614	8 49 89 156 
1615	209 
1616	101 
1617	190 
1618	48 
1619	44 
1620	208 
1621	240 
1622	231 
1623	96 
1624	58 
1625	214 
1626	140 
1627	171 
1628	2 
1629	156 
1630	205 
1631	56 
1632	130 
1633	21 
1634	52 
1635	134 
1636	195 
1637	8 179 212 258 
1638	171 
1639	266 
1640	253 
1641	166 
1642	187 
1643	103 
1644	45 78 84 136 
1645	97 
1646	122 
1647	63 86 131 255 
1648	37 
1649	142 
1650	92 
1651	235 
1652	245 
1653	44 
1654	167 
1655	2 
1656	99 
1657	179 
1658	83 
1659	33 121 139 258 
1660	208 
1661	136 
1662	258 
1663	45 217 246 253 
1664	159 
1665	117 
1666	180 
1667	172 
1668	125 
1669	30 108 131 234 
1670	247 
1671	113 
1672	213 
1673	194 
1674	221 
1675	227 
1676	50 
1677	104 185 223 252 
1678	61 
1679	239 
1680	45 
1681	137 
1682	71 
1683	1 
1684	256 
1685	16 
1686	50 
1687	179 
1688	263 
1689	111 
1690	175 
1691	90 
1692	13 51 125 196 
1693	198 
1694	157 
1695	172 
1696	16 139 193 223 
1697	237 
1698	244 
1699	78 
1700	64 
1701	16 
1702	114 
1703	94 
1704	207 
1705	144 
1706	133 
1707	41 
1708	55 
1709	198 
1710	58 
1711	258 
1712	11 90 246 258 
1713	182 
1714	137 
1715	61 
1716	59 
1717	106 129 250 253 
1718	99 
1719	45 
1720	71 
1721	26 
1722	65 
1723	41 
1724	60 
1725	2 7 89 173 
1726	246 
1727	128 
1728	34 43 82 186 
1729	221 
1730	237 
1731	232 
1732	153 
1733	239 
1734	54 
1735	178 
1736	48 
1737	110 
1738	179 
1739	36 
1740	164 
1741	200 
1742	80 
1743	199 
1744	87 91 96 239 
1745	231 
1746	30 
1747	22 
1748	8 
1749	258 
1750	74 228 239 250 
1751	175 
1752	101 
1753	76 90 122 157 
1754	138 
1755	172 
1756	34 
1757	165 
1758	13 183 185 206 
1759	218 
1760	111 
1761	207 
1762	235 
1763	213 
1764	45 
1765	168 
1766	15 
1767	84 
1768	25 
1769	3 
1770	31 
1771	48 
1772	72 
1773	124 
1774	19 
1775	15 
1776	206 
1777	124 
1778	45 
1779	155 
1780	171 
1781	78 
1782	125 
1783	43 
1784	141 
1785	125 
1786	225 
1787	3 
1788	212 
1789	189 
1790	41 
1791	207 
1792	164 
1793	189 
1794	45 
1795	16 
1796	183 
1797	73 172 233 243 
1798	105 
1799	172 
1800	146 201 213 242 
1801	80 
1802	204 
1803	3 
1804	101 
1805	137 
1806	172 
1807	206 
1808	50 
1809	184 
1810	236 
1811	221 
1812	162 
1813	148 
1814	142 
1815	154 
1816	82 
1817	246 
1818	186 
1819	30 106 161 258 
1820	83 
1821	147 
1822	110 
1823	38 169 192 237 
1824	129 
1825	212 
1826	158 
1827	246 
1828	22 44 150 248 
1829	123 
1830	186 
1831	192 
1832	150 
1833	37 175 185 259 
1834	182 
1835	48 
1836	64 
1837	207 
1838	51 
1839	125 
1840	36 
1841	146 
1842	80 159 190 213 
1843	41 
1844	140 
1845	228 
1846	237 
1847	83 
1848	13 84 229 240 
1849	123 166 238 241 
1850	91 
1851	75 
1852	110 
1853	79 
1854	2 45 70 266 
1855	103 
1856	47 
1857	46 150 190 214 
1858	73 
1859	57 83 171 201 
1860	261 
1861	234 
1862	209 
1863	16 
1864	131 
1865	223 
1866	34 
1867	51 
1868	131 
1869	212 
1870	145 
1871	131 
1872	53 
1873	263 
1874	30 
1875	121 
1876	144 
1877	50 
1878	203 
1879	40 
1880	198 
1881	165 
1882	160 
1883	57 
1884	103 
1885	32 
1886	4 
1887	15 
1888	205 
1889	184 
1890	185 
1891	39 
1892	60 
1893	68 
1894	227 
1895	43 78 177 229 
1896	189 
1897	28 102 147 205 
1898	58 
1899	243 
1900	155 
1901	197 
1902	256 
1903	190 
1904	83 
1905	43 147 180 244 
1906	256 
1907	105 
1908	235 
1909	155 
1910	109 
1911	94 169 186 232 
1912	129 
1913	201 
1914	56 
1915	201 
1916	132 
1917	121 
1918	225 
1919	149 
1920	138 
1921	59 
1922	126 
1923	42 
1924	193 
1925	41 53 120 125 
1926	164 
1927	203 
1928	250 
1929	24 
1930	30 
1931	161 180 217 248 
1932	19 104 175 232 
1933	267 
1934	59 84 164 234 
1935	142 
1936	69 
1937	194 
1938	240 
1939	167 
1940	192 
1941	9 
1942	102 
1943	213 
1944	217 
1945	108 
1946	109 
1947	117 
1948	167 
1949	43 
1950	31 
1951	50 
1952	188 
1953	37 
1954	243 
1955	88 
1956	116 137 234 240 
1957	112 
1958	115 
1959	53 
1960	213 
1961	157 
1962	55 
1963	35 
1964	64 
1965	246 
1966	141 
1967	190 
1968	225 
1969	154 
1970	202 
1971	95 
1972	88 
1973	44 71 142 154 
1974	239 
1975	132 
1976	221 
1977	9 13 41 200 
1978	152 
1979	43 
1980	136 
1981	79 
1982	227 
1983	86 
1984	230 
1985	181 
1986	41 
1987	7 
1988	238 
1989	199 
1990	91 
1991	1 
1992	138 
1993	226 
1994	63 
1995	112 
1996	7 
1997	251 
1998	101 
1999	191 
2000	181 
2001	151 
2002	15 
2003	126 
2004	40 
2005	84 
2006	6 
2007	68 
2008	53 
2009	248 
2010	18 151 164 236 
2011	237 
2012	153 
2013	28 
2014	206 
2015	107 
2016	60 
2017	62 
2018	221 
2019	10 
2020	198 
2021	204 
2022	14 
2023	100 
2024	228 
2025	142 
2026	150 
2027	210 
2028	66 121 141 172 
2029	16 
2030	149 
2031	60 115 138 186 
2032	245 
2033	229 
2034	61 
2035	47 
2036	31 
2037	254 
2038	61 
2039	264 
2040	221 
2041	198 
2042	234 
2043	56 
2044	47 
2045	185 
2046	106 
2047	69 
2048	33 34 83 197 
2049	239 
2050	97 
2051	229 
2052	240 
2053	72 150 186 227 
2054	148 
2055	50 88 132 142 
2056	232 
2057	81 
2058	55 239 241 267 
2059	76 
2060	168 
2061	19 154 258 259 
2062	219 
2063	164 
2064	259 
2065	17 
2066	118 
2067	118 
2068	231 
2069	58 
2070	200 
2071	234 
2072	117 
2073	199 
2074	191 
2075	165 
2076	93 
2077	155 
2078	259 
2079	53 
2080	38 59 70 118 
2081	221 
2082	257 
2083	34 
2084	22 
2085	11 
2086	224 
2087	162 
2088	203 
2089	211 
2090	130 
2091	15 23 129 268 
2092	259 
2093	217 
2094	53 
2095	11 
2096	92 
2097	247 
2098	259 
2099	247 
2100	90 
2101	34 
2102	71 
2103	88 
2104	61 
2105	171 
2106	197 
2107	7 
2108	91 
2109	58 
2110	69 
2111	219 
2112	5 
2113	29 
2114	249 
2115	102 
2116	208 
2117	241 
2118	172 
2119	160 
2120	193 
2121	207 
2122	11 
2123	254 
2124	18 
2125	225 
2126	83 
2127	142 
2128	94 
2129	99 
2130	115 
2131	66 
2132	57 226 231 241 
2133	62 
2134	57 
2135	26 
2136	183 
2137	16 
2138	44 
2139	53 
2140	148 
2141	2 63 74 84 
2142	28 71 112 163 
2143	267 
2144	166 
2145	113 
2146	125 
2147	38 
2148	130 
2149	82 
2150	29 
2151	36 
2152	224 
2153	57 
2154	21 
2155	149 167 211 212 
2156	20 21 190 206 
2157	218 
2158	222 
2159	216 
2160	124 
2161	212 
2162	229 
2163	50 
2164	43 
2165	15 
2166	136 
2167	41 66 194 240 
2168	119 
2169	58 
2170	215 
2171	116 
2172	267 
2173	238 
2174	18 
2175	205 
2176	72 
2177	118 
2178	38 149 175 222 
2179	129 
2180	101 
2181	71 
2182	21 
2183	181 
2184	18 92 183 263 
2185	28 
2186	34 
2187	166 
2188	34 
2189	239 
2190	88 
2191	242 
2192	14 88 225 234 
2193	115 176 203 246 
2194	75 
2195	63 
2196	225 
2197	165 
2198	109 
2199	235 
2200	181 
2201	150 
2202	261 
2203	121 
2204	79 
2205	75 
2206	182 
2207	221 
2208	190 
2209	11 
2210	66 
2211	207 
2212	44 
2213	129 
2214	228 
2215	95 
2216	139 
2217	245 
2218	46 
2219	114 
2220	153 
2221	85 
2222	103 
2223	212 
2224	221 
2225	7 
2226	171 
2227	136 
2228	197 
2229	79 
2230	21 
2231	245 
2232	30 
2233	248 
2234	59 
2235	83 
2236	42 
2237	226 
2238	112 
2239	167 
2240	98 
2241	116 
2242	190 
2243	123 
2244	17 
2245	140 
2246	21 
2247	19 
2248	165 
2249	73 
2250	144 
2251	14 45 177 246 
2252	14 
2253	154 
2254	9 
2255	227 
2256	45 163 189 217 
2257	141 
2258	110 
2259	17 
2260	80 
2261	102 
2262	150 
2263	129 150 160 195 
2264	31 41 150 237 
2265	222 
2266	139 
2267	267 
2268	6 152 154 252 
2269	58 
2270	139 
2271	177 
2272	126 
2273	32 
2274	54 
2275	170 
2276	181 
2277	82 192 203 226 
2278	218 
2279	168 
2280	44 
2281	7 
2282	98 
2283	251 
2284	237 
2285	258 
2286	4 
2287	1 
2288	181 
2289	249 
2290	103 109 135 160 
2291	109 
2292	225 
2293	53 
2294	147 
2295	159 
2296	229 
2297	20 
2298	234 
2299	228 
2300	71 124 126 217 
2301	191 
2302	107 
2303	110 
2304	52 
2305	60 90 156 240 
2306	41 146 183 186 
2307	64 
2308	49 
2309	93 115 186 206 
2310	151 
2311	114 
2312	234 
2313	258 
2314	66 
2315	114 
2316	55 
2317	263 
2318	68 
2319	50 
2320	106 
2321	259 
2322	217 
2323	5 
2324	209 
2325	59 
2326	177 
2327	252 
2328	255 
2329	221 
2330	162 
2331	26 
2332	230 
2333	1 
2334	46 145 189 191 
2335	152 
2336	58 185 208 237 
2337	89 
2338	236 
2339	242 
2340	202 
2341	238 
2342	18 
2343	85 
2344	226 
2345	201 
2346	235 
2347	72 
2348	143 
2349	95 97 180 248 
2350	142 
2351	28 
2352	138 
2353	75 
2354	16 61 71 97 
2355	171 
2356	214 
2357	27 
2358	20 21 61 185 
2359	116 
2360	225 
2361	56 118 239 249 
2362	30 
2363	100 
2364	71 
2365	64 
2366	193 
2367	202 
2368	84 
2369	171 
2370	232 
2371	113 
2372	53 66 99 107 
2373	16 
2374	16 73 176 221 
2375	125 
2376	227 
2377	172 
2378	80 
2379	53 
2380	142 
2381	157 
2382	155 
2383	96 110 220 254 
2384	53 
2385	19 
2386	264 
2387	150 
2388	238 
2389	92 
2390	147 
2391	202 
2392	13 
2393	68 
2394	148 
2395	90 
2396	159 
2397	238 
2398	60 
2399	49 52 93 125 
2400	169 
2401	156 
2402	261 
2403	82 
2404	239 
2405	39 
2406	259 
2407	32 71 147 172 
2408	164 
2409	170 
2410	17 
2411	13 
2412	181 
2413	44 
2414	122 
2415	137 
2416	198 
2417	55 
2418	249 
2419	50 
2420	167 
2421	139 
2422	163 
2423	12 
2424	158 
2425	206 
2426	58 
2427	5 
2428	212 
2429	25 
2430	121 
2431	44 
2432	175 
2433	71 
2434	69 
2435	258 
2436	225 
2437	228 
2438	239 
2439	7 
2440	65 199 240 263 
2441	45 
2442	211 
2443	143 
2444	232 
2445	42 125 137 166 
2446	99 
2447	137 
2448	162 
2449	214 
2450	146 
2451	10 
2452	268 
2453	165 
2454	210 
2455	63 
2456	64 90 214 235 
2457	56 
2458	85 
2459	32 
2460	215 
2461	43 
2462	22 
2463	88 
2464	172 
2465	201 
2466	125 
2467	251 
2468	80 
2469	217 
2470	192 
2471	175 
2472	196 
2473	130 150 167 189 
2474	14 
2475	107 154 174 236 
2476	146 
2477	41 
2478	85 
2479	112 
2480	251 
2481	183 
2482	141 
2483	202 
2484	144 
2485	138 
2486	101 
2487	140 
2488	190 
2489	155 
2490	150 
2491	175 
2492	11 
2493	56 69 164 261 
2494	121 
2495	57 134 175 200 
2496	239 
2497	18 226 231 257 
2498	214 
2499	89 
2500	34 
2501	239 
2502	88 
2503	131 
2504	164 
2505	160 
2506	192 
2507	201 
2508	246 
2509	37 
2510	21 
2511	21 48 105 226 
2512	31 
2513	94 
2514	35 
2515	58 
2516	265 
2517	105 
2518	241 
2519	30 
2520	227 
2521	191 
2522	212 
2523	248 
2524	123 
2525	260 
2526	22 49 93 137 
2527	264 
2528	212 
2529	12 55 155 207 
2530	202 
2531	232 
2532	259 
2533	84 
2534	49 
2535	76 
2536	220 
2537	190 
2538	88 
2539	138 
2540	8 
2541	4 
2542	6 
2543	211 
2544	146 
2545	158 
2546	239 
2547	55 
2548	104 
2549	89 
2550	127 
2551	87 156 175 225 
2552	110 
2553	151 
2554	165 
2555	139 
2556	82 
2557	1 167 197 206 
2558	95 
2559	129 134 186 258 
2560	183 
2561	209 
2562	78 
2563	16 
2564	142 
2565	190 
2566	34 
2567	115 
2568	27 61 77 201 
2569	65 227 237 246 
2570	16 
2571	5 
2572	190 
2573	134 
2574	139 
2575	97 
2576	111 
2577	180 
2578	124 172 229 247 
2579	51 
2580	152 
2581	250 
2582	64 
2583	63 
2584	154 
2585	49 
2586	138 
2587	238 
2588	25 
2589	25 74 99 175 
2590	117 
2591	150 
2592	41 48 211 216 
2593	235 
2594	227 
2595	11 
2596	207 
2597	258 
2598	155 
2599	240 
2600	26 
2601	184 
2602	31 53 117 134 
2603	137 
2604	46 
2605	144 
2606	56 57 201 255 
2607	250 
2608	252 
2609	209 
2610	206 
2611	233 
2612	125 
2613	92 140 180 240 
2614	80 
2615	181 
2616	126 
2617	55 
2618	112 
2619	141 
2620	56 
2621	33 
2622	18 
2623	229 
2624	121 
2625	219 
2626	2 
2627	69 
2628	185 
2629	73 
2630	84 120 125 234 
2631	79 
2632	6 
2633	169 196 201 211 
2634	113 
2635	177 
2636	215 
2637	189 
2638	148 
2639	121 
2640	249 
2641	158 
2642	136 
2643	122 
2644	85 
2645	181 
2646	137 139 200 204 
2647	190 
2648	235 
2649	161 
2650	184 
2651	74 
2652	81 91 95 263 
2653	187 
2654	112 
2655	33 104 112 255 
2656	30 
2657	53 
2658	91 
2659	60 130 187 214 
2660	196 
2661	55 
2662	79 80 125 178 
2663	190 
2664	246 
2665	185 
2666	149 
2667	187 
2668	92 
2669	163 
2670	38 
2671	51 
2672	138 
2673	62 
2674	70 
2675	38 
2676	1 53 56 84 
2677	122 
2678	203 
2679	61 64 110 131 
2680	31 117 129 240 
2681	94 
2682	141 
2683	115 
2684	124 
2685	266 
2686	9 48 63 121 
2687	16 28 32 195 
2688	190 
2689	13 
2690	39 
2691	263 
2692	228 
2693	44 
2694	94 
2695	164 
2696	51 
2697	248 
2698	35 
2699	185 
2700	95 
2701	14 
2702	163 
2703	197 
2704	98 
2705	157 
2706	38 83 184 259 
2707	192 
2708	263 
2709	73 
2710	9 
2711	103 
2712	21 
2713	61 
2714	5 
2715	103 
2716	18 46 212 225 
2717	74 
2718	211 
2719	19 
2720	15 
2721	159 
2722	258 
2723	71 
2724	77 
2725	207 
2726	204 
2727	2 157 186 206 
2728	9 72 129 150 
2729	102 
2730	168 
2731	159 
2732	14 
2733	167 
2734	113 
2735	32 76 104 195 
2736	175 
2737	33 79 131 161 
2738	60 
2739	82 
2740	70 
2741	80 
2742	105 
2743	34 
2744	89 
2745	89 
2746	214 
2747	136 
2748	233 
2749	65 
2750	235 
2751	235 
2752	57 152 189 240 
2753	224 
2754	150 
2755	179 
2756	21 
2757	171 
2758	28 
2759	243 
2760	88 
2761	247 
2762	229 
2763	136 
2764	207 
2765	112 
2766	125 
2767	240 
2768	37 
2769	187 
2770	11 
2771	225 
2772	139 
2773	6 21 98 129 
2774	19 
2775	121 
2776	160 
2777	227 
2778	141 
2779	69 
2780	261 
2781	240 
2782	229 
2783	226 
2784	148 
2785	206 
2786	190 
2787	39 
2788	136 
2789	24 
2790	123 
2791	186 
2792	263 
2793	121 
2794	21 140 165 258 
2795	55 
2796	185 
2797	3 146 202 238 
2798	3 
2799	240 
2800	158 
2801	227 
2802	32 141 227 255 
2803	122 
2804	184 
2805	249 
2806	239 
2807	198 
2808	179 
2809	76 
2810	217 
2811	85 129 190 264 
2812	195 
2813	30 
2814	53 
2815	1 
2816	4 
2817	166 
2818	49 136 167 219 
2819	57 67 160 227 
2820	137 
2821	110 
2822	195 
2823	239 
2824	201 
2825	187 
2826	94 
2827	3 
2828	188 
2829	177 
2830	102 
2831	61 
2832	69 104 116 233 
2833	19 
2834	180 
2835	46 
2836	136 
2837	200 
2838	154 
2839	185 
2840	50 
2841	122 
2842	77 
2843	215 
2844	159 
2845	95 
2846	166 
2847	116 138 227 234 
2848	19 
2849	30 109 214 217 
2850	93 
2851	210 
2852	121 
2853	61 
2854	115 
2855	118 
2856	219 
2857	33 
2858	13 
2859	30 35 113 172 
2860	170 
2861	9 132 187 239 
2862	1 
2863	262 
2864	44 46 61 171 
2865	57 
2866	248 
2867	194 
2868	267 
2869	117 
2870	211 
2871	34 
2872	137 
2873	1 
2874	188 
2875	56 72 199 252 
2876	41 
2877	16 
2878	261 
2879	186 
2880	90 
2881	200 
2882	161 
2883	66 
2884	18 60 105 126 
2885	5 7 148 216 
2886	53 
2887	173 
2888	60 
2889	21 106 128 253 
2890	84 
2891	134 
2892	41 45 70 217 
2893	211 
2894	40 115 194 248 
2895	4 
2896	54 
2897	45 
2898	68 
2899	126 
2900	240 
2901	12 
2902	263 
2903	109 
2904	136 
2905	81 
2906	129 
2907	58 
2908	193 
2909	260 
2910	157 
2911	121 
2912	174 
2913	55 
2914	38 
2915	99 
2916	129 
2917	116 
2918	190 
2919	141 
2920	232 
2921	193 
2922	230 
2923	239 
2924	175 
2925	169 
2926	63 
2927	5 
2928	231 
2929	5 
2930	240 
2931	118 
2932	198 
2933	7 
2934	227 
2935	139 
2936	136 
2937	227 
2938	219 
2939	217 
2940	214 
2941	58 
2942	263 
2943	255 
2944	212 
2945	2 
2946	80 
2947	139 166 229 263 
2948	135 
2949	185 
2950	85 
2951	14 
2952	38 
2953	90 
2954	230 
2955	54 154 216 251 
2956	176 
2957	121 
2958	30 
2959	74 
2960	253 
2961	8 46 83 137 
2962	43 
2963	182 
2964	90 
2965	225 
2966	29 
2967	150 
2968	267 
2969	75 
2970	127 
2971	239 
2972	146 
2973	56 
2974	41 
2975	265 
2976	135 
2977	44 
2978	16 195 199 211 
2979	23 
2980	180 
2981	251 
2982	55 
2983	110 137 180 217 
2984	5 
2985	209 
2986	205 
2987	31 
2988	143 
2989	259 
2990	210 
2991	131 
2992	257 
2993	55 
2994	76 
2995	45 
2996	194 
2997	169 
2998	40 
2999	112 
3000	232 
3001	250 
3002	121 
3003	102 
3004	30 
3005	137 
3006	56 85 117 189 
3007	171 
3008	175 
3009	55 
3010	171 
3011	192 
3012	64 114 200 208 
3013	232 
3014	146 
3015	253 
3016	31 
3017	146 
3018	265 
3019	46 
3020	181 227 256 259 
3021	59 
3022	120 162 190 224 
3023	181 
3024	53 
3025	244 
3026	131 
3027	148 
3028	132 
3029	147 
3030	12 
3031	62 
3032	72 
3033	251 
3034	21 87 120 154 
3035	112 
3036	17 21 112 239 
3037	244 
3038	64 
3039	87 
3040	242 
3041	49 
3042	250 
3043	158 
3044	15 40 67 119 
3045	108 
3046	212 
3047	19 31 84 107 
3048	197 
3049	116 
3050	100 
3051	212 
3052	212 
3053	261 
3054	34 
3055	145 
3056	17 
3057	246 
3058	167 
3059	65 
3060	168 
3061	153 
3062	114 
3063	17 131 221 239 
3064	217 
3065	118 
3066	44 
3067	89 
3068	228 
3069	216 
3070	142 
3071	49 
3072	141 
3073	203 
3074	71 84 221 242 
3075	69 
3076	262 
3077	193 
3078	35 
3079	10 
3080	183 
3081	235 
3082	42 
3083	52 
3084	95 
3085	94 
3086	107 
3087	15 
3088	209 
3089	111 
3090	2 
3091	19 
3092	147 
3093	122 
3094	73 
3095	201 
3096	4 
3097	265 
3098	81 129 224 261 
3099	198 
3100	183 
3101	239 
3102	264 
3103	74 83 200 258 
3104	86 
3105	38 
3106	115 
3107	21 
3108	101 
3109	160 
3110	80 
3111	231 
3112	80 
3113	17 
3114	37 
3115	105 
3116	44 
3117	207 
3118	247 
3119	105 
3120	6 
3121	53 58 62 120 
3122	199 
3123	85 
3124	171 
3125	230 
3126	44 
3127	76 
3128	169 
3129	116 
3130	253 
3131	240 
3132	15 19 184 201 
3133	192 
3134	203 
3135	2 
3136	69 
3137	186 
3138	235 
3139	156 
3140	11 64 198 267 
3141	197 
3142	190 
3143	49 
3144	189 
3145	266 
3146	179 
3147	129 
3148	251 
3149	190 
3150	245 
3151	19 164 193 207 
3152	59 
3153	139 
3154	167 
3155	15 
3156	17 61 118 153 
3157	221 
3158	231 
3159	134 
3160	246 
3161	175 
3162	201 
3163	221 
3164	30 
3165	65 120 137 249 
3166	17 
3167	65 
3168	156 
3169	88 
3170	146 
3171	30 31 129 207 
3172	105 149 152 259 
3173	121 
3174	9 
3175	100 
3176	139 
3177	72 
3178	4 
3179	229 
3180	258 
3181	29 
3182	107 
3183	7 181 190 262 
3184	31 
3185	137 
3186	17 
3187	229 
3188	85 146 207 264 
3189	200 
3190	141 
3191	31 
3192	31 
3193	47 
3194	144 
3195	206 
3196	48 
3197	55 177 206 262 
3198	136 
3199	221 
3200	103 
3201	201 
3202	83 160 236 263 
3203	53 104 206 218 
3204	35 
3205	194 
3206	261 
3207	2 
3208	207 
3209	53 
3210	232 
3211	13 
3212	56 
3213	154 
3214	52 102 141 222 
3215	107 
3216	151 
3217	107 
3218	103 
3219	248 
3220	22 
3221	160 
3222	234 
3223	106 
3224	84 
3225	102 
3226	89 
3227	17 
3228	254 
3229	144 
3230	237 
3231	118 
3232	106 
3233	73 
3234	154 
3235	84 
3236	103 
3237	225 
3238	247 
3239	48 
3240	55 
3241	42 
3242	176 
3243	32 
3244	221 
3245	15 
3246	201 
3247	225 
3248	16 
3249	213 
3250	267 
3251	111 
3252	14 
3253	264 
3254	105 
3255	126 
3256	150 
3257	54 
3258	197 
3259	41 
3260	69 
3261	146 
3262	46 
3263	116 
3264	118 
3265	187 
3266	169 
3267	132 
3268	43 
3269	11 
3270	45 
3271	227 
3272	19 
3273	30 
3274	76 
3275	178 
3276	86 
3277	5 
3278	22 
3279	99 
3280	18 133 170 186 
3281	136 
3282	238 
3283	90 
3284	8 
3285	131 
3286	75 79 227 261 
3287	31 102 106 142 
3288	82 
3289	248 
3290	258 
3291	236 
3292	116 
3293	24 
3294	59 
3295	235 
3296	5 
3297	203 
3298	188 
3299	141 
3300	91 
3301	35 
3302	8 
3303	143 
3304	21 
3305	159 
3306	258 
3307	253 
3308	18 
3309	59 
3310	223 
3311	137 
3312	257 
3313	66 
3314	43 
3315	15 211 226 234 
3316	18 163 242 262 
3317	130 
3318	30 
3319	227 
3320	102 
3321	101 
3322	84 
3323	72 
3324	67 221 222 242 
3325	33 103 223 233 
3326	175 
3327	154 
3328	203 
3329	184 
3330	260 
3331	250 
3332	136 
3333	107 
3334	57 
3335	82 172 237 260 
3336	253 
3337	156 
3338	91 195 254 264 
3339	243 
3340	208 
3341	11 
3342	176 
3343	80 84 125 158 
3344	57 
3345	126 
3346	85 
3347	201 
3348	91 
3349	103 
3350	96 
3351	151 
3352	166 
3353	183 
3354	17 
3355	108 
3356	211 
3357	39 88 103 261 
3358	186 
3359	17 19 180 201 
3360	26 
3361	155 
3362	137 
3363	199 
3364	75 
3365	37 
3366	180 
3367	138 
3368	235 
3369	60 
3370	211 
3371	21 
3372	112 
3373	104 
3374	136 
3375	66 
3376	245 
3377	2 
3378	205 
3379	180 
3380	81 163 202 207 
3381	31 66 91 133 
3382	176 
3383	82 
3384	121 
3385	8 
3386	239 
3387	224 
3388	258 
3389	80 
3390	139 
3391	71 
3392	35 
3393	179 
3394	201 
3395	262 
3396	198 
3397	225 
3398	89 
3399	55 
3400	13 
3401	184 
3402	185 
3403	23 
3404	260 
3405	63 
3406	245 
3407	81 
3408	67 
3409	112 
3410	99 
3411	190 
3412	68 
3413	200 
3414	115 
3415	16 150 211 248 
3416	254 
3417	201 
3418	142 146 159 162 
3419	21 
3420	65 
3421	153 
3422	261 
3423	113 
3424	205 
3425	169 
3426	193 
3427	46 
3428	89 
3429	248 
3430	93 
3431	237 
3432	104 
3433	129 
3434	63 
3435	219 
3436	225 
3437	32 
3438	43 
3439	237 
3440	13 
3441	139 
3442	16 
3443	64 
3444	139 
3445	132 
3446	108 
3447	248 
3448	21 
3449	217 
3450	36 
3451	108 
3452	159 
3453	231 
3454	106 
3455	45 
3456	224 
3457	261 
3458	4 
3459	149 
3460	14 18 38 70 
3461	97 
3462	217 
3463	23 
3464	76 
3465	21 145 213 261 
3466	225 
3467	167 
3468	236 
3469	258 
3470	154 
3471	88 
3472	224 
3473	1 
3474	241 
3475	195 
3476	175 
3477	23 50 137 211 
3478	13 
3479	43 
3480	221 
3481	172 
3482	250 
3483	162 
3484	71 
3485	15 
3486	151 
3487	225 
3488	158 
3489	187 
3490	124 
3491	136 
3492	75 
3493	245 
3494	140 
3495	232 
3496	136 
3497	261 
3498	38 
3499	130 
3500	33 
3501	187 
3502	248 
3503	121 
3504	115 
3505	127 
3506	95 
3507	121 
3508	107 
3509	210 
3510	250 
3511	238 
3512	39 
3513	11 
3514	214 
3515	208 
3516	7 
3517	85 
3518	206 
3519	220 
3520	242 
3521	45 
3522	146 158 192 254 
3523	67 
3524	169 
3525	255 
3526	56 
3527	37 66 96 144 
3528	121 
3529	123 
3530	126 
3531	113 
3532	71 
3533	19 90 97 224 
3534	4 
3535	217 
3536	30 
3537	231 
3538	150 
3539	129 
3540	126 
3541	204 
3542	66 
3543	175 
3544	219 
3545	8 
3546	69 
3547	141 
3548	186 
3549	253 
3550	214 
3551	52 
3552	142 
3553	185 
3554	5 141 189 217 
3555	152 
3556	19 
3557	2 33 38 127 
3558	61 
3559	20 23 146 251 
3560	110 
3561	141 
3562	123 
3563	176 
3564	173 
3565	35 
3566	53 
3567	66 67 143 168 
3568	178 
3569	15 59 103 128 
3570	140 
3571	149 
3572	21 
3573	72 117 205 263 
3574	69 
3575	146 
3576	217 
3577	129 
3578	15 
3579	110 
3580	120 
3581	13 
3582	47 
3583	28 
3584	96 
3585	18 38 103 224 
3586	268 
3587	125 
3588	6 
3589	206 
3590	5 
3591	227 
3592	250 
3593	111 
3594	182 
3595	180 
3596	70 
3597	61 
3598	236 
3599	59 
3600	37 
3601	211 
3602	51 
3603	180 
3604	127 
3605	53 71 158 210 
3606	193 
3607	205 
3608	53 
3609	153 
3610	151 
3611	7 62 156 175 
3612	58 
3613	234 
3614	164 
3615	263 
3616	13 
3617	206 
3618	225 
3619	39 
3620	136 
3621	57 
3622	7 38 244 259 
3623	163 
3624	183 
3625	15 
3626	205 
3627	151 
3628	5 41 166 214 
3629	28 36 85 154 
3630	50 
3631	15 
3632	72 
3633	58 
3634	246 
3635	56 131 141 228 
3636	157 
3637	260 
3638	13 
3639	69 
3640	260 
3641	117 
3642	216 
3643	106 
3644	56 
3645	30 
3646	182 
3647	221 
3648	227 
3649	38 85 129 252 
3650	227 
3651	214 
3652	180 
3653	204 
3654	145 
3655	100 
3656	74 
3657	92 
3658	13 
3659	155 
3660	49 
3661	199 
3662	114 
3663	112 
3664	53 
3665	64 
3666	96 
3667	211 
3668	41 
3669	259 
3670	72 80 154 266 
3671	97 
3672	126 
3673	31 
3674	23 
3675	241 
3676	64 
3677	50 
3678	182 
3679	77 
3680	235 
3681	159 
3682	225 
3683	5 88 167 177 
3684	77 
3685	258 
3686	64 
3687	77 
3688	119 
3689	263 
3690	166 
3691	213 
3692	55 
3693	30 
3694	118 
3695	112 
3696	64 
3697	148 
3698	173 
3699	55 
3700	43 
3701	253 
3702	131 
3703	188 
3704	266 
3705	204 
3706	47 
3707	35 
3708	15 
3709	5 
3710	15 28 229 261 
3711	212 
3712	240 
3713	235 
3714	55 
3715	203 
3716	106 
3717	183 
3718	106 
3719	10 60 75 83 
3720	139 
3721	2 
3722	236 
3723	164 
3724	136 
3725	83 
3726	93 
3727	254 
3728	240 
3729	8 
3730	77 
3731	79 
3732	17 
3733	201 
3734	156 
3735	92 
3736	166 
3737	19 
3738	19 
3739	239 
3740	225 
3741	127 
3742	248 
3743	115 
3744	218 
3745	227 
3746	89 
3747	155 
3748	119 
3749	261 
3750	83 
3751	46 
3752	74 
3753	194 
3754	212 
3755	131 
3756	229 
3757	121 
3758	38 
3759	60 154 220 226 
3760	236 
3761	101 
3762	239 
3763	111 
3764	136 
3765	41 
3766	47 
3767	75 
3768	41 
3769	235 
3770	132 
3771	119 
3772	61 
3773	230 
3774	63 
3775	41 64 160 202 
3776	5 
3777	72 
3778	16 
3779	220 
3780	172 
3781	71 
3782	242 
3783	261 
3784	229 
3785	248 
3786	193 
3787	151 
3788	75 158 159 241 
3789	184 
3790	149 
3791	6 106 142 198 
3792	118 163 188 261 
3793	28 
3794	45 
3795	190 
3796	130 
3797	83 102 151 263 
3798	183 
3799	60 
3800	107 
3801	56 
3802	155 
3803	218 
3804	98 
3805	13 
3806	250 
3807	262 
3808	90 
3809	15 
3810	84 
3811	100 
3812	13 15 186 234 
3813	158 
3814	127 
3815	215 
3816	78 
3817	158 159 169 221 
3818	219 
3819	261 
3820	129 
3821	79 
3822	139 
3823	226 
3824	19 
3825	210 
3826	189 
3827	126 
3828	212 
3829	198 
3830	261 
3831	242 
3832	212 
3833	77 
3834	108 
3835	206 
3836	71 
3837	163 
3838	201 
3839	212 
3840	183 
3841	6 
3842	185 
3843	182 
3844	6 
3845	212 
3846	71 
3847	206 
3848	92 
3849	36 
3850	15 
3851	191 
3852	43 
3853	63 
3854	23 
3855	3 110 155 240 
3856	46 67 199 221 
3857	177 
3858	204 
3859	212 
3860	57 
3861	185 
3862	190 
3863	120 
3864	116 
3865	100 
3866	177 
3867	137 
3868	175 
3869	26 
3870	88 
3871	205 
3872	232 
3873	186 
3874	115 
3875	167 
3876	213 
3877	149 
3878	3 
3879	59 
3880	64 107 128 261 
3881	51 
3882	103 
3883	27 
3884	74 
3885	253 
3886	265 
3887	56 
3888	183 
3889	241 
3890	105 
3891	201 
3892	121 
3893	51 
3894	258 
3895	186 
3896	21 
3897	101 
3898	72 
3899	87 
3900	121 
3901	38 
3902	52 
3903	207 
3904	166 
3905	80 
3906	79 
3907	266 
3908	34 
3909	214 
3910	38 154 175 182 
3911	13 33 44 217 
3912	101 
3913	58 
3914	19 136 149 254 
3915	235 
3916	17 
3917	115 
3918	256 
3919	32 
3920	56 69 72 186 
3921	167 
3922	164 
3923	87 
3924	153 
3925	110 
3926	182 
3927	72 
3928	33 
3929	108 
3930	248 
3931	181 
3932	115 
3933	169 
3934	108 
3935	7 
3936	96 
3937	200 
3938	122 
3939	172 
3940	28 
3941	166 
3942	101 
3943	6 116 127 253 
3944	201 
3945	190 
3946	158 
3947	80 
3948	172 
3949	264 
3950	180 
3951	205 
3952	124 
3953	21 110 235 237 
3954	205 
3955	189 
3956	103 
3957	177 
3958	230 
3959	136 
3960	66 
3961	110 121 154 171 
3962	253 
3963	216 
3964	84 
3965	264 
3966	252 
3967	66 193 195 210 
3968	134 
3969	16 84 92 172 
3970	136 
3971	61 
3972	44 
3973	49 
3974	253 
3975	233 
3976	191 
3977	69 
3978	36 
3979	229 
3980	123 137 171 223 
3981	139 
3982	88 
3983	110 
3984	171 
3985	82 
3986	44 61 113 216 
3987	3 
3988	47 
3989	45 
3990	155 
3991	223 
3992	56 
3993	221 
3994	162 
3995	200 
3996	89 
3997	116 
3998	174 
3999	171 
4000	109 
4001	134 
4002	61 
4003	201 
4004	53 66 78 202 
4005	31 
4006	154 
4007	12 
4008	49 
4009	9 
4010	34 45 102 226 
4011	145 
4012	228 
4013	267 
4014	53 
4015	227 
4016	34 
4017	163 
4018	31 104 222 263 
4019	34 
4020	53 
4021	98 
4022	199 
4023	253 
4024	4 139 146 235 
4025	247 
4026	14 84 110 263 
4027	116 144 159 175 
4028	17 
4029	48 
4030	115 
4031	115 166 206 209 
4032	205 
4033	19 
4034	45 
4035	52 
4036	167 
4037	55 
4038	109 
4039	208 
4040	31 
4041	124 
4042	141 
4043	169 
4044	123 
4045	242 
4046	192 
4047	142 
4048	63 
4049	139 
4050	38 
4051	110 
4052	113 
4053	112 
4054	177 
4055	142 
4056	167 
4057	51 
4058	33 
4059	175 
4060	212 
4061	46 
4062	249 
4063	200 
4064	72 
4065	180 
4066	262 
4067	257 
4068	21 64 131 190 
4069	98 
4070	43 
4071	199 
4072	107 
4073	192 
4074	264 
4075	75 
4076	46 83 168 250 
4077	41 
4078	231 
4079	60 
4080	263 
4081	83 
4082	62 
4083	104 
4084	243 
4085	213 
4086	134 
4087	250 
4088	73 
4089	160 
4090	80 
4091	154 
4092	146 
4093	225 
4094	123 147 206 225 
4095	5 
4096	104 
4097	31 120 157 202 
4098	75 
4099	123 
4100	84 
4101	118 
4102	212 
4103	202 
4104	30 
4105	77 
4106	245 
4107	85 
4108	17 171 192 263 
4109	5 
4110	162 
4111	36 
4112	70 
4113	206 
4114	70 
4115	10 115 171 262 
4116	221 
4117	45 
4118	46 
4119	45 
4120	35 
4121	202 
4122	185 
4123	126 
4124	249 
4125	68 
4126	69 
4127	160 
4128	225 
4129	43 
4130	242 
4131	146 
4132	122 
4133	225 
4134	231 
4135	59 
4136	17 
4137	38 123 175 180 
4138	47 
4139	238 
4140	40 44 86 177 
4141	61 
4142	219 
4143	64 
4144	5 
4145	136 
4146	238 
4147	106 
4148	5 115 118 221 
4149	132 
4150	205 
4151	156 
4152	53 
4153	51 
4154	21 
4155	14 
4156	225 
4157	155 
4158	22 
4159	237 
4160	216 
4161	107 
4162	238 
4163	139 
4164	259 
4165	124 
4166	229 
4167	43 115 155 247 
4168	38 187 235 241 
4169	4 
4170	175 
4171	48 
4172	190 
4173	137 
4174	182 
4175	55 82 140 263 
4176	45 
4177	166 
4178	174 
4179	235 
4180	180 
4181	63 
4182	211 
4183	5 14 46 200 
4184	85 
4185	90 
4186	80 
4187	137 
4188	267 
4189	122 
4190	166 
4191	53 
4192	38 
4193	259 
4194	52 
4195	168 
4196	227 
4197	47 158 192 206 
4198	51 
4199	58 
4200	258 
4201	231 
4202	13 
4203	123 
4204	78 
4205	84 
4206	19 
4207	167 
4208	123 
4209	1 
4210	108 
4211	61 
4212	107 
4213	84 
4214	219 
4215	212 
4216	210 
4217	210 
4218	130 
4219	255 
4220	176 
4221	13 
4222	149 
4223	16 71 142 184 
4224	32 
4225	201 
4226	2 
4227	90 
4228	54 
4229	246 
4230	121 180 201 224 
4231	80 
4232	131 
4233	139 
4234	184 
4235	253 
4236	46 53 160 258 
4237	154 
4238	49 
4239	150 
4240	232 
4241	184 
4242	122 
4243	71 
4244	53 
4245	104 
4246	253 
4247	146 
4248	103 
4249	55 67 200 249 
4250	61 90 212 224 
4251	131 
4252	43 
4253	232 
4254	14 
4255	112 
4256	8 85 160 245 
4257	154 
4258	82 
4259	58 
4260	19 
4261	193 
4262	200 
4263	6 131 220 243 
4264	19 
4265	47 
4266	80 
4267	165 
4268	32 
4269	49 
4270	129 174 189 242 
4271	161 
4272	258 
4273	16 
4274	136 
4275	44 
4276	123 
4277	28 82 126 248 
4278	163 
4279	77 92 216 268 
4280	209 
4281	56 
4282	127 
4283	9 
4284	139 
4285	166 
4286	54 
4287	71 
4288	267 
4289	68 
4290	201 
4291	123 
4292	93 
4293	118 
4294	237 
4295	44 
4296	176 
4297	179 
4298	216 
4299	152 
4300	175 
4301	172 
4302	261 
4303	112 
4304	241 
4305	11 
4306	163 
4307	39 
4308	122 
4309	107 
4310	10 97 147 200 
4311	121 
4312	11 
4313	4 
4314	85 
4315	225 
4316	206 
4317	39 
4318	95 
4319	50 
4320	32 
4321	81 
4322	139 
4323	225 
4324	5 
4325	59 
4326	248 
4327	87 118 175 238 
4328	176 
4329	185 
4330	242 
4331	53 
4332	80 
4333	6 
4334	31 
4335	241 
4336	157 
4337	23 
4338	16 
4339	199 
4340	263 
4341	158 
4342	241 
4343	131 
4344	180 
4345	160 
4346	93 
4347	177 
4348	112 
4349	216 
4350	183 
4351	14 59 63 250 
4352	201 
4353	8 80 98 145 
4354	206 
4355	264 
4356	145 
4357	75 
4358	10 115 173 207 
4359	5 82 147 259 
4360	132 
4361	74 
4362	190 
4363	3 
4364	104 
4365	235 
4366	164 
4367	122 
4368	45 
4369	122 
4370	6 
4371	84 
4372	162 
4373	180 
4374	31 
4375	84 172 177 243 
4376	162 
4377	129 
4378	101 
4379	34 
4380	180 
4381	105 
4382	136 
4383	150 
4384	21 
4385	45 
4386	107 
4387	85 
4388	71 
4389	87 152 167 177 
4390	15 
4391	24 34 75 207 
4392	55 
4393	11 
4394	106 
4395	200 
4396	30 35 213 254 
4397	248 
4398	15 46 166 265 
4399	167 
4400	175 
4401	250 
4402	251 
4403	158 
4404	158 
4405	193 
4406	214 
4407	122 
4408	83 221 248 261 
4409	17 
4410	255 
4411	35 
4412	241 
4413	4 131 204 220 
4414	64 
4415	177 
4416	164 
4417	118 
4418	6 
4419	11 
4420	227 
4421	198 
4422	110 
4423	78 
4424	221 
4425	223 
4426	140 
4427	69 116 132 229 
4428	117 
4429	185 
4430	12 38 67 139 
4431	14 
4432	52 
4433	105 128 183 253 
4434	79 
4435	33 
4436	98 
4437	159 
4438	248 
4439	207 
4440	199 
4441	55 
4442	85 107 166 236 
4443	32 84 122 240 
4444	50 
4445	207 
4446	114 
4447	243 
4448	195 
4449	255 
4450	14 
4451	207 
4452	15 
4453	249 
4454	41 
4455	240 
4456	79 
4457	207 
4458	248 
4459	241 
4460	162 
4461	177 
4462	44 
4463	164 
4464	229 
4465	231 
4466	102 
4467	193 
4468	61 
4469	234 
4470	205 
4471	193 
4472	177 
4473	5 
4474	235 
4475	104 
4476	223 
4477	177 
4478	107 
4479	208 
4480	104 
4481	239 
4482	258 
4483	82 
4484	43 123 135 166 
4485	158 
4486	71 
4487	246 
4488	224 
4489	16 146 166 239 
4490	17 
4491	33 
4492	136 
4493	147 
4494	30 
4495	92 
4496	118 
4497	107 
4498	234 
4499	211 
4500	29 57 98 206 
4501	204 
4502	16 
4503	14 
4504	102 
4505	75 
4506	10 38 132 140 
4507	166 
4508	78 
4509	5 
4510	141 
4511	49 
4512	117 
4513	157 
4514	209 
4515	17 
4516	251 
4517	15 233 235 263 
4518	131 
4519	2 125 167 178 
4520	227 
4521	21 84 97 105 
4522	163 
4523	231 
4524	162 
4525	57 164 212 226 
4526	183 
4527	85 
4528	240 
4529	157 
4530	190 
4531	177 
4532	21 57 153 175 
4533	3 34 85 198 
4534	79 
4535	118 
4536	185 
4537	142 
4538	35 56 105 156 
4539	217 
4540	214 
4541	121 
4542	155 
4543	82 
4544	17 150 204 253 
4545	186 
4546	17 
4547	159 
4548	200 
4549	138 
4550	166 
4551	78 80 162 265 
4552	105 
4553	154 
4554	209 
4555	253 
4556	115 
4557	105 
4558	172 
4559	248 
4560	118 
4561	171 
4562	27 136 221 238 
4563	79 
4564	164 
4565	83 
4566	198 
4567	98 
4568	142 
4569	14 
4570	35 123 125 138 
4571	267 
4572	201 
4573	33 
4574	26 154 166 223 
4575	21 157 198 253 
4576	226 
4577	25 146 147 216 
4578	49 
4579	21 55 90 195 
4580	46 
4581	118 
4582	221 
4583	131 
4584	45 
4585	89 139 166 237 
4586	31 41 158 201 
4587	13 
4588	80 
4589	15 
4590	85 
4591	89 
4592	253 
4593	214 
4594	213 
4595	181 
4596	83 
4597	43 76 102 145 
4598	248 
4599	204 
4600	11 34 126 239 
4601	56 
4602	136 
4603	90 
4604	112 
4605	112 
4606	166 
4607	176 
4608	181 
4609	53 84 85 219 
4610	63 
4611	259 
4612	50 
4613	245 
4614	72 
4615	235 
4616	246 
4617	89 
4618	142 
4619	248 
4620	89 
4621	57 
4622	142 
4623	147 
4624	84 
4625	225 
4626	18 
4627	80 
4628	66 
4629	193 
4630	162 
4631	254 
4632	141 
4633	253 
4634	19 123 181 243 
4635	245 
4636	38 59 68 115 
4637	227 
4638	122 
4639	238 
4640	10 157 245 251 
4641	199 
4642	53 
4643	122 
4644	75 159 258 262 
4645	46 138 211 212 
4646	207 
4647	82 
4648	71 
4649	15 
4650	259 
4651	45 129 255 264 
4652	107 
4653	45 
4654	58 
4655	198 
4656	49 
4657	38 137 160 223 
4658	229 
4659	105 
4660	163 
4661	90 
4662	162 
4663	45 
4664	207 
4665	116 
4666	107 
4667	72 
4668	164 
4669	21 
4670	118 
4671	142 
4672	53 
4673	239 
4674	235 
4675	245 
4676	243 
4677	30 
4678	180 
4679	180 
4680	190 
4681	60 
4682	181 
4683	157 
4684	142 
4685	167 
4686	121 
4687	126 
4688	261 
4689	267 
4690	38 80 112 190 
4691	238 
4692	177 185 220 240 
4693	232 
4694	166 
4695	84 
4696	9 24 123 167 
4697	30 
4698	60 96 122 180 
4699	261 
4700	149 
4701	199 211 212 243 
4702	50 
4703	110 
4704	53 60 82 142 
4705	226 
4706	107 
4707	55 
4708	167 
4709	199 
4710	88 
4711	72 
4712	136 
4713	198 
4714	147 
4715	5 
4716	17 
4717	198 
4718	159 
4719	107 
4720	243 
4721	85 
4722	15 87 207 217 
4723	190 
4724	124 158 238 256 
4725	56 
4726	61 
4727	181 
4728	79 
4729	217 
4730	122 
4731	30 
4732	154 
4733	24 63 66 180 
4734	19 
4735	190 
4736	121 
4737	180 
4738	240 
4739	240 
4740	107 
4741	11 
4742	71 
4743	56 
4744	131 
4745	164 
4746	118 
4747	15 
4748	71 
4749	136 
4750	248 
4751	185 
4752	175 
4753	118 
4754	64 
4755	125 
4756	19 
4757	225 
4758	199 
4759	49 
4760	14 17 176 211 
4761	141 
4762	19 
4763	183 
4764	159 
4765	185 
4766	154 161 211 225 
4767	17 
4768	240 
4769	155 
4770	107 122 191 263 
4771	84 
4772	221 
4773	7 37 80 217 
4774	142 
4775	21 66 79 229 
4776	237 
4777	201 
4778	106 118 173 214 
4779	118 
4780	69 
4781	60 
4782	248 
4783	14 
4784	229 
4785	71 177 207 209 
4786	118 
4787	17 
4788	238 
4789	137 
4790	56 
4791	261 
4792	34 
4793	164 
4794	57 
4795	205 
4796	110 
4797	72 
4798	261 
4799	125 
4800	223 
4801	142 
4802	49 
4803	41 
4804	90 
4805	83 
4806	112 149 227 235 
4807	30 43 56 235 
4808	126 
4809	43 
4810	227 
4811	158 
4812	131 
4813	11 
4814	30 
4815	61 
4816	212 
4817	160 
4818	57 
4819	137 
4820	137 
4821	190 
4822	16 
4823	56 
4824	171 
4825	226 
4826	90 
4827	17 177 235 238 
4828	58 
4829	205 
4830	44 
4831	69 
4832	235 
4833	57 94 114 143 
4834	56 
4835	261 
4836	17 
4837	112 122 198 250 
4838	84 
4839	136 
4840	110 
4841	214 
4842	69 
4843	71 
4844	198 
4845	158 167 171 186 
4846	86 114 162 207 
4847	110 
4848	41 
4849	69 
4850	121 
4851	34 
4852	38 92 108 232 
4853	116 118 137 172 
4854	64 
4855	229 
4856	131 
4857	162 
4858	103 
4859	225 
4860	14 
4861	217 
4862	121 
4863	174 214 251 259 
4864	38 
4865	186 
4866	235 
4867	225 
4868	69 
4869	16 
4870	225 
4871	46 159 178 260 
4872	55 
4873	221 
4874	180 
4875	60 
4876	159 
4877	214 
4878	110 
4879	45 
4880	259 
4881	15 45 140 259 
4882	122 
4883	66 
4884	76 155 221 226 
4885	126 166 178 225 
4886	15 
4887	102 
4888	34 
4889	206 
4890	32 112 146 181 
4891	80 
4892	253 
4893	154 
4894	107 
4895	60 
4896	15 
4897	129 
4898	30 
4899	83 121 126 167 
4900	180 
4901	234 
4902	227 
4903	190 
4904	142 
4905	138 
4906	85 
4907	162 
4908	92 118 179 188 
4909	225 
4910	15 30 46 201 
4911	180 
4912	198 
4913	167 
4914	229 
4915	30 47 195 239 
4916	139 
4917	137 
4918	71 
4919	141 
4920	137 
4921	112 
4922	85 
4923	7 175 224 232 
4924	43 142 150 164 
4925	123 
4926	38 49 61 253 
4927	83 
4928	50 122 164 243 
4929	201 
4930	74 163 180 182 
4931	261 
4932	61 
4933	41 
4934	18 46 206 250 
4935	38 96 132 255 
4936	51 102 115 148 
4937	207 
4938	50 80 82 237 
4939	175 
4940	171 
4941	214 
4942	112 
4943	154 
4944	46 
4945	186 
4946	186 
4947	239 
4948	71 
4949	164 
4950	14 
4951	60 
4952	258 
4953	71 
4954	31 
4955	186 
4956	4 167 181 185 
4957	45 
4958	185 
4959	14 
4960	221 
4961	137 
4962	201 
4963	185 
4964	85 
4965	180 
4966	137 
4967	31 
4968	158 
4969	34 
4970	38 
4971	45 
4972	226 
4973	45 
4974	61 
4975	115 
4976	201 
4977	84 
4978	19 58 77 158 
4979	166 
4980	212 
4981	207 
4982	31 
4983	19 
4984	139 
4985	118 133 149 185 
4986	71 
4987	259 
4988	19 68 140 192 
4989	46 
4990	13 128 129 131 
4991	5 146 227 253 
4992	137 
4993	240 
4994	227 
4995	185 
4996	118 
4997	206 
4998	112 
4999	207 
5000	46 
