1 3729
2 4968
3 4839
4 4972
5 4969
6 4903 4976
7 4321 4898
8 4046
9 4194
10 4943
11 3308
12 4799
13 2972 3256 4247
14 4620
15 3729 4247
16 4594 4763
17 4994
18 4998
19 4909
20 4479
21 4854
22 614 1414
23 2649
24 4968
25 4828
26 1923 3181
27 4477
28 4849
29 4043
30 2649
31 4328
32 3803
33 614
34 4234
35 4972
36 4977
37 4009
38 4850
39 4599
40 3929
41 4903
42 3456
43 4968
44 3869
45 3698 4987
46 4887
47 3976
48 5000
49 4979
50 3276
51 3371
52 4700 4828
53 2429 4642
54 3987
55 3216
56 3060
57 4301
58 4830
59 4876
60 3420 3583
61 4940
62 4931
63 3519
64 3181
65 4292
66 3229
67 1434
68 4523
69 4913
70 4979
71 5000
72 4912
73 4758
74 3519 4234
75 4892
76 4913
77 1366
78 4321
79 4960
80 2755
81 4759 4913
82 4610
83 4933
84 2351
85 4839
86 3408
87 4428
88 4675
89 3688
90 4809
91 4523
92 4981
93 4000
94 4849
95 4759
96 4080
97 4979
98 4491
99 4957
100 4330
101 4922
102 4872
103 4292
104 4401
105 2530
106 4940
107 4887
108 4267 4620
109 1252
110 2429 3216
111 2660
112 3181
113 4057
114 4080
115 4828
116 4995
117 4800
118 4905
119 3815
120 4543
121 4976
122 4813
123 4514
124 4866
125 4979
126 4676
127 4931
128 4966
129 3371 4975
130 4433
131 4922
132 4968
133 4320
134 4809
135 4987
136 3803
137 4995
138 4330
139 4897
140 4508
141 2809
142 4715
143 4543
144 4710
145 4325
146 3796 4178
147 4957
148 4727
149 4922
150 2992
151 3251 3371 4124
152 3703
153 3251
154 3037
155 4901
156 1252
157 3869
158 4965
159 4009
160 4800
161 4947
162 4925
163 4975
164 4903
165 4776
166 4947
167 4449
168 3815
169 4449
170 4939
171 4905
172 4939
173 4826
174 4513
175 4901
176 4987
177 5000
178 4823
179 4330
180 2613
181 4147
182 2351
183 3815
184 4984
185 4428
186 4823
187 3079
188 4763
189 4629
190 2755
191 4178 4970
192 4925
193 4914
194 4957
195 4147 4321
196 2660
197 3256
198 4729
199 4866
200 4933
201 3929
202 3420
203 4797
204 4897
205 4970
206 3727
207 4361
208 4321
209 4823 4905
210 4887
211 4912
212 4799
213 4940
214 4459
215 4147 4628 4968
216 4967
217 2712 3371
218 4940
219 4941
220 4247 4628
221 4966
222 4194
223 4892 4905
224 4955
225 4898
226 3727
227 4891
228 4876
229 4436
230 3229
231 4941
232 4361
233 3037
234 4361
235 3256
236 4894
237 4925
238 4228
239 4702
240 4508
241 4818
242 3256 4913
243 4808
244 4075
245 1793
246 5000
247 4872
248 4800
249 2981
250 4891
251 3031
252 4854
253 4979
254 2755
255 3456
256 4839 4891 4987
257 3869
258 2452
259 4800
260 4850
261 3935 4548
262 4984
263 4966
264 4147
265 4943
266 3216
267 4957
268 4894
269 4693
270 3727
271 4693
272 4951
273 3258
274 4714 4826 4969
275 4642
276 3377
277 4057
278 4499
279 4702
280 4986
281 4940
282 4808
283 3031
284 4642
285 4979
286 4587
287 4979
288 3968
289 4980
290 4829
291 4987
292 4977
293 4979
294 3704
295 4818
296 4702
297 4925
298 4702
299 4043
300 1793 4710 4913
301 3729 4727
302 4907
303 3256
304 2825
305 2992
306 4057
307 3220
308 4599
309 4178
310 4862
311 4702
312 4994
313 1923
314 3060
315 3216
316 4914
317 4931
318 4903
319 4969
320 4968
321 4919
322 4513
323 4628
324 4876
325 4011
326 4823 4970
327 4967
328 4891
329 4587
330 4854
331 4411
332 3258 4610
333 3662
334 2825
335 4495
336 3583
337 4979
338 2638
339 3583
340 4981
341 4952
342 4939
343 4750
344 4234
345 4887
346 2649
347 4919
348 4897
349 4171
350 4057
351 4986
352 4436
353 4052
354 4872
355 2948
356 4986
357 4866
358 4931
359 4508 4995
360 4896
361 4941
362 4594
363 3741
364 3371 4829 4996
365 4337
366 4675
367 4919
368 4428
369 4980
370 4823
371 3181
372 4970
373 4702
374 4941
375 4075
376 4328
377 4370
378 2649
379 4940
380 3796
381 4952
382 4321
383 4947
384 3377
385 4850
386 2452
387 4523
388 4933
389 4975
390 4009 4808
391 4983
392 4642
393 2613
394 4966
395 4000 4124 4905
396 4138
397 1434
398 4952
399 2429 4903
400 4931
401 4997
402 4788
403 2245
404 3060
405 3220
406 1931 2351
407 3815
408 1386
409 4543
410 4702 4776
411 4328 4952 4970
412 4897
413 4955
414 4360
415 4292 4321
416 4959
417 4941
418 3371
419 4267
420 4896
421 3662
422 4976
423 4320
424 1636
425 4949
426 4349
427 3337
428 4896
429 2972
430 3181
431 4940
432 4000
433 4080
434 4428
435 3568
436 3060
437 4011
438 4949
439 4907
440 4984
441 4714
442 4878
443 4994
444 4922
445 4997
446 4043
447 4856
448 4878
449 4970
450 4976
451 4599
452 4710
453 3978
454 582 4642
455 2245
456 4075
457 4729
458 4949
459 3727
460 4477
461 2996
462 4947
463 4967
464 4894
465 3942
466 4114
467 4759
468 3688
469 3337
470 3688
471 4292
472 582
473 4858
474 4922
475 4823
476 4675
477 4750
478 4715
479 3555
480 4629
481 3662
482 2452
483 4700
484 2452
485 4968
486 4959
487 4981
488 4477
489 4124
490 4997
491 4499
492 4620
493 4829
494 4975
495 4138
496 4947
497 3555 4975
498 4355
499 4995
500 1923 4543
501 4972
502 4933
503 4940
504 4914
505 4969
506 4947
507 4931
508 3031
509 4969
510 3568
511 4433
512 3408
513 4919
514 4548
515 3773
516 4800
517 4975
518 4411
519 3229
520 3258
521 4955
522 3031
523 3031
524 4759
525 3698
526 4543
527 3796
528 4896
529 4966
530 4729
531 4980
532 4428
533 4491
534 3456
535 4983
536 2660
537 3580
538 4228
539 3899
540 4361
541 4904
542 4710
543 3807 4872
544 3773
545 4758
546 4983
547 4966
548 4479
549 3031
550 2789
551 2357 3256
552 4826
553 4728
554 4728
555 4813
556 4307
557 4114
558 3060
559 4909
560 4046
561 4587 4858
562 3258 4325
563 4979
564 4922
565 4907
566 4194
567 4320
568 3456
569 4292
570 4849
571 3703
572 4728
573 3886
574 4898
575 4769
576 4984
577 4799
578 4882
579 4788
580 4872
581 4147
582 582
583 4548
584 4912
585 2452
586 4931
587 4817
588 2452 4009
589 4967
590 4998
591 4984
592 2245
593 4247
594 4800
595 3308
596 4960
597 3698
598 4955
599 4887
600 2809 3803
601 3506 3987
602 4957
603 4171
604 4321
605 4475
606 4124
607 4919
608 4401
609 4898
610 4901
611 4972
612 4862
613 4839
614 614 1414
615 3968
616 4147
617 4689
618 2530
619 5000
620 5000
621 4922
622 4901
623 4809
624 4514
625 3371
626 4009
627 3918
628 3818 4939
629 3811
630 4337
631 4986
632 2660
633 4599
634 4475
635 3276
636 4702
637 4919
638 4894
639 4676
640 3060
641 3408
642 4776
643 4996
644 4710
645 4702
646 4660
647 2809 3274
648 4914
649 4967
650 4823
651 4710
652 4993
653 4866
654 4896
655 4750
656 4892
657 3456
658 3796
659 4939
660 3580
661 4325
662 4894
663 4887
664 4459
665 2681 3807
666 3555
667 4759
668 4075
669 4763 4828
670 4759
671 4939
672 4905
673 4987
674 4826
675 1902 3918
676 3600
677 4891
678 4178
679 3216
680 4984
681 4124
682 3258
683 3410
684 3703
685 3818
686 4642
687 2638
688 3936
689 4587
690 3727
691 4349
692 4892
693 4360
694 4660
695 3568
696 2611
697 4940
698 4411
699 3987
700 4975
701 4499
702 4628
703 3308 4981
704 4758
705 4043
706 2981
707 4088
708 3408
709 4797
710 4960
711 4986
712 4080
713 4628 4941
714 3348
715 4349
716 1165
717 4702
718 4594
719 3818
720 5000
721 4710
722 2263 4897
723 2981
724 3942 4178
725 4997
726 4914
727 4808 4941
728 4321
729 4947
730 4947
731 4932
732 4776
733 4892
734 3600
735 4966
736 4710
737 4939 4970
738 4797
739 4620 4887
740 4933
741 4491
742 4610
743 4788
744 4919
745 3506
746 4898
747 3929
748 4901
749 4610
750 4642
751 4114
752 4892
753 3348
754 3926
755 4894 4979
756 1636 4448
757 2789 4943
758 3303
759 4856
760 4228
761 3899
762 4012
763 4642
764 4919
765 3729
766 4977
767 4826
768 4194
769 4449
770 4912
771 4477
772 3303
773 4927
774 3408
775 4965
776 4997
777 3886
778 4981
779 4947
780 4907
781 4987
782 4850
783 4514
784 2948
785 3461 4675
786 4830
787 4891
788 4660
789 4897
790 1923 4970
791 3869 4479
792 4337 4858
793 4729
794 2996 4313 4972
795 4966
796 4904
797 4981
798 4267
799 4965
800 2992
801 4905
802 2530
803 2981
804 4307
805 4965
806 3987
807 3729
808 4951
809 2611
810 3258
811 3181
812 4171 4228 4676
813 4776
814 3796
815 4849
816 3060
817 4675
818 4983
819 4960
820 4075
821 4823
822 1165 1414
823 4428
824 3815
825 4896
826 3727
827 3420
828 3609
829 4907
830 4499
831 4968
832 4178
833 2608
834 4975
835 4714
836 4862
837 3926
838 4330
839 2825 4449
840 4325 4897
841 4665
842 4448
843 4996
844 4491
845 4997
846 4700
847 1165 3935
848 4896
849 4355
850 2981 4495
851 4970
852 4997
853 3060 4887
854 4361
855 4729
856 4325
857 4370
858 4967
859 3328
860 3698
861 4776
862 4828
863 4878
864 4892
865 4968
866 4858
867 4876
868 4370
869 4808
870 4449
871 4960
872 4325
873 4124
874 4301
875 4216
876 4289
877 3506
878 2948
879 4995
880 4138
881 2712
882 4616
883 3060
884 4854
885 4933
886 4993
887 3935 4894
888 4996
889 3818 4949 4972
890 3942
891 3555
892 4866
893 3274 4927 4975
894 4872
895 2357
896 1636 3815
897 3337
898 4984
899 4321
900 4513
901 2392
902 3371
903 4986
904 4887
905 4894
906 4499
907 4969
908 4977
909 4729
910 3698
911 4856
912 4993
913 3688
914 4919
915 4939
916 4702
917 4320
918 2948
919 4912
920 2004 2809
921 4949
922 4975
923 3060
924 3328
925 4052
926 4981
927 1793 3600
928 4769
929 2004
930 4932
931 4629
932 3727 4495
933 1386 3220
934 1434 2809
935 4979
936 3926
937 3729
938 4957
939 4932
940 4194
941 4913
942 4594
943 4975
944 4800
945 4700 4903
946 4977
947 4993
948 4904
949 2901
950 3031
951 3637
952 4998
953 4939
954 4491
955 4896
956 3079
957 4216
958 3241 4171
959 3328 3942
960 4967 4977
961 4960
962 4349
963 4436
964 4839
965 4939
966 3741
967 4943
968 4449
969 4876
970 4194
971 2789
972 4234
973 3662 4011
974 3929
975 4495
976 4769
977 4966
978 4479
979 4904
980 3256
981 4817
982 4828
983 4858
984 4951
985 4178
986 4629
987 4858
988 3976
989 4904
990 4901
991 4887
992 4892
993 4969
994 4401
995 3420 4642 4891
996 3303
997 4337
998 3899
999 4897
1000 4933
1001 4904
1002 4898
1003 4896
1004 4872
1005 4970
1006 4693
1007 4676
1008 4894
1009 4758
1010 2660
1011 4922
1012 4980
1013 4969
1014 4957
1015 4957
1016 4994
1017 4912
1018 4587
1019 3461
1020 4968
1021 4728
1022 4898
1023 4913
1024 4808
1025 4499 4901
1026 4966
1027 3978
1028 2825
1029 4849
1030 4587
1031 4968
1032 4887
1033 4960
1034 4477
1035 4970
1036 4913
1037 4959
1038 4105
1039 4996
1040 3760
1041 4909
1042 3741
1043 4727
1044 4826
1045 4856
1046 1366
1047 4459
1048 4968
1049 4866
1050 3337
1051 1434
1052 4897
1053 4850 4862
1054 4949
1055 3918
1056 2992
1057 4727
1058 2809 3583
1059 2649
1060 4321
1061 2004
1062 4854
1063 3037
1064 4665
1065 4499
1066 3348
1067 4328 4872
1068 3942
1069 2712
1070 4411
1071 2901
1072 3976
1073 4907 4976
1074 3461
1075 4727
1076 3420
1077 4976
1078 4878
1079 4997
1080 3251 4830
1081 4955
1082 4901
1083 3729 4052
1084 4975
1085 4976
1086 4809
1087 4849
1088 4891
1089 3519 4610 4809
1090 5000
1091 4715
1092 4909
1093 4808
1094 4676
1095 4759
1096 3583
1097 4088
1098 4267
1099 1902
1100 3371 4866 4872
1101 4959
1102 1793
1103 2660
1104 3773
1105 4823
1106 4905
1107 4849
1108 4800
1109 4700 4702
1110 4514
1111 4904
1112 4922
1113 3600 4876
1114 4828
1115 4763
1116 4823
1117 4951
1118 2608
1119 4808
1120 2245
1121 4355
1122 4987
1123 4972
1124 4829
1125 2901
1126 4328
1127 4750
1128 4000
1129 4594
1130 4009
1131 4876
1132 4878
1133 4289
1134 4891 4970
1135 3580 4628
1136 4829
1137 4968
1138 1386
1139 4905
1140 4763
1141 4993
1142 3807
1143 4799
1144 4932
1145 2452
1146 4987
1147 4693
1148 4925
1149 1414 3308
1150 3583
1151 4616
1152 3337
1153 3637
1154 4817
1155 3987
1156 1366
1157 4869
1158 3987
1159 2972
1160 4904
1161 3456
1162 1252 3256
1163 4876
1164 4548
1165 1165 1414
1166 4925
1167 3942
1168 1252
1169 3216 3942 4548
1170 3079 4046
1171 3377
1172 4370
1173 4913
1174 4012
1175 3060 3241
1176 4856
1177 4809
1178 3698
1179 4194
1180 3818
1181 4898
1182 4808
1183 1252
1184 3461
1185 2755
1186 4979
1187 4829
1188 3568
1189 4897
1190 4955
1191 4301
1192 4959
1193 4955
1194 3408
1195 4891
1196 5000
1197 4849
1198 3568
1199 4980
1200 3229
1201 1793
1202 4676
1203 4234
1204 2860
1205 3976
1206 4436
1207 4750
1208 2357
1209 4975
1210 4320
1211 4307
1212 2608 2948
1213 3688 4922 4979
1214 4941
1215 4676
1216 2825
1217 2992
1218 3371 4975
1219 4997
1220 4301
1221 4932
1222 4337
1223 4940
1224 4330
1225 4147
1226 2981
1227 4479
1228 4642
1229 2245 4361 4970
1230 1793
1231 4984
1232 4949
1233 4587
1234 4914
1235 4818
1236 4729
1237 4808 4813
1238 3899
1239 3869
1240 4543
1241 4866
1242 3060
1243 4922
1244 4979
1245 4960
1246 4972
1247 2245
1248 4828
1249 4620
1250 3258 4587
1251 4587
1252 1252
1253 4959
1254 3760
1255 2649
1256 4776
1257 4960
1258 4904
1259 4628
1260 4495
1261 4475
1262 4998
1263 4660
1264 4919
1265 3978
1266 4912
1267 4788
1268 4307
1269 4826
1270 3796
1271 4289
1272 3371
1273 2981
1274 3276
1275 4228
1276 4913
1277 4702 4960
1278 4436 4968 4983 4994
1279 4972
1280 4993
1281 4976
1282 4479
1283 5000
1284 4620
1285 4925
1286 3276
1287 1923 3241 4979
1288 2452
1289 4194
1290 4977
1291 3568
1292 2825
1293 2948
1294 4075
1295 4628
1296 4957
1297 3555
1298 4901
1299 4292
1300 5000
1301 4610
1302 4887
1303 2981
1304 4727
1305 4479
1306 3760
1307 3926
1308 2357
1309 4983
1310 4952
1311 4972
1312 4979
1313 3377
1314 4629
1315 4710
1316 4665 4729 4872
1317 4587
1318 4901
1319 2392
1320 4330
1321 4878
1322 4980
1323 2649
1324 2429
1325 4905
1326 4702
1327 4856
1328 3371
1329 4475
1330 4088
1331 4887
1332 3456 4700 4975
1333 4628
1334 4075
1335 4933
1336 4808
1337 4513
1338 2357 3869
1339 4996
1340 4628
1341 4995
1342 4628
1343 4887
1344 4933
1345 4665 4817 4981
1346 2452
1347 2660
1348 4987
1349 2948
1350 3258
1351 4693
1352 2611
1353 2789
1354 4523
1355 4979
1356 3942
1357 4897
1358 4247
1359 4854
1360 4788
1361 4628
1362 4998
1363 4977
1364 4862
1365 4996
1366 1366
1367 3811
1368 4984
1369 4700
1370 3704
1371 4714
1372 4904
1373 4495
1374 4289
1375 1252
1376 3377
1377 4850
1378 4361
1379 3256 4891
1380 4933
1381 4808
1382 4904
1383 3328
1384 3976
1385 4994
1386 1386
1387 4543
1388 2611
1389 4361
1390 4178
1391 4931
1392 4909
1393 4878
1394 4361
1395 3727
1396 3926
1397 4594
1398 2245
1399 4813
1400 4931
1401 4913
1402 4080
1403 4046
1404 3276
1405 4763
1406 4616
1407 4939
1408 4976
1409 4759
1410 4904
1411 4970
1412 4943
1413 4594
1414 1414
1415 4557
1416 2530
1417 3637
1418 4330 4428 4980
1419 3803
1420 3303
1421 4887
1422 4981
1423 4449
1424 4700 4710
1425 4872
1426 3408
1427 4903
1428 4301
1429 4428
1430 4939
1431 4477
1432 4797
1433 4898
1434 1434
1435 4913
1436 3371
1437 3037
1438 4809
1439 4727
1440 4411
1441 4011
1442 4967
1443 2862
1444 4979
1445 4995
1446 4925
1447 4882
1448 4599
1449 4914
1450 4931
1451 4856
1452 4949
1453 4997
1454 4808
1455 3760
1456 2608
1457 4856
1458 4828
1459 3258
1460 3815
1461 4943
1462 3348 4866
1463 2755
1464 4994
1465 4897
1466 3580
1467 4823
1468 4448
1469 4479
1470 4925
1471 4301
1472 3506
1473 3506
1474 4949
1475 3952
1476 4797
1477 4829
1478 4057
1479 4891 4979
1480 4896
1481 3796
1482 4907
1483 2809
1484 4436
1485 3803
1486 4836
1487 4898
1488 4808
1489 4642
1490 4728
1491 4301
1492 4523
1493 4849
1494 4940
1495 4909
1496 4995
1497 4957
1498 3760
1499 4976
1500 4932
1501 4951
1502 4052 4665
1503 4321 4610 4872
1504 4919
1505 4947
1506 4995
1507 3662
1508 1931 3238
1509 2649
1510 3688
1511 4901
1512 4508
1513 4960
1514 4897
1515 2245 3580
1516 4012
1517 3371 4809
1518 4913
1519 4325
1520 4826
1521 4986
1522 4234
1523 3555
1524 4776
1525 1414
1526 4955
1527 4234
1528 4943
1529 4858
1530 4970
1531 2996
1532 4969
1533 3241
1534 4829
1535 4969
1536 4876
1537 1793 4728
1538 4459
1539 4361
1540 3555
1541 4914
1542 4459
1543 4987
1544 2992
1545 3935
1546 4947
1547 4849
1548 3461
1549 4702
1550 2825 4809
1551 4976
1552 4901
1553 4642 4975
1554 4514
1555 4939
1556 4905
1557 4960
1558 4610
1559 4307
1560 4620
1561 4856
1562 4523
1563 4898
1564 3968
1565 4228
1566 2901 3942
1567 4628
1568 2981
1569 4972
1570 4987
1571 4587
1572 4980
1573 4689
1574 4932
1575 4858
1576 3952
1577 4907
1578 2638 4896
1579 4897 4903
1580 4370
1581 3037
1582 2862
1583 3807 4665
1584 4475
1585 4919
1586 4138 4587
1587 4970
1588 4849
1589 3811
1590 4491 4799
1591 2901
1592 4968
1593 4955
1594 4320
1595 4828
1596 4975
1597 4826
1598 4800
1599 3256
1600 2992
1601 4850 4960
1602 3580
1603 4689
1604 4972
1605 3886 4321
1606 4995
1607 4994
1608 2004
1609 2649
1610 3060
1611 4854
1612 4829
1613 4823
1614 3729 3899
1615 4514
1616 3942
1617 4903
1618 4171
1619 4830
1620 4479
1621 4993
1622 4523
1623 3936
1624 4828
1625 4941
1626 2245
1627 4940
1628 3377
1629 3337
1630 4829
1631 4823
1632 3796
1633 3371
1634 4194
1635 3968
1636 1636
1637 2452 3729
1638 4940
1639 3704
1640 4892
1641 4979
1642 2825
1643 4858
1644 3741 4361
1645 3461
1646 4882
1647 3276
1648 3600
1649 4904
1650 4495
1651 4866
1652 4675
1653 4830
1654 4913
1655 3377
1656 3410
1657 2755
1658 4927
1659 4660 4850 4984
1660 4479
1661 4839
1662 4952
1663 2981 4729
1664 4876
1665 4428
1666 4965
1667 4301
1668 4799
1669 3929
1670 3238
1671 4052
1672 4594
1673 2996
1674 4960
1675 4994
1676 4702
1677 2608 2981
1678 4932
1679 4947
1680 4957
1681 4966
1682 4986
1683 2862
1684 1902
1685 4869
1686 4702
1687 2755
1688 4080
1689 3251
1690 4939
1691 4826
1692 2660 4587
1693 4912
1694 4513
1695 4301
1696 4933 4984
1697 4776
1698 3037
1699 4508
1700 4854
1701 4869
1702 3662
1703 2681
1704 4981
1705 3229
1706 1414
1707 4933
1708 4872
1709 4912
1710 4828
1711 4952
1712 4321
1713 3926
1714 4966
1715 4932
1716 4325
1717 4147 4897
1718 3410
1719 4957
1720 4986
1721 3869
1722 3420
1723 4933
1724 4951
1725 3377 4809
1726 4616
1727 4433 4763
1728 4809 4882
1729 4960
1730 4776
1731 4693
1732 3609
1733 4947
1734 4228
1735 3568
1736 4171
1737 4878
1738 2755
1739 3978
1740 4949
1741 4548
1742 4891
1743 4758
1744 3348 3899
1745 4523
1746 4898
1747 3220
1748 3729
1749 4952
1750 4361 4642 4947
1751 4939
1752 3942
1753 1434
1754 4905
1755 4301
1756 4969
1757 4267
1758 4587 4763
1759 3803
1760 3251
1761 4981
1762 4866
1763 4594
1764 4957
1765 3060
1766 4896
1767 4977
1768 2429
1769 3987
1770 4967
1771 4171
1772 4797
1773 3952
1774 4983
1775 4896
1776 4997
1777 3952
1778 4957
1779 4769
1780 4940
1781 4508
1782 4799
1783 4809
1784 4919
1785 4799
1786 4909
1787 3987
1788 4980
1789 1793
1790 4933
1791 4981
1792 4949
1793 1793
1794 4957
1795 4869
1796 4763
1797 2611 4088 4301 4401
1798 4557
1799 4301
1800 3807 4247 4594
1801 4891
1802 4599
1803 3987
1804 3942
1805 4966
1806 4301
1807 4997
1808 4702
1809 4234
1810 3760
1811 4960
1812 4907
1813 2638 4925
1814 4904
1815 4943
1816 4543
1817 4616
1818 4955
1819 2649 3216
1820 4927
1821 4714
1822 4878
1823 4714
1824 2263
1825 4980
1826 4968
1827 4616
1828 3220 3256
1829 4925
1830 4955
1831 4046
1832 3256
1833 3600 4459
1834 3926
1835 4171
1836 4854
1837 4981
1838 4057
1839 4799
1840 3978
1841 4247
1842 4594 4869
1843 4933
1844 2245 2613
1845 4012
1846 4776
1847 4927
1848 4587 4957 4977
1849 4919 4979
1850 3348
1851 4075
1852 4878
1853 4728
1854 4114
1855 4858
1856 4138
1857 3256 4904
1858 4088
1859 3929 4628
1860 4931
1861 4901
1862 4514
1863 4869
1864 4856
1865 4800
1866 4969
1867 4057
1868 4856
1869 4980
1870 4011
1871 4856
1872 4642
1873 4080
1874 4898
1875 4850 4862
1876 3229
1877 4702
1878 3328
1879 2004
1880 4912
1881 4267
1882 4817
1883 4818
1884 4858
1885 4320
1886 4313
1887 4896
1888 4829
1889 4234
1890 4995
1891 4307
1892 4951
1893 4289
1894 4994
1895 4477 4809
1896 1793
1897 1931
1898 4828
1899 4676
1900 4769
1901 3258
1902 1902
1903 4903
1904 4927
1905 4610
1906 1902
1907 4557
1908 4866
1909 4769
1910 4000
1911 2681 4714 4905
1912 2452 3929 4897
1913 4976
1914 4823
1915 4976
1916 4360
1917 4850
1918 4909
1919 4700
1920 4905
1921 4325
1922 4808
1923 1923
1924 4629
1925 3258 3580 4642
1926 4949
1927 3328
1928 4401
1929 2789 4809
1930 4898
1931 1931
1932 4939
1933 4689
1934 4325 4987
1935 4904
1936 4849
1937 2996
1938 4993
1939 4913
1940 4046
1941 2530 4009
1942 4887
1943 4594
1944 4729
1945 3929
1946 4000
1947 4428
1948 4913
1949 4809
1950 4967
1951 4702
1952 3703
1953 3600
1954 4676
1955 4710
1956 4046 4665
1957 4998
1958 4975
1959 4642
1960 4594
1961 4513
1962 4872
1963 4411
1964 4854
1965 4616
1966 4919
1967 4903
1968 4909
1969 4943
1970 2530
1971 3506
1972 4710
1973 4557
1974 4947
1975 4360
1976 4960
1977 4009 4587 4887
1978 3555
1979 4809
1980 4839
1981 4728
1982 4994
1983 3276 3869
1984 3773
1985 4727
1986 4933
1987 3935
1988 4788
1989 4758
1990 3348
1991 2862
1992 4905
1993 4972
1994 4610
1995 4998
1996 3935
1997 2981
1998 3942
1999 3976
2000 4727
2001 3216
2002 4896
2003 4808
2004 2004
2005 4977
2006 4370
2007 4289
2008 4642
2009 4750
2010 3216 3308 3760 4912
2011 4776
2012 3609
2013 2351
2014 4997
2015 4894
2016 4951
2017 3031
2018 4960
2019 3079 5000
2020 4912
2021 4599
2022 4959
2023 3811
2024 4012
2025 4904
2026 3256
2027 4216
2028 4301 4401 4702 4919
2029 4869
2030 1793 4700
2031 4307 4905 4975
2032 4675
2033 4914
2034 4932
2035 4138
2036 4967
2037 3727
2038 4932
2039 4355
2040 4960
2041 4912
2042 4901
2043 4823
2044 4138
2045 4995
2046 4147
2047 4849
2048 3258 4491
2049 4947
2050 3461 4932
2051 4914
2052 4993
2053 3942 4710
2054 2638
2055 4321 4710
2056 4693
2057 4321
2058 4913 4947
2059 1434 3274
2060 3060
2061 4355 4952 4977
2062 3818
2063 4949
2064 4987
2065 4836
2066 4996
2067 4996
2068 4523
2069 4828
2070 4548
2071 4901
2072 4428
2073 4758
2074 3976
2075 4267
2076 4292
2077 4769
2078 4987
2079 4642
2080 4114 4325 4970
2081 4960
2082 2992
2083 4969
2084 3220
2085 4813
2086 3456
2087 4907
2088 3328
2089 4337 4499
2090 3796
2091 2452 4904
2092 4987
2093 4729
2094 4642
2095 4813
2096 4495
2097 3238
2098 4987
2099 3238
2100 4826
2101 4969
2102 4986
2103 4710
2104 4932
2105 4940
2106 3258
2107 3935
2108 3348
2109 4828
2110 4849
2111 3818
2112 4715
2113 3181
2114 4124
2115 4887
2116 4479
2117 4459
2118 4301
2119 4817
2120 4629
2121 4981
2122 4813
2123 3727
2124 3308
2125 4909
2126 4927
2127 4904
2128 2681
2129 3410
2130 4975
2131 4628
2132 4818
2133 3031
2134 4818
2135 3869
2136 4763
2137 4869
2138 4830
2139 4642
2140 2638
2141 3377
2142 3926 4660 4869
2143 4689
2144 4979
2145 4052
2146 4799
2147 4970
2148 3796
2149 4543
2150 3181
2151 3978
2152 3456
2153 4818
2154 3371
2155 4980
2156 1252 3371 4903
2157 3803
2158 1386
2159 4349
2160 3952
2161 4980
2162 4914
2163 4702
2164 4809
2165 4896
2166 4839
2167 4628 4933
2168 3688
2169 4828
2170 3815
2171 4665
2172 4689
2173 4788
2174 3308
2175 4829
2176 4797
2177 4996
2178 3456 4970
2179 3408 4897
2180 3942
2181 4986
2182 3371
2183 4727
2184 3308 3568
2185 2351 3583 4968 4975
2186 4969
2187 4979
2188 4969
2189 4947
2190 4710
2191 4330
2192 4710 4763 4901
2193 3328 3936 4975
2194 4075
2195 4610
2196 4909
2197 4267
2198 4000
2199 4866
2200 4727
2201 3256
2202 4931
2203 4862
2204 4728
2205 4075
2206 3926
2207 4960
2208 4903
2209 4813
2210 4628
2211 4981
2212 4830
2213 4897
2214 4012
2215 3506
2216 4984
2217 4675
2218 5000
2219 3662
2220 3609
2221 4922
2222 4858
2223 4980
2224 4960
2225 3935
2226 4940
2227 4839
2228 3258
2229 4728
2230 3371
2231 4675
2232 4898
2233 4750
2234 4325
2235 4927
2236 3241
2237 4972
2238 4998
2239 4913
2240 4436
2241 4665
2242 4903
2243 4925
2244 4836
2245 2245
2246 3371
2247 4983
2248 4267
2249 4088
2250 3229
2251 4247
2252 4959
2253 4943
2254 4009
2255 4994
2256 4729
2257 4919
2258 4878
2259 4836
2260 4891
2261 4887
2262 3256
2263 2263 3256
2264 4710
2265 1386
2266 4984
2267 4689
2268 2608 4587 4947
2269 4828
2270 4984
2271 4477
2272 4808
2273 4320
2274 4228
2275 2860
2276 4727
2277 3328 4046 4957
2278 3803
2279 3060
2280 4830
2281 3935
2282 4436
2283 2981
2284 4776
2285 4952
2286 4313
2287 2862
2288 4727
2289 4124
2290 2948 4000 4858
2291 4000
2292 4909
2293 4642
2294 4714
2295 4876
2296 4914
2297 1252
2298 4901
2299 4012
2300 3337 3952 4642
2301 3976
2302 4894
2303 4878
2304 4194
2305 4951
2306 4702 4763 4933
2307 4854
2308 4759
2309 3216 4292 4836 4975
2310 3216
2311 3662
2312 4901
2313 4952
2314 4628
2315 3662
2316 4872
2317 4080
2318 4289
2319 4702
2320 4147
2321 4987
2322 4729
2323 4715
2324 4514
2325 4325
2326 4477
2327 2608
2328 4449
2329 4960
2330 4907
2331 3869
2332 3773
2333 2862
2334 5000
2335 3555
2336 4479 4642
2337 4620
2338 3760
2339 4330
2340 2530
2341 4788
2342 3308
2343 4922
2344 4972
2345 4976
2346 4866
2347 4797
2348 3303
2349 3461 4897
2350 4904
2351 2351
2352 4905
2353 4075
2354 3461 4676 4919
2355 4940
2356 4941
2357 2357
2358 1252 3371 4216
2359 4665
2360 4909
2361 4124 4548 4823 4947
2362 4898
2363 3811
2364 4986
2365 4854
2366 4629
2367 2530
2368 4977
2369 4940
2370 4693
2371 4052
2372 4642
2373 4869
2374 3662 4088
2375 4799
2376 4994
2377 4301
2378 4891
2379 4642
2380 4904
2381 4513
2382 4769
2383 3936
2384 4642
2385 4983
2386 4355
2387 3256
2388 4788
2389 4495
2390 4714
2391 2530
2392 2392 4587
2393 4289
2394 2638
2395 4826
2396 4876
2397 4788
2398 4951
2399 4194 4292 4479
2400 4043
2401 3337
2402 4931
2403 4543
2404 4947
2405 4307
2406 4987
2407 4599
2408 4949
2409 2860
2410 4836
2411 4587
2412 4727
2413 4830
2414 4882
2415 4966
2416 4912
2417 4872
2418 4124
2419 4702
2420 4913
2421 4984
2422 4660
2423 2901
2424 4968
2425 4997
2426 4828
2427 4715
2428 4980
2429 2429
2430 4850 4862
2431 4830
2432 4939
2433 4986
2434 4849
2435 4952
2436 4909
2437 4012
2438 4947
2439 3935
2440 3420
2441 4957
2442 4499
2443 3303
2444 4693
2445 3241 4009
2446 3410
2447 4966
2448 4907
2449 4941
2450 4247
2451 4665 5000
2452 2452
2453 4267
2454 4216
2455 4610
2456 4854
2457 4823
2458 4922
2459 4320
2460 3815
2461 4809
2462 3220
2463 4710
2464 4301
2465 4976
2466 4799
2467 2981
2468 4891
2469 4729
2470 4046
2471 4939
2472 2660
2473 1793 3796
2474 4959
2475 2901 3760
2476 3456 4247 4642 4922
2477 4933
2478 4922
2479 4998
2480 2981
2481 4763
2482 4919
2483 2530
2484 3229
2485 4905
2486 3942
2487 2245 2613
2488 4903
2489 4769
2490 3256
2491 4939
2492 4813
2493 4998
2494 4862
2495 3968 4939
2496 4947
2497 3308
2498 4941
2499 4620
2500 4969
2501 4947
2502 4710
2503 4856
2504 4949
2505 4817
2506 4046
2507 4976
2508 4616
2509 3600
2510 3371
2511 3899 4171 4817 4981
2512 4967
2513 2681
2514 4411
2515 4828
2516 3886
2517 4557
2518 4459
2519 4898
2520 4994
2521 3976
2522 4980
2523 4750
2524 4925
2525 3637
2526 3220 3555
2527 4355
2528 4980
2529 2901 4872
2530 2530
2531 4693
2532 4987
2533 4977
2534 4759
2535 3274
2536 3519
2537 4903
2538 4710
2539 4905
2540 3729
2541 4313
2542 4370
2543 4499
2544 4247
2545 4968
2546 4947
2547 4872
2548 4475
2549 4620
2550 3741
2551 3899
2552 4878
2553 3216
2554 4267
2555 4984
2556 4543
2557 2862 3258 4913 4997
2558 3506
2559 4448 4897
2560 4763
2561 4514
2562 4508
2563 4869
2564 4904
2565 4903
2566 4969
2567 4975
2568 2357
2569 3420
2570 4869
2571 4715
2572 4903
2573 3968
2574 4984
2575 3461
2576 3251
2577 4965
2578 1434 3952
2579 4057
2580 3555
2581 4401
2582 4854
2583 4610
2584 4943
2585 4759
2586 4905
2587 4788
2588 2429
2589 2429 3410
2590 4428
2591 3256
2592 4933
2593 4866
2594 4994
2595 4813
2596 4981
2597 4952
2598 4769
2599 4993
2600 3869
2601 4234
2602 4967
2603 4966
2604 5000
2605 3229
2606 4823
2607 4401
2608 2608
2609 4514
2610 4997
2611 2611
2612 4799
2613 2613 4495
2614 4891
2615 4727
2616 4808
2617 4872
2618 4998
2619 4919
2620 4823
2621 4491
2622 3308
2623 4914
2624 4850
2625 3818
2626 3377
2627 4849
2628 4995
2629 4088
2630 3580 4977
2631 4728
2632 4370
2633 2660 4043
2634 4052
2635 4477
2636 3815
2637 1793
2638 2638
2639 4850
2640 4124
2641 4968
2642 4839
2643 4882
2644 4922
2645 4727
2646 4966
2647 4903
2648 4866
2649 2649
2650 4234
2651 4361
2652 3348 4080 4321 4411
2653 2825
2654 4998
2655 4491
2656 4898
2657 4642
2658 3348
2659 4951
2660 2660
2661 4872
2662 4728 4799
2663 4903
2664 4616
2665 4995
2666 4700
2667 2825
2668 4495
2669 4660
2670 4970
2671 4057
2672 4905
2673 3031
2674 4114
2675 4970
2676 2862 3703 4642 4823 4913
2677 4882
2678 3328
2679 4610 4932
2680 4967
2681 2681
2682 4919
2683 4975
2684 3952
2685 3704
2686 4009
2687 4869
2688 4903
2689 4587
2690 4307
2691 4080
2692 4012
2693 4830
2694 2681
2695 4949
2696 4057
2697 4750
2698 4411
2699 4995
2700 3506
2701 4959
2702 4660
2703 3258
2704 4436
2705 4513
2706 1252 4234 4970
2707 4046
2708 4080
2709 4088
2710 4009
2711 4858
2712 2712
2713 4932
2714 4715
2715 4858
2716 1414 3308
2717 4361
2718 4499
2719 4983
2720 4896
2721 4876
2722 4952
2723 4986
2724 4105
2725 4981
2726 4599
2727 3377
2728 4009
2729 4887
2730 3060
2731 4876
2732 4959
2733 4913
2734 4052
2735 3274 4320 4977
2736 4939
2737 4491
2738 4951
2739 4543
2740 4114
2741 4891
2742 4557
2743 4969
2744 4620
2745 4620
2746 4941
2747 4839
2748 2611
2749 3420
2750 4866
2751 4866
2752 4818
2753 3456
2754 3256
2755 2755
2756 3371
2757 4940
2758 3583
2759 4676
2760 4710
2761 3238
2762 4914
2763 4839
2764 4981
2765 4998
2766 4799
2767 4993
2768 3600
2769 2825
2770 4813
2771 4909
2772 4984
2773 4891 4897
2774 4983
2775 4850
2776 4817
2777 4994
2778 4919
2779 4849
2780 4931
2781 4993
2782 4914
2783 4972
2784 2638
2785 4997
2786 4903
2787 4307
2788 4839
2789 2789
2790 4925
2791 4955
2792 4080
2793 4850 4862
2794 2245 3371
2795 4872
2796 4995
2797 3987
2798 3987
2799 4993
2800 4968
2801 4994
2802 4320
2803 4882
2804 4234
2805 4124
2806 4947
2807 4912
2808 2755
2809 2809
2810 4729
2811 4355 4817 4897 4922
2812 4448
2813 4898
2814 4642
2815 2862
2816 4313
2817 4979
2818 4759
2819 4818
2820 4966
2821 4878
2822 4448
2823 4947
2824 4976
2825 2825
2826 2681
2827 3987
2828 3703
2829 4477
2830 4887
2831 4932
2832 4849
2833 4983
2834 4965
2835 5000
2836 4839
2837 4548
2838 4943
2839 4995
2840 4702
2841 4882
2842 4105
2843 3815
2844 4876
2845 3506
2846 4979
2847 3886 4313 4979
2848 4983
2849 4000 4898
2850 4292
2851 4216
2852 4850
2853 4932
2854 4975
2855 4996
2856 3818
2857 4491
2858 4587
2859 4898
2860 2860
2861 4009
2862 2862
2863 3807
2864 3303 4830
2865 4818
2866 4750
2867 2996
2868 4689
2869 4428
2870 4499
2871 4969
2872 4966
2873 2862
2874 3703
2875 2608 4809 4823
2876 4933
2877 4869
2878 4931
2879 4955
2880 4826
2881 4548
2882 2649
2883 4628
2884 3308
2885 3935 4715
2886 4642
2887 3698
2888 4951
2889 3371 4147 4337 4892 4919
2890 4977
2891 3968
2892 4057 4933
2893 4499
2894 2004
2895 4313
2896 4228
2897 4957
2898 4289
2899 4808
2900 4993
2901 2901
2902 4080
2903 4000
2904 4839
2905 4321
2906 4897
2907 4828
2908 4629
2909 3637
2910 4513
2911 4862
2912 4178
2913 4872
2914 4970
2915 3410
2916 4897
2917 4665
2918 4903
2919 4919
2920 4693
2921 4629
2922 3773
2923 4947
2924 4939
2925 4043
2926 4610
2927 4715
2928 4523
2929 4715
2930 4993
2931 4996
2932 4912
2933 3935
2934 4994
2935 4984
2936 4839
2937 4994
2938 3818
2939 4729
2940 4941
2941 4828
2942 4080
2943 4449
2944 4980
2945 3377
2946 4891
2947 4984
2948 2948
2949 4995
2950 4922
2951 4959
2952 4970
2953 4826
2954 3773
2955 4228
2956 4328
2957 4850
2958 4898
2959 4361
2960 4892
2961 3729 5000
2962 4809
2963 3926
2964 4826
2965 4909
2966 3181
2967 3256
2968 4689
2969 4075
2970 3741
2971 4947
2972 2429 2972 4247
2973 4823
2974 4933
2975 3886
2976 2948
2977 4830
2978 4499 4869
2979 4337
2980 4965
2981 2981
2982 4872
2983 4809 4878
2984 4715
2985 4514
2986 4829
2987 4967
2988 3303
2989 4987
2990 4216
2991 4856
2992 2992
2993 4872
2994 2809
2995 4957
2996 2996
2997 4043
2998 2004
2999 4998
3000 4693
3001 4401
3002 4862
3003 4887
3004 4898
3005 4966
3006 1793 4823 4922
3007 4940
3008 4939
3009 4872
3010 4940
3011 4046
3012 3662 4854
3013 4693
3014 4247
3015 4892
3016 4967
3017 4247
3018 3886
3019 5000
3020 4727 4994
3021 4325
3022 3580 4907
3023 4727
3024 4642
3025 3037
3026 4856
3027 2638 4925
3028 4360
3029 4714
3030 2901
3031 3031
3032 4797
3033 2981
3034 3580 3899
3035 4998
3036 4836 4947
3037 3037
3038 4854
3039 3899
3040 4330
3041 4759
3042 4401
3043 4968
3044 2004 3461 3688 4896
3045 3929
3046 4980
3047 4967 4983
3048 3258
3049 4665
3050 3811
3051 4980
3052 4980
3053 4931
3054 4969
3055 4011
3056 4836
3057 4616
3058 4913
3059 3420
3060 3060
3061 3609
3062 3662
3063 4836 4856
3064 4729
3065 4996
3066 4830
3067 4620
3068 4012
3069 4349
3070 4904
3071 4759
3072 4919
3073 3328
3074 2948 4986
3075 4849
3076 3807
3077 4629
3078 4411
3079 3079 5000
3080 4763
3081 4866
3082 3241
3083 4194
3084 3506
3085 2681
3086 4894
3087 4896
3088 4514
3089 3251
3090 3377
3091 4983
3092 4714
3093 4882
3094 4088
3095 4976
3096 4313
3097 3886
3098 4321
3099 4912
3100 4763
3101 4947
3102 4355
3103 4361 4927
3104 3276
3105 4970
3106 4975
3107 3371
3108 3942
3109 4817
3110 4891
3111 4523
3112 4891
3113 4836
3114 3600
3115 4557
3116 4830
3117 4981
3118 3238
3119 4557
3120 4370
3121 4642 4828
3122 4758
3123 4922
3124 4940
3125 3773
3126 4830
3127 3274
3128 4043
3129 4665
3130 4892
3131 4993
3132 4896 4983
3133 4046
3134 3328
3135 3377
3136 4849
3137 4955
3138 4866
3139 3337
3140 4813 4854
3141 3258
3142 4903
3143 4759
3144 1793
3145 3704
3146 2755
3147 4897
3148 2981
3149 4903
3150 4675
3151 4949 4983
3152 4325
3153 4984
3154 4913
3155 4896
3156 4836 4932
3157 4960
3158 4523
3159 3968
3160 4616
3161 4939
3162 4976
3163 4960
3164 4898
3165 3420
3166 4836
3167 3420
3168 3337
3169 4710
3170 4247
3171 4898 4967
3172 4557 4700
3173 4850 4862
3174 4009
3175 3811
3176 4984
3177 4797
3178 4313
3179 4914
3180 4952
3181 3181
3182 4894
3183 2755 3935
3184 4967
3185 4966
3186 4836
3187 4914
3188 4355 4922
3189 4548
3190 4919
3191 4967
3192 4967
3193 4138
3194 3229
3195 4997
3196 4171
3197 4477 4872
3198 4839
3199 4960
3200 4858
3201 4976
3202 3760 4817 4927
3203 4475 4997
3204 4411
3205 2996
3206 4931
3207 3377
3208 4981
3209 4642
3210 4693
3211 4587
3212 4823
3213 4943
3214 4194 4887 4919
3215 4894
3216 3216
3217 4894
3218 4858
3219 4750
3220 3220
3221 4817
3222 4901
3223 4147
3224 4977
3225 4887
3226 4620
3227 4836
3228 3727
3229 3229
3230 4776
3231 4996
3232 4147
3233 4088
3234 4943
3235 4977
3236 4858
3237 4909
3238 3238
3239 4171
3240 4872
3241 1923 3241
3242 4328
3243 4320
3244 4960
3245 4896
3246 4976
3247 4909
3248 4869
3249 4594
3250 4689
3251 3251
3252 4959
3253 4355
3254 4557
3255 4808
3256 3256
3257 4228
3258 3258
3259 4933
3260 4849
3261 4247
3262 5000
3263 4665
3264 4996
3265 2825
3266 4043
3267 4360
3268 4809
3269 4813
3270 4957
3271 4994
3272 4983
3273 4898
3274 1434 3274
3275 3568
3276 3276
3277 4715
3278 3220
3279 3410
3280 1414
3281 4839
3282 4788
3283 4826
3284 3729
3285 4856
3286 4075 4728
3287 4887 4967
3288 4543
3289 4750
3290 4952
3291 3760
3292 4665
3293 2789
3294 4325
3295 4866
3296 4715
3297 3328
3298 3703
3299 4919
3300 3348
3301 4411
3302 3729
3303 3303
3304 3371
3305 4876
3306 4952
3307 4892
3308 3308
3309 4325
3310 4800
3311 4966
3312 2992
3313 4628
3314 4809
3315 4499 4896
3316 3308 4660
3317 3796
3318 4898
3319 4994
3320 4887
3321 3942
3322 4977
3323 4797
3324 1386 3408 4960 4975
3325 4491 4858
3326 4939
3327 4943
3328 3328
3329 4234
3330 3637
3331 4401
3332 4839
3333 4894
3334 4818
3335 4301 4330 4543
3336 4892
3337 3337
3338 3348 3760 3942 4355 4448
3339 4676
3340 4479
3341 4813
3342 4328
3343 4891 4977
3344 4818
3345 4808
3346 4922
3347 4976
3348 3348
3349 4858
3350 3936
3351 3216
3352 4979
3353 4763
3354 4836
3355 3929
3356 4499
3357 4307 4710 4858
3358 4955
3359 4836 4983
3360 3869
3361 4769
3362 4966
3363 4758
3364 4075
3365 3600
3366 4965
3367 4905
3368 4866
3369 4951
3370 4499
3371 3371
3372 4998
3373 4475
3374 4839
3375 4628
3376 4675
3377 3377
3378 4829
3379 4965
3380 2530 4321 4660
3381 4628 4967
3382 4328
3383 4543
3384 4850 4862
3385 3729
3386 4947
3387 3456
3388 4952
3389 4891
3390 4984
3391 4986
3392 4411
3393 2755
3394 4976
3395 3807
3396 4912
3397 4909
3398 4620
3399 4872
3400 4587
3401 4234
3402 4995
3403 4337
3404 3637
3405 4610
3406 4675
3407 4321
3408 3408
3409 4998
3410 3410
3411 4903
3412 4289
3413 4548
3414 4975
3415 3256 4869
3416 3727
3417 4976
3418 4876 4904
3419 3371
3420 3420
3421 3609
3422 4931
3423 4052
3424 4829
3425 4043
3426 4629
3427 5000
3428 4620
3429 4750
3430 4292
3431 4776
3432 4475
3433 4897
3434 4610
3435 3818
3436 4909
3437 4320
3438 4809
3439 4776
3440 4587
3441 4984
3442 4869
3443 4854
3444 4984
3445 4360
3446 3929
3447 4750
3448 3371
3449 4729
3450 3978
3451 3929
3452 4876
3453 4523
3454 4147
3455 4957
3456 3456
3457 4931
3458 4313
3459 4700
3460 4959 4970
3461 3461
3462 4729
3463 4337
3464 1434 2809 3274
3465 4594 4826
3466 4909
3467 4913
3468 3760
3469 4952
3470 4943
3471 4710
3472 3456
3473 2862
3474 4459
3475 4448
3476 4939
3477 4337 4702 4966
3478 4587
3479 4809
3480 4960
3481 4301
3482 4401
3483 4907
3484 4986
3485 4896
3486 3216
3487 4909
3488 4968
3489 2825
3490 3952
3491 4839
3492 4075
3493 4675
3494 2245
3495 4693
3496 4839
3497 4931
3498 4970
3499 3796
3500 4491
3501 2825
3502 4750
3503 4850 4862
3504 4975
3505 3741
3506 3506
3507 4850 4862
3508 4894
3509 4216
3510 4401
3511 4788
3512 4307
3513 4813
3514 4941
3515 4479
3516 3935
3517 4922
3518 4997
3519 3519
3520 4330
3521 4957
3522 4046 4247 4968
3523 3408
3524 4043
3525 4449
3526 4823
3527 3600 3936 4628
3528 4850 4862
3529 4925
3530 4808
3531 4052
3532 4986
3533 3461 4826 4983
3534 4313
3535 4729
3536 4898
3537 4523
3538 3256
3539 4897
3540 4808
3541 4599
3542 4628
3543 4939
3544 3818
3545 3729
3546 4849
3547 4919
3548 4955
3549 4892
3550 4941
3551 4194
3552 4904
3553 4995
3554 4715 4729 4919
3555 3555
3556 4983
3557 3377 4491 4970
3558 4932
3559 1252 4337
3560 4878
3561 4919
3562 4925
3563 4328
3564 3698
3565 4411
3566 4642
3567 3303 3408 4628
3568 3568
3569 4325 4858 4896
3570 2245
3571 4700
3572 3371
3573 4428 4797 4829
3574 4849
3575 4247
3576 4729
3577 4897
3578 4896
3579 4878
3580 3580
3581 4587
3582 4138
3583 3583
3584 3936
3585 4858 4970
3586 2452
3587 4799
3588 4370
3589 4997
3590 4715
3591 4994
3592 4401
3593 3251
3594 3926
3595 4965
3596 4114
3597 4932
3598 3760
3599 4325
3600 3600
3601 4499
3602 4057
3603 4965
3604 3741
3605 582 4642 4986
3606 4629
3607 4829
3608 4642
3609 3609
3610 3216
3611 3031 3337 4939
3612 4828
3613 4901
3614 4949
3615 4009 4080
3616 4587
3617 4997
3618 4909
3619 4307
3620 4839
3621 4818
3622 3037 3935 4970
3623 4660
3624 4763
3625 4896
3626 4829
3627 3216
3628 4715 4933 4941 4979
3629 3978 4922 4943
3630 4702
3631 4896
3632 4797
3633 4828
3634 4616
3635 4012 4823 4856 4919
3636 4513
3637 3637
3638 4587
3639 4849
3640 3637
3641 4428
3642 4349
3643 4147
3644 4823
3645 4898
3646 3926
3647 4960
3648 4994
3649 2608 4897 4922 4970
3650 4994
3651 4941
3652 4965
3653 4599
3654 4011
3655 3811
3656 4361
3657 4495
3658 4587
3659 4769
3660 4759
3661 4758
3662 3662
3663 4998
3664 4642
3665 4854
3666 3936
3667 4499
3668 4933
3669 4987
3670 4797 4943
3671 3461
3672 4808
3673 4967
3674 4337
3675 4459
3676 4854
3677 4702
3678 3926
3679 4105
3680 4866
3681 4876
3682 4909
3683 4477 4710 4715 4913
3684 4105
3685 4952
3686 4854
3687 4105
3688 3688
3689 4080
3690 4979
3691 4594
3692 4872
3693 4898
3694 4996
3695 4998
3696 4854
3697 2638
3698 3698
3699 4872
3700 4809
3701 4892
3702 4856
3703 3703
3704 3704
3705 4599
3706 4138
3707 4411
3708 4896
3709 4715
3710 2351 3583 4896 4914
3711 4980
3712 4993
3713 4866
3714 4872
3715 3328
3716 4147
3717 4763
3718 4147
3719 3079 4927 4951
3720 4984
3721 3377
3722 3760
3723 4949
3724 4839
3725 4927
3726 4292
3727 3727
3728 4993
3729 3729
3730 4105
3731 4728
3732 4836
3733 4976
3734 3337
3735 4495
3736 4979
3737 4983
3738 4983
3739 4947
3740 4909
3741 3741
3742 4750
3743 4975
3744 3803
3745 4994
3746 4620
3747 4769
3748 3688
3749 4931
3750 4927
3751 5000
3752 4361
3753 2996
3754 4980
3755 4856
3756 4914
3757 4862
3758 4970
3759 3519 4943 4951
3760 3760
3761 3942
3762 4947
3763 3251
3764 4839
3765 4933
3766 4138
3767 4075
3768 4933
3769 4866
3770 4360
3771 3688
3772 4932
3773 3773
3774 4610
3775 4854 4933
3776 4715
3777 4797
3778 4869
3779 3519
3780 4301
3781 4986
3782 4330
3783 4931
3784 4914
3785 4750
3786 4629
3787 3216
3788 4075 4459 4876 4968
3789 4234
3790 4700
3791 4147 4370 4904 4912
3792 3703 4660 4931 4996
3793 2351 3583
3794 4957
3795 4903
3796 3796
3797 3216 4927
3798 4763
3799 4951
3800 4894
3801 4823
3802 4769
3803 3803
3804 4436
3805 4587
3806 4401
3807 3807
3808 4826
3809 4896
3810 4977
3811 3811
3812 4587 4896 4901 4955
3813 4968
3814 3741
3815 3815
3816 4508
3817 4043 4876 4960 4968
3818 3818
3819 4931
3820 4897
3821 4728
3822 4984
3823 4972
3824 4983
3825 4216
3826 1793
3827 4808
3828 4980
3829 4912
3830 4931
3831 4330
3832 4980
3833 4105
3834 3929
3835 4997
3836 4986
3837 4660
3838 4976
3839 4980
3840 4763
3841 4370
3842 4995
3843 3926
3844 4370
3845 4980
3846 4986
3847 4997
3848 4495
3849 3978
3850 4896
3851 3976
3852 4809
3853 4610
3854 4337
3855 3987 4769 4878 4993
3856 3408 4758 5000
3857 4477
3858 4599
3859 4980
3860 4818
3861 4995
3862 4903
3863 3580
3864 4665
3865 3811
3866 4477
3867 4966
3868 4939
3869 3869
3870 4710
3871 4829
3872 4693
3873 4955
3874 4975
3875 4913
3876 4594
3877 4700
3878 3987
3879 4325
3880 4854 4894
3881 4057
3882 4858
3883 2357
3884 4361
3885 4892
3886 3886
3887 4823
3888 4763
3889 4459
3890 4557
3891 4976
3892 4850
3893 4057
3894 4952
3895 4955
3896 3371
3897 3942
3898 4797
3899 3899
3900 4850
3901 4970
3902 4194
3903 4981
3904 4979
3905 4891
3906 4728
3907 3704
3908 4969
3909 4941
3910 3926 4939 4970
3911 4491 4587 4729 4830
3912 3942
3913 4828
3914 3727 4700 4839 4983
3915 4866
3916 4836
3917 4975
3918 1902 3918
3919 4320
3920 4797 4823 4849 4955
3921 4913
3922 4949
3923 3899
3924 3609
3925 4878
3926 3926
3927 4797
3928 4491
3929 3929
3930 4750
3931 4727
3932 4975
3933 4043
3934 3929
3935 3935
3936 3936
3937 4548
3938 4882
3939 4301
3940 2351 3583
3941 4979
3942 3942
3943 4370 4665 4892
3944 4976
3945 4903
3946 4968
3947 4891
3948 4301
3949 4355
3950 4965
3951 4829
3952 3952
3953 3371 4776 4866 4878
3954 4829
3955 1793
3956 4858
3957 4477
3958 3773
3959 4839
3960 4628
3961 4878 4940 4943
3962 4892
3963 4349
3964 4977
3965 4355
3966 2608
3967 4216 4448 4628 4629
3968 3968
3969 4301 4869 4977
3970 4839
3971 4932
3972 4830
3973 4759
3974 4892
3975 2611
3976 3976
3977 4849
3978 3978
3979 4914
3980 4800 4925 4940 4966
3981 4984
3982 4710
3983 4878
3984 4940
3985 4543
3986 4052 4349 4830 4932
3987 3987
3988 4138
3989 4957
3990 4769
3991 4800
3992 4823
3993 4960
3994 4907
3995 4548
3996 4620
3997 4665
3998 4178
3999 4940
4000 4000
4001 3968
4002 4932
4003 4976
4004 2530 4508 4628 4642
4005 4967
4006 4943
4007 2901
4008 4759
4009 4009
4010 4887 4969 4972
4011 4011
4012 4012
4013 4689
4014 4642
4015 4994
4016 4969
4017 4660
4018 4080 4475 4850 4967
4019 4969
4020 4642
4021 4436
4022 4758
4023 4892
4024 4313 4984
4025 3238
4026 4080 4878 4959 4977
4027 3229 4665 4876 4939
4028 4836
4029 4171
4030 4975
4031 4514 4975 4979 4997
4032 4829
4033 4983
4034 4957
4035 4194
4036 4913
4037 4872
4038 4000
4039 4479
4040 4967
4041 3952
4042 4919
4043 4043
4044 4925
4045 4330
4046 4046
4047 4904
4048 4610
4049 4984
4050 4970
4051 4878
4052 4052
4053 4998
4054 4477
4055 4904
4056 4913
4057 4057
4058 4491
4059 4939
4060 4980
4061 5000
4062 4124
4063 4548
4064 4797
4065 4965
4066 3807
4067 2992
4068 2712 3371 4854 4856 4903
4069 4436
4070 4809
4071 4758
4072 4894
4073 4046
4074 4355
4075 4075
4076 3060 4927 5000
4077 4933
4078 4523
4079 4951
4080 4080
4081 4927
4082 3031
4083 4475
4084 4676
4085 4594
4086 3968
4087 4401
4088 4088
4089 4817
4090 4891
4091 4943
4092 4247
4093 4909
4094 4714 4925 4997
4095 4715
4096 4475
4097 2530 3580 4513 4967
4098 4075
4099 4925
4100 4977
4101 4996
4102 4980
4103 2530
4104 4898
4105 4105
4106 4675
4107 4922
4108 4080 4836 4940
4109 4715
4110 4907
4111 3978
4112 4114
4113 4997
4114 4114
4115 3807 4940 4975
4116 4960
4117 4957
4118 5000
4119 4957
4120 4411
4121 2530
4122 4995
4123 4808
4124 4124
4125 4289
4126 4849
4127 4817
4128 4909
4129 4809
4130 4330
4131 4247
4132 4882
4133 4909
4134 4523
4135 4325
4136 4836
4137 4925 4939 4965 4970
4138 4138
4139 4788
4140 2004 3276 4477 4830
4141 4932
4142 3818
4143 4854
4144 4715
4145 4839
4146 4788
4147 4147
4148 4715 4960 4975 4996
4149 4360
4150 4829
4151 3337
4152 4642
4153 4057
4154 3371
4155 4959
4156 4909
4157 4769
4158 3220
4159 4776
4160 4349
4161 4894
4162 4788
4163 4984
4164 4987
4165 3952
4166 4914
4167 3238 4769 4809 4975
4168 2825 4459 4866 4970
4169 4313
4170 4939
4171 4171
4172 4903
4173 4966
4174 3926
4175 2613 4080 4543 4872
4176 4957
4177 4979
4178 4178
4179 4866
4180 4965
4181 4610
4182 4499
4183 4548 4715 4959 5000
4184 4922
4185 4826
4186 4891
4187 4966
4188 4689
4189 4882
4190 4979
4191 4642
4192 4970
4193 4987
4194 4194
4195 3060
4196 4994
4197 4046 4138 4968 4997
4198 4057
4199 4828
4200 4952
4201 4523
4202 4587
4203 4925
4204 4508
4205 4977
4206 4983
4207 4913
4208 4925
4209 2862
4210 3929
4211 4932
4212 4894
4213 4977
4214 3818
4215 4980
4216 4216
4217 4216
4218 3796
4219 4449
4220 4328
4221 4587
4222 4700
4223 4234 4869 4904 4986
4224 4320
4225 4976
4226 3377
4227 4826
4228 4228
4229 4616
4230 3456 4965 4976
4231 4891
4232 4856
4233 4984
4234 4234
4235 4892
4236 4642 4817 4952 5000
4237 4943
4238 4759
4239 3256
4240 4693
4241 4234
4242 4882
4243 4986
4244 4642
4245 4475
4246 4892
4247 4247
4248 4858
4249 4124 4548 4872
4250 3456 4826 4932 4980
4251 4856
4252 4809
4253 4693
4254 4959
4255 4998
4256 3729 4675 4817 4922
4257 4943
4258 4543
4259 4828
4260 4983
4261 4629
4262 4548
4263 3519 4370 4676 4856
4264 4983
4265 4138
4266 4891
4267 4267
4268 4320
4269 4759
4270 1793 4178 4330 4897
4271 2649
4272 4952
4273 4869
4274 4839
4275 4830
4276 4925
4277 2351 4543 4750 4808
4278 4660
4279 2452 4105 4349 4495
4280 4514
4281 4823
4282 3741
4283 4009
4284 4984
4285 4979
4286 4228
4287 4986
4288 4689
4289 4289
4290 4976
4291 4925
4292 4292
4293 4996
4294 4776
4295 4830
4296 4328
4297 2755
4298 4349
4299 3555
4300 4939
4301 4301
4302 4931
4303 4998
4304 4459
4305 4813
4306 4660
4307 4307
4308 4882
4309 4894
4310 3461 4548 4714
4311 4850 4862
4312 4813
4313 4313
4314 4922
4315 4909
4316 4997
4317 4307
4318 3506
4319 4702
4320 4320
4321 4321
4322 4984
4323 4909
4324 4715
4325 4325
4326 4750
4327 3899 4788 4939 4996
4328 4328
4329 4995
4330 4330
4331 4642
4332 4891
4333 4370
4334 4967
4335 4459
4336 4513
4337 4337
4338 4869
4339 4758
4340 4080
4341 4968
4342 4459
4343 4856
4344 4965
4345 4817
4346 4292
4347 4477
4348 4998
4349 4349
4350 4763
4351 4325 4401 4610 4959
4352 4976
4353 3729 4011 4436 4891
4354 4997
4355 4355
4356 4011
4357 4075
4358 3079 3698 4975 4981
4359 4543 4714 4715 4987
4360 4360
4361 4361
4362 4903
4363 3987
4364 4475
4365 4866
4366 4949
4367 4882
4368 4957
4369 4882
4370 4370
4371 4977
4372 4907
4373 4965
4374 4967
4375 4301 4477 4676 4977
4376 4907
4377 4897 4986
4378 3942
4379 4969
4380 4965
4381 4557
4382 4839
4383 3256
4384 3371
4385 4957
4386 4894
4387 4922
4388 4986
4389 3555 3899 4477 4557 4913
4390 4896
4391 2789 4660 4969 4981
4392 4872
4393 4813
4394 4147
4395 4548
4396 3727 4411 4594 4898
4397 4750
4398 3886 4896 5000
4399 4913
4400 4939
4401 4401
4402 2981
4403 4968
4404 4968
4405 4629
4406 4941
4407 4882
4408 4750 4927 4931 4960
4409 4836
4410 4449
4411 4411
4412 4459
4413 3519 4313 4599 4856
4414 4854
4415 4477
4416 4949
4417 4996
4418 4370
4419 4813
4420 4994
4421 4912
4422 4878
4423 4508
4424 4960
4425 4800
4426 2245
4427 4360 4665 4849 4914
4428 4428
4429 4995
4430 2901 3408 4970 4984
4431 4959
4432 4194
4433 4433 4557 4763 4892
4434 4728
4435 4491
4436 4436
4437 4876
4438 4750
4439 4981
4440 4758
4441 4872
4442 3760 4894 4922 4979
4443 4320 4882 4977 4993
4444 4702
4445 4981
4446 3662
4447 4676
4448 1636 4448
4449 4449
4450 4959
4451 4981
4452 4896
4453 4124
4454 4933
4455 4993
4456 4728
4457 4981
4458 4750
4459 4459
4460 4907
4461 4477
4462 4830
4463 4949
4464 4914
4465 4523
4466 4887
4467 4629
4468 4932
4469 4901
4470 4829
4471 4629
4472 4477
4473 4715
4474 4866
4475 4475
4476 4800
4477 4477
4478 4894
4479 4479
4480 4475
4481 4947
4482 4952
4483 4543
4484 2948 4809 4925 4979
4485 4968
4486 4986
4487 4616
4488 3456
4489 4247 4869 4947 4979
4490 4836
4491 4491
4492 4839
4493 4714
4494 4898
4495 4495
4496 4996
4497 4894
4498 4901
4499 4499
4500 3181 4436 4818 4997
4501 4599
4502 4869
4503 4959
4504 4887
4505 4075
4506 2245 4360 4970
4507 4979
4508 4508
4509 4715
4510 4919
4511 4759
4512 4428
4513 4513
4514 4514
4515 4836
4516 2981
4517 2611 4866 4896 4957
4518 4856
4519 3377 3568 4799 4913
4520 4994
4521 3461 4557 4977
4522 4660
4523 4523
4524 4907
4525 4818 4949 4972 4980
4526 4763
4527 4922
4528 4993
4529 4513
4530 4903
4531 4477
4532 3371 3609 4818 4939
4533 3987 4912 4922 4969
4534 4728
4535 4996
4536 4995
4537 4904
4538 3337 4411 4557 4823
4539 4729
4540 4941
4541 4850 4862
4542 4769
4543 4543
4544 3256 4599 4836 4892
4545 4955
4546 4836
4547 4876
4548 4548
4549 4905
4550 4979
4551 3886 4508 4907
4552 4557
4553 4943
4554 4514
4555 4892
4556 4975
4557 4557
4558 4301
4559 4750
4560 4996
4561 4940
4562 2357 4788 4839 4960
4563 4728
4564 4949
4565 4927
4566 4912
4567 4436
4568 4904
4569 4959
4570 4411 4799 4905 4925
4571 4689
4572 4976
4573 4491
4574 3869 4800 4943 4979
4575 3371 4513 4892 4912
4576 4972
4577 2429 4247 4349 4714
4578 4759
4579 3371 4448 4826 4872
4580 5000
4581 4996
4582 4960
4583 4856
4584 4957
4585 4620 4776 4979 4984
4586 4933 4967 4968 4976
4587 4587
4588 4891
4589 4896
4590 4922
4591 4620
4592 4892
4593 4941
4594 4594
4595 4727
4596 4927
4597 2809 4011 4809 4887
4598 4750
4599 4599
4600 4808 4813 4947 4969
4601 4823
4602 4839
4603 4826
4604 4998
4605 4998
4606 4979
4607 4328
4608 4727
4609 3818 4642 4922 4977
4610 4610
4611 4987
4612 4702
4613 4675
4614 4797
4615 4866
4616 4616
4617 4620
4618 4904
4619 4750
4620 4620
4621 4818
4622 4904
4623 4714
4624 4977
4625 4909
4626 3308
4627 4891
4628 4628
4629 4629
4630 4907
4631 3727
4632 4919
4633 4892
4634 4676 4727 4925 4983
4635 4675
4636 4289 4325 4970 4975
4637 4994
4638 4882
4639 4788
4640 2981 4513 4675
4641 4758
4642 4642
4643 4882
4644 3807 4075 4876 4952
4645 4499 4905 4980 5000
4646 4981
4647 4543
4648 4986
4649 4896
4650 4987
4651 4355 4449 4897 4957
4652 4894
4653 4957
4654 4828
4655 4912
4656 4759
4657 4800 4817 4966 4970
4658 4914
4659 4557
4660 4660
4661 4826
4662 4907
4663 4957
4664 4981
4665 4665
4666 4894
4667 4797
4668 4949
4669 3371
4670 4996
4671 4904
4672 4642
4673 4947
4674 4866
4675 4675
4676 4676
4677 4898
4678 4965
4679 4965
4680 4903
4681 4951
4682 4727
4683 4513
4684 4904
4685 4913
4686 4850 4862
4687 4808
4688 4931
4689 4689
4690 4891 4903 4970 4998
4691 4788
4692 3519 4477 4993 4995
4693 4693
4694 4979
4695 4977
4696 2789 4009 4913 4925
4697 4898
4698 3936 4882 4951 4965
4699 4931
4700 4700
4701 4499 4676 4758 4980
4702 4702
4703 4878
4704 4543 4642 4904 4951
4705 4972
4706 4894
4707 4872
4708 4913
4709 4758
4710 4710
4711 4797
4712 4839
4713 4912
4714 4714
4715 4715
4716 4836
4717 4912
4718 4876
4719 4894
4720 4676
4721 4922
4722 3899 4729 4896 4981
4723 4903
4724 1902 3918 3952 4788 4968
4725 4823
4726 4932
4727 4727
4728 4728
4729 4729
4730 4882
4731 4898
4732 4943
4733 2789 4610 4628 4965
4734 4983
4735 4903
4736 4850 4862
4737 4965
4738 4993
4739 4993
4740 4894
4741 4813
4742 4986
4743 4823
4744 4856
4745 4949
4746 4996
4747 4896
4748 4986
4749 4839
4750 4750
4751 4995
4752 4939
4753 4996
4754 4854
4755 4799
4756 4983
4757 4909
4758 4758
4759 4759
4760 4328 4499 4836 4959
4761 4919
4762 4983
4763 4763
4764 4876
4765 4995
4766 2649 4499 4909 4943
4767 4836
4768 4993
4769 4769
4770 3976 4080 4882 4894
4771 4977
4772 4960
4773 3600 3935 4729 4891
4774 4904
4775 3371 4628 4728 4914
4776 4776
4777 4976
4778 3698 4147 4941 4996
4779 4996
4780 4849
4781 4951
4782 4750
4783 4959
4784 4914
4785 4477 4514 4981 4986
4786 4996
4787 4836
4788 4788
4789 4966
4790 4823
4791 4931
4792 4969
4793 4949
4794 4818
4795 4829
4796 4878
4797 4797
4798 4931
4799 4799
4800 4800
4801 4904
4802 4759
4803 4933
4804 4826
4805 4927
4806 4700 4866 4994 4998
4807 4809 4823 4866 4898
4808 4808
4809 4809
4810 4994
4811 4968
4812 4856
4813 4813
4814 4898
4815 4932
4816 4980
4817 4817
4818 4818
4819 4966
4820 4966
4821 4903
4822 4869
4823 4823
4824 4940
4825 4972
4826 4826
4827 4477 4788 4836 4866
4828 4828
4829 4829
4830 4830
4831 4849
4832 4866
4833 2681 3303 3662 4818
4834 4823
4835 4931
4836 4836
4837 4401 4882 4912 4998
4838 4977
4839 4839
4840 4878
4841 4941
4842 4849
4843 4986
4844 4912
4845 4913 4940 4955 4968
4846 3276 3662 4907 4981
4847 4878
4848 4933
4849 4849
4850 4850 4862
4851 4969
4852 3929 4495 4693 4970
4853 4301 4665 4966 4996
4854 4854
4855 4914
4856 4856
4857 4907
4858 4858
4859 4909
4860 4959
4861 4729
4862 4850 4862
4863 2981 4178 4941 4987
4864 4970
4865 4955
4866 4866
4867 4909
4868 4849
4869 4869
4870 4909
4871 3568 3637 4876 5000
4872 4872
4873 4960
4874 4965
4875 4951
4876 4876
4877 4941
4878 4878
4879 4957
4880 4987
4881 2245 4896 4957 4987
4882 4882
4883 4628
4884 3274 4769 4960 4972
4885 3568 4808 4909 4979
4886 4896
4887 4887
4888 4969
4889 4997
4890 4247 4320 4727 4998
4891 4891
4892 4892
4893 4943
4894 4894
4895 4951
4896 4896
4897 4897
4898 4898
4899 4808 4850 4913 4927
4900 4965
4901 4901
4902 4994
4903 4903
4904 4904
4905 4905
4906 4922
4907 4907
4908 2755 3703 4495 4996
4909 4909
4910 4896 4898 4976 5000
4911 4965
4912 4912
4913 4913
4914 4914
4915 4138 4448 4898 4947
4916 4984
4917 4966
4918 4986
4919 4919
4920 4966
4921 4998
4922 4922
4923 3456 3935 4693 4939
4924 3256 4809 4904 4949
4925 4925
4926 4759 4892 4932 4970
4927 4927
4928 4676 4702 4882 4949
4929 4976
4930 3926 4361 4660 4965
4931 4931
4932 4932
4933 4933
4934 3308 4401 4997 5000
4935 3936 4360 4449 4970
4936 2638 4057 4887 4975
4937 4981
4938 4543 4702 4776 4891
4939 4939
4940 4940
4941 4941
4942 4998
4943 4943
4944 5000
4945 4955
4946 4955
4947 4947
4948 4986
4949 4949
4950 4959
4951 4951
4952 4952
4953 4986
4954 4967
4955 4955
4956 4313 4727 4913 4995
4957 4957
4958 4995
4959 4959
4960 4960
4961 4966
4962 4976
4963 4995
4964 4922
4965 4965
4966 4966
4967 4967
4968 4968
4969 4969
4970 4970
4971 4957
4972 4972
4973 4957
4974 4932
4975 4975
4976 4976
4977 4977
4978 4105 4828 4968 4983
4979 4979
4980 4980
4981 4981
4982 4967
4983 4983
4984 4984
4985 1414 4700 4995 4996
4986 4986
4987 4987
4988 2245 4046 4289 4983
4989 5000
4990 4433 4587 4856 4897
4991 4247 4715 4892 4994
4992 4966
4993 4993
4994 4994
4995 4995
4996 4996
4997 4997
4998 4998
4999 4981
5000 5000
