1000
4929
1	326
1	955
1	966
1	999
2	295
2	427
2	591
2	902
3	643
3	869
3	930
3	971
4	748
4	892
4	965
5	538
5	563
5	655
5	705
6	212
6	450
6	677
6	924
7	832
7	887
7	890
7	976
8	921
8	953
8	989
8	993
9	220
9	731
9	930
9	971
10	556
10	615
10	662
10	823
11	783
11	863
11	893
11	979
12	982
12	984
12	990
12	992
13	919
13	942
13	966
13	999
14	523
14	681
14	748
14	892
15	421
15	955
15	966
15	999
16	521
16	783
16	795
16	925
16	965
17	476
17	602
17	745
17	954
18	545
18	908
18	934
18	940
19	505
19	802
19	908
19	934
20	431
20	729
20	872
20	928
21	393
21	735
21	748
21	892
22	958
22	983
22	986
22	987
23	920
23	929
23	935
23	967
24	106
24	145
24	535
24	696
25	96
25	195
25	284
25	746
26	195
26	224
26	928
26	991
26	999
27	796
27	887
27	890
27	976
28	278
28	380
28	683
28	774
29	884
29	942
29	959
29	960
30	687
30	887
30	926
30	976
31	201
31	425
31	562
31	630
32	568
32	655
32	925
32	928
32	965
32	979
32	997
33	114
33	715
33	744
33	904
34	785
34	887
34	976
34	990
35	40
35	85
35	578
35	717
36	738
36	753
36	770
36	831
37	294
37	310
37	339
37	371
38	738
38	753
38	770
38	831
39	436
39	843
39	927
39	932
40	35
40	277
40	717
40	805
41	165
41	339
41	962
41	994
42	513
42	709
42	848
42	866
43	737
43	948
43	965
44	752
44	996
44	998
44	1000
45	274
45	698
45	730
45	808
46	612
46	759
46	795
46	947
47	265
47	408
47	535
47	767
48	865
48	878
48	927
48	932
49	883
49	923
49	933
49	970
50	89
50	241
50	489
50	684
51	899
51	943
51	961
51	980
52	188
52	870
52	900
52	925
53	838
53	870
53	900
53	925
54	774
54	782
54	892
54	949
54	956
54	960
54	987
55	822
55	868
55	893
55	979
56	880
56	923
56	933
56	970
57	415
57	604
57	680
57	787
58	287
58	712
58	750
58	850
59	921
59	989
59	993
59	999
60	563
60	904
60	928
60	937
60	971
60	989
61	779
61	969
61	994
61	997
61	999
62	311
62	745
62	954
62	979
62	991
62	999
63	952
63	973
63	978
63	991
64	336
64	568
64	630
64	737
65	727
65	977
65	981
65	997
66	924
66	932
66	965
66	999
66	1000
67	534
67	572
67	667
67	849
68	883
68	933
68	970
68	972
69	309
69	582
69	708
69	755
70	952
70	973
70	978
70	991
71	850
71	933
71	970
71	972
72	936
72	944
72	956
72	968
73	275
73	573
73	779
73	793
74	952
74	973
74	978
74	991
75	513
75	709
75	848
75	866
76	327
76	387
76	668
76	814
77	446
77	728
77	924
77	934
78	753
78	774
78	937
78	965
78	971
78	987
79	331
79	953
79	989
79	993
80	896
80	953
80	989
80	993
81	342
81	423
81	623
81	761
82	302
82	449
82	795
82	823
83	153
83	578
83	592
83	717
84	281
84	659
84	772
84	922
85	35
85	578
85	592
85	717
86	942
86	966
86	967
86	999
87	437
87	646
87	782
87	825
88	103
88	625
88	691
88	746
89	50
89	928
89	960
89	981
89	1000
90	458
90	630
90	913
90	954
91	116
91	546
91	750
91	911
91	956
91	992
92	907
92	977
92	981
92	997
93	536
93	847
93	959
93	960
94	296
94	580
94	886
94	905
95	921
95	953
95	989
95	993
96	25
96	284
96	691
96	746
97	358
97	464
97	658
97	711
98	864
98	877
98	957
98	969
99	982
99	984
99	990
99	992
100	485
100	538
100	563
100	655
101	292
101	644
101	848
101	866
102	468
102	484
102	537
102	684
103	88
103	527
103	691
103	746
104	125
104	174
104	262
104	568
105	744
105	833
105	906
105	937
106	24
106	561
106	794
106	810
106	905
106	976
107	615
107	759
107	795
107	978
108	170
108	178
108	712
108	962
109	958
109	983
109	986
109	987
110	458
110	843
110	913
110	954
111	671
111	695
111	948
111	965
112	936
112	939
112	944
112	956
113	872
113	955
113	966
113	999
114	33
114	528
114	839
114	904
115	748
115	929
115	935
115	967
116	91
116	316
116	510
116	767
117	952
117	973
117	978
117	991
118	570
118	943
118	961
118	980
119	582
119	973
119	978
119	991
120	538
120	563
120	655
120	710
121	945
121	973
121	978
121	991
122	859
122	920
122	935
122	967
123	393
123	409
123	748
123	892
124	495
124	586
124	771
124	801
125	104
125	375
125	702
125	737
126	505
126	802
126	908
126	934
127	148
127	417
127	740
127	810
128	470
128	729
128	872
128	928
129	504
129	697
129	740
129	852
130	599
130	806
130	948
130	965
131	365
131	811
131	969
131	976
131	1000
132	534
132	622
132	787
132	849
133	285
133	481
133	949
133	976
133	993
133	997
134	491
134	645
134	666
134	808
135	486
135	779
135	793
135	861
136	671
136	707
136	948
136	965
137	923
137	933
137	970
137	972
138	466
138	683
138	937
138	956
138	961
138	1000
139	645
139	698
139	730
139	808
140	308
140	622
140	667
140	849
141	827
141	868
141	893
141	979
142	577
142	611
142	902
142	925
143	515
143	734
143	772
143	922
144	672
144	766
144	772
144	922
145	24
145	379
145	853
145	962
146	565
146	698
146	730
146	808
147	257
147	280
147	453
147	555
148	127
148	697
148	740
148	914
149	251
149	665
149	716
149	761
150	642
150	771
150	776
150	994
151	952
151	973
151	978
151	991
152	514
152	558
152	764
152	846
153	83
153	578
153	592
153	717
154	270
154	727
154	817
154	902
155	804
155	815
155	820
155	951
156	605
156	758
156	771
156	776
157	899
157	943
157	961
157	980
158	293
158	887
158	891
158	976
159	815
159	851
159	856
159	951
160	889
160	949
160	961
160	969
160	970
160	976
161	831
161	934
161	969
161	992
162	749
162	920
162	935
162	967
163	703
163	713
163	848
163	866
164	918
164	929
164	935
164	967
165	41
165	294
165	371
165	994
166	431
166	729
166	872
166	928
167	414
167	625
167	654
167	760
168	816
168	953
168	989
168	993
169	597
169	827
169	889
169	904
170	108
170	287
170	712
170	750
171	390
171	886
171	905
171	909
172	599
172	713
172	948
172	965
173	353
173	477
173	628
173	939
174	104
174	320
174	381
174	812
175	714
175	815
175	820
175	951
176	411
176	905
176	956
176	986
177	311
177	497
177	737
177	915
178	108
178	332
178	712
178	750
179	919
179	942
179	955
179	999
180	200
180	728
180	802
180	851
181	644
181	703
181	709
181	848
182	952
182	973
182	978
182	991
183	593
183	778
183	779
183	949
183	991
184	952
184	973
184	978
184	991
185	859
185	918
185	929
185	967
186	948
186	983
186	986
186	987
187	356
187	961
187	964
187	980
188	52
188	996
188	998
188	1000
189	495
189	586
189	773
189	801
190	581
190	887
190	890
190	976
191	785
191	796
191	890
191	976
192	664
192	827
192	893
192	979
193	952
193	973
193	978
193	991
194	376
194	642
194	776
194	946
195	25
195	26
195	691
195	746
196	719
196	778
196	805
196	836
197	887
197	890
197	934
197	976
198	596
198	766
198	922
198	994
199	952
199	973
199	978
199	991
200	180
200	264
200	728
200	907
201	31
201	386
201	476
201	954
202	487
202	515
202	689
202	922
203	887
203	890
203	926
203	976
204	629
204	782
204	825
204	987
205	715
205	763
205	889
205	904
206	418
206	924
206	956
206	979
206	997
206	999
207	337
207	890
207	910
207	976
208	225
208	658
208	776
208	932
208	965
208	997
209	249
209	784
209	961
209	980
210	923
210	955
210	966
210	999
211	719
211	794
211	805
211	836
212	6
212	407
212	908
212	924
213	537
213	570
213	608
213	846
214	591
214	660
214	913
214	954
215	290
215	642
215	758
215	776
216	217
216	535
216	972
216	976
216	980
217	216
217	387
217	512
217	668
218	587
218	590
218	593
218	924
219	758
219	943
219	961
219	980
220	9
220	643
220	930
220	971
221	738
221	872
221	928
222	364
222	735
222	748
222	892
223	501
223	660
223	880
223	954
224	26
224	983
224	986
224	987
225	208
225	839
225	889
225	904
226	545
226	647
226	851
226	934
227	768
227	852
227	930
227	971
228	384
228	561
228	604
228	787
229	232
229	408
229	510
229	535
230	641
230	915
230	943
230	961
230	980
231	598
231	839
231	889
231	904
231	942
232	229
232	265
232	510
232	696
232	853
233	279
233	719
233	794
233	805
233	836
234	270
234	505
234	728
234	851
234	934
235	749
235	815
235	820
235	856
235	951
236	813
236	860
236	869
236	930
236	971
237	318
237	511
237	930
237	958
237	971
238	883
238	923
238	933
238	970
238	972
239	667
239	921
239	953
239	989
239	993
240	747
240	988
240	996
240	998
240	1000
241	50
241	822
241	868
241	893
241	979
242	780
242	864
242	873
242	957
242	969
243	419
243	463
243	834
243	906
243	937
244	413
244	432
244	446
244	851
244	934
245	781
245	828
245	918
245	929
245	975
246	437
246	629
246	782
246	825
246	920
247	415
247	460
247	561
247	787
247	941
248	523
248	735
248	748
248	786
248	892
249	209
249	800
249	943
249	961
249	980
250	558
250	570
250	608
250	764
250	846
251	149
251	543
251	585
251	716
251	760
252	314
252	783
252	822
252	868
252	979
253	450
253	896
253	953
253	989
253	993
254	416
254	552
254	639
254	708
254	755
255	824
255	864
255	898
255	957
255	969
256	398
256	653
256	815
256	820
256	951
257	147
257	280
257	453
257	555
257	962
258	600
258	838
258	868
258	893
258	979
259	318
259	869
259	930
259	957
259	971
260	764
260	905
260	956
260	967
260	997
261	985
261	988
261	996
261	998
261	1000
262	104
262	375
262	381
262	842
262	940
263	580
263	826
263	886
263	905
263	994
264	200
264	499
264	908
264	924
264	934
265	47
265	232
265	466
265	535
265	699
266	838
266	954
266	987
266	993
266	997
267	975
267	982
267	984
267	990
267	992
268	860
268	919
268	942
268	966
268	999
269	717
269	892
269	915
269	955
269	972
269	986
269	990
270	154
270	234
270	647
270	908
270	934
271	874
271	876
271	911
271	949
271	962
272	586
272	802
272	805
272	961
272	976
272	979
273	655
273	725
273	905
273	922
273	956
273	980
273	990
274	45
274	897
274	951
274	972
274	979
274	999
275	73
275	573
275	779
275	793
275	933
276	427
276	679
276	817
276	852
276	902
277	40
277	478
277	578
277	592
277	717
278	28
278	411
278	423
278	943
278	956
278	965
278	976
278	981
279	233
279	732
279	899
279	961
279	980
280	147
280	257
280	453
280	521
280	555
281	84
281	806
281	947
281	948
281	965
282	850
282	880
282	933
282	970
282	972
283	838
283	870
283	897
283	900
283	925
284	25
284	96
284	691
284	746
284	955
285	133
285	572
285	622
285	667
285	849
286	540
286	784
286	943
286	961
286	980
287	58
287	170
287	332
287	712
287	750
288	383
288	495
288	586
288	735
288	801
289	864
289	988
289	996
289	998
289	1000
290	215
290	376
290	669
290	776
290	994
291	835
291	874
291	876
291	911
291	949
292	101
292	644
292	703
292	823
292	866
293	158
293	785
293	796
293	887
293	976
294	37
294	165
294	339
294	371
294	826
295	2
295	467
295	720
295	817
295	902
296	94
296	580
296	886
296	905
296	994
297	885
297	952
297	973
297	978
297	991
298	443
298	908
298	934
298	947
298	964
299	593
299	856
299	905
299	957
299	971
299	997
299	999
300	477
300	958
300	983
300	986
300	987
301	362
301	451
301	657
301	700
301	745
302	82
302	551
302	615
302	759
302	984
303	975
303	982
303	984
303	990
303	992
304	885
304	952
304	973
304	978
304	991
305	700
305	711
305	758
305	836
305	951
305	960
305	971
305	983
306	784
306	952
306	973
306	978
306	991
307	862
307	903
307	923
307	970
307	972
308	140
308	498
308	787
308	823
308	825
308	905
308	993
309	69
309	567
309	582
309	708
309	755
310	37
310	339
310	962
310	973
310	994
311	62
311	177
311	737
311	812
311	940
312	824
312	873
312	957
312	960
312	969
313	558
313	608
313	649
313	846
313	936
314	252
314	744
314	834
314	906
314	937
315	375
315	920
315	929
315	935
315	967
316	116
316	408
316	466
316	696
316	970
317	580
317	833
317	834
317	906
317	937
318	237
318	259
318	511
318	869
318	971
319	613
319	666
319	700
319	943
319	960
319	986
319	991
320	174
320	497
320	568
320	574
320	812
321	359
321	387
321	530
321	546
321	832
322	847
322	863
322	884
322	959
322	960
323	759
323	907
323	977
323	981
323	997
324	622
324	712
324	774
324	928
324	949
324	980
324	1000
325	831
325	838
325	924
325	970
325	981
325	992
326	1
326	498
326	715
326	725
326	889
327	76
327	530
327	668
327	917
327	962
328	863
328	884
328	943
328	959
328	960
329	440
329	573
329	779
329	782
329	793
330	985
330	988
330	996
330	998
330	1000
331	79
331	874
331	876
331	911
331	949
332	178
332	287
332	712
332	750
332	962
333	885
333	952
333	973
333	978
333	991
334	460
334	561
334	604
334	787
334	806
335	975
335	982
335	984
335	990
335	992
336	64
336	497
336	678
336	812
336	940
337	207
337	687
337	887
337	890
337	976
338	419
338	813
338	869
338	930
338	971
339	37
339	41
339	294
339	310
339	962
340	649
340	662
340	764
340	846
340	916
341	540
341	676
341	872
341	928
341	940
342	81
342	423
342	623
342	914
342	946
343	728
343	807
343	820
343	856
343	951
344	467
344	632
344	720
344	817
344	902
345	719
345	794
345	805
345	836
346	535
346	567
346	582
346	639
346	755
347	474
347	813
347	869
347	930
347	971
348	550
348	630
348	875
348	913
348	954
349	379
349	774
349	892
349	928
349	991
349	992
350	813
350	869
350	881
350	930
350	971
351	687
351	796
351	887
351	890
351	976
352	380
352	481
352	683
352	774
352	894
353	173
353	411
353	628
353	832
353	939
354	562
354	804
354	913
354	954
354	995
355	835
355	874
355	876
355	911
355	949
356	187
356	988
356	996
356	998
356	1000
357	451
357	657
357	700
357	745
357	953
358	97
358	367
358	444
358	658
358	711
359	321
359	512
359	546
359	909
359	962
360	368
360	695
360	730
360	949
360	956
360	969
360	972
361	714
361	749
361	820
361	856
361	951
362	301
362	818
362	870
362	897
362	925
363	489
363	593
363	897
363	991
363	992
364	222
364	899
364	943
364	961
364	980
365	131
365	498
365	508
365	839
365	904
366	896
366	921
366	953
366	989
366	993
367	358
367	464
367	658
367	711
367	974
368	360
368	844
368	878
368	927
368	932
369	885
369	952
369	973
369	978
369	991
370	749
370	807
370	856
370	951
370	998
371	37
371	165
371	294
371	488
371	962
372	844
372	865
372	878
372	927
372	932
373	628
373	683
373	842
373	969
373	976
373	980
374	985
374	988
374	996
374	998
374	1000
375	125
375	262
375	315
375	812
375	946
376	194
376	290
376	605
376	758
376	776
377	513
377	793
377	848
377	866
377	994
378	449
378	824
378	864
378	957
378	969
379	145
379	349
379	466
379	676
379	696
380	28
380	352
380	481
380	683
380	774
381	174
381	262
381	737
381	812
381	946
382	697
382	740
382	810
382	896
382	914
383	288
383	495
383	586
383	642
383	801
383	914
384	228
384	615
384	759
384	823
384	901
384	947
385	759
385	795
385	823
385	894
385	901
385	985
386	201
386	602
386	618
386	660
386	913
386	954
387	76
387	217
387	321
387	527
387	668
387	962
388	931
388	975
388	982
388	984
388	990
388	992
389	731
389	768
389	813
389	869
389	930
389	971
390	171
390	580
390	886
390	905
390	994
390	995
391	750
391	818
391	870
391	897
391	900
391	925
392	931
392	975
392	982
392	984
392	990
392	992
393	21
393	123
393	523
393	735
393	748
393	892
394	898
394	916
394	958
394	983
394	986
394	987
395	416
395	582
395	618
395	639
395	708
395	755
396	790
396	847
396	863
396	884
396	959
396	960
397	456
397	705
397	956
397	960
397	979
397	986
397	993
397	1000
398	256
398	598
398	714
398	749
398	856
398	951
399	716
399	847
399	863
399	884
399	959
399	960
400	523
400	735
400	748
400	874
400	892
400	939
401	732
401	847
401	863
401	884
401	959
401	960
402	898
402	916
402	958
402	983
402	986
402	987
403	461
403	629
403	646
403	782
403	825
403	885
404	974
404	985
404	988
404	996
404	998
404	1000
405	793
405	985
405	988
405	996
405	998
405	1000
406	809
406	985
406	988
406	996
406	998
406	1000
407	212
407	631
407	802
407	908
407	924
407	934
408	47
408	229
408	316
408	466
408	696
408	814
409	123
409	556
409	745
409	801
409	932
409	979
409	983
409	993
410	738
410	753
410	770
410	831
410	950
411	176
411	278
411	353
411	477
411	628
411	939
412	862
412	903
412	923
412	933
412	970
412	972
413	244
413	734
413	766
413	772
413	922
413	994
414	167
414	543
414	625
414	654
414	716
414	760
415	57
415	247
415	460
415	604
415	787
415	926
416	254
416	395
416	567
416	582
416	639
416	755
417	127
417	462
417	504
417	697
417	740
417	810
418	206
418	896
418	921
418	953
418	989
418	993
419	243
419	338
419	692
419	833
419	906
419	937
420	680
420	824
420	864
420	873
420	957
420	969
421	15
421	521
421	746
421	951
421	967
421	969
421	997
422	860
422	919
422	942
422	955
422	966
422	999
423	81
423	278
423	342
423	623
423	826
423	946
424	555
424	913
424	937
424	951
424	976
424	979
424	989
425	31
425	623
425	925
425	957
425	966
425	967
426	706
426	784
426	899
426	943
426	961
426	980
427	2
427	276
427	632
427	720
427	727
427	902
428	840
428	896
428	921
428	953
428	989
428	993
429	623
429	627
429	758
429	954
429	956
429	979
429	991
429	1000
430	788
430	840
430	896
430	953
430	989
430	993
431	20
431	166
431	676
431	729
431	872
431	928
432	244
432	641
432	677
432	851
432	947
432	964
433	538
433	746
433	812
433	831
433	849
433	924
433	992
434	825
434	897
434	901
434	924
434	928
434	944
434	979
434	997
435	465
435	577
435	720
435	727
435	817
435	902
436	39
436	798
436	919
436	942
436	955
436	999
437	87
437	246
437	629
437	646
437	782
437	825
438	855
438	918
438	920
438	929
438	935
438	967
439	473
439	719
439	794
439	805
439	836
439	846
440	329
440	486
440	573
440	779
440	793
440	964
441	549
441	781
441	918
441	929
441	935
441	967
442	762
442	919
442	942
442	955
442	966
442	999
443	298
443	647
443	802
443	851
443	924
443	934
444	358
444	464
444	634
444	658
444	711
444	996
445	982
445	985
445	988
445	996
445	998
445	1000
446	77
446	244
446	677
446	895
446	924
446	934
447	739
447	840
447	921
447	953
447	989
447	993
448	565
448	645
448	666
448	698
448	730
448	808
449	82
449	378
449	759
449	795
449	823
449	964
450	6
450	253
450	647
450	851
450	924
450	934
451	301
451	357
451	657
451	700
451	745
452	780
452	864
452	873
452	945
452	957
452	969
453	147
453	257
453	280
453	521
453	555
453	962
454	687
454	785
454	796
454	887
454	890
454	976
455	838
455	870
455	897
455	900
455	925
455	970
456	397
456	596
456	734
456	766
456	772
456	922
457	473
457	567
457	719
457	794
457	805
457	836
458	90
458	110
458	501
458	682
458	741
458	954
459	842
459	958
459	983
459	986
459	987
460	247
460	334
460	415
460	561
460	787
460	824
461	403
461	573
461	629
461	646
461	782
461	825
462	417
462	819
462	942
462	955
462	966
462	999
463	243
463	756
463	833
463	834
463	906
463	937
464	97
464	367
464	444
464	658
464	711
464	906
465	435
465	720
465	727
465	812
465	817
465	902
466	138
466	265
466	316
466	379
466	408
466	896
467	295
467	344
467	496
467	727
467	817
467	902
468	102
468	469
468	484
468	537
468	556
468	684
469	468
469	484
469	489
469	537
469	638
469	684
470	128
470	540
470	676
470	729
470	872
470	928
471	609
471	715
471	725
471	889
471	904
471	984
472	828
472	859
472	920
472	929
472	935
472	967
473	439
473	457
473	719
473	794
473	805
473	836
474	347
474	773
474	942
474	955
474	966
474	999
475	847
475	863
475	884
475	890
475	959
475	960
476	17
476	201
476	550
476	602
476	814
476	913
477	173
477	300
477	411
477	628
477	831
477	857
478	277
478	578
478	592
478	618
478	648
478	717
479	669
479	892
479	921
479	953
479	989
479	993
480	587
480	590
480	593
480	941
480	951
481	133
481	352
481	380
481	683
481	774
481	909
482	885
482	932
482	952
482	973
482	978
482	991
483	886
483	975
483	982
483	984
483	990
483	992
484	102
484	468
484	469
484	537
484	684
484	888
485	100
485	538
485	563
485	655
485	882
486	135
486	440
486	573
486	779
486	793
486	952
487	202
487	596
487	672
487	689
487	784
487	832
487	922
488	371
488	779
488	965
488	967
488	992
488	997
488	999
489	50
489	363
489	469
489	537
489	566
489	684
489	823
490	725
490	931
490	975
490	982
490	984
490	990
490	992
491	134
491	840
491	896
491	921
491	953
491	989
491	993
492	758
492	931
492	975
492	982
492	984
492	990
492	992
493	529
493	558
493	649
493	661
493	662
493	846
493	885
494	880
494	883
494	903
494	923
494	933
494	970
494	972
495	124
495	189
495	288
495	383
495	586
495	801
495	914
496	467
496	524
496	603
496	738
496	753
496	770
496	831
497	177
497	320
497	336
497	568
497	737
497	812
497	973
498	308
498	326
498	365
498	839
498	853
498	889
498	904
499	264
499	880
499	903
499	923
499	933
499	970
499	972
500	641
500	752
500	784
500	943
500	944
500	961
500	980
501	223
501	458
501	522
501	562
501	767
501	913
501	954
502	627
502	731
502	768
502	813
502	869
502	930
502	971
503	644
503	703
503	709
503	848
503	866
503	909
503	994
504	129
504	417
504	574
504	697
504	810
504	888
504	914
505	19
505	126
505	234
505	728
505	750
505	908
505	934
506	529
506	570
506	608
506	649
506	662
506	764
506	846
507	918
507	921
507	943
507	956
507	971
507	976
507	992
507	999
508	365
508	568
508	724
508	913
508	965
508	991
508	1000
509	589
509	780
509	824
509	864
509	873
509	957
509	969
510	116
510	229
510	232
510	696
510	814
510	853
510	981
511	237
511	318
511	731
511	813
511	919
511	930
511	971
512	217
512	359
512	527
512	530
512	546
512	668
512	909
513	42
513	75
513	377
513	822
513	848
513	866
513	994
514	152
514	681
514	762
514	942
514	955
514	966
514	999
515	143
515	202
515	596
515	734
515	922
515	940
515	994
516	583
516	695
516	707
516	788
516	806
516	948
516	965
517	685
517	816
517	896
517	921
517	953
517	989
517	993
518	756
518	763
518	818
518	833
518	834
518	906
518	937
519	797
519	891
519	916
519	958
519	983
519	986
519	987
520	723
520	775
520	877
520	907
520	977
520	981
520	997
521	16
521	280
521	421
521	453
521	555
521	696
521	962
522	501
522	562
522	591
522	602
522	630
522	913
522	954
523	14
523	248
523	393
523	400
523	735
523	748
523	892
524	496
524	603
524	738
524	753
524	770
524	831
524	969
525	616
525	624
525	633
525	783
525	822
525	868
525	979
526	780
526	824
526	864
526	873
526	957
526	964
526	969
527	103
527	387
527	512
527	530
527	668
527	832
527	894
528	114
528	609
528	715
528	725
528	733
528	839
528	889
529	493
529	506
529	634
529	649
529	661
529	814
529	846
530	321
530	327
530	512
530	527
530	546
530	668
530	895
531	848
531	881
531	916
531	958
531	983
531	986
531	987
532	724
532	775
532	877
532	907
532	977
532	981
532	997
533	595
533	752
533	784
533	800
533	865
533	961
533	980
534	67
534	132
534	572
534	622
534	667
534	849
534	941
535	24
535	47
535	216
535	229
535	265
535	346
535	696
536	93
536	974
536	985
536	988
536	996
536	998
536	1000
537	102
537	213
537	468
537	469
537	484
537	489
537	684
538	5
538	100
538	120
538	433
538	485
538	563
538	655
539	745
539	793
539	808
539	979
539	986
539	993
539	997
540	286
540	341
540	470
540	676
540	872
540	928
540	968
541	819
541	919
541	942
541	955
541	966
541	978
541	999
542	673
542	848
542	912
542	917
542	936
542	944
542	956
543	251
543	414
543	585
543	625
543	654
543	760
543	761
544	809
544	835
544	874
544	876
544	911
544	949
544	997
545	18
545	226
545	802
545	851
545	908
545	924
545	947
546	91
546	321
546	359
546	512
546	530
546	668
546	962
547	843
547	844
547	865
547	878
547	927
547	932
548	671
548	713
548	806
548	948
548	964
548	965
548	970
549	441
549	706
549	912
549	917
549	936
549	944
549	956
550	348
550	476
550	562
550	913
550	915
550	954
550	991
551	302
551	612
551	759
551	795
551	823
551	901
551	985
552	254
552	567
552	582
552	639
552	708
552	755
552	934
553	809
553	835
553	866
553	874
553	876
553	911
553	949
554	828
554	855
554	920
554	929
554	935
554	967
554	978
555	147
555	257
555	280
555	424
555	453
555	521
555	962
556	10
556	409
556	468
556	851
556	905
556	997
556	999
557	855
557	859
557	918
557	920
557	929
557	935
557	967
558	152
558	250
558	313
558	493
558	764
558	778
558	996
559	963
559	974
559	985
559	988
559	996
559	998
559	1000
560	881
560	891
560	916
560	958
560	983
560	986
560	987
560	994
561	106
561	228
561	247
561	334
561	460
561	604
561	787
561	941
562	31
562	354
562	501
562	522
562	550
562	913
562	954
562	995
563	5
563	60
563	100
563	120
563	485
563	538
563	655
563	882
564	742
564	743
564	775
564	877
564	907
564	977
564	981
564	997
565	146
565	448
565	645
565	666
565	698
565	730
565	800
565	808
566	489
566	708
566	812
566	902
566	951
566	970
566	971
566	991
567	309
567	346
567	416
567	457
567	552
567	639
567	708
567	755
568	32
568	64
568	104
568	320
568	497
568	508
568	812
568	946
569	692
569	756
569	763
569	811
569	833
569	834
569	906
569	937
570	118
570	213
570	250
570	506
570	608
570	661
570	764
570	846
571	850
571	862
571	880
571	883
571	903
571	933
571	970
571	972
572	67
572	285
572	534
572	622
572	667
572	849
572	901
572	941
573	73
573	275
573	329
573	440
573	461
573	486
573	779
573	793
574	320
574	504
574	745
574	750
574	846
574	849
574	959
574	999
575	788
575	816
575	896
575	910
575	921
575	953
575	989
575	993
576	950
576	963
576	974
576	985
576	988
576	996
576	998
576	1000
577	142
577	435
577	611
577	632
577	720
577	817
577	902
577	937
578	35
578	83
578	85
578	153
578	277
578	478
578	592
578	717
579	688
579	732
579	784
579	835
579	899
579	943
579	961
579	980
580	94
580	263
580	296
580	317
580	390
580	886
580	905
580	994
581	190
581	653
581	807
581	820
581	856
581	934
581	941
581	951
582	69
582	119
582	309
582	346
582	395
582	416
582	552
582	755
583	516
583	599
583	695
583	713
583	798
583	806
583	948
583	965
584	876
584	891
584	898
584	916
584	958
584	983
584	986
584	987
585	251
585	543
585	615
585	625
585	654
585	716
585	760
585	761
586	124
586	189
586	272
586	288
586	383
586	495
586	699
586	801
587	218
587	480
587	590
587	593
587	674
587	941
588	744
588	756
588	763
588	833
588	834
588	882
588	906
588	937
589	509
589	780
589	800
589	824
589	864
589	873
589	957
589	969
590	218
590	480
590	587
590	593
590	941
591	2
591	214
591	522
591	606
591	630
591	913
591	954
591	995
592	83
592	85
592	153
592	277
592	478
592	578
592	604
592	717
593	183
593	218
593	299
593	363
593	480
593	587
593	590
593	941
594	858
594	879
594	931
594	975
594	982
594	984
594	990
594	992
595	533
595	732
595	800
595	893
595	899
595	943
595	961
595	980
596	198
596	456
596	487
596	515
596	659
596	766
596	865
596	922
597	169
597	609
597	725
597	765
597	839
597	889
597	904
597	946
598	231
598	398
598	705
598	839
598	861
598	889
598	904
598	909
599	130
599	172
599	583
599	671
599	707
599	806
599	948
599	965
600	258
600	633
600	783
600	822
600	827
600	868
600	893
600	979
601	780
601	801
601	965
601	976
601	990
601	993
601	997
601	999
602	17
602	386
602	476
602	522
602	616
602	660
602	913
602	954
603	496
603	524
603	738
603	753
603	770
603	831
603	894
603	968
604	57
604	228
604	334
604	415
604	561
604	592
604	787
604	941
605	156
605	376
605	642
605	758
605	776
605	790
605	861
605	994
606	591
606	691
606	716
606	839
606	951
606	968
606	979
606	992
607	675
607	846
607	892
607	897
607	972
607	980
607	987
607	990
608	213
608	250
608	313
608	506
608	570
608	661
608	764
608	846
609	471
609	528
609	597
609	715
609	725
609	757
609	889
609	962
610	781
610	855
610	859
610	918
610	920
610	929
610	935
610	967
611	142
611	577
611	632
611	720
611	765
611	817
611	902
611	968
612	46
612	551
612	759
612	795
612	823
612	894
612	947
612	987
613	319
613	773
613	860
613	919
613	942
613	955
613	966
613	999
614	717
614	799
614	818
614	838
614	870
614	897
614	900
614	925
615	10
615	107
615	302
615	384
615	585
615	759
615	823
615	964
616	525
616	602
616	633
616	664
616	827
616	868
616	893
616	979
617	828
617	855
617	918
617	919
617	920
617	929
617	935
617	967
618	386
618	395
618	478
618	715
618	899
618	911
618	932
618	965
618	991
619	880
619	963
619	974
619	985
619	988
619	996
619	998
619	1000
620	881
620	891
620	898
620	916
620	958
620	983
620	986
620	987
621	650
621	673
621	706
621	912
621	917
621	936
621	944
621	956
622	132
622	140
622	285
622	324
622	534
622	572
622	667
622	849
622	901
623	81
623	342
623	423
623	425
623	429
623	767
623	826
623	914
623	946
624	525
624	664
624	787
624	822
624	827
624	868
624	893
624	979
624	994
625	88
625	167
625	414
625	543
625	585
625	654
625	760
625	761
625	962
626	789
626	850
626	862
626	880
626	903
626	923
626	933
626	970
626	972
627	429
627	502
627	643
627	731
627	768
627	813
627	869
627	930
627	971
628	173
628	353
628	373
628	411
628	477
628	757
628	832
628	857
628	967
629	204
629	246
629	403
629	437
629	461
629	646
629	777
629	782
629	825
630	31
630	64
630	90
630	348
630	522
630	591
630	741
630	913
630	954
631	407
631	850
631	880
631	883
631	903
631	923
631	933
631	970
631	972
632	344
632	427
632	577
632	611
632	720
632	727
632	751
632	902
632	968
633	525
633	600
633	616
633	783
633	822
633	827
633	893
633	897
633	979
634	444
634	529
634	697
634	711
634	810
634	911
634	960
634	991
634	1000
635	769
635	779
635	830
635	843
635	844
635	865
635	878
635	927
635	932
636	920
636	950
636	963
636	974
636	985
636	988
636	996
636	998
636	1000
637	702
637	722
637	790
637	847
637	863
637	884
637	958
637	959
637	960
638	469
638	828
638	855
638	859
638	918
638	920
638	929
638	935
638	967
639	254
639	346
639	395
639	416
639	552
639	567
639	708
639	755
639	981
640	811
640	830
640	843
640	844
640	865
640	878
640	906
640	927
640	932
641	230
641	432
641	500
641	688
641	752
641	899
641	943
641	961
641	980
642	150
642	194
642	215
642	383
642	605
642	758
642	776
642	946
642	994
643	3
643	220
643	627
643	671
643	768
643	813
643	869
643	930
643	971
644	101
644	181
644	292
644	503
644	703
644	709
644	848
644	866
644	994
645	134
645	139
645	448
645	565
645	666
645	698
645	730
645	808
645	964
646	87
646	403
646	437
646	461
646	629
646	682
646	782
646	825
646	976
647	226
647	270
647	443
647	450
647	743
647	771
647	924
647	934
647	964
648	478
648	669
648	739
648	816
648	840
648	921
648	953
648	989
648	993
649	313
649	340
649	493
649	506
649	529
649	661
649	662
649	846
649	947
650	621
650	673
650	706
650	715
650	912
650	917
650	936
650	944
650	956
651	858
651	879
651	931
651	975
651	977
651	982
651	984
651	990
651	992
652	850
652	862
652	883
652	903
652	923
652	933
652	958
652	970
652	972
653	256
653	581
653	714
653	749
653	807
653	815
653	820
653	856
653	951
654	167
654	414
654	543
654	585
654	625
654	716
654	760
654	802
654	947
655	5
655	32
655	100
655	120
655	273
655	485
655	538
655	563
655	954
656	781
656	855
656	859
656	918
656	920
656	929
656	935
656	967
656	971
657	301
657	357
657	451
657	700
657	745
657	764
657	895
657	940
658	97
658	208
658	358
658	367
658	444
658	464
658	711
658	882
658	929
659	84
659	596
659	672
659	689
659	734
659	766
659	772
659	922
659	943
660	214
660	223
660	386
660	602
660	730
660	842
660	913
660	954
660	995
661	493
661	529
661	570
661	608
661	649
661	662
661	764
661	846
661	979
662	10
662	340
662	493
662	506
662	649
662	661
662	764
662	814
662	846
663	692
663	744
663	756
663	763
663	833
663	834
663	877
663	906
663	937
664	192
664	616
664	624
664	783
664	827
664	868
664	946
664	979
664	994
665	149
665	740
665	761
665	782
665	810
665	927
665	951
665	954
665	993
666	134
666	319
666	448
666	565
666	645
666	698
666	730
666	774
666	808
667	67
667	140
667	239
667	285
667	534
667	572
667	622
667	849
667	941
668	76
668	217
668	327
668	387
668	512
668	527
668	530
668	546
668	841
668	894
669	290
669	479
669	648
669	788
669	840
669	896
669	921
669	953
669	989
669	993
670	762
670	773
670	819
670	845
670	860
670	919
670	942
670	955
670	966
670	999
671	111
671	136
671	548
671	599
671	643
671	695
671	707
671	806
671	948
671	965
672	144
672	487
672	659
672	688
672	689
672	734
672	766
672	772
672	922
672	994
673	542
673	621
673	650
673	706
673	840
673	912
673	917
673	936
673	944
673	956
674	587
674	801
674	827
674	905
674	956
674	963
674	979
674	981
674	993
674	997
675	607
675	681
675	798
675	819
675	860
675	919
675	942
675	955
675	966
675	999
676	341
676	379
676	431
676	470
676	540
676	729
676	872
676	895
676	928
676	968
677	6
677	432
677	446
677	771
677	802
677	851
677	882
677	908
677	924
677	934
678	336
678	727
678	817
678	825
678	890
678	892
678	949
678	976
678	981
678	997
679	276
679	801
679	917
679	949
679	959
679	960
679	970
679	990
679	991
679	992
680	57
680	420
680	740
680	787
680	888
680	908
680	932
680	960
680	989
680	991
681	14
681	514
681	675
681	819
681	860
681	919
681	942
681	955
681	966
681	999
682	458
682	646
682	711
682	761
682	825
682	876
682	922
682	949
682	957
682	993
683	28
683	138
683	352
683	373
683	380
683	481
683	740
683	774
683	894
683	909
684	50
684	102
684	468
684	469
684	484
684	489
684	537
684	699
684	888
684	975
685	517
685	788
685	816
685	840
685	896
685	921
685	936
685	953
685	989
685	993
686	718
686	811
686	830
686	843
686	844
686	865
686	870
686	878
686	927
686	932
687	30
687	337
687	351
687	454
687	778
687	785
687	796
687	890
687	976
687	996
688	579
688	641
688	672
688	752
688	800
688	899
688	915
688	943
688	961
688	980
689	202
689	487
689	659
689	672
689	734
689	766
689	772
689	922
689	940
689	955
690	785
690	818
690	892
690	900
690	902
690	937
690	951
690	969
690	976
690	992
691	88
691	96
691	103
691	195
691	284
691	606
691	746
691	754
691	765
691	778
692	419
692	569
692	663
692	744
692	756
692	763
692	822
692	834
692	906
692	937
693	769
693	811
693	830
693	843
693	844
693	865
693	878
693	927
693	932
693	935
694	804
694	862
694	881
694	891
694	898
694	916
694	958
694	983
694	986
694	987
695	111
695	360
695	516
695	583
695	671
695	707
695	713
695	806
695	948
695	965
696	24
696	232
696	316
696	379
696	408
696	510
696	521
696	535
696	699
696	778
697	129
697	148
697	382
697	417
697	504
697	634
697	740
697	765
697	810
697	949
698	45
698	139
698	146
698	448
698	565
698	645
698	666
698	730
698	781
698	808
699	265
699	586
699	684
699	696
699	795
699	872
699	928
699	956
699	960
699	980
700	301
700	305
700	319
700	357
700	451
700	657
700	745
700	895
700	940
700	963
701	710
701	724
701	742
701	775
701	877
701	907
701	977
701	981
701	997
701	998
702	125
702	637
702	722
702	790
702	847
702	863
702	884
702	959
702	960
703	163
703	181
703	292
703	503
703	644
703	709
703	848
703	866
703	888
703	968
704	751
704	772
704	799
704	818
704	838
704	870
704	897
704	900
704	925
705	5
705	397
705	598
705	725
705	767
705	839
705	888
705	889
705	904
705	962
706	426
706	549
706	621
706	650
706	673
706	912
706	917
706	936
706	944
706	956
707	136
707	516
707	599
707	671
707	695
707	713
707	806
707	948
707	965
707	998
708	69
708	254
708	309
708	395
708	552
708	566
708	567
708	639
708	755
708	760
709	42
709	75
709	181
709	503
709	644
709	703
709	848
709	866
709	911
709	947
710	120
710	701
710	724
710	742
710	743
710	877
710	907
710	977
710	981
710	997
711	97
711	305
711	358
711	367
711	444
711	464
711	634
711	658
711	682
711	882
711	905
712	58
712	108
712	170
712	178
712	287
712	324
712	332
712	750
712	839
712	852
712	962
713	163
713	172
713	548
713	583
713	695
713	707
713	806
713	947
713	948
713	964
713	965
714	175
714	361
714	398
714	653
714	807
714	815
714	820
714	856
714	927
714	951
714	995
715	33
715	205
715	326
715	471
715	528
715	609
715	618
715	650
715	765
715	839
715	904
716	149
716	251
716	399
716	414
716	585
716	606
716	654
716	760
716	761
716	947
716	962
717	35
717	40
717	83
717	85
717	153
717	269
717	277
717	478
717	578
717	592
717	614
718	686
718	769
718	811
718	830
718	843
718	844
718	865
718	878
718	927
718	932
718	952
719	196
719	211
719	233
719	345
719	439
719	457
719	473
719	794
719	805
719	836
719	996
720	295
720	344
720	427
720	435
720	465
720	577
720	611
720	632
720	727
720	901
720	902
721	791
721	845
721	858
721	879
721	915
721	931
721	975
721	982
721	984
721	990
721	992
722	637
722	702
722	790
722	847
722	863
722	884
722	959
722	960
722	974
723	520
723	938
723	945
723	950
723	963
723	974
723	985
723	988
723	996
723	998
723	1000
724	508
724	532
724	701
724	710
724	743
724	775
724	877
724	907
724	977
724	981
724	997
725	273
725	326
725	471
725	490
725	528
725	597
725	609
725	705
725	904
725	962
725	973
726	753
726	809
726	835
726	874
726	876
726	911
726	949
727	65
727	154
727	427
727	435
727	465
727	467
727	632
727	678
727	720
727	817
727	902
728	77
728	180
728	200
728	234
728	343
728	505
728	802
728	851
728	908
728	915
728	934
729	20
729	128
729	166
729	431
729	470
729	676
729	798
729	861
729	872
729	928
729	968
730	45
730	139
730	146
730	360
730	448
730	565
730	645
730	660
730	666
730	698
730	808
731	9
731	389
731	502
731	511
731	627
731	768
731	869
731	888
731	930
731	971
731	985
732	279
732	401
732	579
732	595
732	752
732	784
732	800
732	899
732	943
732	961
732	980
733	528
733	821
733	841
733	867
733	871
733	885
733	952
733	973
733	978
733	991
734	143
734	413
734	456
734	515
734	659
734	672
734	689
734	766
734	832
734	921
734	922
735	21
735	222
735	248
735	288
735	393
735	400
735	523
735	748
735	862
735	892
735	939
736	791
736	845
736	858
736	879
736	924
736	931
736	975
736	982
736	984
736	990
736	992
737	43
737	64
737	125
737	177
737	311
737	381
737	497
737	757
737	812
737	915
737	946
738	36
738	38
738	221
738	410
738	496
738	524
738	603
738	753
738	770
738	831
738	968
739	447
739	648
739	816
739	819
739	840
739	896
739	897
739	921
739	953
739	989
739	993
740	127
740	129
740	148
740	382
740	417
740	665
740	680
740	683
740	697
740	757
740	810
741	458
741	630
741	779
741	793
741	801
741	808
741	849
741	905
741	930
741	960
741	989
742	564
742	701
742	710
742	743
742	769
742	775
742	877
742	907
742	977
742	981
742	997
743	564
743	647
743	710
743	724
743	742
743	775
743	877
743	907
743	977
743	981
743	997
744	33
744	105
744	314
744	588
744	663
744	692
744	763
744	833
744	834
744	906
744	937
745	17
745	62
745	301
745	357
745	409
745	451
745	539
745	574
745	657
745	700
745	895
745	940
746	25
746	88
746	96
746	103
746	195
746	284
746	421
746	433
746	691
746	754
746	765
746	778
747	240
747	786
747	829
747	849
747	881
747	891
747	898
747	916
747	958
747	983
747	986
747	987
748	4
748	14
748	21
748	115
748	123
748	222
748	248
748	393
748	400
748	523
748	735
748	892
749	162
749	235
749	361
749	370
749	398
749	653
749	807
749	815
749	820
749	856
749	951
749	995
750	58
750	91
750	170
750	178
750	287
750	332
750	391
750	505
750	574
750	712
750	852
750	962
751	632
751	704
751	799
751	818
751	838
751	870
751	897
751	900
751	925
752	44
752	500
752	533
752	641
752	688
752	732
752	800
752	899
752	939
752	961
752	964
752	980
753	36
753	38
753	78
753	410
753	496
753	524
753	603
753	726
753	738
753	770
753	831
753	968
754	691
754	746
754	761
754	849
754	900
754	908
754	911
754	925
754	949
754	972
754	990
754	992
755	69
755	254
755	309
755	346
755	395
755	416
755	552
755	567
755	582
755	639
755	708
755	1000
756	463
756	518
756	569
756	588
756	663
756	692
756	763
756	833
756	834
756	906
756	937
756	1000
757	609
757	628
757	737
757	740
757	812
757	853
757	893
757	922
757	949
757	966
757	979
757	999
758	156
758	215
758	219
758	305
758	376
758	429
758	492
758	605
758	642
758	776
758	861
758	946
759	46
759	107
759	302
759	323
759	384
759	385
759	449
759	551
759	612
759	615
759	795
759	823
760	167
760	251
760	414
760	543
760	585
760	625
760	654
760	708
760	716
760	821
760	947
760	962
761	81
761	149
761	543
761	585
761	625
761	665
761	682
761	716
761	754
761	947
761	962
761	986
762	442
762	514
762	670
762	798
762	819
762	854
762	860
762	919
762	942
762	955
762	966
762	999
763	205
763	518
763	569
763	588
763	663
763	692
763	744
763	756
763	833
763	834
763	906
763	937
764	152
764	250
764	260
764	340
764	506
764	558
764	570
764	608
764	657
764	661
764	662
764	846
765	597
765	611
765	691
765	697
765	715
765	746
765	810
765	866
765	924
765	934
765	972
765	986
766	144
766	198
766	413
766	456
766	596
766	659
766	672
766	689
766	734
766	772
766	833
766	922
767	47
767	116
767	501
767	623
767	705
767	849
767	904
767	911
767	954
767	957
767	966
767	999
768	227
768	389
768	502
768	627
768	643
768	731
768	813
768	869
768	915
768	930
768	971
768	972
769	635
769	693
769	718
769	742
769	811
769	830
769	843
769	844
769	865
769	878
769	927
769	932
770	36
770	38
770	410
770	496
770	524
770	603
770	738
770	753
770	831
770	942
770	968
771	124
771	150
771	156
771	647
771	677
771	836
771	906
771	922
771	937
771	947
771	961
771	980
772	84
772	143
772	144
772	413
772	456
772	659
772	672
772	689
772	704
772	766
772	922
772	994
773	189
773	474
773	613
773	670
773	798
773	819
773	860
773	919
773	942
773	955
773	962
773	966
773	999
774	28
774	54
774	78
774	324
774	349
774	352
774	380
774	481
774	666
774	683
774	894
774	909
774	959
775	520
775	532
775	564
775	701
775	724
775	742
775	743
775	877
775	907
775	977
775	981
775	990
775	997
776	150
776	156
776	194
776	208
776	215
776	290
776	376
776	605
776	642
776	758
776	861
776	947
776	994
777	629
777	803
777	804
777	829
777	881
777	891
777	898
777	916
777	958
777	983
777	986
777	987
777	995
778	183
778	196
778	558
778	687
778	691
778	696
778	746
778	900
778	925
778	937
778	942
778	976
778	999
779	61
779	73
779	135
779	183
779	275
779	329
779	440
779	486
779	488
779	573
779	635
779	741
779	793
780	242
780	452
780	509
780	526
780	589
780	601
780	824
780	864
780	873
780	941
780	957
780	969
780	995
781	245
781	441
781	610
781	656
781	698
781	828
781	855
781	859
781	918
781	920
781	929
781	935
781	967
782	54
782	87
782	204
782	246
782	329
782	403
782	437
782	461
782	629
782	646
782	665
782	825
782	861
783	11
783	16
783	252
783	525
783	600
783	633
783	664
783	822
783	827
783	868
783	893
783	979
783	983
784	209
784	286
784	306
784	426
784	487
784	500
784	533
784	579
784	732
784	899
784	943
784	961
784	980
785	34
785	191
785	293
785	454
785	687
785	690
785	887
785	890
785	914
785	939
785	946
785	976
785	977
786	248
786	747
786	803
786	804
786	829
786	881
786	891
786	898
786	916
786	958
786	983
786	986
786	987
787	57
787	132
787	228
787	247
787	308
787	334
787	415
787	460
787	561
787	604
787	624
787	680
787	941
788	430
788	516
788	575
788	669
788	685
788	816
788	840
788	896
788	921
788	953
788	964
788	989
788	993
789	626
789	791
789	845
789	858
789	879
789	931
789	975
789	982
789	984
789	990
789	992
789	998
790	396
790	605
790	637
790	702
790	722
790	847
790	863
790	884
790	959
790	960
791	721
791	736
791	789
791	837
791	845
791	858
791	879
791	931
791	975
791	982
791	984
791	990
791	992
792	926
792	938
792	945
792	950
792	956
792	963
792	974
792	985
792	988
792	995
792	996
792	998
792	1000
793	73
793	135
793	275
793	329
793	377
793	405
793	440
793	486
793	539
793	573
793	741
793	779
793	861
794	106
794	211
794	233
794	345
794	439
794	457
794	473
794	719
794	805
794	836
794	842
794	901
794	975
795	16
795	46
795	82
795	107
795	385
795	449
795	551
795	612
795	699
795	759
795	823
795	894
795	964
796	27
796	191
796	293
796	351
796	454
796	687
796	887
796	890
796	891
796	914
796	946
796	976
796	990
797	519
797	850
797	854
797	862
797	880
797	883
797	903
797	923
797	933
797	970
797	972
798	436
798	583
798	675
798	729
798	762
798	773
798	819
798	860
798	919
798	942
798	955
798	966
798	999
799	614
799	704
799	751
799	818
799	838
799	870
799	897
799	900
799	925
799	952
799	995
800	249
800	533
800	565
800	589
800	595
800	688
800	732
800	752
800	826
800	899
800	943
800	961
800	980
801	124
801	189
801	288
801	383
801	409
801	495
801	586
801	601
801	674
801	679
801	741
801	868
801	914
802	19
802	126
802	180
802	272
802	407
802	443
802	545
802	654
802	677
802	728
802	908
802	924
802	934
803	777
803	786
803	829
803	831
803	881
803	891
803	898
803	916
803	958
803	983
803	986
803	987
803	1000
804	155
804	354
804	694
804	777
804	786
804	829
804	881
804	891
804	898
804	916
804	958
804	983
804	986
804	987
805	40
805	196
805	211
805	233
805	272
805	345
805	439
805	457
805	473
805	719
805	794
805	836
805	857
805	901
806	130
806	281
806	334
806	516
806	548
806	583
806	599
806	671
806	695
806	707
806	713
806	914
806	948
806	965
807	343
807	370
807	581
807	653
807	714
807	749
807	815
807	820
807	856
807	872
807	882
807	941
807	951
807	995
808	45
808	134
808	139
808	146
808	448
808	539
808	565
808	645
808	666
808	698
808	730
808	741
808	878
808	893
809	406
809	544
809	553
809	726
809	835
809	874
809	876
809	911
809	949
809	995
809	999
810	106
810	127
810	382
810	417
810	504
810	634
810	665
810	697
810	740
810	765
810	852
810	853
810	888
810	997
811	131
811	569
811	640
811	686
811	693
811	718
811	769
811	830
811	843
811	844
811	865
811	878
811	927
811	932
812	174
812	311
812	320
812	336
812	375
812	381
812	433
812	465
812	497
812	566
812	568
812	737
812	757
812	940
813	236
813	338
813	347
813	350
813	389
813	502
813	511
813	627
813	643
813	768
813	869
813	930
813	939
813	971
814	76
814	408
814	476
814	510
814	529
814	662
814	886
814	905
814	930
814	954
814	957
814	969
814	971
814	983
815	155
815	159
815	175
815	235
815	256
815	653
815	714
815	749
815	807
815	820
815	856
815	951
815	992
815	995
816	168
816	517
816	575
816	648
816	685
816	739
816	788
816	840
816	896
816	921
816	944
816	953
816	989
816	993
817	154
817	276
817	295
817	344
817	435
817	465
817	467
817	577
817	611
817	678
817	727
817	902
817	964
817	968
818	362
818	391
818	518
818	614
818	690
818	704
818	751
818	799
818	838
818	870
818	897
818	900
818	925
818	995
819	462
819	541
819	670
819	675
819	681
819	739
819	762
819	773
819	798
819	860
819	919
819	942
819	955
819	966
819	999
820	155
820	175
820	235
820	256
820	343
820	361
820	581
820	653
820	714
820	749
820	807
820	815
820	856
820	883
820	951
821	733
821	760
821	841
821	867
821	871
821	885
821	952
821	973
821	978
821	979
821	991
822	55
822	241
822	252
822	513
822	525
822	600
822	624
822	633
822	692
822	783
822	827
822	853
822	868
822	893
822	979
823	10
823	82
823	292
823	308
823	384
823	385
823	449
823	489
823	551
823	612
823	615
823	759
823	795
823	947
823	964
824	255
824	312
824	378
824	420
824	460
824	509
824	526
824	589
824	780
824	864
824	873
824	936
824	957
824	969
824	995
825	87
825	204
825	246
825	308
825	403
825	434
825	437
825	461
825	629
825	646
825	678
825	682
825	782
825	861
825	988
826	263
826	294
826	423
826	623
826	800
826	913
826	948
826	954
826	957
826	959
826	960
826	965
826	969
826	980
826	994
827	141
827	169
827	192
827	600
827	616
827	624
827	633
827	664
827	674
827	783
827	822
827	868
827	893
827	979
827	994
828	245
828	472
828	554
828	617
828	638
828	781
828	855
828	859
828	918
828	920
828	929
828	935
828	967
828	993
828	995
829	747
829	777
829	786
829	803
829	804
829	836
829	855
829	881
829	891
829	898
829	916
829	958
829	983
829	986
829	987
830	635
830	640
830	686
830	693
830	718
830	769
830	811
830	843
830	844
830	865
830	878
830	927
830	932
830	972
830	982
831	36
831	38
831	161
831	325
831	410
831	433
831	477
831	496
831	524
831	603
831	738
831	753
831	770
831	803
831	968
832	7
832	321
832	353
832	487
832	527
832	628
832	734
832	911
832	949
832	959
832	960
832	981
832	990
832	992
832	997
833	105
833	317
833	419
833	463
833	518
833	569
833	588
833	663
833	744
833	756
833	763
833	766
833	834
833	906
833	937
834	243
834	314
834	317
834	463
834	518
834	569
834	588
834	663
834	692
834	744
834	756
834	763
834	833
834	870
834	906
834	937
835	291
835	355
835	544
835	553
835	579
835	726
835	809
835	874
835	876
835	911
835	929
835	949
835	995
836	196
836	211
836	233
836	305
836	345
836	439
836	457
836	473
836	719
836	771
836	794
836	805
836	829
836	842
836	857
836	901
837	791
837	875
837	910
837	926
837	938
837	945
837	950
837	963
837	974
837	985
837	988
837	996
837	998
837	1000
838	53
838	258
838	266
838	283
838	325
838	455
838	614
838	704
838	751
838	799
838	818
838	870
838	897
838	900
838	925
838	995
839	114
839	225
839	231
839	365
839	498
839	528
839	597
839	598
839	606
839	705
839	712
839	715
839	842
839	889
839	904
839	962
840	428
840	430
840	447
840	491
840	648
840	669
840	673
840	685
840	739
840	788
840	816
840	886
840	941
840	953
840	989
840	993
841	668
841	733
841	821
841	867
841	871
841	885
841	952
841	973
841	978
841	991
842	262
842	373
842	459
842	660
842	794
842	836
842	839
842	920
842	927
842	932
842	954
842	957
842	967
842	969
842	981
842	997
843	39
843	110
843	547
843	635
843	640
843	686
843	693
843	718
843	769
843	811
843	830
843	844
843	865
843	878
843	927
843	932
844	368
844	372
844	547
844	635
844	640
844	686
844	693
844	718
844	769
844	811
844	830
844	843
844	855
844	865
844	878
844	927
844	932
845	670
845	721
845	736
845	789
845	791
845	858
845	860
845	879
845	931
845	975
845	982
845	984
845	990
845	992
846	152
846	213
846	250
846	313
846	340
846	439
846	493
846	506
846	529
846	570
846	574
846	607
846	608
846	649
846	661
846	662
846	764
847	93
847	322
847	396
847	399
847	401
847	475
847	637
847	702
847	722
847	790
847	863
847	876
847	884
847	938
847	959
847	960
848	42
848	75
848	101
848	163
848	181
848	377
848	503
848	513
848	531
848	542
848	644
848	703
848	709
848	866
848	947
848	968
848	994
849	67
849	132
849	140
849	285
849	433
849	534
849	572
849	574
849	622
849	667
849	741
849	747
849	754
849	767
849	901
849	941
849	988
850	58
850	71
850	282
850	571
850	626
850	631
850	652
850	797
850	854
850	862
850	880
850	883
850	903
850	923
850	933
850	970
850	972
851	159
851	180
851	226
851	234
851	244
851	432
851	443
851	450
851	545
851	556
851	677
851	728
851	895
851	908
851	924
851	934
851	965
852	129
852	227
852	276
852	712
852	750
852	810
852	853
852	886
852	902
852	905
852	906
852	912
852	937
852	989
852	993
852	998
852	1000
853	145
853	232
853	498
853	510
853	757
853	810
853	822
853	852
853	889
853	922
853	930
853	937
853	970
853	971
853	972
853	979
854	762
854	797
854	850
854	862
854	880
854	883
854	903
854	923
854	933
854	950
854	970
854	972
855	438
855	554
855	557
855	610
855	617
855	638
855	656
855	781
855	828
855	829
855	844
855	859
855	918
855	920
855	929
855	935
855	967
856	159
856	235
856	299
856	343
856	361
856	370
856	398
856	581
856	653
856	714
856	749
856	807
856	815
856	820
856	930
856	951
856	995
857	477
857	628
857	805
857	836
857	863
857	874
857	876
857	944
857	949
857	956
857	957
857	959
857	960
857	969
857	982
857	989
857	993
858	594
858	651
858	721
858	736
858	789
858	791
858	845
858	879
858	906
858	931
858	975
858	982
858	984
858	990
858	992
859	122
859	185
859	472
859	557
859	610
859	638
859	656
859	781
859	828
859	855
859	918
859	920
859	929
859	935
859	967
859	992
859	995
860	236
860	268
860	422
860	613
860	670
860	675
860	681
860	762
860	773
860	798
860	819
860	845
860	919
860	942
860	955
860	966
860	999
861	135
861	598
861	605
861	729
861	758
861	776
861	782
861	793
861	825
861	872
861	889
861	893
861	928
861	979
861	981
861	982
861	985
861	997
862	307
862	412
862	571
862	626
862	652
862	694
862	735
862	797
862	850
862	854
862	880
862	883
862	903
862	923
862	933
862	970
862	972
863	11
863	322
863	328
863	396
863	399
863	401
863	475
863	637
863	702
863	722
863	790
863	847
863	857
863	884
863	912
863	946
863	959
863	960
864	98
864	242
864	255
864	289
864	378
864	420
864	452
864	509
864	526
864	589
864	780
864	824
864	873
864	954
864	957
864	964
864	969
864	995
865	48
865	372
865	533
865	547
865	596
865	635
865	640
865	686
865	693
865	718
865	769
865	811
865	830
865	843
865	844
865	878
865	927
865	932
866	42
866	75
866	101
866	163
866	292
866	377
866	503
866	513
866	553
866	644
866	703
866	709
866	765
866	848
866	918
866	947
866	968
866	994
867	733
867	821
867	841
867	871
867	881
867	885
867	952
867	973
867	978
867	991
867	995
868	55
868	141
868	241
868	252
868	258
868	525
868	600
868	616
868	624
868	664
868	783
868	801
868	822
868	827
868	893
868	970
868	979
868	994
869	3
869	236
869	259
869	318
869	338
869	347
869	350
869	389
869	502
869	627
869	643
869	731
869	768
869	813
869	930
869	932
869	971
869	989
870	52
870	53
870	283
870	362
870	391
870	455
870	614
870	686
870	704
870	751
870	799
870	818
870	834
870	838
870	897
870	900
870	925
870	947
870	995
871	733
871	821
871	841
871	867
871	885
871	913
871	952
871	971
871	973
871	978
871	991
872	20
872	113
872	128
872	166
872	221
872	341
872	431
872	470
872	540
872	676
872	699
872	729
872	807
872	861
872	895
872	928
872	940
872	968
873	242
873	312
873	420
873	452
873	509
873	526
873	589
873	780
873	824
873	864
873	901
873	914
873	915
873	945
873	946
873	957
873	964
873	969
873	995
874	271
874	291
874	331
874	355
874	400
874	544
874	553
874	726
874	809
874	835
874	857
874	876
874	888
874	895
874	900
874	911
874	949
874	995
875	348
875	837
875	910
875	926
875	938
875	945
875	950
875	960
875	963
875	974
875	985
875	988
875	996
875	998
875	1000
876	271
876	291
876	331
876	355
876	544
876	553
876	584
876	682
876	726
876	809
876	835
876	847
876	857
876	874
876	888
876	911
876	940
876	949
876	995
877	98
877	520
877	532
877	564
877	663
877	701
877	710
877	724
877	742
877	743
877	775
877	907
877	977
877	981
877	997
878	48
878	368
878	372
878	547
878	635
878	640
878	686
878	693
878	718
878	769
878	808
878	811
878	830
878	843
878	844
878	865
878	917
878	927
878	932
879	594
879	651
879	721
879	736
879	789
879	791
879	845
879	858
879	914
879	931
879	975
879	980
879	982
879	984
879	990
879	992
880	56
880	223
880	282
880	494
880	499
880	571
880	619
880	626
880	631
880	797
880	850
880	854
880	862
880	883
880	903
880	923
880	933
880	970
880	972
881	350
881	531
881	560
881	620
881	694
881	747
881	777
881	786
881	803
881	804
881	829
881	867
881	891
881	898
881	916
881	958
881	983
881	986
881	987
882	485
882	563
882	588
882	658
882	677
882	711
882	807
882	951
882	977
882	981
882	983
882	984
882	987
882	990
882	992
882	996
882	997
882	998
882	1000
883	49
883	68
883	238
883	494
883	571
883	631
883	652
883	797
883	820
883	850
883	854
883	862
883	880
883	903
883	923
883	933
883	943
883	970
883	972
884	29
884	322
884	328
884	396
884	399
884	401
884	475
884	637
884	702
884	722
884	790
884	847
884	863
884	901
884	946
884	959
884	960
884	967
884	994
885	297
885	304
885	333
885	369
885	403
885	482
885	493
885	733
885	821
885	841
885	867
885	871
885	952
885	973
885	978
885	991
886	94
886	171
886	263
886	296
886	390
886	483
886	580
886	814
886	840
886	852
886	905
886	909
886	994
887	7
887	27
887	30
887	34
887	158
887	190
887	197
887	203
887	293
887	337
887	351
887	454
887	785
887	796
887	890
887	908
887	914
887	939
887	976
887	991
888	484
888	504
888	680
888	684
888	703
888	705
888	731
888	810
888	874
888	876
888	889
888	904
888	911
888	927
888	930
888	932
888	971
888	981
888	986
888	987
889	160
889	169
889	205
889	225
889	231
889	326
889	471
889	498
889	528
889	597
889	598
889	609
889	705
889	839
889	853
889	861
889	888
889	904
889	909
889	971
890	7
890	27
890	190
890	191
890	197
890	203
890	207
890	337
890	351
890	454
890	475
890	678
890	687
890	785
890	796
890	887
890	939
890	946
890	976
890	978
891	158
891	519
891	560
891	584
891	620
891	694
891	747
891	777
891	786
891	796
891	803
891	804
891	829
891	881
891	898
891	916
891	958
891	983
891	986
891	987
892	4
892	14
892	21
892	54
892	123
892	222
892	248
892	269
892	349
892	393
892	400
892	479
892	523
892	607
892	678
892	690
892	735
892	748
892	939
892	976
893	11
893	55
893	141
893	192
893	241
893	258
893	595
893	600
893	616
893	624
893	633
893	757
893	783
893	808
893	822
893	827
893	861
893	868
893	979
893	994
894	352
894	385
894	527
894	603
894	612
894	668
894	683
894	774
894	795
894	935
894	957
894	969
894	977
894	981
894	983
894	984
894	987
894	990
894	992
894	997
895	446
895	530
895	657
895	676
895	700
895	745
895	851
895	872
895	874
895	908
895	928
895	949
895	977
895	981
895	983
895	987
895	996
895	997
895	998
895	1000
896	80
896	253
896	366
896	382
896	418
896	428
896	430
896	466
896	491
896	517
896	575
896	669
896	685
896	739
896	788
896	816
896	921
896	953
896	989
896	993
897	274
897	283
897	362
897	363
897	391
897	434
897	455
897	607
897	614
897	633
897	704
897	739
897	751
897	799
897	818
897	838
897	870
897	900
897	925
897	947
897	995
898	255
898	394
898	402
898	584
898	620
898	694
898	747
898	777
898	786
898	803
898	804
898	829
898	881
898	891
898	916
898	958
898	983
898	986
898	987
898	992
898	995
899	51
899	157
899	279
899	364
899	426
899	579
899	595
899	618
899	641
899	688
899	732
899	752
899	784
899	800
899	909
899	915
899	927
899	931
899	943
899	961
899	980
900	52
900	53
900	283
900	391
900	455
900	614
900	690
900	704
900	751
900	754
900	778
900	799
900	818
900	838
900	870
900	874
900	897
900	925
900	947
900	984
900	995
901	384
901	385
901	434
901	551
901	572
901	622
901	720
901	794
901	805
901	836
901	849
901	873
901	884
901	948
901	957
901	959
901	960
901	965
901	969
901	986
901	987
902	2
902	142
902	154
902	276
902	295
902	344
902	427
902	435
902	465
902	467
902	566
902	577
902	611
902	632
902	690
902	720
902	727
902	817
902	852
902	944
902	968
903	307
903	412
903	494
903	499
903	571
903	626
903	631
903	652
903	797
903	850
903	854
903	862
903	880
903	883
903	909
903	923
903	933
903	963
903	970
903	972
903	986
904	33
904	60
904	114
904	169
904	205
904	225
904	231
904	365
904	471
904	498
904	597
904	598
904	705
904	715
904	725
904	767
904	839
904	888
904	889
904	909
904	969
904	984
905	94
905	106
905	171
905	176
905	260
905	263
905	273
905	296
905	299
905	308
905	390
905	556
905	580
905	674
905	711
905	741
905	814
905	852
905	886
905	909
905	916
905	994
906	105
906	243
906	314
906	317
906	419
906	463
906	464
906	518
906	569
906	588
906	640
906	663
906	692
906	744
906	756
906	763
906	771
906	833
906	834
906	852
906	858
906	937
907	92
907	200
907	323
907	520
907	532
907	564
907	701
907	710
907	724
907	742
907	743
907	775
907	877
907	931
907	939
907	940
907	946
907	964
907	968
907	977
907	981
907	997
908	18
908	19
908	126
908	212
908	264
908	270
908	298
908	407
908	505
908	545
908	677
908	680
908	728
908	754
908	802
908	851
908	887
908	895
908	915
908	924
908	934
908	964
909	171
909	359
909	481
909	503
909	512
909	598
909	683
909	774
909	886
909	889
909	899
909	903
909	904
909	905
909	940
909	943
909	966
909	970
909	972
909	980
909	983
909	986
909	987
910	207
910	575
910	837
910	875
910	926
910	938
910	945
910	950
910	963
910	974
910	985
910	988
910	996
910	998
910	1000
911	91
911	271
911	291
911	331
911	355
911	544
911	553
911	618
911	634
911	709
911	726
911	754
911	767
911	809
911	832
911	835
911	874
911	876
911	888
911	940
911	949
911	956
911	995
912	542
912	549
912	621
912	650
912	673
912	706
912	852
912	863
912	917
912	936
912	944
912	956
913	90
913	110
913	214
913	348
913	354
913	386
913	424
913	476
913	501
913	508
913	522
913	550
913	562
913	591
913	602
913	630
913	660
913	826
913	871
913	915
913	954
913	974
913	995
914	148
914	342
914	382
914	383
914	495
914	504
914	623
914	785
914	796
914	801
914	806
914	873
914	879
914	887
914	946
914	948
914	957
914	965
914	969
914	976
914	977
914	981
914	997
915	177
915	230
915	269
915	550
915	688
915	721
915	728
915	737
915	768
915	873
915	899
915	908
915	913
915	922
915	924
915	930
915	954
915	957
915	969
915	971
915	973
915	978
915	991
916	340
916	394
916	402
916	519
916	531
916	560
916	584
916	620
916	694
916	747
916	777
916	786
916	803
916	804
916	829
916	881
916	891
916	898
916	905
916	958
916	983
916	986
916	987
917	327
917	542
917	549
917	621
917	650
917	673
917	679
917	706
917	878
917	912
917	936
917	944
917	956
918	164
918	185
918	245
918	438
918	441
918	507
918	557
918	610
918	617
918	638
918	656
918	781
918	828
918	855
918	859
918	866
918	920
918	929
918	935
918	946
918	967
918	980
918	995
919	13
919	179
919	268
919	422
919	436
919	442
919	511
919	541
919	613
919	617
919	670
919	675
919	681
919	762
919	773
919	798
919	819
919	860
919	942
919	955
919	962
919	966
919	999
920	23
920	122
920	162
920	246
920	315
920	438
920	472
920	554
920	557
920	610
920	617
920	636
920	638
920	656
920	781
920	828
920	842
920	855
920	859
920	918
920	929
920	935
920	967
920	998
921	8
921	59
921	95
921	239
921	366
921	418
921	428
921	447
921	479
921	491
921	507
921	517
921	575
921	648
921	669
921	685
921	734
921	739
921	788
921	816
921	896
921	953
921	989
921	993
922	84
922	143
922	144
922	198
922	202
922	273
922	413
922	456
922	487
922	515
922	596
922	659
922	672
922	682
922	689
922	734
922	757
922	766
922	771
922	772
922	853
922	915
922	940
922	994
923	49
923	56
923	137
923	210
923	238
923	307
923	412
923	494
923	499
923	626
923	631
923	652
923	797
923	850
923	854
923	862
923	880
923	883
923	903
923	933
923	955
923	968
923	970
923	972
924	6
924	66
924	77
924	206
924	212
924	218
924	264
924	325
924	407
924	433
924	434
924	443
924	446
924	450
924	545
924	647
924	677
924	736
924	765
924	802
924	851
924	908
924	915
924	934
924	947
925	16
925	32
925	52
925	53
925	142
925	283
925	362
925	391
925	425
925	455
925	614
925	704
925	751
925	754
925	778
925	799
925	818
925	838
925	870
925	897
925	900
925	947
925	949
925	966
925	995
926	30
926	203
926	415
926	792
926	837
926	875
926	910
926	938
926	945
926	950
926	963
926	974
926	985
926	988
926	996
926	998
926	1000
927	39
927	48
927	368
927	372
927	547
927	635
927	640
927	665
927	686
927	693
927	714
927	718
927	769
927	811
927	830
927	842
927	843
927	844
927	865
927	878
927	888
927	899
927	932
928	20
928	26
928	32
928	60
928	89
928	128
928	166
928	221
928	324
928	341
928	349
928	431
928	434
928	470
928	540
928	676
928	699
928	729
928	861
928	872
928	895
928	940
928	948
928	968
928	994
928	999
929	23
929	115
929	164
929	185
929	245
929	315
929	438
929	441
929	472
929	554
929	557
929	610
929	617
929	638
929	656
929	658
929	781
929	828
929	835
929	855
929	859
929	918
929	920
929	935
929	951
929	967
929	995
930	3
930	9
930	220
930	227
930	236
930	237
930	259
930	338
930	347
930	350
930	389
930	502
930	511
930	627
930	643
930	731
930	741
930	768
930	813
930	814
930	853
930	856
930	869
930	888
930	915
930	959
930	971
931	388
931	392
931	490
931	492
931	594
931	651
931	721
931	736
931	789
931	791
931	845
931	858
931	879
931	899
931	907
931	975
931	982
931	984
931	990
931	992
931	994
932	39
932	48
932	66
932	208
932	368
932	372
932	409
932	482
932	547
932	618
932	635
932	640
932	680
932	686
932	693
932	718
932	769
932	811
932	830
932	842
932	843
932	844
932	865
932	869
932	878
932	888
932	927
933	49
933	56
933	68
933	71
933	137
933	238
933	275
933	282
933	412
933	494
933	499
933	571
933	626
933	631
933	652
933	797
933	850
933	854
933	862
933	880
933	883
933	903
933	923
933	940
933	941
933	970
933	972
934	18
934	19
934	77
934	126
934	161
934	197
934	226
934	234
934	244
934	264
934	270
934	298
934	407
934	443
934	446
934	450
934	505
934	552
934	581
934	647
934	677
934	728
934	765
934	802
934	851
934	908
934	924
934	964
935	23
935	115
935	122
935	162
935	164
935	315
935	438
935	441
935	472
935	554
935	557
935	610
935	617
935	638
935	656
935	693
935	781
935	828
935	855
935	859
935	894
935	918
935	920
935	929
935	946
935	967
935	980
935	995
936	72
936	112
936	313
936	542
936	549
936	621
936	650
936	673
936	685
936	706
936	824
936	912
936	917
936	944
936	947
936	956
937	60
937	78
937	105
937	138
937	243
937	314
937	317
937	419
937	424
937	463
937	518
937	569
937	577
937	588
937	663
937	690
937	692
937	744
937	756
937	763
937	771
937	778
937	833
937	834
937	852
937	853
937	906
937	975
938	723
938	792
938	837
938	847
938	875
938	910
938	926
938	945
938	950
938	956
938	963
938	972
938	974
938	985
938	988
938	996
938	998
938	1000
939	112
939	173
939	353
939	400
939	411
939	735
939	752
939	785
939	813
939	887
939	890
939	892
939	907
939	942
939	943
939	955
939	961
939	966
939	973
939	976
939	977
939	978
939	980
939	981
939	991
939	995
939	997
939	999
940	18
940	262
940	311
940	336
940	341
940	515
940	657
940	689
940	700
940	745
940	812
940	872
940	876
940	907
940	909
940	911
940	922
940	928
940	933
940	948
940	949
940	977
940	981
940	988
940	996
940	997
940	998
940	1000
941	247
941	480
941	534
941	561
941	572
941	581
941	587
941	590
941	593
941	604
941	667
941	780
941	787
941	807
941	840
941	849
941	933
941	951
941	953
941	982
941	983
941	984
941	986
941	987
941	989
941	990
941	992
941	993
942	13
942	29
942	86
942	179
942	231
942	268
942	422
942	436
942	442
942	462
942	474
942	514
942	541
942	613
942	670
942	675
942	681
942	762
942	770
942	773
942	778
942	798
942	819
942	860
942	919
942	939
942	955
942	966
942	999
943	51
943	118
943	157
943	219
943	230
943	249
943	278
943	286
943	319
943	328
943	364
943	426
943	500
943	507
943	579
943	595
943	641
943	659
943	688
943	732
943	784
943	800
943	883
943	899
943	909
943	939
943	961
943	964
943	980
944	72
944	112
944	434
944	500
944	542
944	549
944	621
944	650
944	673
944	706
944	816
944	857
944	902
944	912
944	917
944	936
944	947
944	956
945	121
945	452
945	723
945	792
945	837
945	873
945	875
945	910
945	926
945	938
945	950
945	963
945	974
945	985
945	988
945	996
945	998
945	1000
946	194
946	342
946	375
946	381
946	423
946	568
946	597
946	623
946	642
946	664
946	737
946	758
946	785
946	796
946	863
946	873
946	884
946	890
946	907
946	914
946	918
946	935
946	959
946	960
946	967
946	976
946	977
946	981
946	994
946	997
947	46
947	281
947	298
947	384
947	432
947	545
947	612
947	649
947	654
947	709
947	713
947	716
947	760
947	761
947	771
947	776
947	823
947	848
947	866
947	870
947	897
947	900
947	924
947	925
947	936
947	944
947	948
947	956
947	965
947	990
948	43
948	111
948	130
948	136
948	172
948	186
948	281
948	516
948	548
948	583
948	599
948	671
948	695
948	707
948	713
948	806
948	826
948	901
948	914
948	928
948	940
948	947
948	964
948	965
949	54
949	133
949	160
949	183
949	271
949	291
949	324
949	331
949	355
949	360
949	544
949	553
949	678
949	679
949	682
949	697
949	726
949	754
949	757
949	809
949	832
949	835
949	857
949	874
949	876
949	895
949	911
949	925
949	940
949	977
949	995
950	410
950	576
950	636
950	723
950	792
950	837
950	854
950	875
950	910
950	926
950	938
950	945
950	963
950	974
950	981
950	985
950	988
950	996
950	998
950	1000
951	155
951	159
951	175
951	235
951	256
951	274
951	305
951	343
951	361
951	370
951	398
951	421
951	424
951	480
951	566
951	581
951	606
951	653
951	665
951	690
951	714
951	749
951	807
951	815
951	820
951	856
951	882
951	929
951	941
951	956
951	995
952	63
952	70
952	74
952	117
952	151
952	182
952	184
952	193
952	199
952	297
952	304
952	306
952	333
952	369
952	482
952	486
952	718
952	733
952	799
952	821
952	841
952	867
952	871
952	885
952	973
952	978
952	991
953	8
953	79
953	80
953	95
953	168
953	239
953	253
953	357
953	366
953	418
953	428
953	430
953	447
953	479
953	491
953	517
953	575
953	648
953	669
953	685
953	739
953	788
953	816
953	840
953	896
953	921
953	941
953	964
953	973
953	989
953	990
953	993
954	17
954	62
954	90
954	110
954	201
954	214
954	223
954	266
954	348
954	354
954	386
954	429
954	458
954	501
954	522
954	550
954	562
954	591
954	602
954	630
954	655
954	660
954	665
954	767
954	814
954	826
954	842
954	864
954	913
954	915
954	974
954	995
955	1
955	15
955	113
955	179
955	210
955	269
955	284
955	422
955	436
955	442
955	462
955	474
955	514
955	541
955	613
955	670
955	675
955	681
955	689
955	762
955	773
955	798
955	819
955	860
955	919
955	923
955	939
955	942
955	962
955	966
955	987
955	999
956	54
956	72
956	91
956	112
956	138
956	176
956	206
956	260
956	273
956	278
956	360
956	397
956	429
956	507
956	542
956	549
956	621
956	650
956	673
956	674
956	699
956	706
956	792
956	857
956	911
956	912
956	917
956	936
956	938
956	944
956	947
956	951
957	98
957	242
957	255
957	259
957	299
957	312
957	378
957	420
957	425
957	452
957	509
957	526
957	589
957	682
957	767
957	780
957	814
957	824
957	826
957	842
957	857
957	864
957	873
957	894
957	901
957	914
957	915
957	961
957	964
957	969
957	995
957	996
958	22
958	109
958	237
958	300
958	394
958	402
958	459
958	519
958	531
958	560
958	584
958	620
958	637
958	652
958	694
958	747
958	777
958	786
958	803
958	804
958	829
958	881
958	891
958	898
958	916
958	968
958	983
958	986
958	987
958	995
959	29
959	93
959	322
959	328
959	396
959	399
959	401
959	475
959	574
959	637
959	679
959	702
959	722
959	774
959	790
959	826
959	832
959	847
959	857
959	863
959	884
959	901
959	930
959	946
959	960
960	29
960	54
960	89
960	93
960	305
960	312
960	319
960	322
960	328
960	396
960	397
960	399
960	401
960	475
960	634
960	637
960	679
960	680
960	699
960	702
960	722
960	741
960	790
960	826
960	832
960	847
960	857
960	863
960	875
960	884
960	901
960	946
960	959
961	51
961	118
961	138
961	157
961	160
961	187
961	209
961	219
961	230
961	249
961	272
961	279
961	286
961	364
961	426
961	500
961	533
961	579
961	595
961	641
961	688
961	732
961	752
961	771
961	784
961	800
961	899
961	939
961	943
961	957
961	964
961	980
961	999
962	41
962	108
962	145
962	257
962	271
962	310
962	327
962	332
962	339
962	359
962	371
962	387
962	453
962	521
962	546
962	555
962	609
962	625
962	705
962	712
962	716
962	725
962	750
962	760
962	761
962	773
962	839
962	919
962	955
962	966
962	993
962	994
962	999
963	559
963	576
963	619
963	636
963	674
963	700
963	723
963	792
963	837
963	875
963	903
963	910
963	926
963	938
963	945
963	950
963	974
963	985
963	988
963	996
963	998
963	1000
964	187
964	298
964	432
964	440
964	449
964	526
964	548
964	615
964	645
964	647
964	713
964	752
964	788
964	795
964	817
964	823
964	864
964	873
964	907
964	908
964	934
964	943
964	948
964	953
964	957
964	961
964	965
964	969
964	977
964	980
964	981
964	989
964	993
964	997
965	4
965	16
965	32
965	43
965	66
965	78
965	111
965	130
965	136
965	172
965	208
965	278
965	281
965	488
965	508
965	516
965	548
965	583
965	599
965	601
965	618
965	671
965	695
965	707
965	713
965	806
965	826
965	851
965	901
965	914
965	947
965	948
965	964
965	989
966	1
966	13
966	15
966	86
966	113
966	210
966	268
966	422
966	425
966	442
966	462
966	474
966	514
966	541
966	613
966	670
966	675
966	681
966	757
966	762
966	767
966	773
966	798
966	819
966	860
966	909
966	919
966	925
966	939
966	942
966	955
966	962
966	999
966	1000
967	23
967	86
967	115
967	122
967	162
967	164
967	185
967	260
967	315
967	421
967	425
967	438
967	441
967	472
967	488
967	554
967	557
967	610
967	617
967	628
967	638
967	656
967	781
967	828
967	842
967	855
967	859
967	884
967	918
967	920
967	929
967	935
967	946
967	995
968	72
968	540
968	603
968	606
968	611
968	632
968	676
968	703
968	729
968	738
968	753
968	770
968	817
968	831
968	848
968	866
968	872
968	902
968	907
968	923
968	928
968	958
968	975
968	977
968	980
968	981
968	982
968	983
968	984
968	986
968	987
968	990
968	992
968	997
969	61
969	98
969	131
969	160
969	161
969	242
969	255
969	312
969	360
969	373
969	378
969	420
969	421
969	452
969	509
969	524
969	526
969	589
969	690
969	780
969	814
969	824
969	826
969	842
969	857
969	864
969	873
969	894
969	901
969	904
969	914
969	915
969	957
969	964
969	995
970	49
970	56
970	68
970	71
970	137
970	160
970	238
970	282
970	307
970	316
970	325
970	412
970	455
970	494
970	499
970	548
970	566
970	571
970	626
970	631
970	652
970	679
970	797
970	850
970	853
970	854
970	862
970	868
970	880
970	883
970	903
970	909
970	923
970	933
970	972
971	3
971	9
971	60
971	78
971	220
971	227
971	236
971	237
971	259
971	299
971	305
971	318
971	338
971	347
971	350
971	389
971	502
971	507
971	511
971	566
971	627
971	643
971	656
971	731
971	768
971	813
971	814
971	853
971	869
971	871
971	888
971	889
971	915
971	930
971	989
972	68
972	71
972	137
972	216
972	238
972	269
972	274
972	282
972	307
972	360
972	412
972	494
972	499
972	571
972	607
972	626
972	631
972	652
972	754
972	765
972	768
972	797
972	830
972	850
972	853
972	854
972	862
972	880
972	883
972	903
972	909
972	923
972	933
972	938
972	970
972	976
973	63
973	70
973	74
973	117
973	119
973	121
973	151
973	182
973	184
973	193
973	199
973	297
973	304
973	306
973	310
973	333
973	369
973	482
973	497
973	725
973	733
973	821
973	841
973	867
973	871
973	885
973	915
973	939
973	952
973	953
973	978
973	991
974	367
974	404
974	536
974	559
974	576
974	619
974	636
974	722
974	723
974	792
974	837
974	875
974	910
974	913
974	926
974	938
974	945
974	950
974	954
974	963
974	985
974	988
974	996
974	998
974	1000
975	245
975	267
975	303
975	335
975	388
975	392
975	483
975	490
975	492
975	594
975	651
975	684
975	721
975	736
975	789
975	791
975	794
975	845
975	858
975	879
975	931
975	937
975	968
975	982
975	984
975	990
975	992
975	994
976	7
976	27
976	30
976	34
976	106
976	131
976	133
976	158
976	160
976	190
976	191
976	197
976	203
976	207
976	216
976	272
976	278
976	293
976	337
976	351
976	373
976	424
976	454
976	507
976	601
976	646
976	678
976	687
976	690
976	778
976	785
976	796
976	887
976	890
976	892
976	914
976	939
976	946
976	972
977	65
977	92
977	323
977	520
977	532
977	564
977	651
977	701
977	710
977	724
977	742
977	743
977	775
977	785
977	877
977	882
977	894
977	895
977	907
977	914
977	939
977	940
977	946
977	949
977	964
977	968
977	981
977	989
977	997
978	63
978	70
978	74
978	107
978	117
978	119
978	121
978	151
978	182
978	184
978	193
978	199
978	297
978	304
978	306
978	333
978	369
978	482
978	541
978	554
978	733
978	821
978	841
978	867
978	871
978	885
978	890
978	915
978	939
978	952
978	973
978	991
979	11
979	32
979	55
979	62
979	141
979	192
979	206
979	241
979	252
979	258
979	272
979	274
979	397
979	409
979	424
979	429
979	434
979	525
979	539
979	600
979	606
979	616
979	624
979	633
979	661
979	664
979	674
979	757
979	783
979	821
979	822
979	827
979	853
979	861
979	868
979	893
979	991
979	994
979	997
980	51
980	118
980	157
980	187
980	209
980	216
980	219
980	230
980	249
980	273
980	279
980	286
980	324
980	364
980	373
980	426
980	500
980	533
980	579
980	595
980	607
980	641
980	688
980	699
980	732
980	752
980	771
980	784
980	800
980	826
980	879
980	899
980	909
980	918
980	935
980	939
980	943
980	961
980	964
980	968
981	65
981	89
981	92
981	278
981	323
981	325
981	510
981	520
981	532
981	564
981	639
981	674
981	678
981	701
981	710
981	724
981	742
981	743
981	775
981	832
981	842
981	861
981	877
981	882
981	888
981	894
981	895
981	907
981	914
981	939
981	940
981	946
981	950
981	964
981	968
981	977
981	997
982	12
982	99
982	267
982	303
982	335
982	388
982	392
982	445
982	483
982	490
982	492
982	594
982	651
982	721
982	736
982	789
982	791
982	830
982	845
982	857
982	858
982	861
982	879
982	931
982	941
982	968
982	975
982	984
982	990
982	992
982	994
983	22
983	109
983	186
983	224
983	300
983	305
983	394
983	402
983	409
983	459
983	519
983	531
983	560
983	584
983	620
983	694
983	747
983	777
983	783
983	786
983	803
983	804
983	814
983	829
983	881
983	882
983	891
983	894
983	895
983	898
983	909
983	916
983	941
983	958
983	968
983	986
983	987
983	988
983	989
983	995
984	12
984	99
984	267
984	302
984	303
984	335
984	388
984	392
984	471
984	483
984	490
984	492
984	594
984	651
984	721
984	736
984	789
984	791
984	845
984	858
984	879
984	882
984	894
984	900
984	904
984	931
984	941
984	968
984	975
984	982
984	990
984	992
984	994
985	261
985	330
985	374
985	385
985	404
985	405
985	406
985	445
985	536
985	551
985	559
985	576
985	619
985	636
985	723
985	731
985	792
985	837
985	861
985	875
985	910
985	926
985	938
985	945
985	950
985	963
985	974
985	988
985	996
985	998
985	1000
986	22
986	109
986	176
986	186
986	224
986	269
986	300
986	319
986	394
986	397
986	402
986	459
986	519
986	531
986	539
986	560
986	584
986	620
986	694
986	747
986	761
986	765
986	777
986	786
986	803
986	804
986	829
986	881
986	888
986	891
986	898
986	901
986	903
986	909
986	916
986	941
986	958
986	968
986	983
986	987
986	994
986	995
987	22
987	54
987	78
987	109
987	186
987	204
987	224
987	266
987	300
987	394
987	402
987	459
987	519
987	531
987	560
987	584
987	607
987	612
987	620
987	694
987	747
987	777
987	786
987	803
987	804
987	829
987	881
987	882
987	888
987	891
987	894
987	895
987	898
987	901
987	909
987	916
987	941
987	955
987	958
987	968
987	983
987	986
987	995
988	240
988	261
988	289
988	330
988	356
988	374
988	404
988	405
988	406
988	445
988	536
988	559
988	576
988	619
988	636
988	723
988	792
988	825
988	837
988	849
988	875
988	910
988	926
988	938
988	940
988	945
988	950
988	963
988	974
988	983
988	985
988	996
988	997
988	998
988	1000
989	8
989	59
989	60
989	79
989	80
989	95
989	168
989	239
989	253
989	366
989	418
989	424
989	428
989	430
989	447
989	479
989	491
989	517
989	575
989	648
989	669
989	680
989	685
989	739
989	741
989	788
989	816
989	840
989	852
989	857
989	869
989	896
989	921
989	941
989	953
989	964
989	965
989	971
989	977
989	983
989	993
990	12
990	34
990	99
990	267
990	269
990	273
990	303
990	335
990	388
990	392
990	483
990	490
990	492
990	594
990	601
990	607
990	651
990	679
990	721
990	736
990	754
990	775
990	789
990	791
990	796
990	832
990	845
990	858
990	879
990	882
990	894
990	931
990	941
990	947
990	953
990	968
990	975
990	982
990	984
990	992
990	994
991	26
991	62
991	63
991	70
991	74
991	117
991	119
991	121
991	151
991	182
991	183
991	184
991	193
991	199
991	297
991	304
991	306
991	319
991	333
991	349
991	363
991	369
991	429
991	482
991	508
991	550
991	566
991	618
991	634
991	679
991	680
991	733
991	821
991	841
991	867
991	871
991	885
991	887
991	915
991	939
991	952
991	973
991	978
991	979
991	997
992	12
992	91
992	99
992	161
992	267
992	303
992	325
992	335
992	349
992	363
992	388
992	392
992	433
992	483
992	488
992	490
992	492
992	507
992	594
992	606
992	651
992	679
992	690
992	721
992	736
992	754
992	789
992	791
992	815
992	832
992	845
992	858
992	859
992	879
992	882
992	894
992	898
992	931
992	941
992	968
992	975
992	982
992	984
992	990
992	994
993	8
993	59
993	79
993	80
993	95
993	133
993	168
993	239
993	253
993	266
993	308
993	366
993	397
993	409
993	418
993	428
993	430
993	447
993	479
993	491
993	517
993	539
993	575
993	601
993	648
993	665
993	669
993	674
993	682
993	685
993	739
993	788
993	816
993	828
993	840
993	852
993	857
993	896
993	921
993	941
993	953
993	962
993	964
993	989
993	1000
994	41
994	61
994	150
994	165
994	198
994	263
994	290
994	296
994	310
994	377
994	390
994	413
994	503
994	513
994	515
994	560
994	580
994	605
994	624
994	642
994	644
994	664
994	672
994	772
994	776
994	826
994	827
994	848
994	866
994	868
994	884
994	886
994	893
994	905
994	922
994	928
994	931
994	946
994	962
994	975
994	979
994	982
994	984
994	986
994	990
994	992
995	354
995	390
995	562
995	591
995	660
995	714
995	749
995	777
995	780
995	792
995	799
995	807
995	809
995	815
995	818
995	824
995	828
995	835
995	838
995	856
995	859
995	864
995	867
995	870
995	873
995	874
995	876
995	897
995	898
995	900
995	911
995	913
995	918
995	925
995	929
995	935
995	939
995	949
995	951
995	954
995	957
995	958
995	967
995	969
995	983
995	986
995	987
996	44
996	188
996	240
996	261
996	289
996	330
996	356
996	374
996	404
996	405
996	406
996	444
996	445
996	536
996	558
996	559
996	576
996	619
996	636
996	687
996	719
996	723
996	792
996	837
996	875
996	882
996	895
996	910
996	926
996	938
996	940
996	945
996	950
996	957
996	963
996	974
996	985
996	988
996	998
996	1000
997	32
997	61
997	65
997	92
997	133
997	206
997	208
997	260
997	266
997	299
997	323
997	421
997	434
997	488
997	520
997	532
997	539
997	544
997	556
997	564
997	601
997	674
997	678
997	701
997	710
997	724
997	742
997	743
997	775
997	810
997	832
997	842
997	861
997	877
997	882
997	894
997	895
997	907
997	914
997	939
997	940
997	946
997	964
997	968
997	977
997	979
997	981
997	988
997	991
998	44
998	188
998	240
998	261
998	289
998	330
998	356
998	370
998	374
998	404
998	405
998	406
998	445
998	536
998	559
998	576
998	619
998	636
998	701
998	707
998	723
998	789
998	792
998	837
998	852
998	875
998	882
998	895
998	910
998	920
998	926
998	938
998	940
998	945
998	950
998	963
998	974
998	985
998	988
998	996
998	1000
999	1
999	13
999	15
999	26
999	59
999	61
999	62
999	66
999	86
999	113
999	179
999	206
999	210
999	268
999	274
999	299
999	422
999	436
999	442
999	462
999	474
999	488
999	507
999	514
999	541
999	556
999	574
999	601
999	613
999	670
999	675
999	681
999	757
999	762
999	767
999	773
999	778
999	798
999	809
999	819
999	860
999	919
999	928
999	939
999	942
999	955
999	961
999	962
999	966
1000	44
1000	66
1000	89
1000	131
1000	138
1000	188
1000	240
1000	261
1000	289
1000	324
1000	330
1000	356
1000	374
1000	397
1000	404
1000	405
1000	406
1000	429
1000	445
1000	508
1000	536
1000	559
1000	576
1000	619
1000	634
1000	636
1000	723
1000	755
1000	756
1000	792
1000	803
1000	837
1000	852
1000	875
1000	882
1000	895
1000	910
1000	926
1000	938
1000	940
1000	945
1000	950
1000	963
1000	966
1000	974
1000	985
1000	988
1000	993
1000	996
1000	998
