1	95 
2	31 
3	146 157 275 
4	268 
5	92 
6	192 
7	25 
8	100 
9	193 
10	275 
11	108 
12	61 
13	105 
14	284 
15	114 
16	138 
17	22 
18	270 
19	61 
20	109 
21	37 
22	73 
23	117 
24	166 
25	128 
26	92 137 184 
27	84 
28	191 
29	97 
30	235 
31	236 
32	247 280 281 
33	73 
34	8 22 122 
35	232 
36	235 
37	183 
38	224 
39	172 
40	39 
41	222 
42	136 
43	288 
44	80 150 273 
45	54 
46	239 
47	119 
48	25 
49	135 
50	47 
51	160 
52	269 
53	231 
54	280 
55	180 
56	226 
57	259 
58	1 
59	237 
60	87 
61	158 
62	289 
63	188 
64	12 189 245 
65	131 
66	99 
67	38 93 149 
68	134 
69	32 
70	229 
71	14 18 206 
72	157 
73	212 
74	282 
75	162 
76	152 
77	209 
78	268 
79	38 206 214 
80	168 
81	30 
82	157 
83	227 
84	119 
85	13 
86	190 
87	132 
88	97 
89	112 
90	271 
91	196 
92	107 
93	287 
94	30 75 250 
95	117 
96	22 
97	180 
98	133 
99	209 
100	61 
101	128 
102	51 
103	215 
104	122 
105	268 
106	37 
107	98 
108	130 
109	122 
110	160 
111	234 
112	61 
113	267 
114	135 
115	19 
116	5 154 248 
117	209 
118	37 41 143 
119	251 
120	141 
121	60 
122	31 102 120 
123	131 
124	128 184 278 
125	20 
126	51 56 282 
127	8 
128	119 
129	63 
130	221 
131	206 
132	114 
133	32 
134	126 
135	45 167 283 
136	51 
137	231 
138	47 
139	60 
140	16 
141	31 
142	44 
143	283 
144	3 
145	166 
146	220 
147	131 
148	75 101 274 
149	198 
150	82 
151	283 
152	259 
153	32 
154	188 
155	112 
156	17 65 122 
157	280 
158	55 
159	96 
160	134 
161	153 
162	77 
163	120 
164	130 
165	81 214 273 
166	167 
167	168 
168	231 
169	173 
170	222 
171	80 
172	162 
173	75 
174	24 
175	80 
176	235 
177	101 
178	208 
179	233 273 280 
180	240 
181	143 
182	181 
183	135 
184	5 27 214 
185	20 
186	116 
187	25 
188	13 91 104 
189	220 
190	214 
191	234 
192	50 
193	148 
194	97 
195	287 
196	155 
197	23 
198	103 
199	56 98 139 
200	122 
201	277 
202	159 
203	114 
204	104 
205	257 
206	8 
207	285 
208	109 
209	167 
210	192 
211	280 
212	160 
213	280 
214	97 
215	154 
216	281 
217	200 
218	265 
219	224 
220	257 
221	17 
222	187 
223	200 
224	35 
225	143 
226	152 
227	258 
228	154 
229	113 
230	102 
231	132 
232	287 
233	7 42 103 
234	185 
235	33 
236	132 
237	189 
238	203 
239	213 
240	36 
241	10 
242	24 88 162 
243	115 
244	18 
245	180 
246	56 
247	251 
248	169 
249	138 
250	216 
251	258 
252	123 
253	231 
254	4 90 167 
255	135 
256	201 
257	270 
258	173 
259	97 
260	88 
261	170 
262	22 
263	69 
264	174 
265	166 
266	80 
267	42 
268	188 
269	220 
270	251 
271	26 
272	12 59 184 
273	36 
274	103 
275	249 
276	189 
277	180 
278	120 
279	273 
280	106 
281	162 
282	246 
283	155 
284	271 
285	55 
286	173 
287	132 
288	67 
289	189 
290	154 
291	69 270 273 
292	190 
293	193 
294	215 
295	62 
296	171 
297	157 
298	75 
299	265 
300	186 
301	131 
302	117 
303	106 
304	83 
305	144 
306	1 80 150 
307	190 
308	192 
309	214 
310	257 
311	149 
312	123 
313	88 122 165 
314	215 
315	12 
316	55 
317	213 
318	259 
319	30 183 210 
320	59 
321	137 
322	107 
323	77 
324	164 
325	67 
326	166 
327	89 
328	65 
329	223 
330	241 
331	17 
332	120 
333	162 
334	42 
335	13 
336	196 
337	220 
338	192 
339	123 
340	110 
341	224 
342	191 
343	207 
344	92 
345	73 
346	283 
347	285 
348	230 
349	256 
350	245 
351	38 
352	123 
353	168 
354	21 
355	79 
356	69 
357	133 
358	163 
359	178 
360	199 
361	203 
362	237 
363	224 
364	39 
365	285 
366	282 
367	12 
368	259 
369	3 
370	202 
371	255 
372	187 
373	100 
374	32 
375	104 
376	87 
377	235 
378	100 
379	238 
380	202 
381	150 
382	246 
383	222 
384	258 
385	202 
386	251 
387	193 
388	56 127 248 
389	137 
390	241 
391	271 
392	80 
393	204 
394	173 
395	182 
396	142 
397	218 
398	10 
399	12 
400	254 
401	80 
402	32 
403	225 
404	166 
405	281 
406	181 
407	268 
408	35 
409	276 
410	22 100 135 
411	95 
412	88 
413	270 
414	33 
415	271 
416	237 
417	111 
418	81 
419	122 229 249 
420	10 214 282 
421	132 
422	214 
423	94 
424	214 
425	258 
426	214 
427	154 
428	205 
429	141 
430	196 
431	202 
432	107 
433	97 
434	212 
435	257 
436	92 
437	131 
438	52 
439	231 
440	38 
441	141 
442	45 
443	7 142 271 
444	75 
445	42 
446	28 
447	201 
448	46 
449	178 
450	203 
451	26 
452	108 
453	101 
454	225 
455	212 
456	8 
457	56 
458	245 
459	178 
460	40 
461	97 
462	189 
463	248 
464	214 
465	40 
466	178 
467	52 207 208 
468	156 
469	242 
470	207 
471	180 
472	111 
473	20 
474	176 
475	68 
476	53 254 288 
477	108 
478	180 
479	140 
480	277 
481	122 
482	132 
483	244 
484	87 135 169 
485	100 
486	259 
487	42 
488	122 
489	243 246 269 
490	12 103 133 
491	207 
492	8 
493	105 
494	251 
495	228 
496	172 
497	24 
498	85 
499	215 
500	122 
501	124 
502	87 
503	93 
504	145 
505	195 
506	128 
507	29 56 94 
508	289 
509	11 
510	121 
511	265 
512	257 
513	27 
514	40 
515	139 
516	76 
517	102 
518	40 
519	243 
520	262 
521	236 
522	53 
523	76 
524	238 
525	44 
526	100 
527	13 59 228 
528	13 
529	122 
530	89 
531	180 
532	59 
533	91 
534	2 161 166 
535	178 
536	243 
537	192 
538	35 
539	31 226 254 
540	264 
541	49 
542	171 
543	169 
544	210 
545	281 
546	37 
547	215 
548	233 
549	143 
550	235 
551	116 262 280 
552	235 
553	43 70 118 
554	50 
555	35 
556	225 
557	134 
558	17 
559	255 
560	200 
561	250 
562	221 
563	183 
564	222 
565	176 
566	102 
567	173 
568	61 
569	153 
570	217 
571	265 
572	236 
573	87 
574	45 
575	14 261 273 
576	197 
577	151 
578	73 
579	23 
580	73 
581	20 102 274 
582	159 
583	155 
584	27 82 248 
585	54 
586	35 
587	249 
588	112 
589	145 
590	155 
591	137 
592	116 214 240 
593	92 
594	102 
595	64 
596	49 
597	123 
598	62 
599	59 
600	269 
601	87 
602	201 
603	32 183 192 
604	45 122 285 
605	46 
606	259 
607	87 
608	42 53 72 
609	184 
610	60 
611	126 
612	53 
613	230 
614	1 
615	229 
616	201 
617	19 
618	80 
619	252 
620	98 
621	277 
622	125 
623	39 
624	182 
625	271 
626	31 
627	23 246 255 
628	256 
629	207 
630	181 
631	201 
632	150 
633	25 
634	72 
635	105 
636	55 
637	166 
638	128 
639	25 
640	130 
641	51 
642	216 
643	109 
644	143 
645	280 
646	178 
647	239 
648	14 60 178 
649	187 
650	124 
651	92 
652	269 
653	162 
654	109 
655	250 
656	8 
657	136 
658	120 
659	24 
660	75 
661	283 
662	10 54 229 
663	56 132 274 
664	187 
665	174 
666	69 
667	197 
668	177 
669	101 
670	64 
671	153 
672	77 
673	11 
674	48 
675	282 
676	111 
677	264 
678	60 
679	190 
680	138 
681	285 
682	20 
683	232 
684	80 
685	96 
686	8 
687	87 
688	251 
689	224 
690	20 
691	58 
692	189 
693	226 
694	34 
695	102 
696	84 
697	229 
698	187 
699	273 
700	88 
701	122 
702	127 
703	270 
704	84 
705	175 
706	6 
707	219 
708	289 
709	257 
710	102 119 262 
711	42 
712	84 
713	75 
714	249 
715	188 
716	199 
717	168 
718	16 
719	59 115 120 
720	139 
721	267 
722	128 
723	145 
724	24 
725	47 
726	258 
727	126 
728	126 
729	12 20 222 
730	21 144 176 
731	55 
732	204 
733	276 
734	162 
735	68 
736	225 
737	249 
738	81 
739	62 
740	74 121 180 
741	276 
742	250 
743	96 
744	226 
745	22 
746	215 
747	101 
748	61 
749	253 
750	233 
751	22 
752	277 
753	143 
754	122 
755	287 
756	233 
757	171 
758	55 
759	111 
760	26 
761	127 
762	264 
763	242 
764	171 
765	174 
766	247 
767	75 
768	270 
769	176 
770	172 
771	62 
772	41 
773	222 
774	60 
775	281 
776	46 
777	224 
778	251 
779	14 212 231 
780	66 193 268 
781	115 
782	68 
783	207 
784	12 
785	40 
786	119 
787	125 
788	22 59 103 
789	85 95 98 
790	263 
791	43 
792	212 
793	115 
794	162 
795	222 
796	6 
797	176 
798	227 
799	9 
800	18 
801	58 
802	122 192 219 
803	109 149 211 
804	249 
805	190 
806	24 
807	171 
808	65 
809	52 74 273 
810	144 
811	270 
812	71 
813	263 
814	49 213 242 
815	242 
816	184 
817	121 
818	39 
819	14 15 276 
820	8 
821	149 176 194 
822	285 
823	30 
824	273 
825	225 
826	42 
827	270 
828	149 
829	56 
830	29 
831	2 
832	239 
833	127 
834	267 
835	275 
836	169 
837	42 
838	184 
839	131 
840	257 
841	208 
842	63 
843	255 
844	212 
845	57 
846	30 
847	75 
848	270 
849	115 
850	104 
851	243 
852	141 
853	7 
854	106 
855	219 
856	210 
857	250 
858	22 53 181 
859	73 
860	45 
861	203 
862	46 
863	216 
864	132 
865	231 
866	117 
867	181 
868	229 
869	199 
870	203 
871	24 
872	149 
873	123 
874	192 
875	232 
876	133 
877	31 
878	120 
879	175 
880	8 
881	178 
882	46 108 282 
883	192 
884	144 
885	150 
886	178 
887	251 262 278 
888	158 
889	166 
890	74 
891	115 
892	184 
893	192 
894	126 
895	167 
896	86 127 212 
897	70 
898	73 
899	112 
900	128 
901	228 
902	96 
903	125 
904	256 
905	98 
906	110 
907	205 
908	278 
909	216 
910	30 
911	280 
912	32 
913	25 
914	220 
915	85 
916	43 
917	182 
918	17 
919	104 
920	279 
921	268 
922	265 
923	45 
924	87 120 264 
925	202 
926	92 200 243 
927	26 
928	100 189 238 
929	168 201 240 
930	24 
931	242 
932	29 
933	262 
934	255 
935	83 
936	60 
937	24 
938	53 
939	24 142 214 
940	43 
941	215 
942	120 
943	118 
944	210 
945	289 
946	8 124 166 
947	79 
948	254 
949	279 
950	202 
951	78 124 269 
952	189 
953	138 
954	55 
955	212 
956	39 
957	238 
958	141 
959	23 188 229 
960	43 
961	243 
962	269 
963	212 
964	146 
965	44 
966	161 
967	131 
968	106 
969	202 
970	173 
971	270 
972	30 
973	197 
974	214 
975	188 
976	230 
977	267 
978	114 
979	33 
980	139 
981	275 
982	46 
983	272 
984	221 
985	16 59 246 
986	162 
987	20 
988	146 
989	13 
990	19 
991	276 
992	22 
993	24 
994	41 
995	149 
996	264 
997	174 
998	25 
999	73 
1000	97 
1001	123 
1002	14 
1003	141 
1004	6 136 219 
1005	198 
1006	145 
1007	121 
1008	116 
1009	192 
1010	16 250 277 
1011	286 
1012	266 
1013	207 
1014	250 
1015	242 
1016	69 
1017	259 
1018	19 92 263 
1019	57 
1020	113 
1021	80 
1022	133 
1023	45 
1024	229 
1025	124 
1026	91 
1027	87 
1028	75 182 259 
1029	40 
1030	187 
1031	187 
1032	139 
1033	262 
1034	19 
1035	274 
1036	82 
1037	39 
1038	46 
1039	109 
1040	50 
1041	73 
1042	171 
1043	73 
1044	69 
1045	275 
1046	183 
1047	262 
1048	131 
1049	6 
1050	97 
1051	17 
1052	264 
1053	278 
1054	221 
1055	154 
1056	96 
1057	200 
1058	10 
1059	149 
1060	166 
1061	172 
1062	97 231 289 
1063	248 
1064	100 
1065	267 
1066	84 
1067	137 
1068	123 
1069	52 
1070	234 
1071	143 
1072	173 
1073	76 
1074	99 
1075	149 
1076	83 
1077	55 
1078	141 
1079	100 
1080	34 
1081	202 
1082	99 
1083	81 
1084	174 
1085	23 75 128 
1086	170 
1087	109 
1088	201 
1089	120 
1090	31 
1091	188 
1092	285 
1093	97 
1094	181 
1095	226 
1096	268 
1097	39 162 241 
1098	188 
1099	24 
1100	65 
1101	44 
1102	17 
1103	279 
1104	212 
1105	231 
1106	143 
1107	38 
1108	10 51 259 
1109	107 
1110	269 
1111	281 
1112	119 
1113	99 
1114	183 
1115	42 
1116	42 
1117	215 
1118	168 
1119	116 
1120	227 
1121	53 
1122	136 
1123	71 
1124	273 
1125	156 
1126	181 
1127	88 
1128	206 
1129	288 
1130	101 
1131	277 
1132	233 
1133	277 
1134	259 
1135	189 
1136	138 
1137	108 
1138	58 
1139	119 
1140	194 
1141	176 
1142	173 
1143	18 
1144	280 
1145	87 
1146	176 
1147	54 
1148	124 134 265 
1149	235 
1150	144 
1151	100 
1152	75 93 99 
1153	39 
1154	289 
1155	115 
1156	214 
1157	269 
1158	15 
1159	220 
1160	186 
1161	222 
1162	106 
1163	170 
1164	56 
1165	191 
1166	69 
1167	170 
1168	1 
1169	231 
1170	112 
1171	198 
1172	280 
1173	195 
1174	18 
1175	265 
1176	85 
1177	208 
1178	164 
1179	18 
1180	41 
1181	29 
1182	192 
1183	220 
1184	242 
1185	231 
1186	178 
1187	48 
1188	45 
1189	131 
1190	200 
1191	12 
1192	269 
1193	245 
1194	126 
1195	263 
1196	267 
1197	107 
1198	28 
1199	203 
1200	50 
1201	160 
1202	50 
1203	103 
1204	8 175 283 
1205	242 
1206	242 
1207	230 
1208	126 
1209	57 
1210	139 
1211	129 
1212	38 
1213	43 
1214	107 
1215	270 
1216	59 
1217	99 
1218	263 
1219	235 
1220	159 
1221	277 
1222	166 
1223	89 
1224	22 
1225	68 
1226	188 
1227	128 
1228	259 
1229	46 
1230	189 
1231	36 
1232	195 
1233	41 
1234	90 
1235	178 
1236	132 
1237	270 
1238	143 
1239	63 
1240	162 
1241	116 
1242	1 
1243	112 
1244	12 
1245	148 
1246	224 
1247	8 
1248	153 
1249	15 
1250	100 
1251	154 
1252	88 
1253	161 287 289 
1254	19 
1255	142 
1256	22 93 151 
1257	115 
1258	109 
1259	103 183 248 
1260	217 
1261	178 
1262	125 
1263	25 
1264	255 
1265	91 
1266	270 
1267	231 
1268	3 
1269	170 
1270	95 
1271	168 
1272	244 
1273	79 
1274	31 160 264 
1275	203 
1276	18 
1277	224 
1278	188 
1279	143 
1280	150 220 252 
1281	13 
1282	19 
1283	178 
1284	56 
1285	102 
1286	73 77 125 
1287	220 
1288	106 
1289	279 
1290	190 
1291	5 
1292	41 
1293	26 
1294	103 182 189 
1295	216 
1296	34 
1297	170 
1298	60 
1299	66 
1300	14 
1301	234 
1302	146 178 214 
1303	126 
1304	256 
1305	210 
1306	123 
1307	224 
1308	119 
1309	80 
1310	237 
1311	244 
1312	66 
1313	39 
1314	123 
1315	87 
1316	2 
1317	123 
1318	220 
1319	267 
1320	64 
1321	208 
1322	245 
1323	4 
1324	205 
1325	126 
1326	59 
1327	41 
1328	31 
1329	244 
1330	61 86 259 
1331	129 
1332	107 
1333	78 
1334	93 
1335	92 
1336	178 
1337	179 224 283 
1338	284 
1339	225 
1340	33 
1341	178 
1342	49 246 280 
1343	238 
1344	214 
1345	111 
1346	117 
1347	267 
1348	167 
1349	188 
1350	149 
1351	83 
1352	108 
1353	14 
1354	5 
1355	120 
1356	143 
1357	96 
1358	14 
1359	83 
1360	70 
1361	75 102 128 
1362	87 
1363	118 
1364	157 
1365	282 
1366	268 
1367	193 
1368	84 
1369	195 
1370	280 
1371	107 
1372	269 
1373	215 
1374	92 
1375	170 
1376	156 
1377	103 
1378	224 
1379	196 
1380	117 
1381	182 
1382	70 
1383	149 
1384	98 
1385	139 
1386	183 
1387	3 61 256 
1388	40 
1389	216 
1390	63 
1391	158 
1392	76 
1393	76 
1394	228 
1395	171 
1396	40 
1397	115 
1398	43 
1399	205 
1400	257 
1401	68 
1402	19 
1403	7 
1404	137 
1405	259 
1406	142 
1407	143 
1408	11 
1409	60 
1410	125 
1411	136 
1412	119 
1413	140 
1414	148 
1415	138 169 282 
1416	126 
1417	87 
1418	205 
1419	131 
1420	120 
1421	188 
1422	182 
1423	21 
1424	192 
1425	12 98 128 
1426	19 192 243 
1427	242 
1428	188 
1429	69 
1430	87 
1431	274 
1432	41 
1433	39 
1434	140 
1435	12 199 246 
1436	275 
1437	19 
1438	244 
1439	261 
1440	142 
1441	64 
1442	264 
1443	246 
1444	228 
1445	163 
1446	281 
1447	58 260 289 
1448	138 
1449	33 
1450	66 
1451	192 
1452	249 
1453	267 
1454	55 
1455	199 
1456	27 
1457	70 
1458	242 
1459	142 
1460	24 97 233 
1461	123 
1462	210 
1463	156 
1464	53 
1465	100 
1466	161 
1467	9 
1468	21 
1469	160 
1470	115 
1471	171 
1472	264 
1473	93 
1474	215 
1475	281 
1476	136 
1477	154 
1478	123 186 235 
1479	165 
1480	1 
1481	106 
1482	195 
1483	248 
1484	265 
1485	23 
1486	25 
1487	218 
1488	65 
1489	113 
1490	54 146 202 
1491	242 
1492	8 
1493	139 
1494	285 
1495	282 
1496	217 
1497	182 
1498	277 
1499	217 
1500	22 124 192 
1501	31 123 196 
1502	273 
1503	189 
1504	14 
1505	269 
1506	281 
1507	108 
1508	33 
1509	44 
1510	178 184 214 
1511	25 
1512	219 
1513	33 
1514	267 
1515	71 
1516	35 191 206 
1517	111 
1518	20 
1519	170 228 266 
1520	4 
1521	193 
1522	117 
1523	277 
1524	191 
1525	106 
1526	282 
1527	87 
1528	269 
1529	214 
1530	286 
1531	26 
1532	22 
1533	56 
1534	118 
1535	282 
1536	66 
1537	2 
1538	130 
1539	250 
1540	30 
1541	188 
1542	30 
1543	14 
1544	272 
1545	108 
1546	210 
1547	33 121 221 
1548	284 
1549	81 
1550	45 
1551	203 
1552	25 
1553	56 
1554	8 
1555	265 
1556	22 
1557	126 
1558	178 
1559	52 
1560	9 
1561	52 156 207 
1562	23 
1563	18 
1564	264 
1565	218 
1566	124 
1567	63 
1568	233 
1569	223 224 251 
1570	222 
1571	31 260 261 
1572	117 149 267 
1573	61 
1574	108 
1575	76 
1576	240 
1577	72 
1578	5 
1579	43 172 199 
1580	89 
1581	95 
1582	219 
1583	147 
1584	60 
1585	94 
1586	97 
1587	212 
1588	162 
1589	115 
1590	267 
1591	88 
1592	168 
1593	193 
1594	49 
1595	44 
1596	270 
1597	215 
1598	154 
1599	5 64 86 
1600	64 
1601	59 
1602	59 
1603	41 
1604	139 
1605	68 
1606	58 123 260 
1607	145 
1608	248 
1609	39 
1610	73 
1611	173 
1612	152 
1613	192 
1614	54 
1615	9 
1616	270 
1617	175 
1618	44 218 248 
1619	123 
1620	10 
1621	135 
1622	18 
1623	47 
1624	148 
1625	44 
1626	233 
1627	248 
1628	173 
1629	159 
1630	92 
1631	256 
1632	24 
1633	48 
1634	132 
1635	90 125 180 
1636	124 173 255 
1637	282 
1638	154 
1639	26 189 199 
1640	190 
1641	235 
1642	265 
1643	75 
1644	267 
1645	54 
1646	226 
1647	77 
1648	249 
1649	214 
1650	75 
1651	268 
1652	95 
1653	182 
1654	40 
1655	113 
1656	273 
1657	191 
1658	20 
1659	192 
1660	271 
1661	195 
1662	224 
1663	39 
1664	248 
1665	229 
1666	86 
1667	141 
1668	68 
1669	72 
1670	99 
1671	154 
1672	220 
1673	177 
1674	204 
1675	179 
1676	210 
1677	119 
1678	267 
1679	164 
1680	118 
1681	75 154 253 
1682	183 
1683	30 102 174 
1684	198 
1685	274 
1686	230 
1687	133 
1688	103 114 143 
1689	97 
1690	271 
1691	207 
1692	160 
1693	164 
1694	179 
1695	190 
1696	46 
1697	127 
1698	218 
1699	57 
1700	180 
1701	196 
1702	169 
1703	94 
1704	118 
1705	38 
1706	157 
1707	30 
1708	186 
1709	156 
1710	243 
1711	23 
1712	66 
1713	199 
1714	63 
1715	137 
1716	283 
1717	23 
1718	241 
1719	113 
1720	221 
1721	271 
1722	98 
1723	20 
1724	213 
1725	88 
1726	258 
1727	269 
1728	109 
1729	262 
1730	30 108 231 
1731	232 
1732	57 
1733	61 
1734	188 
1735	124 276 288 
1736	60 
1737	80 
1738	257 
1739	173 
1740	122 138 196 
1741	109 
1742	111 166 240 
1743	124 
1744	234 
1745	283 
1746	142 184 244 
1747	233 
1748	70 
1749	267 
1750	86 
1751	180 
1752	227 
1753	82 161 231 
1754	59 
1755	220 
1756	137 
1757	178 
1758	17 
1759	230 
1760	120 138 250 
1761	249 
1762	189 
1763	58 114 183 
1764	115 
1765	41 
1766	270 
1767	86 
1768	112 
1769	284 
1770	224 
1771	88 155 206 
1772	221 
1773	204 220 245 
1774	165 
1775	254 
1776	272 
1777	192 
1778	64 
1779	51 
1780	25 
1781	52 
1782	142 
1783	70 111 138 
1784	142 
1785	37 
1786	43 96 233 
1787	231 
1788	73 
1789	79 
1790	176 
1791	14 58 63 
1792	127 
1793	33 
1794	122 
1795	28 
1796	28 224 284 
1797	260 
1798	106 
1799	167 196 248 
1800	170 
1801	210 
1802	193 
1803	260 
1804	30 
1805	194 
1806	69 
1807	273 
1808	228 
1809	19 228 239 
1810	237 
1811	92 
1812	76 
1813	5 49 139 
1814	288 
1815	112 
1816	207 
1817	196 
1818	134 
1819	3 215 254 
1820	252 
1821	8 
1822	139 
1823	110 
1824	23 
1825	2 
1826	225 
1827	74 
1828	235 
1829	110 
1830	110 
1831	285 
1832	91 154 278 
1833	66 226 289 
1834	154 
1835	84 
1836	116 
1837	162 
1838	77 
1839	159 
1840	84 
1841	277 
1842	270 
1843	39 138 149 
1844	214 
1845	28 
1846	36 
1847	90 
1848	70 
1849	212 
1850	189 
1851	101 
1852	132 
1853	149 
1854	124 
1855	276 
1856	56 
1857	70 
1858	111 129 183 
1859	93 
1860	98 
1861	279 
1862	72 
1863	284 
1864	41 
1865	162 
1866	88 
1867	31 73 252 
1868	208 
1869	66 
1870	246 
1871	245 
1872	80 
1873	158 
1874	193 
1875	36 
1876	34 
1877	101 
1878	38 
1879	32 
1880	245 
1881	30 105 180 
1882	271 
1883	132 
1884	100 
1885	154 
1886	75 
1887	128 
1888	200 
1889	96 
1890	155 
1891	213 
1892	86 
1893	134 
1894	174 
1895	3 
1896	97 
1897	227 
1898	24 
1899	130 
1900	91 
1901	185 
1902	26 
1903	25 127 240 
1904	101 
1905	19 
1906	115 
1907	262 
1908	178 
1909	237 
1910	160 
1911	269 
1912	258 
1913	161 
1914	268 
1915	242 
1916	83 
1917	124 
1918	58 
1919	117 
1920	97 
1921	65 
1922	75 
1923	115 
1924	260 
1925	101 
1926	131 
1927	93 
1928	180 
1929	134 
1930	141 
1931	129 
1932	98 
1933	23 
1934	115 
1935	25 
1936	1 8 93 
1937	12 25 162 
1938	194 
1939	56 
1940	19 
1941	108 
1942	191 
1943	276 
1944	109 
1945	33 
1946	174 
1947	289 
1948	104 
1949	242 
1950	87 
1951	188 
1952	184 
1953	233 
1954	159 
1955	119 
1956	286 
1957	76 
1958	44 
1959	80 
1960	126 
1961	181 
1962	259 
1963	183 
1964	37 
1965	251 
1966	12 
1967	25 
1968	215 
1969	113 124 152 
1970	149 
1971	141 181 186 
1972	130 
1973	120 
1974	62 211 236 
1975	38 
1976	241 
1977	69 
1978	101 
1979	195 
1980	158 
1981	174 
1982	56 
1983	133 
1984	143 
1985	55 
1986	218 
1987	188 
1988	110 
1989	32 
1990	137 
1991	226 
1992	126 
1993	19 178 205 
1994	83 
1995	266 
1996	12 
1997	67 
1998	150 159 192 
1999	97 
2000	160 
2001	40 
2002	50 
2003	242 
2004	87 
2005	120 
2006	66 
2007	54 
2008	104 127 136 
2009	261 
2010	52 
2011	87 114 162 
2012	167 
2013	157 
2014	145 
2015	271 
2016	5 
2017	20 165 282 
2018	243 
2019	219 
2020	136 
2021	234 
2022	148 
2023	167 230 242 
2024	279 
2025	233 
2026	121 
2027	32 
2028	232 
2029	79 
2030	89 
2031	122 
2032	69 188 266 
2033	233 
2034	106 
2035	8 
2036	198 
2037	203 
2038	283 
2039	39 
2040	66 
2041	142 
2042	98 207 239 
2043	126 
2044	132 
2045	160 
2046	14 113 159 
2047	251 
2048	22 
2049	107 
2050	73 
2051	98 
2052	2 
2053	127 
2054	63 
2055	91 
2056	225 
2057	70 
2058	30 
2059	139 
2060	45 
2061	203 
2062	117 
2063	240 
2064	88 189 277 
2065	97 
2066	229 
2067	89 
2068	247 
2069	117 
2070	165 
2071	98 
2072	189 
2073	190 
2074	4 
2075	275 
2076	132 
2077	77 
2078	222 
2079	30 32 237 
2080	37 119 213 
2081	119 
2082	200 
2083	200 
2084	39 
2085	215 
2086	136 
2087	123 
2088	123 208 282 
2089	241 
2090	127 
2091	213 
2092	44 
2093	31 
2094	230 
2095	26 
2096	250 
2097	77 
2098	259 
2099	196 
2100	257 
2101	137 
2102	133 
2103	163 
2104	142 
2105	87 147 207 
2106	42 
2107	49 
2108	174 247 285 
2109	66 
2110	124 
2111	111 
2112	164 
2113	234 
2114	119 
2115	19 
2116	163 207 229 
2117	22 
2118	5 88 136 
2119	78 
2120	189 
2121	56 
2122	42 
2123	30 
2124	92 
2125	43 
2126	176 
2127	14 
2128	274 
2129	230 
2130	240 
2131	253 
2132	288 
2133	139 
2134	27 
2135	289 
2136	185 
2137	75 
2138	213 
2139	102 
2140	48 
2141	215 
2142	263 
2143	244 
2144	40 95 264 
2145	233 
2146	175 
2147	155 
2148	121 
2149	68 
2150	18 118 285 
2151	205 
2152	118 
2153	30 260 278 
2154	84 
2155	132 
2156	6 
2157	288 
2158	261 
2159	255 
2160	173 
2161	279 
2162	56 127 231 
2163	206 
2164	231 
2165	280 
2166	44 
2167	195 
2168	284 
2169	42 
2170	232 
2171	90 
2172	12 
2173	87 
2174	286 
2175	180 
2176	75 
2177	51 
2178	14 
2179	144 
2180	125 
2181	82 
2182	40 
2183	223 
2184	107 
2185	205 268 271 
2186	110 
2187	45 
2188	94 
2189	228 
2190	42 
2191	119 
2192	46 
2193	5 
2194	39 
2195	178 
2196	220 
2197	119 
2198	62 
2199	162 
2200	254 
2201	214 
2202	13 
2203	108 
2204	7 
2205	94 
2206	271 
2207	202 
2208	167 
2209	106 
2210	32 
2211	26 
2212	115 
2213	119 215 225 
2214	247 
2215	129 
2216	217 
2217	138 
2218	95 
2219	53 
2220	85 
2221	112 
2222	16 
2223	98 
2224	209 
2225	14 100 208 
2226	188 
2227	44 
2228	228 
2229	152 
2230	53 
2231	149 
2232	30 66 282 
2233	90 
2234	268 
2235	53 88 123 
2236	2 
2237	267 
2238	244 
2239	150 
2240	102 
2241	28 
2242	286 
2243	10 
2244	200 
2245	170 
2246	53 174 206 
2247	153 
2248	95 
2249	233 
2250	215 
2251	17 
2252	143 
2253	226 
2254	106 
2255	276 
2256	145 
2257	138 
2258	24 133 196 
2259	101 
2260	89 
2261	92 
2262	91 
2263	148 
2264	102 
2265	4 
2266	80 
2267	215 
2268	107 
2269	193 
2270	55 80 87 
2271	93 
2272	67 
2273	125 
2274	56 
2275	147 
2276	171 
2277	119 
2278	115 
2279	192 
2280	175 
2281	5 
2282	154 
2283	241 
2284	6 
2285	141 
2286	177 
2287	116 
2288	8 
2289	35 95 215 
2290	64 
2291	230 
2292	18 247 259 
2293	53 
2294	144 
2295	147 
2296	33 87 168 
2297	145 
2298	36 
2299	78 
2300	22 
2301	28 
2302	229 
2303	14 
2304	248 
2305	149 
2306	5 8 258 
2307	69 
2308	19 
2309	118 
2310	237 
2311	215 
2312	53 259 260 
2313	8 
2314	139 
2315	204 
2316	150 
2317	194 
2318	211 
2319	89 
2320	33 
2321	45 205 288 
2322	283 
2323	282 
2324	240 
2325	179 
2326	40 
2327	206 
2328	17 
2329	95 
2330	203 
2331	160 
2332	17 
2333	207 
2334	104 
2335	202 
2336	98 
2337	88 
2338	42 76 93 
2339	102 
2340	245 
2341	88 
2342	150 
2343	83 
2344	59 
2345	30 109 183 
2346	267 
2347	228 
2348	237 
2349	205 
2350	125 
2351	215 
2352	76 
2353	32 
2354	145 
2355	18 155 174 
2356	48 
2357	46 
2358	33 
2359	192 
2360	32 
2361	247 
2362	46 
2363	71 
2364	115 
2365	78 
2366	151 
2367	142 
2368	70 72 192 
2369	72 
2370	22 
2371	156 
2372	173 
2373	162 
2374	10 176 186 
2375	88 
2376	115 
2377	138 
2378	70 
2379	126 
2380	182 
2381	19 
2382	224 
2383	218 
2384	183 
2385	108 
2386	145 
2387	60 
2388	56 
2389	254 
2390	183 
2391	173 
2392	106 
2393	184 
2394	50 
2395	221 233 273 
2396	48 
2397	152 
2398	34 
2399	271 
2400	23 
2401	90 
2402	56 
2403	235 
2404	243 
2405	46 
2406	131 
2407	5 
2408	87 
2409	168 
2410	161 
2411	132 
2412	26 77 80 
2413	271 
2414	174 
2415	67 
2416	190 
2417	15 
2418	194 
2419	19 
2420	4 
2421	253 
2422	108 
2423	188 
2424	50 110 155 
2425	196 
2426	4 
2427	100 
2428	190 
2429	216 
2430	163 
2431	260 
2432	106 
2433	261 
2434	68 
2435	203 
2436	120 
2437	235 
2438	213 
2439	196 
2440	86 
2441	70 159 206 
2442	46 159 189 
2443	54 
2444	30 
2445	88 
2446	125 
2447	154 
2448	83 
2449	3 
2450	61 
2451	13 
2452	250 
2453	223 
2454	32 
2455	282 
2456	276 
2457	209 
2458	25 
2459	152 
2460	19 
2461	75 
2462	254 
2463	164 
2464	178 
2465	57 
2466	146 
2467	38 61 154 
2468	152 
2469	44 
2470	66 
2471	93 
2472	78 
2473	279 
2474	258 
2475	198 235 288 
2476	86 
2477	188 
2478	39 
2479	187 
2480	129 
2481	262 
2482	115 
2483	242 
2484	162 
2485	259 
2486	176 
2487	56 
2488	204 
2489	120 
2490	172 
2491	278 
2492	276 
2493	121 242 254 
2494	168 
2495	240 
2496	68 
2497	13 114 174 
2498	64 243 282 
2499	154 
2500	107 
2501	232 
2502	78 266 277 
2503	266 
2504	103 
2505	270 
2506	211 
2507	26 
2508	148 
2509	23 
2510	25 
2511	93 
2512	120 
2513	101 
2514	255 
2515	271 
2516	86 
2517	229 
2518	141 
2519	168 
2520	147 
2521	73 
2522	41 
2523	41 
2524	38 
2525	76 
2526	231 
2527	139 210 270 
2528	130 
2529	232 
2530	145 
2531	287 
2532	67 
2533	167 
2534	168 
2535	23 
2536	111 
2537	88 
2538	162 182 203 
2539	13 188 284 
2540	207 
2541	122 
2542	229 
2543	244 
2544	276 
2545	108 
2546	176 
2547	72 
2548	168 214 234 
2549	34 
2550	176 
2551	83 
2552	266 
2553	38 
2554	128 
2555	70 
2556	282 
2557	136 
2558	92 109 221 
2559	67 
2560	196 
2561	182 
2562	15 
2563	43 97 117 
2564	46 
2565	65 
2566	200 
2567	159 
2568	129 
2569	173 
2570	164 
2571	222 
2572	247 
2573	96 
2574	219 
2575	250 
2576	14 
2577	244 
2578	277 
2579	189 
2580	237 
2581	233 
2582	12 39 122 
2583	93 133 273 
2584	9 
2585	210 
2586	42 
2587	263 
2588	27 
2589	201 
2590	41 
2591	24 
2592	112 
2593	250 
2594	175 
2595	100 
2596	243 
2597	138 
2598	274 
2599	245 
2600	211 
2601	224 
2602	73 102 231 
2603	72 
2604	115 177 254 
2605	199 
2606	205 
2607	32 
2608	224 
2609	282 
2610	151 
2611	160 
2612	165 
2613	283 
2614	27 
2615	115 
2616	137 
2617	210 
2618	131 
2619	12 
2620	13 230 262 
2621	262 
2622	195 
2623	113 
2624	40 
2625	80 
2626	183 
2627	58 
2628	243 
2629	118 
2630	163 
2631	259 
2632	16 
2633	75 
2634	95 
2635	204 
2636	234 
2637	11 39 182 
2638	94 
2639	113 
2640	97 
2641	224 
2642	22 
2643	42 
2644	270 
2645	251 
2646	101 
2647	46 66 67 
2648	35 
2649	267 
2650	222 
2651	44 45 286 
2652	163 
2653	56 
2654	234 
2655	117 
2656	265 
2657	69 169 174 
2658	1 
2659	191 
2660	85 
2661	244 
2662	132 
2663	195 
2664	137 
2665	182 
2666	270 
2667	8 19 46 
2668	119 
2669	14 
2670	66 
2671	40 
2672	22 88 192 
2673	228 
2674	243 
2675	79 
2676	204 
2677	234 
2678	46 
2679	25 45 104 
2680	75 145 209 
2681	139 
2682	82 
2683	214 
2684	105 
2685	106 
2686	108 
2687	206 
2688	63 
2689	187 
2690	76 96 278 
2691	109 
2692	118 
2693	68 
2694	257 
2695	221 
2696	210 
2697	174 
2698	275 
2699	162 
2700	187 
2701	38 
2702	20 129 207 
2703	235 
2704	96 
2705	91 
2706	101 
2707	98 
2708	15 169 220 
2709	33 
2710	236 
2711	158 
2712	23 
2713	29 
2714	151 
2715	257 
2716	16 
2717	75 
2718	74 
2719	268 
2720	88 222 230 
2721	289 
2722	238 
2723	260 
2724	131 
2725	6 
2726	202 
2727	168 
2728	233 
2729	126 
2730	115 
2731	66 
2732	199 205 272 
2733	123 
2734	270 
2735	152 160 244 
2736	83 
2737	86 119 237 
2738	131 
2739	8 
2740	149 
2741	195 
2742	245 
2743	49 
2744	261 
2745	281 
2746	47 
2747	88 
2748	162 
2749	27 
2750	236 
2751	84 130 156 
2752	184 
2753	5 22 53 
2754	245 
2755	246 
2756	197 
2757	282 
2758	88 168 218 
2759	242 
2760	259 
2761	212 
2762	211 
2763	214 
2764	162 176 285 
2765	98 
2766	266 
2767	146 
2768	83 
2769	133 
2770	64 
2771	264 
2772	272 
2773	107 
2774	63 
2775	280 
2776	70 
2777	32 
2778	209 224 268 
2779	65 
2780	77 
2781	176 
2782	196 
2783	100 
2784	196 
2785	76 
2786	39 
2787	16 
2788	280 
2789	247 
2790	5 
2791	88 
2792	22 
2793	282 
2794	108 
2795	228 
2796	237 
2797	221 
2798	115 
2799	174 
2800	211 
2801	113 
2802	135 
2803	270 
2804	198 
2805	153 
2806	189 
2807	181 
2808	117 
2809	36 
2810	79 80 176 
2811	270 
2812	184 
2813	31 
2814	9 
2815	274 
2816	143 
2817	245 
2818	32 
2819	173 
2820	228 
2821	255 
2822	137 
2823	101 
2824	159 
2825	104 
2826	190 
2827	118 
2828	87 
2829	121 
2830	73 
2831	73 
2832	278 
2833	242 
2834	99 
2835	263 
2836	286 
2837	224 
2838	38 
2839	151 182 213 
2840	289 
2841	173 
2842	239 
2843	85 
2844	245 
2845	84 
2846	191 
2847	98 105 208 
2848	257 
2849	23 
2850	247 
2851	111 173 206 
2852	14 
2853	11 
2854	140 
2855	286 
2856	203 
2857	249 
2858	110 
2859	29 
2860	103 
2861	179 
2862	47 
2863	79 
2864	43 
2865	181 
2866	228 
2867	27 
2868	271 
2869	135 142 260 
2870	37 
2871	142 
2872	128 
2873	77 
2874	159 
2875	90 
2876	84 
2877	234 
2878	178 
2879	52 
2880	41 
2881	207 
2882	175 
2883	289 
2884	107 
2885	265 
2886	131 
2887	93 
2888	11 
2889	265 
2890	222 
2891	37 
2892	208 
2893	44 
2894	87 
2895	22 173 282 
2896	189 
2897	32 
2898	186 
2899	136 
2900	133 
2901	113 
2902	254 
2903	225 
2904	22 
2905	240 
2906	8 138 201 
2907	56 
2908	35 
2909	108 128 262 
2910	276 
2911	253 
2912	164 
2913	81 
2914	168 
2915	196 
2916	244 
2917	271 
2918	12 
2919	276 
2920	271 
2921	129 
2922	83 206 229 
2923	102 
2924	57 
2925	87 
2926	189 
2927	14 
2928	45 
2929	32 
2930	151 
2931	69 
2932	97 
2933	215 
2934	53 
2935	46 
2936	31 
2937	29 
2938	114 192 235 
2939	22 
2940	55 
2941	111 
2942	197 
2943	231 
2944	54 187 269 
2945	17 
2946	162 
2947	285 
2948	63 
2949	254 
2950	135 
2951	143 
2952	188 
2953	177 
2954	53 137 174 
2955	176 
2956	127 
2957	158 
2958	208 
2959	42 
2960	8 
2961	29 
2962	117 
2963	13 
2964	21 
2965	88 
2966	7 57 222 
2967	28 
2968	86 
2969	230 
2970	258 
2971	51 
2972	218 
2973	268 
2974	194 
2975	93 
2976	203 
2977	32 
2978	66 
2979	103 
2980	22 
2981	230 
2982	78 
2983	182 
2984	58 
2985	161 
2986	192 
2987	272 
2988	222 
2989	180 
2990	142 
2991	40 
2992	269 
2993	206 
2994	69 
2995	17 
2996	282 
2997	236 
2998	109 111 220 
2999	33 
3000	127 
3001	56 
3002	86 145 210 
3003	225 
3004	90 106 112 
3005	43 
3006	72 
3007	127 
3008	70 
3009	3 195 253 
3010	185 
3011	260 
3012	189 
3013	142 
3014	265 
3015	40 
3016	19 86 129 
3017	93 
3018	180 
3019	45 144 276 
3020	78 
3021	39 
3022	64 
3023	115 
3024	87 
3025	34 91 269 
3026	75 
3027	175 
3028	212 
3029	264 
3030	127 
3031	159 
3032	20 
3033	182 
3034	20 
3035	3 
3036	133 
3037	47 
3038	180 
3039	251 
3040	155 
3041	184 
3042	201 
3043	96 
3044	176 
3045	129 
3046	90 
3047	248 
3048	239 
3049	74 
3050	39 
3051	167 
3052	125 
3053	260 
3054	143 
3055	244 
3056	223 
3057	229 
3058	192 
3059	266 
3060	247 
3061	247 
3062	99 
3063	281 
3064	73 
3065	117 176 261 
3066	212 
3067	124 
3068	92 102 277 
3069	191 
3070	118 
3071	190 
3072	18 32 88 
3073	222 
3074	248 
3075	39 103 237 
3076	230 
3077	217 
3078	125 
3079	259 
3080	108 
3081	260 
3082	222 
3083	37 
3084	74 113 186 
3085	234 
3086	214 
3087	123 
3088	143 
3089	275 
3090	97 164 227 
3091	271 
3092	126 
3093	257 
3094	73 112 259 
3095	229 
3096	268 
3097	78 
3098	189 
3099	54 
3100	118 
3101	221 
3102	97 
3103	188 
3104	183 
3105	110 
3106	287 
3107	282 
3108	182 
3109	119 
3110	229 
3111	225 
3112	287 
3113	127 
3114	50 
3115	275 
3116	122 
3117	233 
3118	95 
3119	189 
3120	75 
3121	89 
3122	69 
3123	147 161 223 
3124	30 
3125	103 
3126	55 
3127	36 
3128	98 
3129	229 
3130	166 
3131	123 
3132	128 
3133	168 
3134	31 
3135	228 
3136	59 
3137	136 
3138	111 
3139	208 
3140	47 
3141	162 
3142	257 
3143	39 
3144	2 
3145	153 
3146	66 
3147	242 
3148	91 
3149	134 
3150	72 75 280 
3151	128 
3152	283 
3153	242 
3154	9 
3155	230 
3156	176 
3157	182 
3158	52 
3159	17 
3160	253 
3161	289 
3162	75 
3163	174 
3164	25 
3165	153 
3166	222 252 287 
3167	12 
3168	44 
3169	59 
3170	178 
3171	252 
3172	241 
3173	80 
3174	132 
3175	11 
3176	230 
3177	71 
3178	254 
3179	230 
3180	132 
3181	60 
3182	239 
3183	225 
3184	62 
3185	167 
3186	277 
3187	2 
3188	135 
3189	222 
3190	164 
3191	214 
3192	47 
3193	237 
3194	280 
3195	197 
3196	46 
3197	115 
3198	197 
3199	107 
3200	203 
3201	283 
3202	105 
3203	46 
3204	142 
3205	107 
3206	219 
3207	71 
3208	204 
3209	230 
3210	268 
3211	7 
3212	231 
3213	265 
3214	59 
3215	11 
3216	130 
3217	109 
3218	11 
3219	119 
3220	36 
3221	59 
3222	96 142 196 
3223	195 
3224	119 
3225	226 
3226	81 
3227	134 
3228	103 
3229	173 
3230	52 
3231	220 
3232	272 
3233	128 
3234	217 
3235	123 
3236	269 
3237	249 
3238	135 
3239	173 
3240	150 
3241	192 
3242	220 
3243	40 123 235 
3244	168 
3245	271 
3246	35 
3247	184 
3248	162 
3249	26 
3250	201 
3251	135 
3252	183 
3253	149 
3254	232 
3255	49 
3256	289 
3257	21 
3258	182 
3259	25 
3260	184 
3261	55 248 284 
3262	214 
3263	216 
3264	149 
3265	272 
3266	287 
3267	244 
3268	109 242 282 
3269	162 
3270	207 
3271	273 
3272	146 
3273	141 207 245 
3274	127 
3275	214 
3276	112 
3277	222 
3278	75 
3279	210 
3280	286 
3281	171 
3282	39 
3283	14 188 261 
3284	251 
3285	44 
3286	5 
3287	109 
3288	97 
3289	91 187 190 
3290	159 
3291	153 
3292	2 
3293	6 84 168 
3294	92 
3295	21 92 98 
3296	31 
3297	103 
3298	166 
3299	96 
3300	39 190 195 
3301	231 
3302	14 
3303	162 
3304	118 
3305	111 
3306	241 
3307	70 
3308	10 
3309	141 
3310	48 
3311	217 
3312	26 27 115 
3313	122 
3314	73 
3315	105 
3316	92 
3317	121 
3318	102 
3319	25 
3320	93 
3321	134 
3322	120 
3323	210 
3324	8 
3325	119 
3326	131 
3327	241 
3328	165 
3329	50 
3330	212 
3331	182 
3332	185 
3333	32 
3334	43 
3335	195 
3336	53 
3337	61 
3338	115 
3339	272 
3340	180 
3341	25 
3342	183 
3343	31 
3344	124 
3345	45 111 253 
3346	39 
3347	276 
3348	117 
3349	231 
3350	24 
3351	85 
3352	19 
3353	175 
3354	43 
3355	193 
3356	276 
3357	53 
3358	250 
3359	88 
3360	244 
3361	202 
3362	92 
3363	46 
3364	79 
3365	12 
3366	209 
3367	118 
3368	119 
3369	179 
3370	90 
3371	69 
3372	94 
3373	262 
3374	76 
3375	97 
3376	204 
3377	126 143 162 
3378	244 
3379	280 
3380	122 
3381	30 
3382	184 
3383	57 
3384	273 
3385	123 
3386	140 
3387	192 
3388	20 207 248 
3389	229 
3390	251 
3391	43 
3392	162 
3393	94 
3394	73 
3395	143 
3396	260 
3397	40 
3398	217 
3399	269 
3400	114 
3401	168 
3402	271 
3403	114 
3404	225 
3405	43 51 86 
3406	51 
3407	45 
3408	141 
3409	136 
3410	108 
3411	75 
3412	26 128 187 
3413	166 
3414	216 
3415	59 
3416	41 
3417	147 
3418	25 
3419	176 
3420	100 
3421	19 
3422	253 
3423	130 
3424	22 
3425	235 
3426	249 
3427	67 
3428	160 
3429	75 
3430	128 
3431	17 
3432	270 271 273 
3433	102 
3434	33 
3435	235 
3436	75 107 284 
3437	12 54 269 
3438	278 
3439	91 
3440	196 
3441	35 
3442	147 
3443	258 
3444	85 
3445	265 
3446	253 
3447	29 142 178 
3448	49 
3449	268 
3450	1 
3451	167 
3452	114 
3453	224 
3454	123 
3455	15 
3456	52 
3457	279 
3458	263 
3459	76 
3460	119 
3461	235 
3462	191 
3463	143 
3464	271 
3465	108 
3466	93 
3467	88 107 210 
3468	44 89 200 
3469	46 
3470	180 
3471	249 
3472	45 
3473	142 
3474	18 
3475	214 
3476	195 
3477	261 
3478	252 
3479	154 
3480	54 
3481	254 
3482	161 
3483	227 
3484	108 
3485	15 80 231 
3486	187 
3487	60 
3488	241 
3489	45 
3490	194 
3491	237 
3492	178 
3493	113 
3494	165 
3495	8 
3496	56 109 212 
3497	30 
3498	246 
3499	280 
3500	100 
3501	82 
3502	8 
3503	190 
3504	173 198 267 
3505	187 
3506	271 
3507	184 
3508	108 
3509	9 16 156 
3510	57 
3511	82 
3512	273 
3513	190 
3514	44 
3515	100 
3516	41 178 232 
3517	212 
3518	198 
3519	238 
3520	136 
3521	160 
3522	108 
3523	40 105 182 
3524	130 
3525	109 
3526	30 
3527	119 
3528	206 
3529	277 
3530	131 
3531	140 
3532	219 
3533	1 
3534	28 
3535	143 
3536	286 
3537	197 
3538	241 
3539	4 
3540	246 
3541	142 
3542	168 
3543	257 
3544	105 
3545	139 
3546	128 
3547	112 
3548	174 
3549	64 
3550	55 
3551	34 
3552	40 
3553	127 
3554	274 
3555	58 
3556	11 
3557	90 
3558	17 
3559	63 
3560	72 
3561	247 
3562	88 89 143 
3563	83 
3564	93 
3565	61 
3566	202 
3567	138 
3568	98 
3569	93 
3570	276 
3571	208 235 248 
3572	184 
3573	209 
3574	248 
3575	210 
3576	145 
3577	90 
3578	284 
3579	25 
3580	127 
3581	180 
3582	16 
3583	72 
3584	282 
3585	89 
3586	53 
3587	285 
3588	187 
3589	212 
3590	10 
3591	97 
3592	28 
3593	98 
3594	132 
3595	59 
3596	90 
3597	140 
3598	122 
3599	82 
3600	276 
3601	105 
3602	78 
3603	183 
3604	46 
3605	127 
3606	30 56 83 
3607	206 
3608	13 
3609	2 176 180 
3610	197 
3611	61 
3612	35 
3613	24 
3614	211 
3615	278 
3616	173 
3617	272 
3618	58 66 68 
3619	63 84 265 
3620	154 
3621	5 
3622	147 
3623	51 
3624	228 
3625	119 222 234 
3626	265 
3627	187 
3628	26 
3629	156 
3630	188 
3631	138 
3632	33 
3633	239 
3634	198 
3635	9 187 259 
3636	32 
3637	252 
3638	151 
3639	289 
3640	173 226 229 
3641	184 
3642	45 
3643	264 
3644	277 
3645	118 
3646	106 
3647	149 
3648	255 
3649	61 82 182 
3650	122 
3651	44 
3652	108 
3653	26 
3654	71 175 268 
3655	233 
3656	117 
3657	281 
3658	130 
3659	80 
3660	264 
3661	278 
3662	11 
3663	138 
3664	225 
3665	219 
3666	278 
3667	155 
3668	115 
3669	44 
3670	119 
3671	9 
3672	262 
3673	58 
3674	45 
3675	100 
3676	141 
3677	95 
3678	8 10 78 
3679	120 
3680	271 
3681	196 
3682	89 
3683	273 
3684	16 
3685	160 
3686	155 
3687	57 
3688	169 
3689	229 
3690	192 
3691	189 
3692	29 
3693	41 
3694	78 
3695	48 
3696	36 195 259 
3697	2 
3698	225 
3699	22 
3700	123 
3701	216 
3702	154 
3703	274 
3704	39 
3705	7 109 256 
3706	144 
3707	228 
3708	274 
3709	249 
3710	97 
3711	61 
3712	27 
3713	52 
3714	124 
3715	220 
3716	51 
3717	112 
3718	103 
3719	164 
3720	182 
3721	158 
3722	93 
3723	232 
3724	87 
3725	118 
3726	196 
3727	154 
3728	203 
3729	45 
3730	252 
3731	104 
3732	37 
3733	74 225 237 
3734	35 
3735	47 
3736	166 
3737	146 
3738	36 
3739	271 
3740	23 
3741	32 
3742	97 
3743	88 
3744	211 
3745	49 132 159 
3746	97 
3747	280 
3748	59 
3749	80 
3750	41 
3751	43 
3752	220 
3753	148 149 278 
3754	8 
3755	182 
3756	123 
3757	12 
3758	15 
3759	168 
3760	78 
3761	32 
3762	178 
3763	162 
3764	54 
3765	20 
3766	6 
3767	86 
3768	215 
3769	44 
3770	269 
3771	87 
3772	278 
3773	87 
3774	203 
3775	115 
3776	154 
3777	215 
3778	45 
3779	143 
3780	30 
3781	220 
3782	271 
3783	153 
3784	81 119 286 
3785	104 
3786	160 
3787	138 
3788	122 
3789	30 
3790	222 
3791	160 
3792	91 
3793	157 
3794	187 
3795	71 
3796	220 
3797	97 
3798	112 
3799	51 
3800	141 
3801	245 
3802	83 
3803	246 
3804	98 
3805	182 
3806	174 
3807	20 
3808	195 
3809	102 
3810	205 
3811	49 
3812	40 
3813	36 
3814	120 
3815	192 
3816	43 
3817	24 
3818	119 
3819	41 
3820	56 
3821	129 
3822	153 
3823	76 
3824	203 
3825	97 
3826	59 
3827	196 
3828	232 
3829	160 
3830	268 
3831	218 
3832	182 
3833	87 
3834	77 
3835	255 
3836	37 61 69 
3837	189 
3838	28 
3839	162 
3840	157 
3841	29 
3842	224 
3843	170 202 235 
3844	244 
3845	20 
3846	196 
3847	230 
3848	35 110 233 
3849	93 
3850	251 
3851	96 
3852	63 191 193 
3853	56 
3854	254 
3855	16 
3856	222 
3857	183 
3858	122 
3859	266 
3860	209 
3861	54 
3862	58 
3863	178 
3864	113 
3865	15 
3866	66 
3867	217 
3868	6 
3869	24 
3870	87 
3871	285 
3872	205 
3873	264 
3874	131 
3875	207 
3876	20 
3877	86 
3878	185 
3879	196 
3880	288 
3881	253 
3882	183 
3883	81 
3884	139 
3885	47 
3886	161 
3887	192 
3888	177 
3889	12 
3890	274 
3891	183 
3892	113 
3893	50 141 190 
3894	35 62 231 
3895	207 
3896	110 
3897	34 
3898	90 
3899	3 
3900	130 
3901	2 175 278 
3902	172 
3903	60 
3904	137 
3905	250 
3906	146 
3907	180 
3908	32 61 75 
3909	91 
3910	100 166 265 
3911	108 
3912	232 
3913	189 
3914	117 
3915	113 
3916	150 
3917	191 
3918	289 
3919	44 138 180 
3920	149 
3921	188 
3922	200 
3923	73 
3924	179 
3925	215 
3926	57 
3927	7 9 259 
3928	113 
3929	47 
3930	277 
3931	209 
3932	13 
3933	178 
3934	123 
3935	146 
3936	197 
3937	166 
3938	86 
3939	74 
3940	127 
3941	266 
3942	101 
3943	236 
3944	116 
3945	2 
3946	280 
3947	107 
3948	201 
3949	289 
3950	267 
3951	86 
3952	208 
3953	121 
3954	244 
3955	88 
3956	158 
3957	31 
3958	25 97 117 
3959	191 
3960	210 
3961	252 
3962	250 
3963	105 150 237 
3964	215 
3965	194 209 247 
3966	8 
3967	176 
3968	282 
3969	130 
3970	125 
3971	15 71 270 
3972	145 
3973	131 
3974	231 
3975	92 
3976	123 
3977	75 
3978	5 
3979	235 
3980	38 
3981	175 
3982	72 
3983	123 
3984	280 
3985	160 
3986	138 
3987	263 
3988	254 
3989	264 
3990	224 
3991	8 
3992	72 
3993	5 
3994	139 235 288 
3995	54 
3996	30 
3997	285 
3998	32 
3999	257 
4000	27 73 206 
4001	265 
4002	12 
4003	200 
4004	222 
4005	102 
4006	109 
4007	214 
4008	231 
4009	262 
4010	85 
4011	214 
4012	11 182 188 
4013	6 
4014	192 
4015	192 
4016	69 
4017	86 
4018	213 
4019	72 
4020	66 
4021	242 
4022	14 
4023	221 
4024	108 
4025	280 
4026	26 
4027	197 
4028	7 
4029	107 148 154 
4030	210 
4031	97 108 138 
4032	103 
4033	104 
4034	277 
4035	247 
4036	132 
4037	12 
4038	84 
4039	169 
4040	175 
4041	8 233 248 
4042	117 
4043	200 
4044	156 
4045	122 
4046	22 
4047	280 
4048	3 
4049	126 
4050	97 
4051	228 
4052	113 
4053	5 
4054	155 
4055	240 
4056	248 
4057	259 
4058	53 
4059	89 141 182 
4060	32 
4061	155 
4062	279 
4063	174 
4064	197 
4065	17 
4066	224 
4067	117 
4068	185 
4069	97 
4070	271 
4071	39 
4072	118 
4073	23 174 234 
4074	70 
4075	121 
4076	131 
4077	23 26 148 
4078	229 
4079	132 
4080	72 80 106 
4081	248 
4082	15 
4083	26 
4084	55 
4085	172 
4086	254 
4087	139 149 252 
4088	3 68 267 
4089	39 60 280 
4090	191 
4091	214 
4092	73 
4093	62 
4094	217 
4095	85 88 274 
4096	69 
4097	183 
4098	223 
4099	180 
4100	140 
4101	113 
4102	32 
4103	237 
4104	82 100 279 
4105	285 
4106	154 
4107	196 
4108	223 
4109	111 
4110	195 
4111	69 
4112	100 
4113	122 
4114	177 
4115	88 
4116	150 
4117	129 
4118	252 
4119	17 
4120	135 
4121	214 
4122	193 
4123	127 
4124	274 
4125	35 
4126	56 
4127	71 
4128	38 
4129	240 
4130	19 
4131	278 
4132	76 
4133	114 
4134	221 
4135	153 
4136	110 138 160 
4137	127 
4138	137 
4139	157 
4140	137 
4141	189 
4142	216 
4143	48 
4144	166 
4145	194 
4146	282 
4147	92 
4148	237 
4149	30 88 282 
4150	274 
4151	184 
4152	30 
4153	127 
4154	162 
4155	119 
4156	121 
4157	130 
4158	276 
4159	25 
4160	29 
4161	214 
4162	71 
4163	82 
4164	278 
4165	103 
4166	206 
4167	12 142 229 
4168	209 
4169	220 
4170	188 
4171	95 
4172	228 
4173	108 
4174	168 
4175	267 
4176	139 
4177	29 
4178	122 
4179	152 
4180	58 
4181	160 
4182	137 
4183	266 
4184	124 
4185	53 
4186	51 
4187	170 
4188	14 80 141 
4189	3 
4190	91 
4191	273 
4192	37 
4193	152 
4194	13 
4195	115 
4196	180 
4197	193 
4198	17 128 207 
4199	233 
4200	113 
4201	264 
4202	41 
4203	118 
4204	256 
4205	203 
4206	162 
4207	210 
4208	54 133 269 
4209	182 
4210	13 
4211	40 61 81 
4212	185 
4213	20 
4214	177 
4215	118 
4216	133 
4217	226 
4218	30 
4219	169 
4220	70 
4221	285 
4222	15 
4223	20 63 265 
4224	148 
4225	91 
4226	134 
4227	225 
4228	271 
4229	70 
4230	139 
4231	38 127 150 
4232	279 
4233	101 
4234	82 
4235	150 
4236	136 209 268 
4237	91 
4238	174 
4239	235 
4240	179 
4241	74 
4242	229 
4243	196 
4244	260 
4245	44 
4246	44 115 154 
4247	278 
4248	149 
4249	199 
4250	131 196 224 
4251	276 
4252	83 
4253	24 
4254	231 
4255	34 
4256	159 
4257	238 
4258	99 116 160 
4259	132 
4260	187 
4261	106 231 280 
4262	283 
4263	118 228 238 
4264	192 212 270 
4265	184 
4266	261 
4267	131 
4268	267 
4269	65 
4270	104 
4271	124 
4272	260 
4273	19 
4274	132 
4275	232 
4276	172 
4277	56 
4278	102 
4279	146 
4280	197 
4281	28 
4282	184 
4283	216 
4284	235 
4285	243 
4286	96 
4287	254 
4288	264 
4289	138 
4290	269 
4291	48 120 215 
4292	278 
4293	184 
4294	69 
4295	225 
4296	192 
4297	207 
4298	136 
4299	278 
4300	88 
4301	265 
4302	20 
4303	209 
4304	233 
4305	105 
4306	135 
4307	163 
4308	209 
4309	130 
4310	159 
4311	9 
4312	137 
4313	240 
4314	119 
4315	21 
4316	28 
4317	189 
4318	122 
4319	41 
4320	59 
4321	107 
4322	169 257 259 
4323	289 
4324	145 
4325	41 
4326	59 
4327	119 
4328	93 212 271 
4329	150 
4330	124 
4331	160 
4332	87 
4333	214 
4334	165 
4335	219 
4336	92 
4337	271 
4338	232 
4339	115 
4340	224 
4341	45 
4342	276 
4343	278 
4344	220 
4345	4 
4346	230 
4347	80 
4348	173 
4349	268 
4350	100 
4351	229 
4352	29 159 182 
4353	143 222 288 
4354	216 
4355	277 
4356	284 
4357	6 
4358	104 
4359	213 
4360	188 
4361	5 21 240 
4362	278 
4363	279 
4364	110 
4365	35 
4366	175 
4367	86 
4368	14 
4369	162 208 289 
4370	210 
4371	184 
4372	86 
4373	1 30 237 
4374	228 
4375	82 196 222 
4376	261 
4377	25 
4378	240 
4379	182 
4380	135 
4381	229 
4382	59 
4383	277 
4384	132 
4385	39 
4386	66 
4387	109 
4388	211 
4389	8 
4390	212 
4391	191 
4392	153 
4393	258 
4394	22 180 189 
4395	3 
4396	167 
4397	246 
4398	129 
4399	171 190 215 
4400	7 208 243 
4401	113 
4402	242 
4403	159 
4404	32 
4405	270 
4406	222 
4407	99 
4408	208 
4409	269 
4410	70 108 176 
4411	216 
4412	210 
4413	108 
4414	124 
4415	153 
4416	262 
4417	102 
4418	121 
4419	50 
4420	74 
4421	271 
4422	79 
4423	167 
4424	206 
4425	134 209 280 
4426	6 
4427	8 
4428	33 
4429	224 
4430	215 
4431	159 
4432	136 
4433	207 
4434	261 
4435	143 
4436	260 
4437	66 
4438	38 104 153 
4439	110 
4440	224 
4441	285 
4442	126 
4443	218 
4444	207 
4445	251 
4446	7 
4447	205 
4448	108 
4449	5 
4450	45 
4451	117 
4452	139 
4453	155 
4454	119 167 212 
4455	108 
4456	230 
4457	63 
4458	215 
4459	44 
4460	203 
4461	195 233 242 
4462	143 
4463	29 
4464	190 
4465	206 
4466	255 
4467	3 
4468	278 
4469	201 
4470	147 
4471	65 
4472	31 
4473	215 
4474	91 
4475	34 
4476	109 
4477	179 
4478	232 
4479	131 
4480	216 
4481	53 111 273 
4482	22 
4483	268 
4484	229 
4485	15 
4486	282 
4487	75 222 268 
4488	53 
4489	182 
4490	14 
4491	214 
4492	111 
4493	190 
4494	240 
4495	99 
4496	148 
4497	12 
4498	63 173 239 
4499	225 
4500	120 
4501	183 
4502	139 
4503	218 
4504	133 
4505	56 
4506	98 
4507	188 
4508	46 
4509	46 103 150 
4510	162 
4511	278 
4512	84 
4513	270 
4514	87 
4515	97 151 207 
4516	182 
4517	271 
4518	41 
4519	61 
4520	35 135 267 
4521	231 
4522	20 
4523	228 
4524	97 
4525	112 
4526	249 
4527	203 
4528	63 
4529	14 124 172 
4530	204 
4531	12 
4532	111 
4533	167 188 253 
4534	222 
4535	246 
4536	24 
4537	280 
4538	125 
4539	235 
4540	196 
4541	92 
4542	30 
4543	50 
4544	122 
4545	173 
4546	207 
4547	115 
4548	41 
4549	248 
4550	247 
4551	47 
4552	267 
4553	29 
4554	103 
4555	141 
4556	111 
4557	233 
4558	174 
4559	2 17 159 
4560	178 
4561	182 
4562	221 
4563	78 
4564	46 
4565	127 
4566	220 246 247 
4567	220 
4568	23 
4569	267 
4570	155 
4571	235 
4572	100 
4573	13 
4574	119 
4575	45 
4576	74 
4577	77 
4578	57 
4579	235 
4580	207 
4581	259 
4582	193 
4583	104 
4584	160 
4585	123 162 257 
4586	269 
4587	77 
4588	17 
4589	169 
4590	80 
4591	93 
4592	42 
4593	22 24 165 
4594	15 
4595	44 197 280 
4596	154 
4597	38 
4598	280 
4599	240 
4600	19 
4601	212 
4602	149 
4603	180 
4604	162 
4605	98 
4606	243 
4607	234 
4608	120 
4609	127 132 268 
4610	86 
4611	102 
4612	152 
4613	109 
4614	247 
4615	26 
4616	126 
4617	107 
4618	165 
4619	116 
4620	27 
4621	247 
4622	231 
4623	283 
4624	61 
4625	33 
4626	205 
4627	86 141 172 
4628	42 
4629	242 
4630	52 
4631	4 
4632	134 
4633	1 
4634	36 
4635	100 
4636	133 
4637	89 
4638	92 
4639	120 
4640	246 
4641	188 
4642	127 
4643	96 
4644	231 
4645	30 120 254 
4646	233 
4647	42 119 235 
4648	45 
4649	8 
4650	265 
4651	162 
4652	33 
4653	229 
4654	143 
4655	76 115 165 
4656	264 
4657	106 
4658	281 
4659	33 
4660	112 
4661	207 
4662	229 
4663	7 
4664	102 
4665	56 
4666	184 
4667	67 
4668	80 
4669	273 
4670	229 
4671	118 
4672	175 
4673	26 
4674	10 
4675	161 
4676	280 
4677	64 
4678	203 
4679	33 
4680	243 
4681	252 
4682	32 
4683	190 
4684	29 
4685	89 
4686	64 
4687	224 
4688	148 
4689	73 
4690	141 
4691	45 
4692	225 
4693	243 
4694	42 
4695	66 
4696	52 
4697	131 
4698	100 
4699	196 
4700	171 
4701	128 
4702	237 
4703	148 
4704	183 
4705	30 228 269 
4706	69 129 182 
4707	225 
4708	278 
4709	155 
4710	20 68 154 
4711	207 
4712	102 
4713	231 267 279 
4714	143 
4715	243 
4716	260 
4717	161 
4718	63 
4719	140 222 248 
4720	243 
4721	120 
4722	143 
4723	258 
4724	67 
4725	70 
4726	11 
4727	109 
4728	196 
4729	22 
4730	160 
4731	278 
4732	135 
4733	89 
4734	257 
4735	68 
4736	126 
4737	43 89 113 
4738	70 
4739	119 
4740	131 
4741	93 
4742	12 
4743	278 
4744	276 
4745	138 
4746	72 
4747	123 131 262 
4748	146 
4749	224 
4750	231 
4751	19 92 113 
4752	39 173 269 
4753	231 
4754	52 
4755	20 65 109 
4756	111 
4757	221 
4758	231 
4759	37 
4760	232 
4761	103 
4762	248 
4763	209 
4764	68 
4765	96 
4766	206 
4767	188 
4768	149 
4769	183 
4770	68 
4771	124 
4772	1 
4773	202 
4774	189 
4775	63 214 239 
4776	93 120 139 
4777	31 
4778	250 
4779	110 
4780	114 
4781	3 
4782	131 172 207 
4783	242 
4784	76 
4785	85 
4786	225 
4787	37 
4788	28 
4789	29 
4790	162 169 206 
4791	180 
4792	123 
4793	22 
4794	51 
4795	101 
4796	208 
4797	14 
4798	254 
4799	271 
4800	14 
4801	116 
4802	83 
4803	90 
4804	49 
4805	271 
4806	276 
4807	88 
4808	11 
4809	75 
4810	258 
4811	178 
4812	116 
4813	78 
4814	257 
4815	278 
4816	82 186 260 
4817	109 162 257 
4818	187 
4819	109 
4820	12 
4821	189 
4822	19 
4823	66 
4824	22 
4825	160 
4826	264 
4827	3 
4828	187 
4829	141 
4830	129 
4831	269 
4832	204 
4833	160 
4834	123 
4835	196 
4836	9 
4837	30 
4838	194 
4839	283 
4840	276 
4841	233 
4842	191 
4843	109 
4844	268 
4845	8 
4846	72 
4847	108 
4848	172 
4849	288 
4850	87 
4851	215 
4852	249 
4853	14 98 251 
4854	222 
4855	41 
4856	12 
4857	131 
4858	28 
4859	66 
4860	224 
4861	33 
4862	191 
4863	30 
4864	111 
4865	56 
4866	180 
4867	12 
4868	96 
4869	122 
4870	30 
4871	133 162 271 
4872	49 51 105 
4873	142 
4874	45 111 128 
4875	108 
4876	235 
4877	215 
4878	98 113 222 
4879	99 
4880	229 
4881	264 
4882	225 
4883	108 
4884	113 160 180 
4885	26 
4886	126 
4887	262 
4888	274 
4889	264 
4890	220 
4891	3 80 135 
4892	138 
4893	220 
4894	70 
4895	120 
4896	123 
4897	43 95 183 
4898	86 
4899	56 
4900	123 
4901	108 
4902	285 
4903	14 
4904	23 53 276 
4905	101 
4906	44 102 280 
4907	242 
4908	160 
4909	32 
4910	104 
4911	39 
4912	16 
4913	122 
4914	98 
4915	120 124 145 
4916	110 
4917	168 
4918	28 
4919	69 
4920	118 127 227 
4921	115 
4922	29 
4923	201 
4924	139 236 265 
4925	235 
4926	234 
4927	115 
4928	255 
4929	87 
4930	43 75 155 
4931	56 159 233 
4932	214 
4933	176 
4934	148 
4935	148 
4936	25 
4937	88 
4938	152 
4939	234 
4940	68 191 229 
4941	192 
4942	32 
4943	32 
4944	132 
4945	3 
4946	31 
4947	165 
4948	64 111 116 
4949	271 
4950	88 
4951	77 
4952	12 185 205 
4953	105 
4954	25 108 282 
4955	231 
4956	91 
4957	2 
4958	176 
4959	127 
4960	207 214 279 
4961	230 
4962	193 
4963	75 90 276 
4964	46 167 224 
4965	284 
4966	18 
4967	269 
4968	82 
4969	282 
4970	69 
4971	131 
4972	26 
4973	41 
4974	96 
4975	82 
4976	284 
4977	85 
4978	92 
4979	87 
4980	1 
4981	268 
4982	20 
4983	209 
4984	103 
4985	159 
4986	193 
4987	229 
4988	66 130 281 
4989	206 
4990	108 193 249 
4991	222 
4992	176 
4993	203 
4994	45 
4995	168 
4996	245 
4997	271 
4998	190 
4999	191 193 271 
5000	108 
5001	135 193 204 
5002	95 
5003	97 
5004	20 
5005	184 
5006	88 
5007	216 
5008	110 118 176 
5009	182 
5010	28 
5011	165 
5012	106 
5013	110 
5014	44 
5015	271 
5016	233 
5017	189 
5018	55 
5019	19 
5020	47 
5021	92 
5022	52 
5023	279 
5024	87 
5025	265 
5026	127 
5027	289 
5028	265 
5029	264 
5030	5 
5031	46 260 268 
5032	66 172 214 
5033	193 
5034	76 
5035	264 
5036	149 
5037	62 120 237 
5038	168 192 265 
5039	127 
5040	234 
5041	204 220 229 
5042	284 
5043	90 
5044	41 75 251 
5045	155 
5046	41 
5047	88 
5048	102 
5049	273 
5050	60 
5051	39 
5052	113 
5053	56 
5054	254 
5055	233 
5056	75 
5057	153 
5058	209 
5059	119 
5060	69 
5061	80 
5062	109 
5063	214 
5064	92 
5065	232 
5066	115 
5067	118 
5068	133 
5069	129 
5070	61 102 222 
5071	229 
5072	178 264 279 
5073	274 
5074	172 
5075	12 
5076	63 
5077	195 
5078	8 
5079	139 
5080	100 112 196 
5081	100 
5082	96 
5083	34 170 222 
5084	243 
5085	77 
5086	259 
5087	83 
5088	277 
5089	107 
5090	50 
5091	14 
5092	244 
5093	205 
5094	93 
5095	87 
5096	222 
5097	222 
5098	3 
5099	142 
5100	107 
5101	109 
5102	18 126 206 
5103	92 
5104	130 
5105	100 
5106	17 98 194 
5107	184 
5108	173 
5109	247 
5110	232 
5111	184 
5112	138 
5113	248 
5114	196 
5115	68 
5116	69 103 104 
5117	249 
5118	184 
5119	289 
5120	93 
5121	100 
5122	283 
5123	232 
5124	45 
5125	42 
5126	229 
5127	137 
5128	247 
5129	194 
5130	267 
5131	80 
5132	212 
5133	68 
5134	20 
5135	4 70 149 
5136	25 
5137	189 
5138	17 
5139	43 
5140	46 122 189 
5141	1 
5142	148 
5143	212 
5144	247 
5145	98 
5146	96 
5147	242 
5148	41 
5149	204 
5150	270 
5151	276 
5152	39 
5153	12 
5154	111 
5155	154 
5156	39 
5157	225 
5158	192 
5159	231 
5160	127 
5161	136 
5162	206 
5163	2 
5164	75 
5165	175 
5166	89 100 262 
5167	70 
5168	39 73 243 
5169	187 
5170	203 
5171	112 
5172	143 
5173	106 
5174	237 
5175	39 
5176	28 32 278 
5177	66 
5178	135 
5179	224 
5180	167 
5181	135 
5182	3 
5183	8 
5184	251 
5185	245 
5186	109 151 178 
5187	168 
5188	176 188 230 
5189	95 
5190	38 
5191	39 222 269 
5192	98 
5193	42 
5194	73 161 285 
5195	38 
5196	112 
5197	221 
5198	12 
5199	19 42 162 
5200	45 100 115 
5201	109 
5202	45 
5203	197 
5204	139 
5205	202 
5206	18 
5207	59 130 134 
5208	285 
5209	251 
5210	234 
5211	123 
5212	70 
5213	99 
5214	155 
5215	70 
5216	247 
5217	141 
5218	143 
5219	33 
5220	176 
5221	61 
5222	166 
5223	119 
5224	25 
5225	54 
5226	66 
5227	89 
5228	5 43 214 
5229	184 
5230	39 
5231	196 
5232	41 68 264 
5233	149 
5234	120 158 204 
5235	17 
5236	251 
5237	53 
5238	248 
5239	38 
5240	175 
5241	97 226 259 
5242	176 
5243	206 
5244	160 
5245	182 
5246	5 113 150 
5247	119 
5248	232 
5249	183 
5250	25 30 129 
5251	224 
5252	135 
5253	285 
5254	33 
5255	66 110 140 
5256	76 
5257	59 
5258	187 
5259	68 
5260	214 
5261	73 
5262	254 
5263	68 
5264	35 232 266 
5265	69 
5266	51 
5267	270 
5268	79 86 138 
5269	133 
5270	2 102 135 
5271	108 
5272	19 106 247 
5273	135 
5274	215 
5275	230 
5276	196 
5277	32 70 99 
5278	110 
5279	108 
5280	117 
5281	110 
5282	98 
5283	160 
5284	128 
5285	110 191 256 
5286	80 
5287	235 
5288	187 
5289	234 
5290	189 
5291	149 
5292	131 
5293	273 
5294	229 
5295	96 
5296	189 
5297	103 
5298	149 
5299	132 
5300	56 
5301	240 
5302	246 
5303	104 
5304	56 
5305	233 
5306	205 
5307	69 117 122 
5308	183 
5309	232 
5310	136 
5311	21 23 271 
5312	188 
5313	103 
5314	178 
5315	68 
5316	182 
5317	66 83 111 
5318	29 
5319	109 193 214 
5320	229 
5321	180 
5322	230 
5323	93 
5324	101 
5325	95 
5326	159 
5327	131 179 202 
5328	249 
5329	120 132 144 
5330	119 
5331	101 
5332	109 
5333	99 
5334	93 
5335	189 
5336	123 
5337	45 
5338	25 83 91 
5339	203 
5340	242 
5341	248 
5342	41 
5343	210 
5344	52 
5345	280 
5346	123 
5347	59 
5348	24 141 280 
5349	1 256 271 
5350	119 
5351	257 
5352	209 
5353	63 
5354	42 99 226 
5355	20 175 183 
5356	259 
5357	271 
5358	142 
5359	35 
5360	207 
5361	91 
5362	41 
5363	109 
5364	14 97 115 
5365	277 
5366	22 
5367	137 
5368	182 
5369	210 
5370	66 
5371	102 
5372	99 
5373	215 
5374	131 
5375	230 
5376	38 183 252 
5377	23 
5378	278 
5379	176 
5380	69 
5381	133 
5382	122 
5383	229 
5384	270 
5385	8 
5386	159 
5387	106 
5388	93 122 237 
5389	247 
5390	102 113 203 
5391	278 
5392	107 
5393	190 
5394	40 
5395	82 
5396	267 
5397	235 
5398	72 
5399	41 
5400	20 
5401	87 115 160 
5402	143 
5403	257 
5404	228 
5405	103 
5406	17 
5407	139 
5408	209 
5409	109 
5410	46 
5411	31 
5412	24 
5413	109 
5414	231 
5415	86 127 219 
5416	282 
5417	254 
5418	127 149 168 
5419	285 
5420	97 
5421	206 
5422	132 
5423	192 
5424	3 
5425	76 
5426	104 
5427	118 163 269 
5428	26 194 247 
5429	30 
5430	167 
5431	188 
5432	192 
5433	154 215 282 
5434	73 
5435	53 
5436	137 
5437	42 50 210 
5438	136 
5439	209 
5440	101 
5441	127 
5442	80 166 218 
5443	184 
5444	191 
5445	117 
5446	280 
5447	176 
5448	32 
5449	176 
5450	86 
5451	124 
5452	86 
5453	189 
5454	143 
5455	19 23 149 
5456	66 132 224 
5457	206 
5458	20 
5459	183 
5460	127 
5461	38 
5462	61 
5463	265 
5464	159 
5465	92 
5466	260 
5467	203 
5468	167 
5469	176 
5470	237 
5471	124 
5472	123 
5473	39 
5474	268 
5475	138 
5476	242 
5477	228 
5478	220 
5479	124 
5480	126 217 235 
5481	30 
5482	193 
5483	24 
5484	143 193 265 
5485	260 
5486	233 
5487	120 
5488	173 
5489	224 
5490	229 
5491	120 
5492	168 
5493	168 209 248 
5494	207 
5495	270 
5496	68 
5497	206 
5498	176 
5499	196 
5500	17 88 233 
5501	122 
5502	136 
5503	25 
5504	42 
5505	80 
5506	5 
5507	277 
5508	88 
5509	91 
5510	267 
5511	212 
5512	268 
5513	87 
5514	139 
5515	180 
5516	67 101 234 
5517	88 
5518	118 
5519	68 
5520	276 
5521	35 
5522	242 
5523	242 
5524	120 
5525	24 224 246 
5526	39 
5527	115 
5528	196 
5529	207 
5530	53 
5531	63 
5532	178 
5533	41 
5534	162 
5535	131 172 215 
5536	222 
5537	39 
5538	260 
5539	214 
5540	61 
5541	207 
5542	82 223 268 
5543	131 
5544	143 
5545	124 
5546	56 
5547	222 
5548	215 
5549	43 138 142 
5550	180 
5551	128 
5552	45 
5553	207 
5554	42 220 237 
5555	137 185 215 
5556	251 
5557	190 
5558	271 
5559	108 
5560	270 
5561	103 
5562	178 
5563	70 
5564	32 
5565	32 
5566	141 
5567	56 
5568	162 
5569	182 
5570	108 
5571	8 
5572	243 
5573	207 
5574	225 
5575	40 
5576	235 
5577	193 
5578	80 
5579	86 
5580	126 
5581	3 
5582	91 
5583	220 
5584	111 
5585	154 
5586	132 
5587	41 
5588	12 
5589	142 
5590	87 
5591	196 
5592	106 
5593	88 
5594	180 
5595	132 
5596	39 
5597	189 
5598	269 
5599	25 
5600	273 
5601	111 130 196 
5602	30 
5603	138 
5604	100 
5605	159 
5606	19 
5607	142 
5608	224 
5609	111 
5610	22 
5611	225 
5612	173 
5613	180 
5614	44 
5615	183 
5616	184 
5617	280 
5618	159 
5619	215 
5620	187 214 233 
5621	180 
5622	87 
5623	168 
5624	277 
5625	114 131 157 
5626	189 
5627	247 
5628	85 128 237 
5629	19 
5630	265 
5631	231 
5632	270 
5633	270 
5634	183 
5635	173 
5636	25 
5637	138 200 215 
5638	160 
5639	72 83 112 
5640	117 
5641	106 
5642	210 
5643	102 
5644	278 
5645	111 
5646	182 
5647	53 
5648	43 
5649	270 
5650	91 
5651	184 
5652	233 
5653	22 
5654	11 49 197 
5655	269 
5656	8 
5657	128 
5658	159 
5659	183 
5660	35 180 183 
5661	59 
5662	264 
5663	128 
5664	120 
5665	128 
5666	30 
5667	14 123 242 
5668	128 
5669	229 
5670	3 194 221 
5671	122 
5672	39 
5673	51 153 229 
5674	142 
5675	104 178 205 
5676	189 
5677	231 
5678	190 
5679	103 
5680	19 
5681	41 
5682	123 
5683	93 
5684	189 
5685	278 
5686	270 
5687	259 
5688	24 
5689	25 
5690	73 
5691	273 
5692	61 
5693	159 
5694	22 265 267 
5695	176 
5696	22 
5697	22 
5698	87 
5699	56 136 238 
5700	92 
5701	142 
5702	93 
5703	126 
5704	33 45 227 
5705	22 
5706	224 
5707	138 
5708	276 
5709	268 
5710	86 
5711	143 
5712	24 
5713	118 
5714	141 
5715	39 
5716	32 
5717	4 69 210 
5718	123 
5719	276 
5720	268 
5721	46 165 169 
5722	242 
5723	87 
5724	19 
5725	56 
5726	56 
5727	176 
5728	102 
5729	76 143 242 
5730	56 127 288 
5731	247 
5732	154 
5733	44 
5734	183 
5735	88 
5736	220 
5737	282 
5738	39 196 207 
5739	220 
5740	168 
5741	102 
5742	19 
5743	5 40 108 
5744	46 
5745	138 
5746	280 
5747	228 266 279 
5748	96 133 196 
5749	122 
5750	1 2 8 
5751	109 
5752	51 112 238 
5753	189 
5754	88 
5755	210 
5756	267 
5757	19 
5758	46 
5759	20 
5760	280 
5761	36 122 233 
5762	139 
5763	142 
5764	192 204 220 
5765	192 
5766	282 
5767	97 
5768	178 
5769	41 
5770	111 
5771	80 197 215 
5772	184 
5773	19 
5774	77 93 230 
5775	154 
5776	122 
5777	150 236 237 
5778	127 
5779	111 
5780	56 
5781	247 
5782	271 
5783	259 
5784	220 
5785	115 
5786	32 
5787	248 
5788	69 
5789	160 
5790	159 
5791	276 
5792	178 
5793	183 
5794	119 
5795	73 
5796	184 
5797	242 
5798	87 169 215 
5799	46 163 260 
5800	224 
5801	80 
5802	19 56 130 
5803	233 
5804	14 
5805	40 63 86 
5806	115 
5807	41 
5808	111 
5809	280 
5810	173 
5811	119 
5812	278 
5813	66 
5814	41 
5815	39 
5816	149 
5817	154 
5818	12 
5819	224 
5820	39 
5821	46 119 235 
5822	168 
5823	69 
5824	168 
5825	41 
5826	123 
5827	100 
5828	52 215 255 
5829	176 
5830	162 
5831	235 
5832	30 
5833	207 
5834	109 
5835	222 
5836	242 
5837	196 
5838	176 
5839	66 
5840	268 
5841	131 
5842	196 
5843	173 
5844	73 
5845	149 
5846	5 134 220 
5847	20 
5848	56 
5849	189 
5850	19 
5851	138 
5852	88 
5853	149 
5854	268 
5855	184 
5856	235 
5857	122 227 229 
5858	233 
5859	280 
5860	73 147 197 
5861	63 76 176 
5862	143 
5863	80 
5864	99 110 244 
5865	109 
5866	93 
5867	69 
5868	188 
5869	80 
5870	178 
5871	189 
5872	13 69 192 
5873	264 282 287 
5874	20 
5875	109 
5876	39 
5877	127 
5878	82 123 201 
5879	73 
5880	16 31 34 
5881	168 
5882	207 
5883	120 
5884	229 
5885	44 118 131 
5886	25 237 260 
5887	176 
5888	20 
5889	100 
5890	115 
5891	122 
5892	242 
5893	111 
5894	192 
5895	97 
5896	132 188 214 
5897	59 78 177 
5898	11 221 228 
5899	183 
5900	25 32 179 
5901	214 
5902	151 223 280 
5903	108 
5904	119 
5905	149 
5906	75 
5907	46 
5908	184 
5909	25 
5910	19 
5911	127 
5912	229 
5913	115 
5914	188 
5915	25 
5916	176 
5917	242 
5918	19 
5919	69 152 243 
5920	46 
5921	231 
5922	215 
5923	42 94 190 
5924	192 
5925	8 137 269 
5926	87 
5927	115 
5928	188 
5929	271 
5930	22 
5931	235 
5932	123 
5933	224 
5934	162 
5935	53 103 143 
5936	127 
5937	22 
5938	35 205 269 
5939	231 
5940	215 
5941	207 
5942	97 126 194 
5943	148 190 194 
5944	242 
5945	42 56 275 
5946	242 
5947	196 
5948	196 
5949	214 
5950	82 247 248 
5951	162 
5952	242 
5953	19 
5954	30 
5955	122 
5956	233 
5957	50 127 196 
5958	231 
5959	115 
5960	229 
5961	47 154 223 
5962	54 120 154 
5963	41 80 270 
5964	178 
5965	231 
5966	24 31 91 
5967	242 
5968	67 180 233 
5969	19 
5970	178 
5971	97 
5972	46 97 153 
5973	19 
5974	8 
5975	119 
5976	192 
5977	109 
5978	119 
5979	229 
5980	109 
5981	42 113 281 
5982	214 
5983	207 
5984	8 
5985	122 
5986	99 123 271 
5987	52 111 233 
5988	141 142 189 
5989	23 30 248 
5990	150 177 187 
5991	8 
5992	23 122 210 
5993	189 
5994	97 
5995	215 
5996	30 
5997	97 
5998	114 186 228 
5999	231 
6000	123 
