1	5 
2	190 
3	45 
4	3 46 74 94 230 285 
5	149 
6	9 
7	125 
8	271 
9	252 
10	16 
11	297 
12	222 
13	240 
14	282 
15	19 111 129 131 176 217 
16	185 
17	38 
18	14 
19	272 
20	154 
21	231 
22	15 34 51 71 86 192 
23	106 107 154 238 246 295 
24	277 
25	270 
26	94 
27	60 
28	205 
29	31 
30	78 
31	41 
32	287 
33	19 
34	102 
35	126 
36	34 53 55 58 102 162 
37	225 
38	265 
39	116 
40	168 
41	36 
42	187 
43	204 
44	162 
45	80 
46	11 32 47 71 177 227 
47	85 
48	43 
49	278 
50	279 
51	92 
52	243 
53	293 
54	269 
55	37 71 118 125 192 238 
56	179 
57	50 
58	129 
59	50 
60	277 
61	245 
62	163 
63	104 
64	6 
65	200 
66	217 
67	294 
68	310 
69	282 
70	49 
71	309 
72	117 
73	146 
74	102 
75	263 
76	23 
77	41 
78	125 
79	69 
80	136 
81	70 
82	128 
83	295 
84	26 31 72 152 206 217 
85	21 99 121 141 142 198 
86	112 
87	119 
88	221 
89	78 
90	281 
91	21 32 57 112 126 151 
92	168 
93	277 
94	69 
95	273 
96	226 
97	38 
98	125 
99	270 
100	25 60 250 259 263 272 
101	250 
102	84 
103	83 90 129 216 219 284 
104	266 
105	120 
106	213 
107	257 
108	204 
109	15 
110	96 
111	83 
112	206 
113	7 41 49 80 180 266 
114	258 
115	95 
116	166 
117	10 
118	152 
119	159 
120	243 
121	248 
122	229 
123	60 
124	59 
125	249 
126	204 
127	90 
128	129 
129	1 
130	158 
131	229 
132	141 
133	170 
134	142 
135	110 
136	263 
137	207 
138	201 
139	210 
140	29 
141	6 
142	164 
143	85 
144	21 71 89 142 185 221 
145	269 
146	36 
147	211 
148	77 
149	140 
150	186 
151	270 
152	160 
153	139 
154	248 
155	75 
156	290 
157	36 
158	114 
159	74 
160	24 
161	240 
162	306 
163	58 
164	235 
165	126 
166	129 
167	303 
168	68 
169	189 
170	69 
171	264 
172	127 
173	253 
174	123 
175	248 
176	25 
177	34 
178	92 
179	224 
180	270 
181	161 
182	69 
183	115 
184	201 
185	54 
186	41 
187	38 
188	11 
189	241 
190	18 87 110 137 190 282 
191	123 
192	159 
193	310 
194	158 
195	2 
196	59 
197	287 
198	61 
199	129 
200	287 
201	2 11 84 132 200 204 
202	124 
203	94 
204	166 
205	46 
206	190 
207	246 
208	58 
209	53 
210	272 
211	254 
212	21 57 139 175 217 269 
213	236 
214	15 
215	105 198 229 262 277 296 
216	295 
217	55 
218	254 
219	12 
220	116 
221	174 
222	107 
223	88 
224	68 110 115 164 166 197 
225	7 
226	127 
227	139 
228	261 
229	13 
230	140 
231	292 
232	65 
233	282 
234	126 
235	171 
236	107 174 182 221 258 281 
237	212 
238	11 42 62 124 207 226 
239	192 
240	298 
241	285 
242	129 
243	160 
244	132 
245	9 
246	45 
247	237 
248	203 
249	60 
250	117 
251	201 
252	109 
253	155 
254	291 
255	188 
256	16 
257	74 
258	80 
259	220 
260	115 
261	83 88 102 123 136 166 
262	80 156 193 217 225 275 
263	77 
264	282 
265	66 
266	59 95 104 157 175 186 
267	167 
268	102 
269	208 
270	227 
271	201 
272	33 
273	180 
274	164 
275	29 
276	164 
277	193 
278	83 98 107 137 206 281 
279	57 
280	92 97 129 142 236 279 
281	247 
282	185 
283	83 
284	285 
285	199 
286	282 
287	122 
288	119 
289	118 
290	132 
291	137 
292	45 
293	298 
294	250 
295	158 
296	213 
297	25 76 81 211 217 264 
298	30 
299	301 
300	73 
301	275 
302	55 
303	34 
304	287 
305	234 
306	122 
307	244 
308	273 
309	241 
310	172 
311	255 
312	240 
313	203 
314	296 
315	103 
316	32 
317	224 
318	270 
319	162 
320	75 
321	153 
322	269 
323	11 16 31 66 177 237 
324	218 
325	306 
326	261 
327	296 
328	15 
329	297 
330	247 
331	204 
332	270 
333	107 
334	138 
335	53 
336	8 
337	238 
338	181 
339	17 
340	205 
341	158 
342	56 
343	133 
344	38 166 231 263 269 301 
345	278 
346	242 
347	138 
348	51 
349	34 
350	283 
351	159 
352	293 
353	129 
354	238 
355	253 
356	246 
357	134 
358	235 
359	46 
360	310 
361	97 
362	175 
363	230 
364	138 
365	197 
366	267 
367	306 
368	145 
369	199 
370	229 
371	237 
372	41 
373	226 
374	177 
375	6 
376	201 
377	68 
378	58 
379	87 
380	219 
381	103 
382	177 
383	175 
384	86 
385	35 63 67 235 271 286 
386	278 
387	3 
388	139 
389	238 
390	45 
391	268 
392	181 
393	258 
394	120 
395	253 
396	147 
397	18 
398	228 
399	11 
400	145 
401	73 
402	151 
403	140 
404	64 
405	112 
406	56 
407	52 
408	206 
409	45 
410	97 
411	103 
412	100 
413	162 
414	288 
415	37 
416	286 
417	310 
418	101 137 145 149 206 305 
419	196 
420	46 
421	224 
422	55 
423	301 
424	170 
425	61 
426	19 
427	257 
428	110 
429	13 41 96 209 253 285 
430	116 
431	43 
432	259 
433	60 
434	107 
435	269 
436	244 
437	51 
438	60 
439	118 
440	205 
441	241 
442	309 
443	87 
444	212 
445	75 76 134 144 272 279 
446	57 
447	176 
448	98 
449	43 82 158 207 241 305 
450	129 
451	44 84 109 131 225 277 
452	63 
453	103 
454	127 
455	100 
456	46 
457	101 
458	83 
459	76 
460	291 
461	62 
462	10 57 140 142 150 157 
463	209 
464	56 
465	50 
466	288 
467	30 
468	80 
469	22 
470	51 
471	266 
472	241 
473	16 
474	122 
475	79 
476	30 
477	294 
478	84 
479	56 
480	141 
481	53 
482	223 
483	297 
484	244 
485	170 198 203 219 221 304 
486	34 
487	213 
488	112 
489	49 
490	158 
491	105 
492	308 
493	62 
494	129 
495	263 
496	212 
497	274 
498	53 139 240 255 258 274 
499	254 
500	19 46 73 121 183 207 
501	146 
502	160 
503	6 126 140 180 214 308 
504	260 
505	192 
506	288 
507	286 
508	57 
509	91 
510	16 
511	64 
512	291 
513	161 
514	45 
515	35 
516	184 
517	163 
518	68 
519	149 
520	239 
521	121 
522	248 
523	170 
524	128 
525	240 
526	38 
527	154 
528	4 
529	78 
530	69 184 190 254 274 295 
531	52 
532	17 
533	164 
534	190 
535	111 
536	221 
537	17 
538	156 
539	193 
540	133 
541	34 109 164 191 248 272 
542	225 
543	131 
544	184 
545	12 
546	282 
547	14 69 180 186 225 271 
548	32 
549	14 
550	171 
551	251 
552	9 64 127 132 198 277 
553	32 
554	17 
555	243 
556	125 
557	56 
558	296 
559	300 
560	50 
561	198 
562	40 
563	154 
564	15 
565	113 
566	240 
567	137 
568	248 
569	101 
570	11 27 142 201 228 269 
571	12 
572	199 
573	259 
574	78 
575	296 
576	38 
577	180 
578	120 
579	311 
580	39 
581	111 
582	100 
583	158 
584	14 
585	290 
586	63 
587	2 
588	94 
589	79 
590	302 
591	171 
592	295 
593	205 
594	244 
595	258 
596	174 
597	111 
598	281 
599	125 
600	213 
601	91 
602	295 
603	307 
604	235 
605	147 
606	28 
607	223 
608	85 
609	46 56 71 218 286 310 
610	31 
611	18 
612	71 85 154 201 229 239 
613	46 
614	294 
615	13 27 149 158 193 247 
616	246 
617	232 
618	186 
619	262 
620	214 
621	234 
622	189 
623	78 
624	35 
625	220 
626	202 
627	162 
628	159 
629	15 
630	15 
631	115 
632	283 
633	207 
634	21 
635	32 34 37 271 277 299 
636	144 
637	171 
638	102 131 190 207 270 275 
639	35 
640	245 
641	38 
642	303 
643	34 85 86 180 203 281 
644	251 
645	302 
646	86 
647	210 
648	102 115 134 142 277 295 
649	144 
650	232 
651	311 
652	268 
653	270 
654	19 
655	235 
656	19 50 63 150 175 274 
657	8 
658	198 
659	47 
660	66 
661	261 
662	58 
663	258 
664	279 
665	76 
666	14 32 64 69 139 255 
667	25 
668	72 85 146 162 190 261 
669	30 38 158 201 207 239 
670	145 
671	214 
672	15 
673	259 
674	92 
675	269 
676	258 
677	282 
678	272 
679	159 
680	123 
681	91 
682	219 
683	114 
684	248 
685	129 
686	66 117 121 224 234 237 
687	90 
688	120 
689	258 
690	16 
691	181 
692	242 
693	91 
694	155 
695	279 
696	249 
697	225 
698	17 
699	181 
700	294 
701	186 
702	205 
703	17 
704	181 
705	45 
706	185 
707	31 
708	253 
709	58 
710	167 
711	105 
712	81 
713	208 
714	180 
715	106 
716	285 
717	41 72 80 269 277 306 
718	25 
719	290 
720	129 
721	295 
722	19 
723	48 
724	175 
725	95 
726	45 
727	235 
728	154 
729	213 
730	101 
731	22 
732	60 
733	199 
734	43 
735	52 
736	115 
737	278 
738	304 
739	258 
740	100 107 200 206 259 277 
741	276 
742	135 
743	3 
744	238 
745	202 
746	41 
747	207 
748	310 
749	23 33 121 186 235 288 
750	147 
751	16 100 115 118 155 205 
752	110 
753	89 
754	201 
755	46 
756	44 
757	272 
758	60 
759	155 
760	217 
761	38 
762	67 
763	221 
764	160 
765	79 
766	67 69 139 158 186 288 
767	129 
768	95 
769	197 
770	260 
771	56 
772	142 
773	218 
774	124 
775	88 
776	2 64 87 139 261 278 
777	58 
778	286 
779	206 
780	116 
781	93 167 245 282 289 294 
782	231 
783	300 
784	197 
785	231 
786	177 
787	275 
788	122 212 245 248 269 293 
789	104 
790	227 
791	301 
792	308 
793	166 
794	19 55 77 85 173 239 
795	307 
796	36 
797	31 
798	250 
799	265 
800	80 
801	64 
802	254 
803	46 48 121 160 182 310 
804	146 
805	82 
806	243 
807	188 
808	172 
809	179 
810	56 
811	210 
812	39 
813	41 
814	47 
815	38 
816	178 
817	1 
818	211 
819	198 
820	182 
821	75 140 155 160 207 235 
822	206 
823	148 
824	222 
825	44 56 79 142 224 246 
826	99 
827	102 
828	107 
829	203 
830	263 
831	80 
832	155 
833	112 
834	295 
835	285 
836	190 
837	33 
838	112 
839	272 
840	58 
841	85 
842	199 
843	1 101 148 169 276 282 
844	204 
845	301 
846	209 
847	232 
848	241 
849	150 
850	37 
851	239 
852	217 
853	295 
854	127 
855	100 
856	177 
857	138 
858	109 
859	164 
860	253 
861	281 
862	131 
863	245 
864	39 
865	297 
866	253 
867	139 
868	137 
869	55 
870	243 
871	110 
872	19 
873	96 
874	137 
875	254 
876	311 
877	33 103 118 167 171 206 
878	19 
879	80 
880	183 
881	23 31 48 63 120 209 
882	78 
883	295 
884	208 
885	42 61 139 154 201 257 
886	45 
887	5 
888	36 
889	133 
890	21 113 129 175 219 223 
891	281 
892	66 126 154 170 211 272 
893	239 
894	98 
895	77 
896	121 
897	178 
898	288 
899	117 
900	231 
901	229 
902	140 
903	33 
904	10 102 105 138 202 238 
905	132 212 255 271 277 282 
906	37 
907	137 
908	31 32 105 158 166 279 
909	224 
910	204 
911	35 
912	226 
913	19 
914	26 
915	192 
916	206 
917	5 
918	180 
919	144 
920	160 
921	160 
922	14 43 56 110 140 201 
923	66 
924	85 
925	280 
926	54 
927	139 
928	15 
929	74 
930	25 
931	154 
932	296 
933	163 
934	56 
935	150 
936	190 
937	68 
938	18 
939	184 
940	121 
941	23 
942	68 
943	192 
944	173 
945	175 
946	10 37 104 177 190 259 
947	243 
948	54 
949	249 
950	215 
951	235 
952	277 
953	166 
954	136 
955	281 
956	210 
957	20 
958	13 
959	87 
960	75 
961	271 
962	136 
963	163 
964	255 
965	133 
966	33 76 84 117 185 277 
967	141 
968	309 
969	8 
970	126 
971	260 
972	274 
973	105 
974	294 
975	276 
976	223 
977	239 
978	259 
979	58 85 157 271 279 281 
980	107 
981	140 
982	274 
983	65 
984	279 
985	2 
986	82 
987	118 
988	84 
989	31 96 150 232 241 290 
990	89 
991	270 
992	257 
993	84 
994	283 
995	167 
996	154 
997	207 
998	147 
999	195 
1000	289 
1001	28 
1002	111 
1003	11 
1004	69 
1005	118 
1006	216 
1007	46 
1008	61 
1009	181 
1010	256 
1011	269 
1012	279 
1013	215 
1014	38 60 217 222 228 230 
1015	112 
1016	28 
1017	103 
1018	14 
1019	21 118 171 199 239 258 
1020	131 
1021	204 
1022	309 
1023	125 
1024	152 
1025	153 
1026	58 
1027	118 
1028	281 
1029	165 
1030	145 
1031	142 
1032	38 175 201 219 253 262 
1033	81 
1034	295 
1035	23 
1036	234 
1037	212 
1038	129 
1039	112 
1040	105 
1041	103 
1042	242 
1043	234 
1044	234 
1045	145 
1046	248 
1047	4 
1048	266 
1049	128 
1050	10 
1051	278 
1052	274 
1053	157 
1054	195 
1055	81 110 136 211 270 291 
1056	11 
1057	118 
1058	190 
1059	212 
1060	188 
1061	50 66 109 115 178 220 
1062	145 
1063	129 
1064	12 
1065	275 
1066	284 
1067	71 
1068	55 
1069	3 
1070	5 
1071	164 
1072	174 
1073	209 
1074	6 
1075	3 
1076	210 
1077	305 
1078	129 
1079	93 
1080	73 
1081	162 
1082	123 152 154 287 288 298 
1083	230 
1084	31 
1085	107 
1086	270 
1087	217 
1088	161 
1089	151 
1090	79 
1091	7 
1092	22 
1093	303 
1094	51 
1095	53 
1096	39 172 173 180 192 214 
1097	147 
1098	26 
1099	86 
1100	49 71 129 146 219 279 
1101	85 
1102	169 
1103	206 
1104	206 
1105	72 
1106	78 
1107	137 
1108	40 
1109	91 
1110	82 
1111	264 
1112	153 
1113	147 
1114	303 
1115	52 
1116	112 
1117	245 
1118	34 
1119	258 
1120	198 
1121	239 
1122	166 
1123	261 
1124	92 
1125	40 
1126	85 
1127	259 
1128	100 
1129	172 
1130	104 
1131	36 
1132	6 
1133	152 
1134	115 
1135	62 63 69 108 136 181 
1136	225 
1137	51 
1138	2 
1139	10 
1140	275 
1141	283 
1142	44 
1143	53 73 186 269 279 295 
1144	83 
1145	60 
1146	301 
1147	181 
1148	156 
1149	64 82 120 184 206 277 
1150	277 
1151	281 
1152	270 
1153	217 
1154	17 
1155	234 
1156	141 
1157	182 
1158	62 
1159	3 48 144 220 244 296 
1160	203 
1161	11 
1162	310 
1163	171 
1164	148 
1165	55 
1166	136 
1167	57 
1168	235 
1169	257 
1170	30 
1171	96 
1172	174 
1173	239 
1174	185 
1175	237 
1176	131 
1177	227 
1178	257 
1179	99 
1180	13 
1181	127 
1182	98 
1183	167 
1184	175 
1185	256 
1186	224 
1187	63 136 185 186 292 295 
1188	104 
1189	115 
1190	71 
1191	76 159 177 205 225 277 
1192	211 
1193	231 
1194	209 
1195	60 156 161 202 238 285 
1196	76 
1197	13 43 46 106 167 221 
1198	9 45 80 139 217 258 
1199	102 
1200	21 
1201	71 
1202	96 
1203	274 
1204	66 
1205	271 
1206	252 
1207	235 
1208	281 
1209	122 
1210	78 
1211	109 
1212	182 
1213	38 
1214	164 
1215	58 
1216	178 
1217	297 
1218	166 
1219	17 
1220	309 
1221	50 110 169 173 200 212 
1222	273 
1223	185 
1224	50 
1225	12 
1226	160 
1227	7 14 126 150 218 281 
1228	2 
1229	142 
1230	292 
1231	215 
1232	282 
1233	145 
1234	137 
1235	270 
1236	4 
1237	185 
1238	239 
1239	71 
1240	288 
1241	36 
1242	87 
1243	47 69 71 151 285 292 
1244	9 
1245	120 
1246	253 
1247	47 
1248	27 30 82 177 226 284 
1249	2 68 80 137 246 253 
1250	180 
1251	89 
1252	43 
1253	125 
1254	232 
1255	180 
1256	80 
1257	185 
1258	245 
1259	99 
1260	116 
1261	56 146 184 196 243 271 
1262	167 
1263	79 
1264	22 
1265	212 
1266	62 
1267	290 
1268	73 
1269	295 
1270	189 
1271	283 
1272	6 45 67 166 274 297 
1273	201 
1274	70 
1275	110 
1276	216 
1277	21 
1278	270 
1279	49 
1280	229 
1281	194 
1282	38 
1283	95 
1284	84 
1285	35 53 71 187 228 239 
1286	88 
1287	187 
1288	146 
1289	183 
1290	180 
1291	139 
1292	71 
1293	40 
1294	237 
1295	183 
1296	56 
1297	235 
1298	276 
1299	231 
1300	260 
1301	187 
1302	299 
1303	220 
1304	225 
1305	55 97 158 215 272 278 
1306	134 
1307	14 42 154 194 210 221 
1308	234 
1309	158 
1310	160 
1311	69 
1312	88 
1313	195 
1314	283 
1315	304 
1316	251 
1317	219 
1318	109 
1319	207 
1320	236 
1321	149 
1322	238 
1323	203 
1324	277 
1325	49 
1326	39 44 202 263 286 289 
1327	191 
1328	7 
1329	274 
1330	190 
1331	167 
1332	153 
1333	2 148 167 171 291 302 
1334	235 
1335	179 
1336	164 
1337	137 
1338	102 
1339	168 
1340	221 
1341	17 
1342	15 
1343	28 
1344	284 
1345	189 
1346	157 
1347	184 
1348	161 
1349	170 
1350	207 
1351	195 
1352	83 
1353	274 
1354	235 
1355	102 
1356	228 
1357	207 
1358	87 
1359	163 
1360	5 60 71 112 116 139 
1361	61 
1362	207 
1363	175 
1364	281 
1365	108 
1366	50 
1367	167 
1368	248 
1369	173 
1370	123 
1371	131 
1372	310 
1373	262 
1374	45 106 126 202 209 227 
1375	53 
1376	82 
1377	38 127 137 211 223 262 
1378	192 
1379	135 
1380	279 
1381	140 
1382	134 
1383	126 
1384	46 
1385	21 
1386	119 
1387	263 
1388	89 
1389	311 
1390	227 
1391	149 
1392	99 
1393	20 
1394	274 
1395	193 
1396	34 
1397	279 
1398	225 
1399	229 
1400	18 
1401	143 
1402	206 
1403	212 
1404	265 
1405	243 
1406	299 
1407	158 
1408	1 
1409	227 
1410	172 
1411	82 
1412	151 
1413	90 
1414	270 
1415	174 
1416	140 
1417	232 
1418	39 
1419	267 
1420	223 
1421	192 
1422	8 98 114 163 193 251 
1423	198 
1424	103 
1425	251 
1426	111 
1427	267 
1428	115 
1429	34 43 84 193 217 263 
1430	79 
1431	239 
1432	280 
1433	273 
1434	209 
1435	206 
1436	125 203 214 221 229 292 
1437	108 
1438	89 
1439	271 
1440	136 
1441	61 
1442	154 
1443	141 
1444	241 
1445	181 
1446	34 140 147 185 219 298 
1447	72 
1448	43 
1449	232 
1450	47 
1451	222 
1452	164 
1453	57 
1454	236 
1455	198 
1456	233 
1457	240 
1458	82 
1459	202 
1460	55 
1461	198 
1462	193 
1463	31 
1464	63 
1465	110 
1466	260 
1467	40 
1468	31 
1469	248 
1470	118 
1471	177 
1472	220 
1473	65 
1474	54 
1475	166 
1476	137 
1477	263 
1478	138 
1479	226 
1480	45 
1481	78 
1482	269 
1483	108 
1484	195 
1485	56 102 116 159 162 224 
1486	167 
1487	146 
1488	43 
1489	177 
1490	280 
1491	96 
1492	9 67 130 166 187 205 
1493	302 
1494	187 
1495	234 
1496	80 
1497	123 125 169 227 255 279 
1498	70 
1499	75 
1500	45 
1501	34 
1502	282 
1503	82 
1504	205 
1505	45 
1506	17 
1507	83 
1508	189 
1509	71 
1510	274 
1511	154 
1512	272 
1513	136 
1514	296 
1515	22 
1516	14 103 142 148 198 258 
1517	303 
1518	146 
1519	123 
1520	212 
1521	50 
1522	137 
1523	307 
1524	63 
1525	139 
1526	296 
1527	263 
1528	286 
1529	277 
1530	39 
1531	58 
1532	90 
1533	103 
1534	309 
1535	104 
1536	177 
1537	237 
1538	226 
1539	214 
1540	167 
1541	229 
1542	133 
1543	123 
1544	139 
1545	93 
1546	278 
1547	84 
1548	207 
1549	45 
1550	309 
1551	107 
1552	143 
1553	13 
1554	175 
1555	44 
1556	40 
1557	197 
1558	115 
1559	237 
1560	13 
1561	71 
1562	299 
1563	140 208 235 258 270 281 
1564	1 
1565	5 
1566	300 
1567	55 
1568	118 
1569	55 
1570	52 
1571	64 
1572	271 
1573	133 
1574	1 
1575	115 
1576	297 
1577	232 
1578	305 
1579	162 
1580	97 
1581	190 
1582	29 
1583	298 
1584	38 72 170 207 280 281 
1585	160 
1586	179 
1587	30 
1588	110 
1589	155 
1590	8 21 43 152 159 256 
1591	182 
1592	172 
1593	276 
1594	216 
1595	26 
1596	125 
1597	283 
1598	121 130 167 193 237 238 
1599	77 
1600	291 
1601	76 
1602	74 
1603	24 
1604	30 
1605	129 
1606	31 
1607	294 
1608	115 
1609	79 
1610	262 
1611	193 
1612	120 
1613	110 
1614	205 
1615	186 
1616	279 
1617	17 
1618	45 
1619	61 
1620	164 
1621	227 
1622	57 81 115 167 221 290 
1623	53 
1624	50 85 155 206 221 245 
1625	181 
1626	214 
1627	53 
1628	30 
1629	101 
1630	186 
1631	172 
1632	292 
1633	189 
1634	30 
1635	82 
1636	72 
1637	1 10 114 134 166 278 
1638	173 
1639	151 
1640	97 
1641	181 
1642	103 
1643	15 23 131 156 192 229 
1644	28 51 148 159 167 257 
1645	172 
1646	105 
1647	191 
1648	251 
1649	239 
1650	4 
1651	131 
1652	270 
1653	238 
1654	59 67 95 154 211 309 
1655	237 
1656	59 
1657	149 
1658	34 
1659	34 
1660	193 
1661	21 
1662	297 
1663	137 
1664	56 
1665	106 
1666	223 
1667	13 
1668	125 
1669	20 
1670	45 
1671	278 
1672	184 
1673	281 
1674	141 
1675	3 
1676	142 
1677	14 
1678	173 
1679	83 166 167 232 285 310 
1680	281 
1681	89 
1682	279 
1683	139 
1684	28 56 138 146 177 298 
1685	192 
1686	214 
1687	30 32 64 142 201 242 
1688	20 41 203 217 264 275 
1689	20 
1690	239 
1691	214 
1692	2 15 68 73 102 201 
1693	214 
1694	154 
1695	17 57 185 192 212 232 
1696	113 
1697	91 
1698	21 
1699	304 
1700	245 
1701	161 
1702	155 
1703	126 
1704	123 
1705	99 
1706	131 173 185 236 237 238 
1707	100 167 215 240 277 296 
1708	2 
1709	240 
1710	267 
1711	231 
1712	118 
1713	46 
1714	56 
1715	307 
1716	237 
1717	122 
1718	126 
1719	124 
1720	30 
1721	210 
1722	184 
1723	58 
1724	159 
1725	211 
1726	69 
1727	21 
1728	14 
1729	72 
1730	21 
1731	302 
1732	145 
1733	212 
1734	121 
1735	126 
1736	248 
1737	3 18 59 69 220 259 
1738	84 
1739	274 
1740	77 
1741	124 
1742	72 
1743	54 
1744	166 
1745	90 
1746	282 
1747	23 
1748	304 
1749	142 
1750	33 
1751	207 
1752	66 103 122 269 291 296 
1753	80 
1754	277 
1755	112 
1756	7 
1757	242 
1758	130 
1759	190 
1760	236 
1761	243 
1762	277 
1763	9 
1764	258 
1765	89 
1766	156 
1767	39 
1768	134 
1769	261 
1770	240 
1771	249 
1772	69 
1773	309 
1774	281 
1775	233 
1776	150 
1777	121 
1778	258 
1779	161 
1780	47 
1781	66 69 121 142 163 248 
1782	272 
1783	84 
1784	167 
1785	132 
1786	256 
1787	137 
1788	281 
1789	57 
1790	213 
1791	45 
1792	121 
1793	269 
1794	261 
1795	90 
1796	37 
1797	265 
1798	18 
1799	42 
1800	226 
1801	190 
1802	224 
1803	22 
1804	195 
1805	246 
1806	83 
1807	248 
1808	227 
1809	285 
1810	195 
1811	246 
1812	13 
1813	222 
1814	295 
1815	126 
1816	101 
1817	198 
1818	164 
1819	192 
1820	171 
1821	17 45 60 75 93 138 
1822	176 
1823	194 
1824	16 
1825	200 
1826	128 
1827	131 
1828	61 
1829	161 
1830	69 
1831	138 
1832	146 
1833	19 
1834	30 38 48 49 112 238 
1835	124 158 161 186 225 250 
1836	223 
1837	122 
1838	291 
1839	182 
1840	291 
1841	285 
1842	26 
1843	19 
1844	271 
1845	195 
1846	56 
1847	105 
1848	51 
1849	215 
1850	187 
1851	60 72 175 186 237 239 
1852	240 
1853	75 
1854	86 
1855	84 
1856	239 
1857	75 
1858	126 
1859	45 
1860	41 66 139 181 186 270 
1861	90 
1862	180 
1863	53 
1864	230 
1865	200 
1866	281 
1867	57 85 200 234 243 259 
1868	174 
1869	239 
1870	135 
1871	152 
1872	64 
1873	260 
1874	182 
1875	113 
1876	281 
1877	13 
1878	92 
1879	77 
1880	85 
1881	197 
1882	292 
1883	37 
1884	236 
1885	79 
1886	245 
1887	144 
1888	305 
1889	131 
1890	227 
1891	234 
1892	223 
1893	207 
1894	50 
1895	29 
1896	70 
1897	17 
1898	189 
1899	176 
1900	227 
1901	214 
1902	261 
1903	30 
1904	229 
1905	281 
1906	190 
1907	31 59 102 155 164 284 
1908	42 
1909	300 
1910	251 
1911	88 126 142 158 189 236 
1912	54 
1913	280 
1914	21 22 45 107 110 131 
1915	124 
1916	229 
1917	230 
1918	139 
1919	105 
1920	31 110 162 175 177 244 
1921	240 
1922	296 
1923	49 52 104 147 155 163 
1924	86 
1925	52 
1926	47 84 112 139 198 235 
1927	30 
1928	255 
1929	276 
1930	168 
1931	17 
1932	6 
1933	300 
1934	59 
1935	305 
1936	24 
1937	292 
1938	60 
1939	94 
1940	131 
1941	57 
1942	74 
1943	243 
1944	205 
1945	28 
1946	287 
1947	177 
1948	261 
1949	118 
1950	154 
1951	234 
1952	55 
1953	162 188 229 263 279 294 
1954	204 
1955	238 
1956	69 
1957	247 
1958	40 47 72 95 131 254 
1959	220 
1960	55 
1961	290 
1962	158 
1963	16 
1964	84 118 130 143 184 210 
1965	180 
1966	198 
1967	178 
1968	203 
1969	201 
1970	310 
1971	88 
1972	245 
1973	126 
1974	50 
1975	228 
1976	129 
1977	258 
1978	41 
1979	169 
1980	268 
1981	206 
1982	217 
1983	122 
1984	307 
1985	269 
1986	265 
1987	206 
1988	19 
1989	201 
1990	111 
1991	250 
1992	104 
1993	7 
1994	183 
1995	110 
1996	125 
1997	38 
1998	185 
1999	282 
2000	89 
2001	56 
2002	174 
2003	267 
2004	15 
2005	154 
2006	225 
2007	297 
2008	38 
2009	147 
2010	187 
2011	115 
2012	161 
2013	34 
2014	81 
2015	30 
2016	30 31 120 172 206 212 
2017	179 
2018	121 
2019	170 
2020	15 37 88 92 213 237 
2021	11 
2022	298 
2023	219 
2024	181 
2025	90 
2026	160 
2027	56 
2028	23 
2029	242 
2030	41 130 177 181 240 303 
2031	160 
2032	74 
2033	89 
2034	269 
2035	255 
2036	134 
2037	28 
2038	124 
2039	44 65 76 129 267 298 
2040	185 
2041	131 
2042	122 
2043	64 110 115 139 166 181 
2044	19 
2045	170 
2046	265 
2047	204 
2048	167 
2049	72 
2050	82 
2051	46 
2052	66 
2053	229 
2054	32 
2055	177 
2056	16 
2057	308 
2058	229 
2059	166 
2060	61 90 106 225 266 287 
2061	67 
2062	41 
2063	244 
2064	136 
2065	180 
2066	49 
2067	96 
2068	6 13 49 60 163 238 
2069	290 
2070	51 143 164 176 206 287 
2071	279 
2072	14 31 112 148 198 262 
2073	41 
2074	240 
2075	214 
2076	8 
2077	228 
2078	186 
2079	33 
2080	272 
2081	109 
2082	53 
2083	15 105 167 225 234 256 
2084	116 
2085	13 84 184 225 246 249 
2086	123 
2087	263 
2088	17 
2089	211 
2090	237 
2091	123 
2092	128 
2093	227 
2094	157 
2095	122 
2096	60 
2097	49 
2098	279 
2099	93 
2100	5 
2101	93 
2102	290 
2103	72 
2104	235 
2105	163 
2106	159 
2107	291 
2108	48 
2109	92 
2110	43 
2111	269 
2112	59 
2113	248 
2114	31 
2115	308 
2116	117 
2117	182 
2118	261 
2119	181 
2120	80 107 108 190 204 268 
2121	19 64 74 158 193 246 
2122	269 
2123	311 
2124	69 
2125	295 
2126	259 
2127	41 92 137 189 213 270 
2128	33 67 84 103 138 281 
2129	156 
2130	103 
2131	76 136 142 175 208 240 
2132	172 
2133	158 
2134	242 
2135	305 
2136	310 
2137	35 
2138	137 
2139	184 
2140	211 
2141	283 
2142	43 
2143	235 
2144	11 
2145	269 
2146	285 
2147	126 
2148	14 
2149	274 
2150	276 
2151	196 
2152	35 
2153	310 
2154	249 
2155	219 
2156	95 139 150 151 168 180 
2157	58 64 162 193 221 309 
2158	90 
2159	30 116 180 206 221 232 
2160	155 
2161	107 
2162	34 
2163	124 
2164	210 
2165	201 
2166	45 
2167	239 
2168	51 
2169	64 
2170	241 
2171	25 
2172	85 
2173	248 
2174	220 
2175	28 
2176	142 
2177	50 
2178	57 
2179	183 
2180	218 
2181	165 
2182	206 
2183	180 
2184	120 
2185	80 
2186	58 
2187	89 
2188	15 21 141 185 212 263 
2189	181 
2190	159 
2191	139 
2192	171 
2193	64 
2194	189 
2195	151 
2196	144 
2197	300 
2198	254 
2199	276 
2200	72 135 138 139 147 205 
2201	30 76 241 271 291 301 
2202	270 
2203	18 50 138 180 205 310 
2204	122 
2205	122 
2206	82 
2207	216 
2208	197 
2209	138 
2210	150 
2211	143 
2212	39 
2213	144 
2214	225 
2215	33 61 142 201 252 300 
2216	303 
2217	243 
2218	112 
2219	25 
2220	119 
2221	231 
2222	264 
2223	18 
2224	263 
2225	60 
2226	257 
2227	74 
2228	158 183 207 235 271 281 
2229	199 
2230	182 
2231	91 
2232	264 
2233	136 
2234	136 
2235	6 
2236	46 
2237	206 
2238	190 
2239	283 
2240	52 
2241	70 
2242	282 
2243	239 
2244	227 
2245	123 
2246	53 
2247	167 
2248	79 
2249	190 
2250	150 
2251	140 
2252	180 
2253	154 
2254	169 
2255	123 
2256	275 
2257	189 
2258	5 
2259	19 
2260	229 
2261	288 
2262	215 
2263	16 
2264	23 
2265	164 
2266	12 
2267	89 150 216 224 239 294 
2268	141 
2269	186 
2270	301 
2271	216 
2272	248 
2273	8 
2274	239 
2275	61 
2276	63 
2277	147 
2278	242 
2279	21 
2280	186 
2281	16 
2282	17 30 51 54 180 195 
2283	74 
2284	118 
2285	279 
2286	236 
2287	294 
2288	268 
2289	216 
2290	64 129 143 206 211 279 
2291	227 
2292	55 56 57 125 248 309 
2293	86 
2294	46 124 202 223 261 299 
2295	309 
2296	213 
2297	40 
2298	308 
2299	35 
2300	284 
2301	19 
2302	16 
2303	44 
2304	79 
2305	215 
2306	248 
2307	222 
2308	63 
2309	88 
2310	283 
2311	43 
2312	60 
2313	50 113 149 277 279 295 
2314	112 
2315	16 43 156 185 259 271 
2316	68 
2317	289 
2318	303 
2319	207 
2320	5 108 115 117 164 172 
2321	196 
2322	52 
2323	137 
2324	6 
2325	303 
2326	106 
2327	184 
2328	171 
2329	263 
2330	31 49 56 145 186 210 
2331	201 
2332	205 
2333	154 
2334	168 
2335	11 83 90 259 267 309 
2336	136 
2337	286 
2338	178 
2339	296 
2340	213 
2341	212 
2342	69 
2343	47 177 211 255 296 302 
2344	60 
2345	34 
2346	219 
2347	21 80 175 250 261 295 
2348	267 
2349	185 
2350	232 
2351	132 
2352	266 
2353	257 
2354	23 
2355	35 
2356	38 
2357	154 
2358	117 
2359	59 
2360	239 
2361	26 31 53 200 240 250 
2362	110 
2363	248 
2364	190 
2365	46 
2366	41 
2367	152 
2368	80 85 114 169 197 229 
2369	149 
2370	264 
2371	3 
2372	237 
2373	175 
2374	42 106 117 144 153 282 
2375	258 
2376	162 
2377	247 
2378	61 
2379	104 111 169 178 211 261 
2380	234 
2381	243 
2382	257 
2383	190 
2384	278 
2385	21 34 91 119 141 204 
2386	135 
2387	101 
2388	91 
2389	301 
2390	277 
2391	32 130 171 198 200 243 
2392	33 
2393	62 
2394	156 
2395	263 
2396	155 
2397	309 
2398	16 
2399	177 
2400	52 
2401	163 
2402	59 
2403	15 56 80 89 190 311 
2404	13 
2405	45 
2406	7 
2407	284 
2408	23 
2409	46 
2410	85 
2411	199 
2412	72 
2413	136 
2414	211 
2415	58 
2416	52 
2417	28 35 166 290 295 311 
2418	177 
2419	49 
2420	289 
2421	291 
2422	305 
2423	267 
2424	250 
2425	231 
2426	13 
2427	10 34 58 224 243 279 
2428	17 
2429	21 
2430	15 
2431	182 
2432	206 
2433	7 
2434	89 
2435	188 
2436	259 
2437	273 
2438	266 
2439	189 
2440	200 
2441	43 
2442	64 164 174 185 221 223 
2443	12 
2444	97 116 154 162 208 273 
2445	30 
2446	46 
2447	6 30 140 154 159 259 
2448	116 
2449	229 
2450	69 
2451	51 
2452	137 
2453	122 
2454	149 
2455	139 176 211 214 225 240 
2456	267 
2457	131 
2458	307 
2459	293 
2460	264 
2461	134 
2462	299 
2463	201 
2464	110 
2465	240 
2466	72 
2467	271 
2468	129 168 190 224 269 273 
2469	122 
2470	3 23 66 77 175 233 
2471	296 
2472	293 
2473	236 
2474	188 
2475	49 
2476	79 
2477	279 
2478	150 
2479	146 
2480	30 52 191 200 239 301 
2481	15 44 49 53 87 149 
2482	34 
2483	172 
2484	302 
2485	43 50 129 199 259 296 
2486	120 
2487	154 
2488	255 
2489	54 
2490	129 
2491	84 
2492	88 
2493	13 19 38 175 179 295 
2494	186 
2495	46 
2496	145 
2497	167 
2498	221 
2499	251 
2500	52 124 151 164 201 224 
2501	60 
2502	15 
2503	242 
2504	254 
2505	257 
2506	305 
2507	179 
2508	307 
2509	41 
2510	28 
2511	41 
2512	24 139 155 199 257 288 
2513	270 
2514	121 167 185 207 211 258 
2515	80 
2516	76 
2517	251 
2518	50 
2519	282 
2520	71 
2521	295 
2522	34 
2523	69 101 112 139 229 243 
2524	150 
2525	212 
2526	47 
2527	273 
2528	37 
2529	185 
2530	13 
2531	234 
2532	209 
2533	129 168 182 221 242 263 
2534	206 
2535	53 
2536	150 
2537	242 
2538	243 
2539	89 
2540	157 
2541	205 
2542	160 
2543	22 
2544	227 
2545	227 
2546	50 
2547	180 
2548	114 
2549	73 
2550	14 30 44 65 105 216 
2551	165 
2552	172 
2553	85 
2554	42 
2555	262 
2556	141 
2557	263 
2558	125 
2559	43 
2560	110 
2561	70 
2562	75 
2563	53 60 142 144 201 234 
2564	183 
2565	274 
2566	74 
2567	267 
2568	235 
2569	53 
2570	290 
2571	50 146 185 254 266 295 
2572	15 49 197 200 221 246 
2573	226 
2574	129 
2575	30 55 115 285 294 309 
2576	142 
2577	253 
2578	135 
2579	81 
2580	283 
2581	39 
2582	205 
2583	90 
2584	223 
2585	13 
2586	235 
2587	281 
2588	176 
2589	12 
2590	226 
2591	201 
2592	259 
2593	128 
2594	218 
2595	211 
2596	44 
2597	48 
2598	139 
2599	19 130 162 225 259 282 
2600	82 
2601	178 
2602	217 
2603	160 
2604	197 
2605	116 
2606	79 88 142 190 199 269 
2607	56 
2608	69 74 141 205 242 296 
2609	171 
2610	14 20 88 205 226 285 
2611	37 
2612	195 
2613	24 
2614	207 
2615	60 
2616	186 
2617	305 
2618	213 
2619	15 69 85 108 154 172 
2620	280 
2621	4 
2622	45 
2623	191 
2624	15 
2625	205 
2626	44 
2627	138 
2628	175 
2629	286 
2630	79 
2631	297 
2632	175 
2633	5 
2634	235 
2635	240 
2636	8 45 49 68 137 254 
2637	306 
2638	217 
2639	222 
2640	58 
2641	15 63 191 214 221 271 
2642	284 
2643	140 
2644	35 
2645	126 
2646	217 
2647	247 
2648	208 
2649	103 107 150 152 208 217 
2650	251 
2651	198 
2652	285 
2653	214 
2654	216 
2655	283 
2656	126 
2657	3 14 137 225 248 296 
2658	141 
2659	260 
2660	43 52 138 195 235 292 
2661	71 
2662	185 
2663	93 
2664	9 
2665	29 
2666	118 
2667	50 
2668	173 
2669	2 
2670	260 
2671	229 
2672	81 83 154 202 225 240 
2673	210 
2674	31 
2675	306 
2676	239 
2677	42 
2678	50 
2679	139 
2680	28 53 61 76 225 283 
2681	158 
2682	4 15 138 139 168 186 
2683	14 
2684	168 
2685	102 110 117 169 234 283 
2686	198 
2687	273 
2688	32 82 130 231 279 307 
2689	34 
2690	151 
2691	137 
2692	204 
2693	84 
2694	239 
2695	51 
2696	107 
2697	167 
2698	178 
2699	71 
2700	202 
2701	204 
2702	73 
2703	12 34 97 121 185 239 
2704	247 
2705	177 
2706	127 
2707	69 
2708	90 
2709	137 
2710	145 
2711	295 
2712	35 84 97 202 206 227 
2713	219 
2714	17 
2715	90 
2716	56 
2717	90 
2718	294 
2719	38 46 53 85 242 252 
2720	175 
2721	175 
2722	167 
2723	62 
2724	304 
2725	207 
2726	65 
2727	134 
2728	66 
2729	267 
2730	3 
2731	162 
2732	310 
2733	287 
2734	23 
2735	159 
2736	31 
2737	103 
2738	247 
2739	186 
2740	43 
2741	73 
2742	253 
2743	121 
2744	121 
2745	88 
2746	36 
2747	90 
2748	13 
2749	235 
2750	92 
2751	81 
2752	250 
2753	190 
2754	55 
2755	57 
2756	18 158 167 183 212 236 
2757	310 
2758	121 
2759	9 
2760	14 
2761	19 
2762	57 
2763	185 
2764	209 
2765	285 
2766	20 27 181 221 227 278 
2767	63 
2768	175 
2769	213 
2770	71 
2771	154 
2772	8 17 39 190 277 282 
2773	253 
2774	15 
2775	66 
2776	85 
2777	84 
2778	81 
2779	271 
2780	278 
2781	195 
2782	282 
2783	169 
2784	54 
2785	75 89 229 264 285 308 
2786	132 
2787	139 
2788	21 
2789	116 
2790	233 
2791	159 
2792	285 
2793	225 
2794	254 
2795	205 
2796	44 84 171 200 212 225 
2797	164 
2798	80 
2799	175 
2800	293 
2801	5 
2802	168 
2803	245 
2804	287 
2805	41 
2806	57 
2807	41 
2808	78 
2809	32 38 83 109 148 154 
2810	258 
2811	208 
2812	110 
2813	5 
2814	131 
2815	36 
2816	207 
2817	57 
2818	187 
2819	150 
2820	169 
2821	22 
2822	248 
2823	180 
2824	163 
2825	311 
2826	205 
2827	236 
2828	41 49 103 239 249 288 
2829	98 
2830	286 
2831	147 
2832	234 
2833	38 84 125 193 196 211 
2834	41 
2835	227 
2836	98 
2837	191 
2838	115 
2839	2 
2840	166 
2841	121 
2842	65 
2843	17 93 137 159 183 306 
2844	81 
2845	142 
2846	102 
2847	231 
2848	248 
2849	104 
2850	108 
2851	138 
2852	135 
2853	75 
2854	104 
2855	107 
2856	115 
2857	31 
2858	147 
2859	107 
2860	277 
2861	39 
2862	124 
2863	295 
2864	164 
2865	165 
2866	190 
2867	64 
2868	182 
2869	27 
2870	15 
2871	9 
2872	32 53 82 141 198 279 
2873	287 
2874	8 44 168 201 269 281 
2875	301 
2876	215 
2877	72 
2878	274 
2879	243 
2880	35 
2881	125 
2882	15 
2883	113 
2884	271 
2885	205 
2886	78 
2887	64 
2888	28 
2889	251 
2890	228 
2891	161 
2892	175 
2893	4 
2894	196 
2895	291 
2896	38 
2897	114 
2898	229 
2899	200 
2900	199 
2901	165 
2902	16 
2903	296 
2904	300 
2905	265 
2906	201 
2907	304 
2908	279 
2909	221 
2910	105 
2911	208 
2912	171 
2913	241 
2914	262 
2915	147 
2916	97 
2917	287 
2918	159 
2919	234 
2920	4 
2921	57 
2922	284 
2923	55 
2924	16 
2925	282 
2926	75 
2927	191 
2928	93 
2929	261 
2930	255 
2931	15 
2932	30 
2933	213 
2934	119 
2935	212 
2936	251 
2937	167 
2938	289 
2939	38 
2940	15 60 104 175 243 305 
2941	256 
2942	14 31 80 85 184 310 
2943	253 
2944	297 
2945	55 
2946	55 63 79 96 117 237 
2947	161 
2948	137 
2949	159 
2950	85 
2951	309 
2952	279 
2953	277 
2954	168 
2955	221 
2956	112 
2957	258 
2958	278 
2959	179 
2960	165 180 234 240 242 246 
2961	90 
2962	165 
2963	185 
2964	53 186 265 270 274 296 
2965	32 
2966	27 
2967	76 
2968	284 
2969	32 
2970	127 
2971	16 
2972	162 
2973	227 
2974	189 
2975	116 
2976	217 
2977	179 
2978	29 
2979	139 
2980	155 
2981	29 
2982	227 
2983	13 15 123 149 161 176 
2984	275 
2985	75 
2986	132 
2987	3 
2988	275 
2989	223 
2990	66 
2991	216 
2992	100 
2993	189 
2994	169 
2995	175 
2996	190 
2997	19 
2998	278 
2999	231 
3000	154 
3001	10 
3002	170 
3003	180 
3004	282 
3005	279 
3006	296 
3007	33 
3008	277 
3009	231 
3010	201 
3011	34 68 80 198 274 278 
3012	115 
3013	241 
3014	233 
3015	167 
3016	113 
3017	261 
3018	20 
3019	112 
3020	146 
3021	208 
3022	195 
3023	135 
3024	6 
3025	137 
3026	229 
3027	90 
3028	126 
3029	201 
3030	201 
3031	186 
3032	2 
3033	126 
3034	91 
3035	211 
3036	304 
3037	163 
3038	103 
3039	125 
3040	106 
3041	184 
3042	201 
3043	166 
3044	2 83 148 183 238 295 
3045	47 
3046	225 
3047	5 
3048	301 
3049	267 
3050	56 
3051	122 
3052	201 
3053	32 
3054	130 
3055	166 
3056	212 
3057	218 
3058	289 
3059	30 
3060	45 
3061	72 
3062	115 
3063	84 
3064	283 
3065	165 
3066	125 
3067	115 
3068	119 
3069	212 
3070	142 
3071	283 
3072	57 
3073	177 
3074	189 
3075	87 
3076	263 
3077	2 
3078	48 
3079	3 
3080	59 
3081	58 
3082	240 
3083	183 
3084	66 
3085	55 60 189 214 239 281 
3086	72 
3087	299 
3088	121 
3089	22 
3090	260 
3091	116 
3092	253 
3093	85 
3094	65 
3095	14 
3096	19 
3097	234 
3098	181 
3099	53 
3100	230 
3101	214 
3102	271 
3103	197 
3104	243 
3105	239 
3106	159 
3107	177 
3108	162 
3109	1 
3110	186 
3111	13 
3112	279 
3113	75 
3114	199 
3115	207 
3116	83 
3117	84 
3118	133 
3119	272 
3120	152 
3121	157 
3122	135 
3123	240 
3124	226 
3125	21 45 61 183 207 274 
3126	248 
3127	115 
3128	79 106 120 125 162 190 
3129	266 
3130	41 46 53 160 205 219 
3131	98 
3132	191 
3133	236 
3134	180 
3135	194 
3136	81 
3137	238 
3138	53 
3139	230 
3140	297 
3141	240 
3142	177 196 201 261 267 289 
3143	279 
3144	151 
3145	139 
3146	48 91 119 149 194 209 
3147	186 
3148	277 
3149	258 
3150	79 
3151	281 
3152	190 
3153	253 
3154	278 
3155	83 128 178 212 232 265 
3156	174 
3157	75 
3158	226 
3159	176 
3160	53 113 146 151 173 190 
3161	269 
3162	207 
3163	241 
3164	214 
3165	226 
3166	271 
3167	82 106 200 208 217 239 
3168	78 
3169	106 
3170	92 
3171	304 
3172	262 
3173	2 
3174	67 
3175	166 
3176	59 
3177	145 
3178	33 
3179	308 
3180	129 
3181	206 
3182	53 
3183	47 
3184	84 
3185	219 
3186	285 
3187	221 
3188	118 
3189	246 
3190	1 
3191	212 
3192	258 
3193	247 
3194	282 
3195	203 
3196	27 80 97 104 116 121 
3197	13 69 73 85 107 302 
3198	186 
3199	132 
3200	140 
3201	150 
3202	300 
3203	225 
3204	94 
3205	141 
3206	150 
3207	19 
3208	205 
3209	80 
3210	47 
3211	15 
3212	193 
3213	281 
3214	261 
3215	192 
3216	9 
3217	106 
3218	148 
3219	103 
3220	234 
3221	235 
3222	56 
3223	58 
3224	158 
3225	98 
3226	141 
3227	221 
3228	80 
3229	272 
3230	139 
3231	87 
3232	307 
3233	139 
3234	82 
3235	55 
3236	115 
3237	76 
3238	34 
3239	250 
3240	109 
3241	263 
3242	76 
3243	53 
3244	259 
3245	155 
3246	81 
3247	48 
3248	67 
3249	240 
3250	168 
3251	274 
3252	179 
3253	278 
3254	149 
3255	292 
3256	21 
3257	307 
3258	273 
3259	229 
3260	196 
3261	281 
3262	227 
3263	152 
3264	249 
3265	193 
3266	306 
3267	28 
3268	190 
3269	54 
3270	107 
3271	89 
3272	257 
3273	118 
3274	199 
3275	256 
3276	44 
3277	277 
3278	240 
3279	118 
3280	88 104 131 146 236 305 
3281	28 
3282	117 
3283	112 
3284	165 
3285	32 
3286	92 
3287	98 
3288	187 
3289	270 
3290	115 
3291	111 
3292	55 
3293	214 
3294	250 
3295	130 
3296	263 
3297	171 
3298	256 
3299	134 
3300	42 
3301	69 
3302	179 
3303	177 
3304	21 
3305	171 
3306	207 
3307	130 
3308	226 
3309	68 
3310	253 
3311	161 
3312	128 
3313	222 
3314	281 
3315	226 
3316	252 
3317	49 
3318	125 167 217 221 270 279 
3319	18 
3320	207 
3321	121 
3322	76 
3323	299 
3324	64 
3325	263 
3326	153 
3327	27 
3328	164 
3329	14 
3330	21 
3331	92 
3332	240 
3333	16 42 47 227 235 259 
3334	122 
3335	268 
3336	142 
3337	293 
3338	53 
3339	246 
3340	166 
3341	133 
3342	152 
3343	232 
3344	160 
3345	114 
3346	16 50 157 198 227 254 
3347	192 
3348	268 
3349	180 
3350	169 
3351	11 83 135 140 253 255 
3352	271 
3353	254 
3354	146 
3355	57 
3356	263 
3357	43 
3358	186 
3359	50 88 166 183 264 284 
3360	103 
3361	256 
3362	210 
3363	271 
3364	239 
3365	261 
3366	5 92 214 261 301 307 
3367	195 
3368	293 
3369	172 
3370	223 
3371	71 
3372	245 
3373	188 
3374	199 
3375	204 
3376	291 
3377	43 50 53 141 188 218 
3378	250 
3379	130 
3380	131 
3381	260 
3382	156 
3383	19 
3384	234 
3385	249 
3386	88 
3387	2 137 212 275 297 310 
3388	196 
3389	110 
3390	162 
3391	59 
3392	305 
3393	187 
3394	54 123 146 158 175 271 
3395	250 
3396	8 
3397	146 
3398	26 
3399	251 
3400	101 
3401	38 
3402	122 
3403	77 
3404	260 
3405	263 
3406	118 
3407	278 
3408	113 
3409	183 
3410	169 
3411	45 
3412	221 
3413	24 
3414	72 
3415	68 74 75 212 281 304 
3416	38 
3417	66 
3418	186 
3419	171 
3420	207 
3421	131 
3422	85 112 141 171 212 281 
3423	76 
3424	228 
3425	5 
3426	80 
3427	85 
3428	136 
3429	98 
3430	283 
3431	308 
3432	176 
3433	28 
3434	207 
3435	63 
3436	19 
3437	164 
3438	202 
3439	71 
3440	280 
3441	279 
3442	117 
3443	94 
3444	30 36 131 140 215 277 
3445	205 
3446	284 
3447	103 
3448	237 
3449	8 
3450	16 
3451	123 
3452	41 
3453	49 95 121 158 224 269 
3454	105 
3455	160 
3456	21 
3457	66 
3458	14 
3459	98 
3460	202 
3461	154 
3462	212 
3463	116 
3464	76 162 239 278 296 310 
3465	293 
3466	46 
3467	251 
3468	56 
3469	147 
3470	61 115 224 225 226 275 
3471	305 
3472	93 
3473	56 
3474	106 
3475	13 80 112 153 239 301 
3476	275 
3477	221 
3478	94 
3479	112 
3480	53 
3481	162 
3482	297 
3483	143 
3484	29 
3485	175 
3486	17 97 176 190 249 269 
3487	53 
3488	227 
3489	184 
3490	159 
3491	55 
3492	259 
3493	51 
3494	155 
3495	80 
3496	196 
3497	69 
3498	270 
3499	164 
3500	261 
3501	2 
3502	55 
3503	204 
3504	155 
3505	37 
3506	56 
3507	86 113 190 214 238 261 
3508	261 
3509	141 
3510	281 
3511	185 
3512	24 38 54 114 158 283 
3513	157 
3514	3 15 38 99 112 191 
3515	279 
3516	166 
3517	216 
3518	171 
3519	16 
3520	61 
3521	310 
3522	156 
3523	231 
3524	193 
3525	176 
3526	59 
3527	263 
3528	207 
3529	29 
3530	141 
3531	57 
3532	53 141 187 221 228 298 
3533	299 
3534	192 
3535	163 
3536	196 
3537	225 
3538	89 
3539	167 
3540	186 
3541	14 83 119 160 168 232 
3542	245 
3543	115 
3544	80 
3545	267 
3546	56 77 95 224 263 311 
3547	149 
3548	281 
3549	75 
3550	55 
3551	261 
3552	287 
3553	287 
3554	289 
3555	264 
3556	28 97 147 154 279 296 
3557	208 
3558	252 
3559	258 
3560	24 
3561	175 
3562	102 
3563	214 
3564	211 
3565	251 
3566	66 107 166 195 229 244 
3567	136 
3568	212 
3569	48 
3570	259 
3571	258 
3572	285 
3573	128 
3574	293 
3575	174 
3576	38 
3577	253 
3578	259 
3579	5 
3580	136 153 183 201 295 297 
3581	172 
3582	136 
3583	154 
3584	240 
3585	211 
3586	138 
3587	159 
3588	13 
3589	295 
3590	35 44 56 154 250 311 
3591	233 
3592	45 
3593	177 
3594	162 183 239 249 253 285 
3595	8 
3596	13 
3597	137 
3598	235 
3599	244 
3600	43 
3601	7 13 85 231 268 287 
3602	30 
3603	99 
3604	83 
3605	136 
3606	116 
3607	76 
3608	253 
3609	11 
3610	4 15 137 184 295 303 
3611	237 
3612	9 
3613	271 
3614	135 
3615	181 
3616	206 
3617	201 
3618	239 
3619	12 
3620	182 
3621	47 
3622	7 49 225 237 238 270 
3623	311 
3624	16 56 81 86 251 301 
3625	203 
3626	221 
3627	19 
3628	217 
3629	142 
3630	6 
3631	7 
3632	95 
3633	199 
3634	64 
3635	17 
3636	185 
3637	158 
3638	5 
3639	136 
3640	22 
3641	172 
3642	166 
3643	228 
3644	138 
3645	227 
3646	190 
3647	13 16 79 165 178 239 
3648	259 
3649	212 
3650	158 
3651	160 
3652	301 
3653	150 
3654	43 
3655	255 
3656	200 
3657	241 
3658	60 
3659	98 
3660	241 
3661	26 
3662	207 
3663	7 11 43 114 225 303 
3664	114 
3665	206 
3666	21 45 97 142 163 239 
3667	144 199 211 258 271 305 
3668	117 
3669	46 
3670	67 
3671	206 
3672	13 
3673	235 
3674	64 85 99 175 179 192 
3675	227 
3676	248 
3677	240 
3678	161 168 198 232 234 308 
3679	83 
3680	7 
3681	190 
3682	156 
3683	118 
3684	248 
3685	96 127 142 159 233 243 
3686	34 
3687	232 
3688	283 
3689	35 
3690	106 
3691	141 
3692	239 
3693	293 
3694	225 
3695	59 
3696	143 
3697	20 
3698	12 49 133 171 179 252 
3699	231 
3700	18 
3701	102 
3702	26 61 63 113 171 266 
3703	7 49 116 274 275 282 
3704	204 
3705	283 
3706	5 21 36 139 176 212 
3707	122 
3708	78 
3709	103 
3710	19 
3711	233 
3712	299 
3713	193 
3714	107 131 233 264 292 295 
3715	138 
3716	199 
3717	136 
3718	6 
3719	15 
3720	14 
3721	126 
3722	186 
3723	174 
3724	136 
3725	149 
3726	212 
3727	152 
3728	123 
3729	125 
3730	166 
3731	172 
3732	64 
3733	4 
3734	17 62 208 214 253 276 
3735	123 
3736	87 
3737	58 
3738	262 
3739	302 
3740	11 
3741	289 
3742	60 
3743	230 
3744	280 
3745	293 
3746	34 
3747	63 
3748	221 
3749	250 
3750	11 
3751	122 
3752	241 
3753	255 
3754	93 
3755	305 
3756	32 37 61 114 142 157 
3757	88 
3758	93 
3759	120 
3760	126 
3761	33 71 117 123 175 180 
3762	112 
3763	142 
3764	129 
3765	137 
3766	245 
3767	69 
3768	65 
3769	66 
3770	187 
3771	299 
3772	30 
3773	205 
3774	177 
3775	34 81 92 112 175 225 
3776	13 
3777	146 
3778	49 
3779	253 
3780	217 
3781	62 
3782	13 
3783	61 
3784	101 
3785	18 69 118 121 130 172 
3786	10 
3787	38 
3788	212 
3789	159 
3790	64 
3791	34 
3792	269 
3793	302 
3794	149 
3795	139 
3796	21 79 107 141 186 276 
3797	51 
3798	31 
3799	143 
3800	6 46 97 230 251 271 
3801	85 
3802	191 
3803	9 
3804	142 
3805	21 
3806	158 
3807	18 102 149 159 251 310 
3808	229 
3809	9 
3810	279 
3811	282 
3812	38 
3813	10 41 46 115 185 236 
3814	247 
3815	245 
3816	226 
3817	158 
3818	172 
3819	197 
3820	215 
3821	50 
3822	200 
3823	197 
3824	164 
3825	127 
3826	308 
3827	98 
3828	150 
3829	76 
3830	231 
3831	11 
3832	199 
3833	39 
3834	165 
3835	269 
3836	237 
3837	137 
3838	159 
3839	39 
3840	136 154 190 215 222 274 
3841	46 
3842	279 
3843	18 
3844	303 
3845	84 
3846	139 
3847	216 
3848	180 
3849	225 
3850	180 
3851	225 
3852	66 
3853	69 
3854	123 
3855	44 
3856	38 
3857	130 
3858	279 
3859	132 
3860	30 41 121 131 150 298 
3861	49 
3862	211 
3863	281 
3864	176 
3865	201 
3866	106 
3867	136 
3868	53 
3869	186 
3870	52 
3871	185 
3872	72 
3873	103 
3874	50 63 104 125 140 151 
3875	202 
3876	110 129 171 204 273 291 
3877	287 
3878	164 
3879	7 
3880	5 105 118 164 238 261 
3881	272 
3882	66 
3883	279 
3884	91 
3885	196 
3886	126 
3887	140 
3888	290 
3889	12 178 195 216 261 298 
3890	30 
3891	302 
3892	112 
3893	307 
3894	107 
3895	59 124 156 235 268 299 
3896	225 
3897	156 
3898	156 
3899	45 
3900	13 
3901	269 
3902	88 
3903	65 71 194 225 260 270 
3904	15 
3905	185 
3906	166 
3907	269 
3908	45 
3909	22 103 115 191 198 290 
3910	206 
3911	134 
3912	88 
3913	56 
3914	264 
3915	264 
3916	5 
3917	59 
3918	174 
3919	240 
3920	271 
3921	167 
3922	79 
3923	235 
3924	229 
3925	82 
3926	63 
3927	310 
3928	303 
3929	271 
3930	177 
3931	31 
3932	214 
3933	44 
3934	139 
3935	110 
3936	53 
3937	130 
3938	297 
3939	101 
3940	136 
3941	249 
3942	192 
3943	281 
3944	177 
3945	107 
3946	262 
3947	276 
3948	278 
3949	232 
3950	19 
3951	151 
3952	9 
3953	30 
3954	133 
3955	274 
3956	291 
3957	81 
3958	46 111 142 153 285 287 
3959	7 
3960	191 
3961	156 
3962	157 
3963	261 
3964	187 
3965	34 60 61 87 252 259 
3966	271 
3967	249 
3968	79 
3969	15 
3970	274 
3971	157 
3972	71 
3973	93 
3974	155 
3975	270 
3976	187 
3977	226 
3978	190 
3979	14 
3980	295 
3981	83 
3982	55 
3983	139 
3984	93 
3985	126 
3986	301 
3987	45 
3988	291 
3989	213 
3990	309 
3991	61 
3992	166 
3993	271 
3994	213 
3995	112 
3996	154 
3997	232 
3998	217 
3999	181 
4000	283 
4001	19 37 212 262 270 278 
4002	62 122 126 214 276 293 
4003	136 
4004	123 
4005	299 
4006	275 
4007	155 
4008	185 
4009	162 163 197 245 271 306 
4010	227 
4011	1 
4012	298 
4013	5 
4014	28 77 101 105 181 185 
4015	131 205 225 273 281 287 
4016	149 
4017	114 
4018	234 
4019	59 
4020	259 
4021	34 
4022	279 
4023	293 
4024	136 
4025	214 
4026	84 
4027	33 108 133 171 223 299 
4028	116 
4029	83 
4030	160 
4031	21 
4032	41 
4033	8 
4034	14 
4035	137 
4036	58 
4037	67 
4038	6 
4039	90 
4040	304 
4041	118 
4042	269 
4043	178 
4044	108 
4045	259 
4046	138 
4047	240 
4048	232 
4049	46 
4050	48 
4051	279 
4052	158 
4053	112 
4054	278 
4055	200 
4056	38 
4057	28 56 119 137 194 281 
4058	149 
4059	154 
4060	90 
4061	253 
4062	82 
4063	223 
4064	225 
4065	55 
4066	303 
4067	25 64 102 215 221 237 
4068	235 
4069	19 
4070	53 
4071	31 
4072	84 
4073	226 
4074	138 
4075	302 
4076	149 
4077	189 
4078	169 
4079	44 
4080	176 
4081	131 
4082	158 
4083	180 
4084	292 
4085	15 85 98 200 236 276 
4086	30 
4087	295 
4088	225 
4089	11 113 146 217 248 252 
4090	61 
4091	108 
4092	17 
4093	95 
4094	176 
4095	33 
4096	259 
4097	85 
4098	92 
4099	303 
4100	98 
4101	62 
4102	282 
4103	76 
4104	108 
4105	83 
4106	270 
4107	17 
4108	112 
4109	224 
4110	62 
4111	83 
4112	231 
4113	250 
4114	241 
4115	249 
4116	216 
4117	271 
4118	226 
4119	137 
4120	183 
4121	223 
4122	267 
4123	211 
4124	158 
4125	52 84 241 284 289 290 
4126	160 
4127	21 46 102 118 131 210 
4128	103 
4129	258 
4130	107 
4131	53 
4132	66 74 82 237 242 259 
4133	157 
4134	141 
4135	31 66 164 201 269 284 
4136	48 
4137	142 
4138	61 
4139	32 
4140	242 
4141	107 165 280 285 287 289 
4142	238 
4143	5 18 19 106 144 171 
4144	253 
4145	63 122 194 244 261 285 
4146	285 
4147	4 
4148	214 
4149	237 
4150	15 58 64 186 207 228 
4151	97 
4152	13 
4153	44 
4154	123 
4155	139 
4156	59 
4157	72 
4158	34 56 85 101 226 237 
4159	207 
4160	183 
4161	89 
4162	31 
4163	147 
4164	198 
4165	259 
4166	305 
4167	55 
4168	146 
4169	5 
4170	271 
4171	67 
4172	18 
4173	13 
4174	149 
4175	178 
4176	85 
4177	30 49 54 59 139 303 
4178	58 
4179	6 
4180	246 
4181	27 33 84 183 253 270 
4182	209 
4183	246 
4184	129 
4185	211 
4186	13 88 226 238 261 282 
4187	146 
4188	279 
4189	293 
4190	177 
4191	225 
4192	49 
4193	84 
4194	62 66 106 165 180 270 
4195	126 
4196	74 
4197	26 140 207 227 256 308 
4198	193 
4199	167 
4200	66 
4201	14 100 192 207 251 282 
4202	82 121 136 167 213 239 
4203	146 
4204	198 
4205	161 
4206	142 
4207	227 
4208	84 
4209	310 
4210	150 
4211	90 
4212	81 
4213	261 
4214	157 
4215	107 
4216	157 
4217	103 
4218	101 
4219	116 
4220	269 
4221	253 
4222	48 
4223	90 108 136 138 255 302 
4224	84 185 222 267 271 274 
4225	103 
4226	164 
4227	221 
4228	201 
4229	61 
4230	290 
4231	226 
4232	90 
4233	67 
4234	41 44 102 118 123 166 
4235	263 
4236	227 
4237	127 136 141 198 227 234 
4238	176 
4239	19 
4240	137 
4241	67 
4242	158 
4243	93 
4244	295 
4245	76 78 121 142 183 305 
4246	172 
4247	61 
4248	172 
4249	281 
4250	56 
4251	295 
4252	49 
4253	248 
4254	250 
4255	245 
4256	270 
4257	285 
4258	5 78 195 213 223 250 
4259	227 
4260	305 
4261	17 
4262	117 
4263	202 
4264	137 
4265	121 
4266	18 
4267	172 
4268	159 
4269	274 
4270	213 
4271	110 
4272	225 
4273	305 
4274	310 
4275	199 
4276	212 
4277	105 
4278	38 70 80 91 218 233 
4279	107 
4280	131 
4281	51 
4282	285 
4283	172 
4284	180 
4285	50 55 137 189 258 278 
4286	299 
4287	254 
4288	16 121 131 175 250 299 
4289	83 
4290	83 98 132 216 236 279 
4291	33 60 166 279 290 300 
4292	107 
4293	41 
4294	10 129 137 207 233 309 
4295	279 
4296	200 
4297	85 
4298	28 52 121 211 269 285 
4299	118 
4300	15 46 120 202 287 306 
4301	150 
4302	172 
4303	185 
4304	150 
4305	180 
4306	82 
4307	296 
4308	50 
4309	270 
4310	57 
4311	88 
4312	141 
4313	200 
4314	102 109 123 138 173 277 
4315	253 
4316	251 
4317	3 11 109 252 263 278 
4318	107 
4319	310 
4320	51 
4321	142 
4322	106 
4323	207 
4324	129 
4325	33 
4326	41 
4327	23 41 86 207 253 254 
4328	138 
4329	147 
4330	122 
4331	158 
4332	58 108 162 183 277 297 
4333	190 
4334	71 
4335	164 
4336	11 
4337	223 
4338	295 
4339	117 
4340	180 
4341	72 107 112 127 164 208 
4342	190 
4343	50 126 157 241 242 253 
4344	13 118 201 207 290 297 
4345	201 
4346	71 
4347	171 
4348	30 38 153 251 280 310 
4349	163 
4350	226 
4351	46 
4352	238 
4353	270 
4354	90 
4355	55 
4356	31 
4357	226 
4358	190 
4359	11 59 71 257 258 304 
4360	44 
4361	105 
4362	8 13 17 152 217 294 
4363	221 
4364	101 
4365	63 101 203 221 226 263 
4366	163 
4367	115 
4368	1 6 55 188 234 255 
4369	33 
4370	104 
4371	216 
4372	201 
4373	217 
4374	195 
4375	14 
4376	58 
4377	89 
4378	274 
4379	107 
4380	24 94 95 192 240 269 
4381	281 
4382	175 
4383	310 
4384	19 
4385	138 
4386	146 
4387	269 
4388	116 
4389	254 
4390	224 
4391	92 
4392	166 
4393	75 
4394	258 
4395	74 
4396	30 
4397	14 30 41 67 139 221 
4398	71 83 150 171 206 278 
4399	74 
4400	81 
4401	258 
4402	201 
4403	227 
4404	3 99 142 195 224 287 
4405	277 
4406	204 
4407	295 
4408	251 
4409	146 
4410	184 
4411	56 
4412	33 
4413	2 
4414	271 
4415	301 
4416	225 
4417	38 
4418	305 
4419	159 
4420	223 
4421	44 
4422	277 
4423	305 
4424	53 
4425	157 
4426	115 
4427	7 
4428	102 
4429	129 
4430	251 
4431	27 75 121 136 175 181 
4432	200 
4433	17 50 131 175 261 280 
4434	14 61 123 142 182 186 
4435	172 
4436	106 
4437	162 
4438	246 
4439	7 
4440	88 
4441	71 
4442	281 
4443	107 
4444	115 
4445	55 
4446	30 
4447	180 
4448	301 
4449	287 
4450	202 
4451	75 
4452	64 
4453	123 
4454	38 
4455	21 
4456	213 
4457	277 
4458	35 51 88 107 159 230 
4459	245 
4460	5 34 56 140 259 303 
4461	45 79 82 95 141 278 
4462	229 
4463	84 
4464	225 
4465	90 
4466	253 
4467	89 
4468	5 89 133 160 225 269 
4469	45 
4470	231 
4471	150 
4472	89 
4473	82 
4474	53 189 213 242 261 268 
4475	18 45 67 183 228 248 
4476	7 61 66 82 118 251 
4477	199 
4478	41 
4479	254 
4480	92 
4481	74 
4482	38 
4483	121 
4484	122 
4485	35 
4486	69 
4487	261 
4488	63 110 125 134 136 142 
4489	253 
4490	231 
4491	226 
4492	85 
4493	43 66 136 188 261 290 
4494	71 
4495	243 
4496	189 
4497	267 
4498	6 
4499	166 
4500	32 
4501	261 
4502	2 4 28 49 68 269 
4503	129 
4504	198 
4505	46 63 223 283 284 300 
4506	246 
4507	171 
4508	253 
4509	21 38 40 118 221 297 
4510	34 75 77 81 166 249 
4511	31 
4512	89 
4513	53 104 141 158 264 285 
4514	310 
4515	4 8 66 70 166 253 
4516	35 
4517	206 
4518	107 108 123 221 239 293 
4519	30 70 82 94 151 164 
4520	121 
4521	103 
4522	248 
4523	63 
4524	19 38 84 197 217 247 
4525	136 
4526	52 70 110 151 232 246 
4527	61 
4528	18 
4529	136 
4530	16 
4531	159 
4532	43 121 184 224 229 235 
4533	30 
4534	46 150 258 259 285 296 
4535	38 
4536	305 
4537	285 
4538	221 
4539	7 
4540	83 
4541	84 
4542	104 
4543	107 
4544	61 
4545	28 
4546	38 
4547	259 
4548	102 
4549	57 
4550	271 
4551	181 
4552	267 
4553	72 
4554	269 
4555	31 64 151 154 187 250 
4556	69 
4557	42 104 139 208 216 283 
4558	221 
4559	248 
4560	102 
4561	61 
4562	271 
4563	20 45 74 143 146 234 
4564	250 
4565	159 
4566	58 
4567	167 
4568	5 21 69 235 246 270 
4569	155 
4570	137 
4571	166 
4572	181 
4573	310 
4574	122 
4575	258 
4576	106 182 187 194 207 263 
4577	83 
4578	115 
4579	132 136 143 211 229 269 
4580	175 
4581	6 60 121 160 164 209 
4582	253 
4583	31 
4584	235 
4585	232 
4586	60 
4587	21 
4588	70 101 136 158 185 193 
4589	21 
4590	150 
4591	180 
4592	85 
4593	75 
4594	84 
4595	269 
4596	118 
4597	142 
4598	258 
4599	16 
4600	217 
4601	138 
4602	240 
4603	80 
4604	45 
4605	64 
4606	115 
4607	287 
4608	274 
4609	301 
4610	138 
4611	171 
4612	16 
4613	41 
4614	116 
4615	118 
4616	58 
4617	237 
4618	305 
4619	80 
4620	205 
4621	162 
4622	131 137 172 208 235 240 
4623	15 
4624	71 
4625	11 14 31 137 141 169 
4626	58 
4627	88 
4628	131 
4629	235 
4630	16 21 105 141 270 282 
4631	201 
4632	26 131 205 220 232 265 
4633	79 128 129 220 248 304 
4634	285 
4635	221 
4636	172 
4637	53 
4638	180 
4639	258 
4640	259 
4641	112 
4642	269 
4643	56 
4644	205 
4645	49 181 214 263 287 301 
4646	45 
4647	18 63 98 150 194 231 
4648	281 
4649	24 103 136 269 270 277 
4650	146 
4651	64 
4652	45 
4653	45 148 152 167 282 309 
4654	79 
4655	90 
4656	166 
4657	201 
4658	162 
4659	31 
4660	259 
4661	201 
4662	53 
4663	225 
4664	118 
4665	84 
4666	271 
4667	274 
4668	227 
4669	212 
4670	129 
4671	80 
4672	295 
4673	84 
4674	53 72 179 229 250 303 
4675	45 
4676	110 
4677	109 147 157 170 231 245 
4678	225 
4679	131 
4680	80 
4681	175 
4682	248 
4683	295 
4684	44 107 163 218 221 305 
4685	217 
4686	112 
4687	150 
4688	17 96 146 171 249 281 
4689	71 72 176 214 270 296 
4690	198 
4691	72 
4692	40 75 125 193 212 304 
4693	281 
4694	206 
4695	281 
4696	118 
4697	118 
4698	34 
4699	271 
4700	201 
4701	142 
4702	29 51 56 182 239 295 
4703	282 
4704	171 
4705	253 
4706	19 66 132 237 246 284 
4707	21 
4708	166 
4709	118 
4710	129 
4711	30 
4712	78 87 102 156 226 240 
4713	56 
4714	136 
4715	137 
4716	279 
4717	14 21 71 155 171 190 
4718	8 137 145 199 277 283 
4719	84 
4720	227 
4721	71 
4722	221 
4723	270 
4724	31 
4725	226 
4726	235 
4727	45 126 168 199 235 305 
4728	285 
4729	198 
4730	121 
4731	269 
4732	190 
4733	71 
4734	206 
4735	88 141 211 223 253 301 
4736	115 
4737	129 
4738	281 
4739	263 
4740	175 
4741	207 
4742	4 71 89 155 164 283 
4743	118 
4744	58 
4745	46 
4746	112 
4747	190 
4748	158 
4749	180 
4750	61 85 102 125 171 296 
4751	85 
4752	285 
4753	131 
4754	110 
4755	17 
4756	61 
4757	198 
4758	88 
4759	167 
4760	85 
4761	270 
4762	126 
4763	50 
4764	30 53 104 221 271 280 
4765	50 
4766	221 
4767	10 102 129 147 209 289 
4768	270 
4769	206 
4770	80 
4771	66 
4772	56 
4773	269 
4774	83 
4775	86 173 185 193 252 261 
4776	72 
4777	45 112 144 212 241 285 
4778	136 
4779	71 
4780	17 
4781	237 
4782	55 
4783	19 25 59 61 218 296 
4784	34 
4785	226 
4786	177 
4787	167 
4788	43 
4789	190 
4790	201 
4791	102 
4792	211 
4793	53 
4794	58 
4795	136 
4796	217 
4797	21 
4798	53 
4799	235 
4800	90 
4801	118 
4802	19 
4803	61 
4804	248 
4805	61 139 238 261 282 287 
4806	285 
4807	180 
4808	38 
4809	90 
4810	217 
4811	131 
4812	48 121 141 163 209 295 
4813	212 
4814	55 
4815	139 
4816	295 
4817	201 
4818	279 
4819	158 
4820	55 
4821	198 
4822	41 
4823	270 
4824	21 
4825	126 
4826	7 46 70 169 185 189 
4827	186 
4828	226 
4829	211 
4830	121 
4831	206 
4832	1 58 105 167 175 297 
4833	270 
4834	58 
4835	258 
4836	248 
4837	261 
4838	206 
4839	171 
4840	279 
4841	225 
4842	46 
4843	84 
4844	270 
4845	235 
4846	131 
4847	5 124 206 227 284 295 
4848	164 
4849	141 
4850	41 
4851	285 
4852	240 
4853	15 
4854	61 
4855	166 
4856	121 
4857	21 
4858	53 
4859	53 158 197 253 264 271 
4860	185 
4861	239 
4862	277 
4863	217 
4864	229 
4865	121 
4866	285 
4867	15 91 242 267 271 299 
4868	19 
4869	4 13 50 117 132 239 
4870	190 
4871	277 
4872	1 105 122 202 214 238 
4873	158 
4874	34 
4875	63 139 166 221 224 284 
4876	253 
4877	71 
4878	66 
4879	20 74 167 221 240 305 
4880	53 
4881	17 71 261 267 271 275 
4882	212 
4883	137 141 169 185 235 292 
4884	21 
4885	139 
4886	185 
4887	110 112 116 261 273 276 
4888	227 
4889	158 
4890	261 
4891	71 
4892	80 
4893	45 102 148 229 268 271 
4894	271 
4895	115 
4896	269 
4897	227 
4898	281 
4899	8 72 90 222 283 287 
4900	136 
4901	52 186 201 253 255 286 
4902	57 121 150 212 232 243 
4903	240 
4904	271 
4905	21 
4906	55 
4907	142 
4908	271 
4909	190 
4910	227 
4911	180 
4912	190 
4913	84 
4914	167 
4915	55 85 207 223 268 295 
4916	30 
4917	186 
4918	15 33 114 122 148 150 
4919	279 
4920	142 
4921	129 
4922	85 
4923	201 
4924	35 43 92 225 232 284 
4925	38 65 182 183 229 259 
4926	142 
4927	269 
4928	55 
4929	46 
4930	185 
4931	270 
4932	45 
4933	69 118 149 175 241 300 
4934	21 
4935	34 141 146 154 189 209 
4936	45 
4937	137 
4938	271 
4939	227 
4940	68 146 209 230 237 302 
4941	167 
4942	279 
4943	166 
4944	121 
4945	9 90 166 172 234 311 
4946	88 90 101 123 254 294 
4947	207 
4948	85 
4949	117 162 179 198 227 245 
4950	185 
4951	212 
4952	49 115 169 171 205 259 
4953	106 142 258 261 268 285 
4954	269 
4955	285 
4956	88 92 119 146 226 255 
4957	137 
4958	18 31 66 106 184 200 
4959	26 115 121 166 172 254 
4960	221 
4961	239 
4962	45 
4963	43 80 126 150 270 277 
4964	35 80 152 171 282 295 
4965	167 
4966	175 
4967	21 
4968	38 
4969	9 74 110 199 219 240 
4970	158 
4971	30 
4972	50 64 73 122 195 203 
4973	84 
4974	142 147 166 251 292 308 
4975	295 
4976	44 91 122 167 255 308 
4977	270 
4978	167 
4979	175 
4980	121 157 202 242 305 310 
4981	31 80 85 133 200 281 
4982	201 
4983	15 16 88 214 275 285 
4984	15 
4985	227 
4986	271 
4987	270 
4988	15 
4989	166 
4990	225 
4991	207 
4992	13 59 89 115 137 207 
4993	85 
4994	15 
4995	166 
4996	38 
4997	121 
4998	39 117 172 195 213 255 
4999	21 55 114 175 241 303 
5000	270 
