1 4169
2 4909
3 4962
4 3079 3204 3743
5 4174
6 3952
7 3039
8 4986
9 3316
10 4612
11 3938
12 3313
13 4903
14 4703
15 1990
16 4950
17 4996
18 4375
19 2080
20 3583
21 4470
22 4320
23 3583
24 4871
25 4987
26 3204
27 3742
28 4620
29 4724
30 3708
31 4850
32 4607
33 4868
34 4791
35 4825
36 4658 4834
37 4990
38 2905
39 4614
40 2334
41 2815
42 3976
43 4406
44 4658
45 4892
46 3260 3621 4139 4336
47 4993
48 4788
49 2958
50 4942
51 4480
52 4495
53 4189
54 4954
55 3505 3573
56 3252
57 4765
58 4921
59 4765
60 4871
61 4459
62 4366
63 4542
64 4179
65 4432
66 4863
67 2718
68 4514
69 4703
70 4192
71 3990
72 4262
73 4650
74 4791
75 4739
76 2734
77 4850
78 3039
79 4556
80 4900
81 1498
82 3573
83 4975
84 3342 3398
85 1179 4849 4926
86 4746
87 3068
88 4960
89 3708
90 4898
91 2922 4139 4310
92 2334
93 4871
94 4556
95 2437
96 4828
97 4996
98 3039
99 4987
100 3742 4564
101 4564
102 4973
103 4371 4774
104 2352
105 2486
106 4456
107 3272
108 4406
109 4994
110 1491
111 4774
112 4838
113 4539 4850 4892 4911
114 4835
115 3632
116 4995
117 3786
118 3342
119 4565
120 4495
121 4836
122 4864
123 3742
124 4156
125 3967
126 4406
127 4809
128 4921
129 4011
130 4970
131 4864
132 4849
133 2019
134 4926
135 4754
136 4739
137 4991
138 4982
139 2673
140 3484
141 4179
142 4848
143 4993
144 3834 4512
145 4954
146 2815
147 4829
148 3403
149 2643
150 4917
151 4987
152 3344
153 4885
154 4836
155 4593
156 4230
157 2815
158 3664
159 4481
160 3413
161 4903
162 2637
163 4834
164 4845
165 4825
166 4921
167 4066
168 518 2316
169 4077
170 4556
171 3915
172 2706
173 4876
174 4453
175 4836
176 2219
177 4874
178 4480
179 4109
180 4987
181 4205
182 4556
183 4895
184 4982
185 3269
186 4850
187 4996
188 4336
189 4114
190 3231 4528
191 4453
192 4565
193 4514
194 4970
195 3501
196 4156
197 4607
198 4854
199 4921
200 4607
201 3501 4336 4406 4432
202 2163
203 3204
204 4995
205 4929
206 4909
207 4506
208 4834
209 4858
210 2080
211 4479
212 4310 4765 4885 4967
213 2827
214 4994
215 3738 4277
216 4975
217 4928
218 4479
219 2589
220 4614
221 3723
222 4543
223 4758
224 4481 4895
225 4539
226 2706
227 4885
228 4890
229 4173
230 2643
231 3255
232 3094
233 4703
234 4825
235 4839
236 3620 3723
237 4951
238 2163 2677
239 3942
240 2022
241 4955
242 4921
243 3344
244 3859
245 3952
246 4962
247 4781
248 3625
249 3742
250 4262
251 4982
252 2081
253 4569
254 3956
255 3373
256 4612
257 4481
258 4892
259 2174
260 4895
261 4453 4774
262 3524 3961
263 3403
264 4703
265 4878
266 3632 4025
267 4978
268 4791
269 3021
270 4985
271 4982
272 4369
273 4911
274 4848
275 3484
276 4848
277 3524
278 3424 3659
279 4310
280 4151
281 3814
282 4950
283 4774
284 4955
285 4477
286 4703
287 4574
288 3068
289 4743
290 3859
291 4957
292 4962
293 2022
294 4564
295 4970
296 4456
297 2219 3829
298 4971
299 4609
300 2702
301 3476
302 4928
303 4874
304 4607
305 2380
306 4574
307 3599
308 2437
309 4114
310 4636
311 3655
312 4903
313 3625
314 3006
315 4521
316 4139
317 4109
318 4987
319 4658
320 4593
321 1025
322 4954
323 4336 4781 4878
324 2594
325 2637
326 4890
327 3006
328 4994
329 3938
330 3814
331 4406
332 4987
333 4543
334 4601
335 4858
336 4033
337 4142
338 4551
339 4780
340 4620
341 4970
342 4713
343 3341
344 4470 4609 4739
345 2958
346 2029
347 4601
348 4320
349 4874
350 4000
351 4565
352 4189
353 4921
354 4142
355 4876
356 4506
357 2461
358 4845
359 4929
360 4514
361 4151
362 4979
363 3743
364 4601
365 3823
366 4552
367 2637
368 1732 2710
369 4477
370 4864
371 4781
372 4850
373 4828
374 4786
375 4179
376 4982
377 518
378 4834
379 3231
380 3185
381 4521
382 4786
383 4979
384 2293
385 4171 4516 4523
386 2958
387 3079
388 4885
389 4142
390 4962
391 3348
392 4551
393 4835
394 2486
395 4876
396 4329
397 4528
398 3424
399 4336
400 2710
401 2702
402 3144
403 2643
404 4605
405 4746
406 4713
407 2240
408 4838
409 4962
410 4151
411 4521
412 2992
413 4658
414 506
415 3505
416 2830
417 4514
418 1732
419 3260
420 4929
421 4109
422 4928
423 4609
424 2019
425 4854
426 4868
427 3272
428 4754
429 4173 4410
430 4614
431 4788
432 4547
433 3742
434 4543
435 4954
436 3599
437 4320
438 3742
439 4743
440 4620
441 4114
442 3990
443 3231
444 4951
445 2461 3829 4174
446 4310
447 4238
448 3659
449 4473
450 4921
451 4360 4846 4973 4990
452 4523
453 4521
454 2706
455 2992
456 4929
457 4364
458 4774
459 3829
460 3956
461 4101
462 2643 3786
463 2764
464 4713
465 4765
466 506
467 4971
468 4892
469 3089
470 4320
471 2352
472 4114
473 4612
474 4574
475 4654
476 4971
477 1607
478 4973
479 4713
480 4849
481 4858
482 4420
483 3938
484 3599
485 2019 3625
486 4874
487 4456
488 4746
489 4192
490 4970
491 4277
492 3826
493 4101
494 4921
495 4739
496 4951
497 4667
498 4539 4667 4885
499 4479
500 2702 3269
501 4650
502 3344
503 2643
504 3404
505 3942
506 506
507 2830
508 4310
509 3884
510 4612
511 4605
512 3956
513 4205
514 4962
515 4516
516 4410
517 4366
518 518 2316
519 4174
520 4961
521 4997
522 4836
523 2019
524 3573
525 4903
526 4996
527 3583
528 4147
529 3708
530 4410 4556
531 2240
532 4780
533 4848
534 4909
535 1990
536 4960
537 4780
538 3961
539 3524
540 3341
541 2081 3802
542 4990
543 4846
544 4410
545 2589
546 4703
547 4375 4917 4990
548 4139
549 4375
550 4839
551 4316
552 2706 3859 3952
553 4139
554 4780
555 4495
556 3039
557 4713
558 3006
559 3202
560 4765
561 4821
562 1556
563 3583
564 4994
565 3016
566 4903
567 4957
568 4836
569 4364
570 3424 4336 4892
571 2589
572 4477
573 4547
574 3708
575 3006
576 4996
577 4911
578 2486
579 3623
580 3833
581 1990
582 2992
583 4970
584 4375
585 4230
586 4523
587 3501
588 3204
589 4654
590 3891
591 4839
592 4975
593 4620
594 3599
595 4835
596 3723
597 1990
598 4898
599 3039
600 4456
601 3884
602 4975
603 3893
604 4845
605 4329
606 4545
607 4420
608 4993
609 4713 4891 4929
610 4724
611 4528
612 3583
613 4929
614 2718
615 3404 3814 4892
616 4506
617 4585
618 4917
619 3738
620 4025
621 3384
622 4077
623 3708
624 4516
625 2174
626 4263
627 4658
628 4565
629 4994
630 4994
631 4895
632 4000
633 4991
634 4967
635 4139 4871 4874
636 2213
637 4839
638 4791 4991
639 4516
640 4459
641 4996
642 4066
643 2293 3269
644 4316
645 3891
646 2293
647 2673
648 2461 4791 4871
649 2213
650 4585
651 3623
652 3348
653 4987
654 4868
655 4845
656 4142 4523
657 4033
658 4821
659 3621
660 4878
661 4890
662 4834
663 4835
664 4942
665 3829
666 4139 4375
667 2219
668 3269
669 2437 4991
670 1732
671 4025
672 4994
673 4547
674 4480
675 4954
676 4835
677 4703
678 2080
679 4565
680 4453
681 3884
682 3185
683 3664
684 4836
685 4921
686 4781 4878
687 4809
688 2486
689 4835
690 4612
691 4551
692 2029
693 3884
694 4569
695 4942
696 3967
697 4990
698 4780
699 4551
700 2718
701 4917
702 4620
703 4780
704 4551
705 4962
706 4950
707 4724
708 4876
709 4834
710 4978
711 4277
712 4400
713 3021
714 4911
715 4322
716 4955
717 4420 4871 4892
718 2219
719 4230
720 4921
721 4975
722 4868
723 4136
724 4979
725 3632
726 4962
727 4845
728 3583
729 4456
730 4364
731 3089
732 3742
733 4477
734 4788
735 3870
736 4895
737 2958
738 3036
739 4835
740 2992 4329
741 1298
742 3023
743 3079
744 4142
745 4263
746 4850
747 4991
748 4514
749 2734
750 4329
751 2992
752 4754
753 4512
754 4982
755 4929
756 4360
757 2080
758 3742
759 4569
760 4863
761 4996
762 4171
763 4960
764 3344
765 4654
766 4171 4556 4917
767 4921
768 3632
769 3823
770 3404
771 4713
772 4926
773 2594
774 2163
775 4758
776 3231 3501
777 4834
778 2830
779 4838
780 4614
781 3741 4703
782 4470
783 3202
784 3823
785 4470
786 4786
787 3476
788 2815 4574
789 4542
790 4985
791 4609
792 3826
793 4995
794 3403
795 3893
796 2815
797 4724
798 4564
799 2905
800 4892
801 4605
802 4479
803 3344 4136
804 4650
805 4473
806 4495
807 3373
808 4636
809 3252
810 4713
811 2673
812 3833
813 4850
814 3621
815 4996
816 4043
817 4011
818 4829
819 4821
820 3620
821 2643 3344
822 4838
823 3218 4539
824 3313
825 4109 4506 4654
826 1179
827 4791
828 4543
829 3625
830 4739
831 4892
832 4569
833 4746
834 4975
835 4955
836 4909
837 4369
838 4746
839 2080
840 4834
841 4993
842 4477
843 3218
844 4406
845 4609
846 2764
847 4585
848 4114
849 4687
850 3505
851 4961
852 4863
853 4975
854 2706
855 2992
856 4786
857 4601
858 2081
859 4848
860 4876
861 4898
862 4846
863 4459
864 3833
865 3938
866 4876
867 4885
868 4957
869 4928
870 4495
871 4754
872 4868
873 1491
874 4957
875 4479
876 3623
877 4369 4521 4838
878 4868
879 4892
880 4160
881 2734 4136
882 3708
883 4975
884 3021
885 2677 3583
886 4962
887 4169
888 2815
889 3341
890 3016
891 4898
892 2019 3583
893 4961
894 3659
895 3403
896 4997
897 4043
898 506
899 4262
900 4470
901 4864
902 2643
903 4369
904 3786
905 1179 3655
906 3505
907 4957
908 4139 4277 4724
909 4109
910 4406
911 4516
912 4828
913 4868
914 3398
915 3942
916 4838
917 4169
918 4911
919 2213
920 3344
921 3344
922 4375 4713 4788
923 4878
924 4993
925 3744
926 3269
927 4885
928 4994
929 4481
930 2219
931 3583
932 3006
933 4366
934 4713
935 4687
936 4909
937 2316
938 4528
939 4410
940 4997
941 2734
942 2316
943 3942
944 1638
945 4979
946 3505 3786
947 4495
948 3269
949 3967
950 3820
951 4845
952 4871
953 4995
954 4900
955 4898
956 2673
957 3018
958 4173
959 3231
960 4593
961 4986
962 4900
963 4366
964 3655
965 3341
966 2080 3829 4369
967 4849
968 3990
969 3583 4033
970 4825
971 3404
972 4667
973 4277
974 1607
975 1298
976 4420
977 4961
978 4547
979 4329
980 4543
981 2643
982 4667
983 3094
984 4942
985 3501
986 4473
987 4743
988 4973
989 1491
990 4512
991 4987
992 3272
993 4973
994 4000
995 4978
996 3583
997 4991
998 4329
999 4374
1000 3741
1001 4545
1002 1990
1003 4336
1004 4556
1005 4743
1006 4371
1007 4929
1008 4854
1009 4551
1010 3275
1011 4954
1012 4942
1013 3820
1014 3313 3424 3742 3743
1015 4746
1016 4545
1017 4521
1018 4375
1019 4743 4961 4967
1020 4846
1021 4406
1022 3990
1023 3039
1024 3342
1025 1025
1026 4834
1027 4743
1028 4898
1029 3834
1030 2710
1031 4926
1032 3185 3738
1033 4400
1034 4975
1035 2734
1036 1951
1037 4951
1038 4921
1039 4746
1040 4277
1041 4521
1042 2029
1043 2380
1044 2380
1045 2710
1046 4836
1047 4147
1048 2352
1049 3573
1050 3786
1051 2958
1052 4667
1053 4425
1054 4374
1055 4400 4754 4829
1056 4336
1057 4743
1058 4909
1059 4951
1060 3373
1061 4043
1062 1732
1063 4921
1064 2589
1065 3476
1066 2922
1067 4891
1068 4928
1069 3079
1070 4169
1071 4848
1072 3723
1073 2764
1074 4179
1075 3079
1076 2673
1077 4618
1078 4921
1079 4243
1080 2702
1081 4658
1082 2022 3342 3583
1083 3743
1084 4724
1085 4543
1086 4987
1087 4863
1088 4205
1089 3144
1090 4654
1091 4539
1092 3089
1093 4066
1094 4320
1095 4858
1096 1638 3833
1097 4329
1098 3398
1099 2293
1100 4192
1101 4993
1102 4078
1103 4838
1104 4838
1105 4776
1106 3708
1107 4957
1108 1556
1109 3884
1110 4473
1111 3915
1112 1025
1113 4329
1114 4066
1115 2240 3870
1116 4746
1117 4459
1118 4874
1119 4835
1120 4821
1121 4961
1122 4995
1123 4890
1124 4480
1125 1556
1126 4993
1127 4547
1128 2992
1129 4636
1130 4542
1131 2815
1132 4179
1133 3342
1134 4895
1135 4556
1136 4990
1137 4320
1138 3501
1139 3786
1140 3476
1141 4000
1142 4360
1143 4858 4917 4954 4975
1144 4774
1145 3742
1146 4609
1147 4551
1148 3961
1149 2486
1150 4871
1151 4898
1152 4987
1153 4863
1154 4780
1155 2380
1156 4849
1157 3620
1158 4101
1159 2174 2213
1160 3625
1161 4336
1162 4514
1163 4839
1164 3218
1165 4928
1166 4900
1167 4310
1168 4845
1169 3272
1170 4971
1171 1491
1172 3723
1173 4961
1174 4950
1175 4781
1176 4846
1177 4985
1178 3272
1179 1179
1180 4173
1181 2706
1182 3659
1183 4978
1184 4979
1185 3275
1186 4109
1187 3255 4523
1188 4542
1189 4895
1190 4891
1191 4620 4929
1192 4829
1193 4470
1194 2764
1195 3742 3937 3961 4205
1196 3829
1197 3404 3990 4788
1198 3952 4863
1199 4791
1200 4967
1201 4891
1202 1491
1203 4667
1204 4878
1205 4986
1206 3316
1207 4845
1208 4898
1209 4574
1210 3708
1211 2081
1212 3620
1213 4996
1214 4848
1215 4834
1216 4043
1217 3938
1218 4995
1219 4780
1220 3990
1221 1638 4078
1222 2437
1223 4950
1224 4765
1225 2589
1226 3344
1227 4375
1228 3501
1229 4926
1230 3255
1231 3820
1232 4703
1233 2710
1234 4957
1235 4987
1236 4147
1237 4950
1238 4961
1239 4891
1240 506
1241 2815
1242 3231
1243 3255 3621 4556
1244 3952
1245 2486
1246 4876
1247 3621
1248 4971
1249 3501 4506
1250 4911
1251 4512
1252 4788
1253 3039
1254 4585
1255 4911
1256 4892
1257 4950
1258 4459
1259 1179
1260 4614
1261 4495
1262 4978
1263 4654
1264 3089
1265 4951
1266 4101
1267 4230
1268 2702
1269 4975
1270 4077
1271 4000
1272 4171 4179
1273 4982
1274 1498
1275 4754
1276 4371
1277 4967
1278 4987
1279 4192
1280 4864
1281 3135
1282 4996
1283 3632
1284 4973
1285 3424 3976 4516
1286 4758
1287 3976
1288 4650
1289 4160
1290 4911
1291 4885
1292 4891
1293 1556
1294 4781
1295 4160
1296 4713
1297 4845
1298 1298
1299 4470
1300 3404
1301 3976
1302 3712
1303 2174
1304 4990
1305 2080 3252 3820 4151
1306 2461
1307 2673 2677 4375
1308 1951
1309 4970
1310 3344
1311 4556
1312 4758
1313 4374
1314 4000
1315 3036
1316 4316
1317 3185
1318 2081
1319 4991
1320 2827
1321 4174
1322 4142
1323 3625
1324 4871
1325 4192
1326 3741 3833 4846
1327 3802
1328 4539
1329 4667
1330 4909
1331 4978
1332 1025
1333 3501 3891 4978
1334 4845
1335 3252
1336 4848
1337 4957
1338 4791
1339 2334
1340 4960
1341 4780
1342 4994
1343 4545
1344 2922
1345 4077
1346 4425
1347 4410
1348 4205
1349 2019
1350 4991
1351 4374
1352 4774
1353 4667
1354 4845
1355 4791
1356 3424
1357 4991
1358 3231
1359 4366
1360 3742 4614 4746
1361 4854
1362 4991
1363 4979
1364 4898
1365 4044
1366 4765
1367 4978
1368 4836
1369 1638
1370 4453
1371 4846
1372 4514
1373 3738
1374 2764 4263
1375 4858
1376 4473
1377 2706 3738 4890
1378 3942
1379 3023
1380 4942
1381 2643
1382 2461
1383 4825
1384 4929
1385 4967
1386 3068
1387 4739
1388 4512
1389 3623
1390 4985
1391 4174
1392 1179
1393 3018
1394 4667
1395 3524
1396 4874
1397 4942
1398 4990
1399 4864
1400 4528
1401 3483
1402 4838
1403 4951
1404 2905
1405 4495
1406 3712
1407 4970
1408 4011
1409 4985
1410 4636
1411 4473
1412 3144
1413 4809
1414 4987
1415 3723
1416 2643
1417 4585
1418 3833
1419 4552
1420 4420
1421 3942
1422 3659 4033
1423 4821
1424 4521
1425 4316
1426 1990
1427 4552
1428 4895
1429 3524
1430 4654
1431 4961
1432 3744
1433 2437
1434 2764
1435 4838
1436 3039 3625 4025
1437 4044
1438 4512
1439 4986
1440 4900
1441 4854
1442 3583
1443 4849
1444 3956 4114
1445 4551
1446 2022 2643 4329
1447 4776
1448 4788
1449 4585
1450 3621
1451 3313
1452 4848
1453 4310
1454 2827
1455 4821
1456 3591
1457 4903
1458 4473
1459 4263
1460 4928
1461 4821
1462 3524
1463 4724
1464 4523
1465 4754
1466 3404
1467 1556
1468 4724
1469 4836
1470 4743
1471 4786
1472 2174
1473 3094
1474 3269
1475 4995
1476 4957
1477 4739
1478 4601
1479 4828
1480 4962
1481 3708
1482 4954
1483 4044
1484 4374
1485 4109 4565 4713
1486 4978
1487 4650
1488 4788
1489 4786
1490 3744
1491 1491
1492 3937 3952 3976
1493 3891
1494 3976
1495 3384
1496 4892
1497 3039 4453
1498 1498
1499 4593
1500 4962
1501 4874
1502 4703
1503 4473
1504 4620
1505 4962
1506 4780
1507 4774
1508 4077
1509 4891
1510 4667
1511 3583
1512 2080
1513 4900
1514 3006
1515 3089
1516 4521 4821 4835 4926
1517 4066
1518 4650
1519 4453
1520 4951
1521 4765
1522 4957
1523 3893
1524 4523
1525 4885
1526 3006
1527 4739
1528 2830
1529 4871
1530 3833
1531 4834
1532 4809
1533 4521
1534 3990
1535 4542
1536 4786
1537 4781
1538 4828
1539 4025
1540 4978
1541 4864
1542 3341
1543 4453
1544 4885
1545 4243
1546 2958
1547 4973
1548 4991
1549 4962
1550 3990
1551 4543
1552 3483
1553 4173
1554 4979
1555 4360
1556 1556
1557 3823
1558 4895
1559 4781
1560 4173
1561 4891
1562 3712
1563 2643 3021
1564 4011
1565 4169
1566 3202
1567 4928
1568 4743
1569 4928
1570 3870
1571 4605
1572 4986
1573 3341
1574 4011
1575 4895
1576 3938
1577 4585
1578 4618
1579 4658
1580 4151
1581 4909
1582 3484
1583 2022
1584 2019 4791
1585 3344
1586 3252
1587 4971
1588 4754
1589 4569
1590 3275 3342 4788
1591 3620
1592 4636
1593 1298
1594 4371
1595 3398
1596 3039
1597 4000
1598 3524 3937 4781 4997
1599 3403
1600 3956
1601 3829
1602 4481
1603 3413
1604 4971
1605 4921
1606 4724
1607 1607 2718
1608 4895
1609 4654
1610 3738
1611 3524
1612 2486
1613 4754
1614 4620
1615 4917
1616 4942
1617 4780
1618 4962
1619 4854
1620 4848
1621 4985
1622 4310
1623 4858
1624 4366 4569
1625 4551
1626 4025
1627 4858
1628 4971
1629 4364
1630 4917
1631 4636
1632 3255
1633 4077
1634 4971
1635 4473
1636 4776
1637 2461 3664 4011
1638 1638
1639 3144
1640 4151
1641 4551
1642 4521
1643 2734 3942 3961
1644 3218 4320
1645 4636
1646 4277
1647 3802
1648 4316
1649 4961
1650 4147
1651 4846
1652 4987
1653 4142
1654 3484 3632 4156
1655 4781
1656 4156
1657 4174
1658 4874
1659 4874
1660 3524
1661 4967
1662 3938
1663 4957
1664 4713
1665 4322
1666 4420
1667 4173
1668 3039
1669 3018
1670 4962
1671 2958
1672 4410
1673 4898
1674 4849
1675 3079
1676 4926
1677 4375
1678 1638
1679 4514 4585 4774 4978
1680 4898
1681 4512
1682 4942
1683 4885
1684 2022 4545 4786
1685 3942
1686 4025 4848
1687 4139 4605
1688 3018 3625 3915
1689 3018
1690 4961
1691 4025
1692 2702 3501
1693 4025
1694 3583
1695 3942 4310
1696 3016
1697 3884
1698 4967
1699 3036
1700 4459
1701 4205
1702 4569
1703 4825
1704 4453
1705 1179
1706 1638 2827
1707 2992 3820
1708 3501
1709 4903
1710 4552
1711 4470
1712 4743
1713 4929
1714 4713
1715 3893
1716 4781
1717 4574
1718 4825
1719 2038
1720 4971
1721 2673
1722 4410
1723 4834
1724 4565
1725 4829
1726 4556
1727 4967
1728 4375
1729 4776
1730 4967
1731 3891
1732 1732
1733 4951
1734 4997
1735 4825
1736 4836
1737 2174 3079
1738 4973
1739 4667
1740 3403
1741 2038
1742 4776
1743 3269
1744 4995
1745 4809
1746 4703
1747 2734
1748 3036
1749 4926
1750 4369
1751 4991
1752 4521 4574 4878 4954
1753 4892
1754 4871
1755 4746
1756 4539
1757 2029
1758 3937
1759 4909
1760 2827
1761 4495
1762 4871
1763 3952
1764 4835
1765 4512
1766 3961
1767 3833
1768 2461
1769 4890
1770 4903
1771 3967
1772 4556
1773 3990
1774 4898
1775 3591
1776 4687
1777 4997
1778 4835
1779 4205
1780 3621
1781 3260 4366 4556 4997
1782 2080
1783 4973
1784 4978
1785 3859
1786 3275
1787 4957
1788 4898
1789 4310
1790 4456
1791 4962
1792 4997
1793 4954
1794 4890
1795 4809
1796 3505
1797 2905
1798 4528
1799 2677
1800 4828
1801 4909
1802 4109
1803 3089
1804 4374
1805 4506
1806 4774
1807 4836
1808 4985
1809 4955
1810 4374
1811 4506
1812 4173
1813 3313
1814 4975
1815 4825
1816 4364
1817 4821
1818 4848
1819 3942
1820 4839
1821 3742 4243
1822 4238
1823 3135
1824 4612
1825 4432
1826 3573
1827 4846
1828 4854
1829 4205
1830 4556
1831 4601
1832 4650
1833 4868
1834 4971
1835 2163
1836 4420
1837 4574
1838 3956
1839 3620
1840 3956
1841 4955
1842 3398
1843 4868
1844 4986
1845 4374
1846 4713
1847 4277
1848 4320
1849 3820
1850 3976
1851 3742 4781 4961
1852 4903
1853 4593
1854 2293
1855 4973
1856 4961
1857 4593
1858 4825
1859 4962
1860 4551 4885
1861 4809
1862 4911
1863 4858
1864 3743
1865 4432
1866 4898
1867 4310 4432
1868 3723
1869 4961
1870 3023
1871 3342
1872 4605
1873 3404
1874 3620
1875 3016
1876 4898
1877 4173
1878 4480
1879 3403
1880 4993
1881 3823
1882 3255
1883 3505
1884 2827
1885 4654
1886 4459
1887 2213
1888 4618
1889 4846
1890 4985
1891 1951
1892 4420
1893 4991
1894 4765
1895 3484
1896 4971
1897 4780
1898 4077
1899 4238
1900 4985
1901 4025
1902 4890
1903 4971
1904 4864
1905 4898
1906 4909
1907 4156 4569
1908 2677
1909 3202
1910 4316
1911 4364 4758
1912 3269
1913 3744
1914 3089 4543 4754
1915 2038
1916 4864
1917 3743
1918 4885
1919 4277
1920 3599
1921 4903
1922 3006
1923 2240 4192 4765
1924 2293
1925 3870
1926 3632 4746 4821 4885
1927 4971
1928 3655
1929 1298
1930 2334
1931 4780
1932 4179
1933 3202
1934 4156
1935 4618
1936 3413
1937 3255
1938 3742
1939 3204
1940 4846
1941 4310
1942 4481
1943 4495
1944 4620
1945 4545
1946 4607
1947 4786
1948 4890
1949 4743
1950 3583
1951 1951
1952 4928
1953 3373
1954 4406
1955 4142
1956 4556
1957 3814
1958 3621 3632 4479
1959 2174
1960 4928
1961 4230
1962 4970
1963 4612
1964 3483 3937 4410
1965 4911
1966 4821
1967 4043
1968 3625
1969 4982
1970 4514
1971 4758
1972 4459
1973 4825
1974 4765
1975 3424
1976 4921
1977 4835
1978 4850
1979 4078
1980 3348
1981 4838
1982 4863
1983 4574
1984 3893
1985 4954
1986 2905
1987 4838
1988 4868
1989 4982
1990 1990
1991 4564
1992 4542
1993 4539
1994 4160
1995 4754
1996 3039
1997 4996
1998 4950
1999 4703
2000 4512
2001 4713
2002 3723
2003 4552
2004 4994
2005 3583
2006 4990
2007 3938
2008 4996
2009 4329
2010 3976
2011 4895
2012 4205
2013 4874
2014 4400
2015 4971
2016 2486 3961
2017 3252
2018 4997
2019 2019
2020 3505 4480 4758
2021 4336
2022 2022
2023 3185
2024 4551
2025 4809
2026 3344
2027 4713
2028 2734
2029 2029
2030 3937 4739
2031 3344
2032 4481
2033 4512
2034 4954
2035 3655
2036 2461
2037 4545
2038 2038
2039 2022 3094
2040 4950
2041 4846
2042 4574
2043 4369 4754 4895 4995
2044 4868
2045 2019
2046 2905
2047 4406
2048 4978
2049 4776
2050 4473
2051 4929
2052 4878
2053 4864
2054 4139
2055 4786
2056 4612
2057 3826
2058 4864
2059 4995
2060 2352 4990
2061 4171
2062 4850
2063 3599
2064 4900
2065 4911
2066 4192
2067 1491
2068 1179 2316 3742
2069 4230
2070 3483 4607
2071 4942
2072 3218 3738 4375
2073 4850
2074 4903
2075 4025
2076 4033
2077 3424
2078 4917
2079 4369
2080 2080
2081 2081
2082 4858
2083 2380 3275 4277
2084 4614
2085 3967 4173 4410 4506 4973
2086 4453
2087 4739
2088 4780
2089 4829
2090 4781
2091 4453
2092 3573
2093 4985
2094 4425
2095 4574
2096 3742
2097 4192
2098 4942
2099 4243
2100 4169
2101 4243
2102 4230
2103 4776
2104 4845
2105 4366
2106 4565
2107 3956
2108 4136
2109 4480
2110 4788
2111 4954
2112 4156
2113 4836
2114 4724
2115 3826
2116 4262
2117 3620
2118 4890
2119 4551
2120 4044
2121 3524 4506
2122 4954
2123 3623
2124 4556
2125 4975
2126 4547
2127 4077 4456 4480
2128 4171 4369 4521
2129 3961
2130 4521
2131 3021 3829
2132 4636
2133 4970
2134 2029
2135 4618
2136 4514
2137 4516
2138 4957
2139 4410
2140 4829
2141 4000
2142 4788
2143 4845
2144 4336
2145 4954
2146 4955
2147 4825
2148 4375
2149 4667
2150 1298
2151 3260
2152 4516
2153 4514
2154 3967
2155 3185
2156 2334 3144 3632
2157 3524 4114 4658
2158 4809
2159 2293
2160 4569
2161 4543
2162 4874
2163 2163
2164 2673
2165 4982
2166 4962
2167 4961
2168 4320
2169 4605
2170 4114
2171 2219
2172 4993
2173 4836
2174 2174
2175 4545
2176 4926
2177 4765
2178 4310
2179 4160
2180 2594
2181 3834
2182 4838
2183 4911
2184 2486
2185 4892
2186 4834
2187 4512
2188 4849 4950
2189 4551
2190 4565
2191 4885
2192 4839
2193 4605
2194 4077
2195 3144
2196 2213
2197 3202
2198 4479
2199 1298
2200 3023 4329
2201 3956
2202 4987
2203 4514 4528 4620 4765
2204 4574
2205 4574
2206 4473
2207 4371
2208 3823
2209 4601
2210 4687
2211 3483
2212 3833
2213 2213
2214 4990
2215 3202 3316
2216 4066
2217 4495
2218 4746
2219 2219
2220 3068
2221 4470
2222 3915
2223 4528
2224 4739
2225 3742
2226 3272
2227 4481
2228 4986
2229 4477
2230 3620
2231 3884
2232 3915
2233 4900
2234 4900
2235 4179
2236 4929
2237 4838
2238 4909
2239 4000
2240 2240
2241 1498
2242 4703
2243 4961
2244 4985
2245 4453
2246 4858
2247 4978
2248 4654
2249 4909
2250 4687
2251 2643
2252 4911
2253 3583
2254 4078
2255 4453
2256 3476
2257 4077
2258 4169
2259 4868
2260 4864
2261 506
2262 3820
2263 4612
2264 2734
2265 4848
2266 2589
2267 2718 4109
2268 4849
2269 4917
2270 4609
2271 4371
2272 4836
2273 4033
2274 4961
2275 4854
2276 4523
2277 4329
2278 2029
2279 4967
2280 4917
2281 4612
2282 3269 4911
2283 4481
2284 4743
2285 4942
2286 2827
2287 2718
2288 3348
2289 4371
2290 3413 3483
2291 4985
2292 2334 3039
2293 2293
2294 2163 4263 4420
2295 3990
2296 4456
2297 1556
2298 3826
2299 4516
2300 2922
2301 4868
2302 4612
2303 4360
2304 4654
2305 3820
2306 4836
2307 3313
2308 4523
2309 4758
2310 4000
2311 4788
2312 3742
2313 3016 4174 4765
2314 4746
2315 3893 3961 4612 4788
2316 2316
2317 3741
2318 4066
2319 4991
2320 4848
2321 3260
2322 2240 3870
2323 4957
2324 4179
2325 4066
2326 4322
2327 4410
2328 4839
2329 4739
2330 2673 2710
2331 4982
2332 4620
2333 3583
2334 2334
2335 4336 4703
2336 4900
2337 2830
2338 4043
2339 3006
2340 4456
2341 4951
2342 4556
2343 3006 3621 3655
2344 3742
2345 4874
2346 3185
2347 4564 4849 4979
2348 4552
2349 4950
2350 4585
2351 3859
2352 2352
2353 3272
2354 2734
2355 4516
2356 4996
2357 3583
2358 4262
2359 4156
2360 4961
2361 3398 4432 4564 4724
2362 4754
2363 4836
2364 4909
2365 4929
2366 4850
2367 3342
2368 3664 3823 4078 4864
2369 4174
2370 3915
2371 3079
2372 4781
2373 4979
2374 1025 2213 2677 4703
2375 4835
2376 4658
2377 3814
2378 4854
2379 1990 4043 4542
2380 2380
2381 4495
2382 3272
2383 4909
2384 2958
2385 3068 3884 4849
2386 3023
2387 4364
2388 3884
2389 4609
2390 4871
2391 3937 4139 4174
2392 4369
2393 4101
2394 3961
2395 4739
2396 4569
2397 3990
2398 4612
2399 4786
2400 3870
2401 4366
2402 4156
2403 3623 4189
2404 4173
2405 4962
2406 4539
2407 2922
2408 2734
2409 4929
2410 4993
2411 4477
2412 4776
2413 4900
2414 4829
2415 4834
2416 2240 3870
2417 3623 4230 4516 4545
2418 4786
2419 4192
2420 3741
2421 3956
2422 4618
2423 4552
2424 4564
2425 4470
2426 4173
2427 3786 4495 4942
2428 4780
2429 4967
2430 4994
2431 3620
2432 4838
2433 4539
2434 4512
2435 3373
2436 4547
2437 2437
2438 2352
2439 4077
2440 4432
2441 4788
2442 4432 4848 4950 4962
2443 2589
2444 3021 3583 4151
2445 4971
2446 4929
2447 2643 3583
2448 4614
2449 4864
2450 4556
2451 4320
2452 4957
2453 4574
2454 4174
2455 4025
2456 4552
2457 4846
2458 3893
2459 4189
2460 3915
2461 2461
2462 3712
2463 4982
2464 4754
2465 4903
2466 4776
2467 4986
2468 2334 4109
2469 4574
2470 2734 3079 3403 3591
2471 3006
2472 4189
2473 2827
2474 3373
2475 4192
2476 4654
2477 4942
2478 4687
2479 4650
2480 3802 3870 4432 4609
2481 3231 4192 4858
2482 4874
2483 4636
2484 3891
2485 3006 4788
2486 2486
2487 3583
2488 3655
2489 3269
2490 4921
2491 4973
2492 4758
2493 3252 4173
2494 4917
2495 4929
2496 2710
2497 4978
2498 4960
2499 4316
2500 2038 3144 3870
2501 3742
2502 4994
2503 2029
2504 4479
2505 3272
2506 4618
2507 3252
2508 3893
2509 4850
2510 4545
2511 4850
2512 4477
2513 4987
2514 4470 4829 4978 4997
2515 4892
2516 3829
2517 4316
2518 4765
2519 4703
2520 4891
2521 4975
2522 4874
2523 4556
2524 4687
2525 4951
2526 3621
2527 2437
2528 3505
2529 4950
2530 4173
2531 3384
2532 2764
2533 2029 2334 3620
2534 4838
2535 4858
2536 4687
2537 2029
2538 4495
2539 4512
2540 4425
2541 4620
2542 3344
2543 3089
2544 4985
2545 4985
2546 4765
2547 4911
2548 3664
2549 2702
2550 4375
2551 3834
2552 4636
2553 4993
2554 2677
2555 3738
2556 4849
2557 4739
2558 3039
2559 4788
2560 4754
2561 1498
2562 4593
2563 2213 3742 4545
2564 4160
2565 4667
2566 4481
2567 4552
2568 4845
2569 4858
2570 4230
2571 2352 4479
2572 3823 4432 4506 4839
2573 4828
2574 4921
2575 1607 3990
2576 4926
2577 4876
2578 3023
2579 4400
2580 4000
2581 3833
2582 4620
2583 4809
2584 4420
2585 4173
2586 4845
2587 4898
2588 4238
2589 2589
2590 4828
2591 4982
2592 4547
2593 3573
2594 2594
2595 4829
2596 4360
2597 4136
2598 4885
2599 4868
2600 4473
2601 4043
2602 4863
2603 3344
2604 3823
2605 4614
2606 4654
2607 4713
2608 2029 3006 4556
2609 4839
2610 3018 4375 4758
2611 3505
2612 4374
2613 3413
2614 4991
2615 3742
2616 4917
2617 4618
2618 4456
2619 4044 4077 4556
2620 3744
2621 4147
2622 4962
2623 3802
2624 4994
2625 4620
2626 4360
2627 4601
2628 4979
2629 2830
2630 4654
2631 3938
2632 4979
2633 4169
2634 4845
2635 4903
2636 2316 4033
2637 2637
2638 4863
2639 3313
2640 4834
2641 3802 4025
2642 2922
2643 2643
2644 4516
2645 4825
2646 4863
2647 3814
2648 3021
2649 3021 3342 3938
2650 4316
2651 4821
2652 4955
2653 4025
2654 4371
2655 4000
2656 4825
2657 3006 4375 4545
2658 4849
2659 3404
2660 4788
2661 4891
2662 4950
2663 4243
2664 3952
2665 3484
2666 4743
2667 4765
2668 1638
2669 3501
2670 3404
2671 4864
2672 3583 4400
2673 2673
2674 4724
2675 2637
2676 4961
2677 2677
2678 4765
2679 4885
2680 3829 4000 4545 4885
2681 4970
2682 2334 4147 4917
2683 4375
2684 2334
2685 3484 4078 4262
2686 4821
2687 2437
2688 4139
2689 4874
2690 3144
2691 4957
2692 4406
2693 4973
2694 4961
2695 4320
2696 4543
2697 4978
2698 4043
2699 4891
2700 4263
2701 4406
2702 2702
2703 4151 4961 4997
2704 3814
2705 4786
2706 2706
2707 4556
2708 4809
2709 4957
2710 2710
2711 4975
2712 4151 4263 4835
2713 3185
2714 4780
2715 4809
2716 4713
2717 4809
2718 2718
2719 2029 3316
2720 4979
2721 4979
2722 4978
2723 4101
2724 3036
2725 4991
2726 3094
2727 2461
2728 4878
2729 4552
2730 3079
2731 4658
2732 4514
2733 4607
2734 2734
2735 4565
2736 4724
2737 4521
2738 3814
2739 4917
2740 4788
2741 2702
2742 4876
2743 4997
2744 4997
2745 4758
2746 2815
2747 4809
2748 4173
2749 4845
2750 4480
2751 4400
2752 4564
2753 4909
2754 4928
2755 4310
2756 2827 4160 4565
2757 4514
2758 4997
2759 3952
2760 4375
2761 4868
2762 4310
2763 4950
2764 2764
2765 4955
2766 3018 4892
2767 4523
2768 4979
2769 4456
2770 4891
2771 3583
2772 4033
2773 4876
2774 4994
2775 4878
2776 4993
2777 4973
2778 4400
2779 4986
2780 2958
2781 4374
2782 4703
2783 4078
2784 3269
2785 3826 3915
2786 3859
2787 4885
2788 4967
2789 4614
2790 3591
2791 4565
2792 4955
2793 4990
2794 4479
2795 4620
2796 4432 4703 4839
2797 4848
2798 4892
2799 4979
2800 4189
2801 4169
2802 2334
2803 4459
2804 4607
2805 4850
2806 4310
2807 4850
2808 3708
2809 4043 4139
2810 4835
2811 3021
2812 4754
2813 4169
2814 4846
2815 2815
2816 4991
2817 4310
2818 3976
2819 4687
2820 4078
2821 3089
2822 4836
2823 4911
2824 4366
2825 3623
2826 4620
2827 2827
2828 506 4192 4521
2829 3659
2830 2830
2831 4329
2832 2380
2833 3039 3260
2834 4850
2835 4985
2836 3659
2837 3802
2838 4895
2839 3501
2840 4995
2841 4997
2842 3094
2843 2637 3501 4160 4243
2844 4400
2845 4926
2846 4791
2847 4470
2848 4836
2849 4542
2850 4044
2851 4601
2852 3023
2853 4593
2854 4542
2855 4543
2856 4895
2857 4724
2858 4329
2859 4543
2860 4871
2861 3833
2862 2163
2863 4975
2864 4848
2865 3834
2866 4909
2867 4605
2868 3620
2869 4892
2870 4994
2871 3952
2872 4139
2873 4607
2874 2334 4033 4846
2875 4609
2876 3820
2877 4776
2878 4667
2879 4495
2880 4516
2881 3039
2882 4994
2883 3016
2884 4986
2885 4620
2886 3708
2887 4605
2888 4545
2889 4316
2890 3424
2891 4205
2892 4979
2893 4147
2894 3260
2895 3956
2896 4996
2897 3664
2898 4864
2899 4432
2900 4477
2901 3834
2902 4612
2903 3006
2904 3202
2905 2905
2906 4982
2907 3036
2908 4942
2909 4960
2910 4277
2911 3021
2912 4839
2913 4114
2914 3738
2915 4329
2916 4151
2917 4607
2918 4565
2919 1951 2380 3384
2920 4147
2921 4310
2922 2922
2923 4928
2924 4612
2925 4703
2926 4593
2927 3802
2928 4243
2929 4890
2930 3655
2931 4994
2932 4971
2933 4456
2934 3068
2935 4951
2936 4316
2937 4978
2938 3741
2939 4996
2940 3742 4994
2941 3275
2942 4375
2943 4876
2944 3938
2945 4928
2946 4523 4928
2947 4205
2948 4957
2949 4565
2950 4993
2951 3990
2952 4942
2953 4871
2954 2334
2955 4960
2956 4746
2957 4835
2958 2958
2959 3252
2960 2029 3834
2961 4809
2962 3834
2963 4950
2964 3006 4858
2965 4139
2966 4892
2967 3829
2968 2922
2969 4139
2970 2706
2971 4612
2972 4658
2973 4985
2974 4077
2975 4614
2976 4863
2977 3252
2978 3484
2979 4885
2980 4569
2981 3484
2982 4985
2983 4173
2984 3476
2985 4593
2986 3859
2987 3079
2988 3476
2989 4420
2990 4878
2991 4371
2992 2992
2993 4077
2994 4078
2995 4979
2996 4909
2997 4868
2998 2958
2999 4470
3000 3583
3001 3786
3002 2019
3003 4911
3004 4703
3005 4942
3006 3006
3007 4369
3008 4871
3009 4470
3010 4982
3011 518 4874
3012 4895
3013 4114
3014 3591
3015 4978
3016 3016
3017 4890
3018 3018
3019 4746
3020 4650
3021 3021
3022 4374
3023 3023
3024 4179
3025 4957
3026 4864
3027 4809
3028 4825
3029 4982
3030 4982
3031 4917
3032 3501
3033 4825
3034 3884
3035 4829
3036 3036
3037 4366
3038 4521
3039 3039
3040 4322
3041 4410
3042 4982
3043 4995
3044 3501
3045 3621
3046 4990
3047 4169
3048 4609
3049 4552
3050 4713
3051 4574
3052 4982
3053 4139
3054 3937
3055 4995
3056 4951
3057 2594
3058 3741
3059 4971
3060 4962
3061 4776
3062 4895
3063 4973
3064 4000
3065 3834
3066 3039
3067 4895
3068 3068
3069 4951
3070 4926
3071 4000
3072 4310
3073 4786
3074 4077
3075 3231
3076 4739
3077 3501
3078 4136
3079 3079
3080 4156
3081 4834
3082 4903
3083 4160
3084 4878
3085 4928
3086 4776
3087 3712
3088 4997
3089 3089
3090 3404
3091 4614
3092 4876
3093 4993
3094 3094
3095 4375
3096 4868
3097 2380 3384
3098 4551
3099 4858
3100 3743
3101 4025
3102 4986
3103 3823
3104 4495
3105 4961
3106 4565
3107 4786
3108 4658
3109 4011
3110 4917
3111 4173
3112 4942
3113 4593
3114 4477
3115 4991
3116 4774
3117 4973
3118 3341
3119 2080
3120 3342
3121 4425
3122 3023
3123 4903
3124 4828
3125 4739 4967
3126 4836
3127 4895
3128 4654 4658
3129 2352
3130 4850 4929
3131 3659
3132 3802
3133 2827
3134 4911
3135 3135 4136
3136 4400
3137 4142
3138 4858
3139 3743
3140 3938
3141 4903
3142 4786
3143 4942
3144 3144
3145 4885
3146 4136
3147 4917
3148 4871
3149 4835
3150 4654
3151 4898
3152 4909
3153 4876
3154 2958
3155 3573 4774
3156 3723
3157 4593
3158 4828
3159 4238
3160 3016 4858
3161 4954
3162 4991
3163 4114
3164 4025
3165 4828
3166 4986
3167 4473
3168 3708
3169 4322
3170 4480
3171 3036
3172 3738
3173 3501
3174 4171
3175 4995
3176 4156
3177 2710
3178 4369
3179 3826
3180 4921
3181 4838
3182 4858
3183 3621
3184 4973
3185 3185
3186 4955
3187 4960
3188 4743
3189 4506
3190 4011
3191 4951
3192 4835
3193 3814
3194 4703
3195 3625
3196 4892
3197 4173 4556
3198 4917
3199 3859
3200 2643
3201 4687
3202 3202
3203 4990
3204 3204
3205 4849
3206 4687
3207 4868
3208 4620
3209 4892
3210 3621
3211 4994
3212 3524
3213 4898
3214 4890
3215 3942
3216 3952
3217 4322
3218 3218
3219 4521
3220 2380 3384
3221 4845
3222 4713
3223 4834
3224 4970
3225 3659
3226 4849
3227 4960
3228 4892
3229 2080
3230 4885
3231 3231
3232 3893
3233 4885
3234 4473
3235 4928
3236 4895
3237 3829
3238 4874
3239 4564
3240 2081
3241 4739
3242 3829
3243 4858
3244 4547
3245 4569
3246 4400
3247 4136
3248 4171
3249 4903
3250 2334
3251 4667
3252 3252
3253 2958
3254 4174
3255 3255
3256 4967
3257 3893
3258 2437
3259 4864
3260 3260
3261 4898
3262 4985
3263 3342
3264 3967
3265 3524
3266 2637
3267 4545
3268 4909
3269 3269
3270 4543
3271 4512
3272 3272
3273 4743
3274 4477
3275 3275
3276 4360
3277 4871
3278 4903
3279 4743
3280 4542 4758
3281 4545
3282 4262
3283 4746
3284 3834
3285 4139
3286 4480
3287 3659
3288 3976
3289 4987
3290 4895
3291 1990
3292 4928
3293 4025
3294 4564
3295 3937
3296 4739
3297 4839
3298 3275
3299 2461
3300 2677
3301 4556
3302 3252
3303 4786
3304 4967
3305 4839
3306 4991
3307 3937
3308 4828
3309 518 2316 3501 4481
3310 4876
3311 4205
3312 3573
3313 3313
3314 4898
3315 4828
3316 3316
3317 4192
3318 3039 4978
3319 4528
3320 4991
3321 4997
3322 3829
3323 3712
3324 4605
3325 4739
3326 1025
3327 4892
3328 4848
3329 4375
3330 4967
3331 4480
3332 4903
3333 2677 4612
3334 4574
3335 3348
3336 4926
3337 4189
3338 4858
3339 4506
3340 4995
3341 3341
3342 3342
3343 4585
3344 3344
3345 3664
3346 4612 4765
3347 3942
3348 3348
3349 4911
3350 4078
3351 4336 4774
3352 4986
3353 4479
3354 4650
3355 4310
3356 4739
3357 4788
3358 4917
3359 4758 4765
3360 4521
3361 3275
3362 2673
3363 4986
3364 4961
3365 4890
3366 4169 4480
3367 4374
3368 4189
3369 4636
3370 4420
3371 4891
3372 4459
3373 3373
3374 4477
3375 4406
3376 3956
3377 4765 4788
3378 4564
3379 3937
3380 4846
3381 3404
3382 3961
3383 4868
3384 3384
3385 3967
3386 4758
3387 3501 4957
3388 3260
3389 4754
3390 4658
3391 4156
3392 4618
3393 3976
3394 3269 4453
3395 4564
3396 4033
3397 4650
3398 3398
3399 4316
3400 4364
3401 4996
3402 4574
3403 3403
3404 3404
3405 4739
3406 4743
3407 2958
3408 3016
3409 4160
3410 4078
3411 4962
3412 4960
3413 3413
3414 4776
3415 4481
3416 4996
3417 4878
3418 4917
3419 4839
3420 4991
3421 4846
3422 4746 4849 4993
3423 3829
3424 3424
3425 4169
3426 4892
3427 4993
3428 4900
3429 3659
3430 4000
3431 3826
3432 4238
3433 4545
3434 4991
3435 4523
3436 4868
3437 4848
3438 4263
3439 4891
3440 3744
3441 4942
3442 4262
3443 3204
3444 2815 4846 4971
3445 4620
3446 2922
3447 4521
3448 4781
3449 4033
3450 4612
3451 4453
3452 4850
3453 3632 4192 4997
3454 4277
3455 3344
3456 4967
3457 4878
3458 4375
3459 3659
3460 4263
3461 3583
3462 4951
3463 4614
3464 3829 4658 4961
3465 4189
3466 4929
3467 4316
3468 4713
3469 4329
3470 4109 4854 4895
3471 4618
3472 4243
3473 4713
3474 4322
3475 4173 4746 4892
3476 3476
3477 4960
3478 3204
3479 4746
3480 4858
3481 4658
3482 3938
3483 3483
3484 3484
3485 4979
3486 4151 4238 4780
3487 4858
3488 4985
3489 4410
3490 4565
3491 4928
3492 4547
3493 4320
3494 4569
3495 4892
3496 3260
3497 4556
3498 4987
3499 4848
3500 4890
3501 3501
3502 4928
3503 4406
3504 4569
3505 3505
3506 4713
3507 2293 4909
3508 4890
3509 4849
3510 4898
3511 4950
3512 3269 3413 4000 4996
3513 4425
3514 1179 3079 4994 4996
3515 4942
3516 4995
3517 4371
3518 4839
3519 4612
3520 4854
3521 4514
3522 3961
3523 4470
3524 3524
3525 4238
3526 4156
3527 4739
3528 4991
3529 3484
3530 4849
3531 4310
3532 3976 4849 4858
3533 3712
3534 3942
3535 4366
3536 3260
3537 4990
3538 4512
3539 4978
3540 4917
3541 3068 4375 4774
3542 4459
3543 4895
3544 4892
3545 4552
3546 3403 3632 4713
3547 4174
3548 4898
3549 4593
3550 4928
3551 4890
3552 4607
3553 4607
3554 3741
3555 3915
3556 4151 4329 4545
3557 3021
3558 3316
3559 4835
3560 3413
3561 4979
3562 4791
3563 4025
3564 4829
3565 4316
3566 4543 4878 4995
3567 4900
3568 4951
3569 4136
3570 4547
3571 4835
3572 4955
3573 3573
3574 4189
3575 3723
3576 4996
3577 4876
3578 4547
3579 4169
3580 1025 4900
3581 4636
3582 4900
3583 3583
3584 4903
3585 4829
3586 4601
3587 4565
3588 4173
3589 4975
3590 4360 4516 4713
3591 3591
3592 4962
3593 4786
3594 4160 4658 4961
3595 4033
3596 4173
3597 4957
3598 4845
3599 3599
3600 4788
3601 4173 4539 4993
3602 4971
3603 1179
3604 4774
3605 4900
3606 4614
3607 3829
3608 4876
3609 4336
3610 4147 4410 4957 4994
3611 4781
3612 3952
3613 4986
3614 3023
3615 4551
3616 4838
3617 4982
3618 4961
3619 2589
3620 3620
3621 3621
3622 4192 4539 4990
3623 3623
3624 4400 4612 4713
3625 3625
3626 4960
3627 4868
3628 4863
3629 4926
3630 4179
3631 4539
3632 3632
3633 4477
3634 4605
3635 4780
3636 4950
3637 4970
3638 4169
3639 4900
3640 3089
3641 4636
3642 4995
3643 3424
3644 4601
3645 4985
3646 4909
3647 3834 4173 4612 4654
3648 4547
3649 4951
3650 4970
3651 3344
3652 4609
3653 4687
3654 4788
3655 3655
3656 4432
3657 4114
3658 3742
3659 3659
3660 4114
3661 3398
3662 4991
3663 3664 4336 4539
3664 3664
3665 4838
3666 4151 4926 4961 4962 4967
3667 2213 4477 4829 4835
3668 4262
3669 4929
3670 4171
3671 4838
3672 4173
3673 4845
3674 1179 4605 4979 4993
3675 4985
3676 4836
3677 4903
3678 2334 4205 4585 4821
3679 4774
3680 4539
3681 4909
3682 3961
3683 4743
3684 4836
3685 1491 2706 4565 4926
3686 4874
3687 4585
3688 4000
3689 4516
3690 4322
3691 4849
3692 4961
3693 4189
3694 4990
3695 4156
3696 3483
3697 3018
3698 3341 4192 4839
3699 4470
3700 4528
3701 4791
3702 3016 4854
3703 4192 4539 4614 4667
3704 4406
3705 4000
3706 2815 4885 4967
3707 4574
3708 3708
3709 4521
3710 4868
3711 3591
3712 3712
3713 3524
3714 3591 3915 4543 4846
3715 4601
3716 4477
3717 4900
3718 4179
3719 4994
3720 4375
3721 4825
3722 4917
3723 3723
3724 4900
3725 4174
3726 4951
3727 3342
3728 4453
3729 3039
3730 4995
3731 4636
3732 4605
3733 4147
3734 3021 4025 4101 4780
3735 4453
3736 3231
3737 4834
3738 3738
3739 3891
3740 4336
3741 3741
3742 3742
3743 3743
3744 3744
3745 4189
3746 4874
3747 4523
3748 4960
3749 4564
3750 4336
3751 4574
3752 4114
3753 3655
3754 4243
3755 4618
3756 3505 3664 4139 4854
3757 4758
3758 4243
3759 2486
3760 4825
3761 4262 4369 4891
3762 4746
3763 4926
3764 4921
3765 4957
3766 4459
3767 4556
3768 3094
3769 4878
3770 3976
3771 3712
3772 4971
3773 4620
3774 4786
3775 4400 4480 4746 4874 4979
3776 4173
3777 4650
3778 4192
3779 4876
3780 4863
3781 4101
3782 4173
3783 4854
3784 4364
3785 3937 4528 4556 4743 4997
3786 3786
3787 4996
3788 4951
3789 4565
3790 4605
3791 4874
3792 4954
3793 3891
3794 4174
3795 4885
3796 4543 4654 4917 4967
3797 4320
3798 4724
3799 3483
3800 3743 4151 4179 4316
3801 4993
3802 3802
3803 3952
3804 4926
3805 4967
3806 4970
3807 4174 4316 4528 4565 4791
3808 4864
3809 3952
3810 4942
3811 4703
3812 4996
3813 3786 4850 4929 4950
3814 3814
3815 4459
3816 4828
3817 4970
3818 4636
3819 3823
3820 3820
3821 4765
3822 4432
3823 3823
3824 4848
3825 2706
3826 3826
3827 3659
3828 4687
3829 3829
3830 4470
3831 4336
3832 4477
3833 3833
3834 3834
3835 4954
3836 4781
3837 4957
3838 4565
3839 3833
3840 3820 4900 4909
3841 4929
3842 4942
3843 4528
3844 4066
3845 4973
3846 4885
3847 4371
3848 4911
3849 4990
3850 4911
3851 4990
3852 4878
3853 4556
3854 4453
3855 4360
3856 4996
3857 3937
3858 4942
3859 3859
3860 4846 4850 4971 4997
3861 4192
3862 4829
3863 4898
3864 4238
3865 4982
3866 4322
3867 4900
3868 4858
3869 4917
3870 2240 3870
3871 4950
3872 4776
3873 4521
3874 2643 4542 4765
3875 4263
3876 2437 4406 4754 4839 4921
3877 4607
3878 4848
3879 4539
3880 4142 4277 4743 4848
3881 2080
3882 4878
3883 4942
3884 3884
3885 3260
3886 4825
3887 2643
3888 4230
3889 2589 4043 4371 4890
3890 4971
3891 3891
3892 4746
3893 3893
3894 4543
3895 2163 3961 4156 4845
3896 4990
3897 3961
3898 3961
3899 4962
3900 4173
3901 4954
3902 4758
3903 3094 3404 4891 4987 4990
3904 4994
3905 4950
3906 4995
3907 4954
3908 4962
3909 3089 3802 4230 4521 4821 4895
3910 4838
3911 2461
3912 4758
3913 4713
3914 3915
3915 3915
3916 4169
3917 4156
3918 3723
3919 4903
3920 4986
3921 4978
3922 4654
3923 4845
3924 4864
3925 4473
3926 4523
3927 4514
3928 4066
3929 4986
3930 4786
3931 4724
3932 4025
3933 4360
3934 4885
3935 4754
3936 4858
3937 3937
3938 3938
3939 4364
3940 4900
3941 3967
3942 3942
3943 4898
3944 4786
3945 4543
3946 3738
3947 1298
3948 2958
3949 4585
3950 4868
3951 3144
3952 3952
3953 4971
3954 3341
3955 4667
3956 3956
3957 4400
3958 1025 1990 4607 4926 4929 4955
3959 4539
3960 3802
3961 3961
3962 4425
3963 4890
3964 3976
3965 3231 3316 3742 4854 4874
3966 4986
3967 3967
3968 4654
3969 4994
3970 4667
3971 4425
3972 4891
3973 4243
3974 4569
3975 4987
3976 3976
3977 4828
3978 4909
3979 4375
3980 4975
3981 4774
3982 4928
3983 4885
3984 4243
3985 4825
3986 4609
3987 4962
3988 3956
3989 4456
3990 3990
3991 4854
3992 4995
3993 4986
3994 4456
3995 4746
3996 3583
3997 4585
3998 4863
3999 4551
4000 4000
4001 2958 3738 4868 4951 4987
4002 1298 4101 4574 4825
4003 4900
4004 4453
4005 3712
4006 3476
4007 4569
4008 4950
4009 2637 3823 4366 4459 4658 4986
4010 4985
4011 4011
4012 2022
4013 4169
4014 3403 4277 4364 4551 4950
4015 4607 4620 4846 4898 4990
4016 4174
4017 3664
4018 1951 2380 3384
4019 4156
4020 4547
4021 4874
4022 4942
4023 4189
4024 4900
4025 4025
4026 4973
4027 3712 4044 4369 4420
4028 4614
4029 4774
4030 3344
4031 4967
4032 4850
4033 4033
4034 4375
4035 4957
4036 4834
4037 4171
4038 4179
4039 4809
4040 3036
4041 4743
4042 4954
4043 4043
4044 4044
4045 4547
4046 4601
4047 4903
4048 4585
4049 4929
4050 4136
4051 4942
4052 4970
4053 4746
4054 2958
4055 4432
4056 4996
4057 4545 4713 4898 4957
4058 4174
4059 3583
4060 4809
4061 4876
4062 4473
4063 4420
4064 4990
4065 4928
4066 4066
4067 2219 3820 4605 4781 4791 4960
4068 4845
4069 4868
4070 4858
4071 4724
4072 4973
4073 4828
4074 4601
4075 3891
4076 4174
4077 4077
4078 4078
4079 4360
4080 4238
4081 4846
4082 4970
4083 4911
4084 3255
4085 4993 4994
4086 4971
4087 4975
4088 4990
4089 4336 4836 4863
4090 4854
4091 4044
4092 4780
4093 3632
4094 4238
4095 4369
4096 4547
4097 4993
4098 4480
4099 4066
4100 3659
4101 4101
4102 4703
4103 3829
4104 4044
4105 4774
4106 4987
4107 4780
4108 4746
4109 4109
4110 4101
4111 4774
4112 4470
4113 4564
4114 4114
4115 3967
4116 4371
4117 4986
4118 4828
4119 4957
4120 4160
4121 4420
4122 4552
4123 4829
4124 4970
4125 2922 3741 3870 4230 4973
4126 3344
4127 2673 4791 4846 4929 4967
4128 4521
4129 4835
4130 4543
4131 4858
4132 4481 4781 4878
4133 4425
4134 4849
4135 4724 4878
4136 4136
4137 4926
4138 4854
4139 4139
4140 2029
4141 3741 3744 3834 4543 4607 4955
4142 4142
4143 4169 4528 4839 4868
4144 4876
4145 3135 3599 4523 4574 4890 4955
4146 4955
4147 4147
4148 4025
4149 4781
4150 4834 4994
4151 4151
4152 4173
4153 4360
4154 4453
4155 4885
4156 4156
4157 4776
4158 4364 4713 4781 4828 4874 4993
4159 4991
4160 4160
4161 4512
4162 4724
4163 4329
4164 4821
4165 4547
4166 4618
4167 4928
4168 4650
4169 4169
4170 4986
4171 4171
4172 4528
4173 4173
4174 4174
4175 4043
4176 4993
4177 3269 4885 4971
4178 4834
4179 4179
4180 4506
4181 4369 4892
4182 2764
4183 4506
4184 4921
4185 4829
4186 4142 4173 4758 4828 4890
4187 4650
4188 4942
4189 4189
4190 4786
4191 4990
4192 4192
4193 4973
4194 4101 4322 4878
4195 4825
4196 4481
4197 2643 3275 3398 4985 4991
4198 3524
4199 4978
4200 4878
4201 2992 4375 4991
4202 4456 4473 4961 4978 4997
4203 4650
4204 4821
4205 4205
4206 4926
4207 4985
4208 4973
4209 4514
4210 4687
4211 4809
4212 4400
4213 4890
4214 4425
4215 4543
4216 4425
4217 4521
4218 4364
4219 4614
4220 4954
4221 4876
4222 4136
4223 3891 4044 4601 4809 4900
4224 3313 4950 4973
4225 4521
4226 4848
4227 4960
4228 4982
4229 4854
4230 4230
4231 4828
4232 4809
4233 4171
4234 4360 4743 4850 4995
4235 4739
4236 4985
4237 2706 4821 4849 4900 4985
4238 4238
4239 4868
4240 4957
4241 4171
4242 4970
4243 4243
4244 4975
4245 3829 4926 4997
4246 4636
4247 4854
4248 4636
4249 4898
4250 4713
4251 4975
4252 4192
4253 4836
4254 4564
4255 4459
4256 4987
4257 4955
4258 3708 4169 4374 4420 4456 4564
4259 4985
4260 4618
4261 4780
4262 4262
4263 4263
4264 4957
4265 4997
4266 4528
4267 4636
4268 4565
4269 4667
4270 4456
4271 4754
4272 4990
4273 4618
4274 4514
4275 4477
4276 4951
4277 4277
4278 1498 3591 3884 4892 4996
4279 4543
4280 4846
4281 4320
4282 4955
4283 4636
4284 4911
4285 4765 4835 4928 4957
4286 3712
4287 4479
4288 4612 4846 4979 4997
4289 4774
4290 3659 3859 4774
4291 3742 4369 4942 4995
4292 4543
4293 4850
4294 3786 4921 4957 4991
4295 4942
4296 4432
4297 4993
4298 3870 4545 4829 4997
4299 4743
4300 2486 4263 4929 4994
4301 4687
4302 4636
4303 4950
4304 4687
4305 4911
4306 4473
4307 3006
4308 4765
4309 4987
4310 4310
4311 4758
4312 4849
4313 4432
4314 2081 4453 4601 4791
4315 4876
4316 4316
4317 2081 3079 3316 4336
4318 4543
4319 4514
4320 4320
4321 4926
4322 4322
4323 4991
4324 4921
4325 4369
4326 4850
4327 2293 2734 4850 4991
4328 4601
4329 4329
4330 4574
4331 4970
4332 4044 4160 4658 4834 4871
4333 4909
4334 4891
4335 4848
4336 4336
4337 4420
4338 4975
4339 4262
4340 4911
4341 2706 4543 4746 4776
4342 4909
4343 4114 4425 4765 4825
4344 4173 4743 4982 4991
4345 4982
4346 4891
4347 4839
4348 1025 3744 4316 4971 4996
4349 4366
4350 4828
4351 4929
4352 4142
4353 4987
4354 4809
4355 4928
4356 4724
4357 4828
4358 4909
4359 3272 4336 4835 4891
4360 4360
4361 4277
4362 3342 4033 4780 4863
4363 4960
4364 4364
4365 3625 4364 4523 4828 4960
4366 4366
4367 4895
4368 3373 4011 4179 4928
4369 4369
4370 4542
4371 4371
4372 4982
4373 4863
4374 4374
4375 4375
4376 4834
4377 4512
4378 4667
4379 4543
4380 3204 3413 3632 4903
4381 4898
4382 4979
4383 4514
4384 4868
4385 4601
4386 4650
4387 4954
4388 4614
4389 4479
4390 4109
4391 4480
4392 4995
4393 4593
4394 4835
4395 4481
4396 4971
4397 4171 4850 4885 4971
4398 4687 4774 4838 4839 4891
4399 4481
4400 4400
4401 4835
4402 4982
4403 4985
4404 1179 3079 4109 4374 4926
4405 4871
4406 4406
4407 4975
4408 4316
4409 4650
4410 4410
4411 4713
4412 4369
4413 3501
4414 4986
4415 4609
4416 4990
4417 4996
4418 4618
4419 4565
4420 4420
4421 4360
4422 4871
4423 4618
4424 4858
4425 4425
4426 4895
4427 4539
4428 4791
4429 4921
4430 4316
4431 4892 4979 4997
4432 4432
4433 3744 4780 4846 4890 4979
4434 3620 4453 4854 4917 4926
4435 4636
4436 4322
4437 4658
4438 4506
4439 4539
4440 4758
4441 4891
4442 4898
4443 4543
4444 4895
4445 4928
4446 4971
4447 4911
4448 4609
4449 4607
4450 4263
4451 4593
4452 4605
4453 4453
4454 4996
4455 4967
4456 4456
4457 4871
4458 3743 4320 4516 4543 4565 4758
4459 4459
4460 2643 4169 4547 4713 4874
4461 2958 3632 4473 4654 4849 4962
4462 4864
4463 4973
4464 4990
4465 4809
4466 4876
4467 4512
4468 3341 3344 4169 4512 4954 4990
4469 4962
4470 4470
4471 4687
4472 4512
4473 4473
4474 2029 4077 4456 4858 4890
4475 3424 4160 4171 4528 4836 4962
4476 4316 4539 4743 4854 4878
4477 4477
4478 4850
4479 4479
4480 4480
4481 4481
4482 4996
4483 4997
4484 4574
4485 4516
4486 4556
4487 4890
4488 2461 3039 4523 4754 4900 4926
4489 4876
4490 4470
4491 4828
4492 4993
4493 3373 4230 4788 4878 4890 4900
4494 4891
4495 4495
4496 4077
4497 4552
4498 4179
4499 4995
4500 4139
4501 4890
4502 3501 4147 4545 4954
4503 4921
4504 4821
4505 2922 3202 4000 4420 4523 4929
4506 4506
4507 4839
4508 4876
4509 3938 4743 4960 4967 4996
4510 3403 3967 4400 4593 4874 4995
4511 4724
4512 4512
4513 3915 4542 4858 4955 4970
4514 4514
4515 1498 4033 4147 4876 4878 4995
4516 4516
4517 4838
4518 4044 4189 4543 4960 4961
4519 3144 3204 4848 4971
4520 4997
4521 4521
4522 4836
4523 4523
4524 3814 4863 4868 4973 4996
4525 4900
4526 3144 3870 4506 4585 4754
4527 4854
4528 4528
4529 4900
4530 4612
4531 4565
4532 4410 4788 4845 4864 4997
4533 4971
4534 3006 4547 4687 4835 4929 4955
4535 4996
4536 4618
4537 4955
4538 4960
4539 4539
4540 4774
4541 4973
4542 4542
4543 4543
4544 4854
4545 4545
4546 4996
4547 4547
4548 4791
4549 4310
4550 4986
4551 4551
4552 4552
4553 4776
4554 4954
4555 3144 3583 3976 4564 4605 4724
4556 4556
4557 2677 3021 4371 4542 4885
4558 4960
4559 4836
4560 4791
4561 4854
4562 4986
4563 3018 3483 4481 4650 4962
4564 4564
4565 4565
4566 4834
4567 4978
4568 4506 4556 4845 4967 4987
4569 4569
4570 4957
4571 4995
4572 4551
4573 4514
4574 4574
4575 4835
4576 3135 3620 3976 4322 4739 4991
4577 4774
4578 4895
4579 3483 3859 4829 4900 4954
4580 4979
4581 3344 3742 4179 4848 4997
4582 4876
4583 4724
4584 4845
4585 4585
4586 3742
4587 4967
4588 3524 4364 4900 4950 4970
4589 4967
4590 4687
4591 4911
4592 4993
4593 4593
4594 4973
4595 4954
4596 4743
4597 4926
4598 4835
4599 4612
4600 4863
4601 4601
4602 4903
4603 4892
4604 4962
4605 4605
4606 4895
4607 4607
4608 4667
4609 4609
4610 4601
4611 4839
4612 4612
4613 4850
4614 4614
4615 4743
4616 4834
4617 4781
4618 4618
4619 4892
4620 4620
4621 4658
4622 3021 4845 4846 4903 4957
4623 4994
4624 4891
4625 4078 4336 4375 4724 4849 4957
4626 4834
4627 4758
4628 4846
4629 4845
4630 4277 4612 4849 4967 4987
4631 4982
4632 2174 2905 3398 4620 4846
4633 2174 3573 4654 4836 4921
4634 4955
4635 4960
4636 4636
4637 4858
4638 4911
4639 4835
4640 4547
4641 4746
4642 4954
4643 4713
4644 4620
4645 4025 4192 4551 4609 4739
4646 4962
4647 3659 4470 4523 4528 4687
4648 4898
4649 3413 4871 4900 4954 4987
4650 4650
4651 4605
4652 4962
4653 3342 3990 4703 4962 4978
4654 4654
4655 4809
4656 4995
4657 4982
4658 4658
4659 4724
4660 4547
4661 4982
4662 4858
4663 4990
4664 4743
4665 4973
4666 4986
4667 4667
4668 4985
4669 4951
4670 4921
4671 4892
4672 4975
4673 4973
4674 3252 4066 4564 4776 4858 4864
4675 4962
4676 4754
4677 2019 2081 4329 4425 4459 4470
4678 4990
4679 4846
4680 4892
4681 4979
4682 4836
4683 4975
4684 2594 4360 4366 4543 4618 4960
4685 4863
4686 4746
4687 4687
4688 1491 3967 4780 4839
4689 3006 4238 4776 4891 4987
4690 4821
4691 4776
4692 1556 3036 3039 3524 4593 4951
4693 4898
4694 4838
4695 4898
4696 4743
4697 4743
4698 4874
4699 4986
4700 4982
4701 4926
4702 3484 3620 4320 4713 4961 4975
4703 4703
4704 4839
4705 4876
4706 2922 3859 4506 4781 4868 4878
4707 4967
4708 4995
4709 4743
4710 4921
4711 4971
4712 3231 3708 3961 4791 4828 4903
4713 4713
4714 4900
4715 4957
4716 4942
4717 4375 4569 4839 4891 4909 4967
4718 4000 4033 4477 4871 4957
4719 4973
4720 4985
4721 4891
4722 4960
4723 4987
4724 4724
4725 4828
4726 4845
4727 2334 4477 4618 4825 4845 4962
4728 4955
4729 4821
4730 4997
4731 4954
4732 4909
4733 4891
4734 4838
4735 4420 4609 4758 4829 4849 4876
4736 4895
4737 4921
4738 4898
4739 4739
4740 4979
4741 4991
4742 4000 4147 4512 4569 4848 4891
4743 4743
4744 4834
4745 4929
4746 4746
4747 4909
4748 4970
4749 4911
4750 4791 4839 4854 4993
4751 4993
4752 4955
4753 4846
4754 4754
4755 4780
4756 4854
4757 4821
4758 4758
4759 4978
4760 4993
4761 4987
4762 4825
4763 4765
4764 3744 4542 4858 4960 4971 4986
4765 4765
4766 4960
4767 3741 3786 4329 4791 4921
4768 4987
4769 4838
4770 4892
4771 4878
4772 4713
4773 4954
4774 4774
4775 1638 2293 3316 3524 4890 4950
4776 4776
4777 2213 4114 4746 4951 4955 4962
4778 4900
4779 4891
4780 4780
4781 4781
4782 4928
4783 2219 2594 4156 4854 4868
4784 4874
4785 4828
4786 4786
4787 4978
4788 4788
4789 4909
4790 4982
4791 4791
4792 4829
4793 4858
4794 4834
4795 4900
4796 4863
4797 4967
4798 4858
4799 4845
4800 4809
4801 4743
4802 4868
4803 4854
4804 4836
4805 4142 4607 4703 4854 4885 4890
4806 4955
4807 4911
4808 4996
4809 4809
4810 4863
4811 4846
4812 2764 4136 4366 4849 4975 4997
4813 4951
4814 4928
4815 4885
4816 4975
4817 4982
4818 4942
4819 4970
4820 4928
4821 4821
4822 4850
4823 4987
4824 4967
4825 4825
4826 4077 4078 4539 4929 4950
4827 4917
4828 4828
4829 4829
4830 4997
4831 4838
4832 3938 4011 4277 4834 4978 4979
4833 4987
4834 4834
4835 4835
4836 4836
4837 4890
4838 4838
4839 4839
4840 4942
4841 4990
4842 4929
4843 4973
4844 4987
4845 4845
4846 4846
4847 2038 2922 4169 4838 4975 4985
4848 4848
4849 4849
4850 4850
4851 4955
4852 4903
4853 4994
4854 4854
4855 4995
4856 4997
4857 4967
4858 4858
4859 3823 3915 4858 4876 4970 4986
4860 4950
4861 4961
4862 4871
4863 4863
4864 4864
4865 4997
4866 4955
4867 2029 3712 3884 4552 4986 4994
4868 4868
4869 3859 4147 4173 4262 4765 4961
4870 4909
4871 4871
4872 4011 4025 4142 4263 4277 4574
4873 4970
4874 4874
4875 4109 4523 4885 4960 4995
4876 4876
4877 4891
4878 4878
4879 3018 4481 4618 4903 4960 4978
4880 4858
4881 3476 4552 4780 4890 4891 4986
4882 4951
4883 3255 4078 4845 4849 4950 4957
4884 4967
4885 4885
4886 4950
4887 1298 2437 4614 4746 4754 4890
4888 4985
4889 4970
4890 4890
4891 4891
4892 4892
4893 3218 3348 4791 4864 4962 4986
4894 4986
4895 4895
4896 4954
4897 4985
4898 4898
4899 3313 4000 4033 4607 4776 4809
4900 4900
4901 2830 3655 3870 4876 4917 4982
4902 4310 4495 4585 4687 4951 4997
4903 4903
4904 4986
4905 4967
4906 4928
4907 4926
4908 4986
4909 4909
4910 4985
4911 4911
4912 4909
4913 4973
4914 4978
4915 3348 4420 4928 4975 4991 4993
4916 4971
4917 4917
4918 3218 3664 4369 4574 4687 4994
4919 4942
4920 4926
4921 4921
4922 4993
4923 4982
4924 2922 4480 4516 4585 4788 4990
4925 3094 3620 4160 4547 4864 4996
4926 4926
4927 4954
4928 4928
4929 4929
4930 4950
4931 4987
4932 4962
4933 3202 4114 4174 4556 4743 4979
4934 4967
4935 2764 3583 4077 4650 4849 4874
4936 4962
4937 4957
4938 4986
4939 4985
4940 2764 3743 3891 4650 4781
4941 4978
4942 4942
4943 4995
4944 4997
4945 3623 3952 4636 4809 4995
4946 4364 4453 4479 4758 4809
4947 4991
4948 4993
4949 3252 4262 4459 4658 4821 4985
4950 4950
4951 4951
4952 4078 4192 4547 4620 4839 4895
4953 3348 4322 4835 4890 4926 4955
4954 4954
4955 4955
4956 3068 3655 4480 4650 4758 4828
4957 4957
4958 4322 4410 4432 4528 4724 4878
4959 3398 4479 4636 4895 4995 4997
4960 4960
4961 4961
4962 4962
4963 4687 4788 4825 4871 4892 4987
4964 3342 4516 4703 4839 4892 4975
4965 4978
4966 4979
4967 4967
4968 4996
4969 3185 3952 4477 4481 4754 4903
4970 4970
4971 4971
4972 2702 3625 4374 4574 4605 4765
4973 4973
4974 3255 3826 4316 4329 4926 4995
4975 4975
4976 3655 3826 3884 4360 4574 4978
4977 4987
4978 4978
4979 4979
4980 2029 4263 4425 4514 4618 4997
4981 3341 4432 4724 4892 4898 4993
4982 4982
4983 3476 4025 4612 4758 4955 4994
4984 4994
4985 4985
4986 4986
4987 4987
4988 4994
4989 4995
4990 4990
4991 4991
4992 4156 4173 4512 4895 4957 4991
4993 4993
4994 4994
4995 4995
4996 4996
4997 4997
4998 3655 3833 4262 4374 4456 4636
4999 3664 4066 4114 4928 4967 4979
5000 4987
