1	115 
2	65 
3	47 
4	15 17 
5	66 
6	66 
7	83 103 
8	16 
9	96 
10	85 
11	12 
12	8 
13	95 102 
14	44 
15	56 
16	90 
17	34 
18	103 
19	90 
20	61 
21	114 
22	88 
23	64 97 
24	27 
25	21 
26	56 
27	6 
28	21 
29	50 
30	24 
31	33 
32	85 
33	79 
34	20 
35	15 
36	57 66 
37	51 
38	35 
39	15 
40	36 
41	83 92 
42	106 
43	20 71 
44	4 
45	67 
46	55 
47	16 
48	108 
49	83 
50	21 
51	53 
52	88 
53	21 
54	112 
55	95 
56	90 
57	104 
58	89 
59	19 
60	46 
61	2 
62	56 
63	103 
64	31 81 
65	83 
66	94 
67	36 
68	62 
69	28 
70	47 
71	56 
72	53 
73	109 
74	1 108 
75	39 
76	34 
77	32 
78	99 
79	58 
80	53 
81	71 
82	44 
83	101 
84	31 
85	16 
86	109 
87	15 19 
88	111 
89	18 
90	56 
91	5 
92	75 
93	27 
94	66 
95	14 
96	103 
97	10 
98	15 
99	85 
100	107 
101	21 
102	65 
103	34 
104	21 
105	45 
106	46 
107	19 
108	4 
109	66 
110	55 
111	50 
112	62 
113	49 
114	45 106 
115	83 
116	23 
117	84 
118	62 
119	13 
120	28 
121	98 
122	19 
123	85 
124	30 
125	38 
126	31 
127	45 
128	35 
129	114 
130	67 
131	50 
132	15 
133	106 
134	53 
135	55 
136	59 
137	45 
138	88 
139	51 
140	37 
141	31 
142	34 
143	66 101 
144	44 
145	58 
146	102 
147	63 
148	71 107 
149	105 
150	61 
151	46 
152	106 
153	44 
154	90 
155	19 
156	40 
157	61 
158	31 
159	46 
160	110 
161	29 
162	22 
163	34 
164	75 
165	92 
166	72 
167	36 
168	107 
169	58 
170	114 
171	26 
172	53 89 
173	84 
174	53 88 
175	59 
176	38 
177	10 
178	8 
179	82 
180	21 
181	97 
182	45 84 
183	102 
184	3 
185	34 
186	90 
187	110 
188	102 
189	38 
190	72 
191	47 
192	95 
193	82 
194	46 
195	109 
196	64 
197	80 
198	41 
199	75 
200	23 
201	30 
202	96 
203	82 
204	4 
205	55 
206	115 
207	85 
208	13 
209	2 
210	32 
211	62 
212	18 
213	3 
214	34 
215	106 
216	13 
217	51 
218	106 
219	44 
220	50 
221	57 
222	50 
223	50 
224	41 
225	100 
226	90 
227	16 
228	2 115 
229	13 
230	55 
231	46 
232	69 
233	35 
234	53 
235	18 
236	88 
237	88 
238	115 
239	13 
240	31 
241	19 
242	90 
243	64 
244	108 
245	97 
246	50 
247	52 
248	3 
249	13 
250	63 
251	13 
252	25 
253	14 22 
254	53 
255	7 
256	104 
257	75 
258	5 
259	92 
260	49 
261	74 
262	87 
263	80 
264	16 
265	105 
266	53 
267	100 
268	72 
269	49 
270	45 
271	76 
272	40 
273	38 
274	72 
275	19 
276	63 
277	15 
278	67 
279	51 
280	99 
281	45 
282	14 15 
283	34 
284	78 
285	71 
286	76 
287	28 
288	114 
289	102 
290	35 
291	115 
292	63 
293	76 
294	83 
295	71 
296	103 
297	54 
298	80 
299	50 
300	63 69 
301	88 
302	50 
303	13 
304	49 
305	93 
306	19 
307	11 
308	82 
309	4 
310	72 
311	38 
312	103 
313	46 
314	56 
315	98 
316	88 
317	46 
318	35 
319	9 
320	80 85 
321	6 
322	14 
323	84 
324	56 
325	32 
326	88 
327	94 
328	3 
329	19 
330	41 
331	55 
332	38 
333	21 
334	44 
335	107 
336	114 
337	80 
338	69 
339	59 
340	102 
341	110 
342	50 
343	97 
344	76 
345	12 
346	70 
347	107 
348	17 
349	17 115 
350	61 
351	43 
352	76 
353	41 
354	11 
355	16 
356	14 
357	45 
358	38 41 
359	74 
360	102 
361	64 89 
362	68 
363	68 112 
364	79 
365	15 
366	43 
367	68 
368	13 
369	30 
370	84 
371	103 
372	77 
373	38 
374	44 
375	2 
376	13 
377	28 
378	110 
379	47 74 
380	38 106 
381	72 
382	78 
383	16 71 
384	65 
385	50 
386	106 
387	10 
388	71 
389	40 
390	1 69 
391	31 
392	79 
393	99 
394	92 112 
395	16 84 
396	115 
397	103 
398	18 
399	13 
400	57 
401	90 
402	46 
403	64 
404	30 
405	71 
406	77 
407	7 85 
408	48 
409	101 
410	75 
411	82 
412	41 
413	93 
414	53 
415	112 
416	115 
417	26 50 
418	30 
419	69 
420	59 
421	6 66 
422	53 74 
423	58 
424	41 
425	94 
426	112 
427	76 
428	69 
429	63 
430	66 
431	113 
432	65 
433	76 
434	45 
435	60 
436	57 
437	10 
438	96 
439	74 
440	17 
441	23 
442	75 
443	21 
444	17 70 
445	75 105 
446	53 
447	50 
448	82 
449	76 
450	25 
451	103 
452	2 57 
453	25 
454	92 
455	63 
456	70 89 
457	90 
458	44 
459	43 
460	45 
461	14 
462	89 
463	99 
464	71 
465	81 84 
466	26 
467	59 
468	56 
469	33 
470	63 
471	11 
472	54 102 
473	72 
474	83 
475	70 
476	87 
477	16 81 
478	19 
479	26 
480	13 
481	13 
482	28 
483	81 
484	57 
485	38 
486	85 
487	69 
488	17 
489	7 
490	19 
491	85 
492	3 
493	84 
494	34 
495	7 74 
496	14 
497	7 
498	27 
499	84 
500	21 
501	72 
502	12 
503	14 
504	4 
505	53 
506	102 
507	55 
508	92 
509	57 
510	44 
511	110 
512	5 
513	30 
514	12 
515	104 
516	36 
517	82 
518	74 
519	33 46 
520	43 
521	114 
522	46 
523	49 
524	103 
525	79 
526	34 
527	2 
528	21 
529	74 
530	71 
531	68 
532	64 
533	53 
534	53 
535	55 
536	5 
537	61 
538	5 
539	86 
540	18 
541	45 
542	23 27 
543	69 
544	43 
545	110 
546	13 
547	64 
548	91 
549	67 
550	18 
551	90 
552	85 
553	35 
554	55 
555	66 
556	101 
557	63 
558	15 
559	21 
560	14 
561	15 
562	46 
563	55 
564	15 
565	30 
566	50 
567	112 
568	38 
569	43 
570	115 
571	55 
572	99 110 
573	43 
574	76 
575	78 
576	57 
577	65 
578	74 
579	106 
580	7 
581	40 
582	103 
583	98 
584	25 26 
585	9 
586	104 
587	72 
588	79 
589	1 
590	72 
591	96 
592	45 66 
593	100 
594	80 
595	46 51 
596	30 
597	37 
598	100 
599	29 
600	56 
601	15 
602	85 
603	53 
604	68 91 
605	80 
606	93 104 
607	37 
608	45 
609	30 
610	102 
611	59 
612	85 
613	84 
614	104 
615	48 
616	9 
617	38 
618	41 
619	77 
620	56 
621	69 
622	44 
623	71 
624	105 
625	34 
626	15 
627	14 
628	76 
629	56 
630	49 
631	29 
632	99 
633	56 
634	5 
635	108 
636	12 
637	46 
638	71 
639	109 
640	16 
641	87 
642	52 
643	22 
644	90 
645	90 
646	34 
647	107 
648	38 
649	109 
650	46 
651	17 46 
652	43 
653	115 
654	9 
655	82 
656	88 
657	64 
658	90 
659	104 
660	90 92 
661	28 
662	107 
663	31 32 
664	71 80 
665	11 
666	108 
667	110 
668	21 
669	58 80 
670	33 
671	43 
672	84 
673	14 
674	82 
675	19 53 
676	57 
677	38 
678	64 
679	56 
680	98 
681	46 
682	11 49 
683	22 
684	105 
685	88 
686	34 
687	2 
688	85 110 
689	11 
690	56 
691	101 
692	95 
693	43 
694	115 
695	13 
696	41 
697	63 
698	51 
699	59 
700	14 
701	79 
702	115 
703	38 
704	93 
705	56 
706	73 
707	44 
708	53 
709	75 
710	69 
711	71 
712	100 
713	38 
714	107 
715	57 
716	80 
717	84 
718	49 
719	28 
720	45 
721	3 
722	82 
723	45 
724	80 
725	4 
726	90 
727	115 
728	53 
729	43 
730	45 90 
731	113 
732	24 
733	92 107 
734	81 
735	13 106 
736	103 
737	52 
738	41 
739	73 
740	55 79 
741	31 
742	61 
743	62 
744	54 68 
745	69 
746	110 
747	61 
748	2 
749	69 
750	36 
751	102 
752	112 
753	58 
754	1 
755	7 
756	31 
757	103 
758	81 
759	21 
760	64 
761	16 
762	15 
763	84 
764	80 
765	113 
766	39 
767	90 
768	107 
769	10 56 
770	55 
771	67 
772	31 
773	35 94 
774	18 
775	28 
776	7 
777	42 
778	103 
779	28 115 
780	38 
781	91 
782	52 
783	67 
784	41 
785	13 
786	77 
787	45 
788	16 
789	23 
790	52 
791	102 
792	26 
793	6 
794	44 59 
795	26 
796	17 34 
797	37 
798	15 
799	39 61 
800	63 
801	72 
802	81 
803	11 
804	115 
805	35 
806	101 
807	12 
808	99 
809	97 
810	45 
811	8 
812	100 
813	23 
814	19 
815	32 
816	75 
817	60 
818	41 
819	113 
820	49 
821	107 
822	32 
823	115 
824	83 
825	45 
826	71 
827	84 
828	45 
829	21 
830	44 
831	2 
832	90 
833	87 
834	66 
835	36 
836	57 
837	91 
838	81 
839	112 
840	38 
841	45 75 
842	84 
843	38 
844	4 
845	15 
846	19 59 
847	57 
848	66 
849	52 
850	22 
851	50 
852	71 
853	78 
854	27 
855	60 
856	40 102 
857	91 
858	38 
859	9 
860	109 
861	112 
862	31 
863	30 
864	14 
865	83 
866	74 
867	66 
868	53 
869	13 35 
870	11 
871	73 
872	37 
873	87 
874	95 
875	56 
876	15 
877	51 
878	32 45 
879	80 
880	39 
881	64 70 
882	88 
883	109 
884	66 
885	31 
886	7 
887	30 
888	45 
889	51 
890	30 107 
891	34 
892	45 
893	44 
894	41 
895	92 
896	11 
897	23 
898	81 
899	72 
900	9 
901	21 
902	91 
903	56 
904	64 
905	21 
906	75 
907	28 
908	1 
909	8 64 
910	30 
911	8 
912	38 
913	21 
914	58 
915	72 
916	83 
917	54 
918	34 
919	21 
920	10 
921	33 
922	85 
923	53 
924	87 
925	29 
926	89 
927	85 
928	60 
929	2 
930	62 
931	91 
932	49 
933	84 
934	102 
935	85 
936	73 
937	19 
938	90 
939	56 
940	96 
941	72 
942	14 
943	17 
944	102 
945	46 
946	14 
947	99 
948	13 
949	13 23 
950	31 
951	23 
952	30 
953	15 
954	24 
955	53 
956	56 
957	79 
958	15 
959	16 
960	15 
961	84 
962	102 
963	15 67 
964	69 115 
965	43 
966	19 
967	73 
968	115 
969	84 
970	45 
971	114 
972	61 
973	61 
974	66 
975	84 
976	54 
977	84 
978	71 
979	71 
980	19 
981	86 
982	2 
983	10 
984	46 
985	19 
986	86 
987	33 
988	4 
989	112 
990	114 
991	41 
992	112 
993	58 
994	56 
995	50 
996	49 
997	8 
998	30 
999	27 
1000	74 
1001	47 
1002	112 
1003	49 
1004	49 
1005	84 
1006	43 
1007	15 
1008	15 
1009	71 
1010	75 
1011	103 
1012	42 
1013	87 
1014	18 
1015	34 
1016	33 
1017	19 
1018	105 
1019	92 
1020	60 
1021	91 
1022	28 
1023	59 67 
1024	23 
1025	30 
1026	42 76 
1027	18 
1028	26 48 
1029	38 43 
1030	54 
1031	19 
1032	20 
1033	55 
1034	55 
1035	87 
1036	18 
1037	43 89 
1038	5 66 
1039	79 
1040	30 43 
1041	32 
1042	27 
1043	58 
1044	6 
1045	64 
1046	46 
1047	99 
1048	41 
1049	23 
1050	107 
1051	98 
1052	31 
1053	17 
1054	56 
1055	79 
1056	15 
1057	63 
1058	103 
1059	102 
1060	102 
1061	83 
1062	42 61 
1063	31 
1064	102 
1065	38 
1066	62 
1067	102 
1068	17 
1069	34 104 
1070	55 
1071	32 
1072	14 
1073	70 115 
1074	72 
1075	103 
1076	6 
1077	11 49 
1078	33 
1079	8 
1080	14 56 
1081	88 
1082	71 
1083	72 
1084	45 
1085	90 
1086	2 
1087	42 
1088	34 108 
1089	65 
1090	107 
1091	72 
1092	85 
1093	41 
1094	95 
1095	53 
1096	85 
1097	15 
1098	63 
1099	73 
1100	115 
1101	92 
1102	50 
1103	106 
1104	71 
1105	71 
1106	64 
1107	43 
1108	66 
1109	90 
1110	30 
1111	81 
1112	8 
1113	88 
1114	72 
1115	110 
1116	31 
1117	55 
1118	64 
1119	84 
1120	99 
1121	17 
1122	47 71 
1123	45 
1124	9 
1125	48 
1126	9 
1127	21 
1128	102 
1129	59 
1130	32 
1131	72 
1132	112 
1133	21 
1134	5 115 
1135	38 
1136	17 
1137	47 
1138	15 
1139	114 
1140	64 
1141	46 
1142	83 
1143	61 
1144	59 
1145	37 
1146	2 
1147	17 
1148	35 
1149	59 
1150	82 
1151	115 
1152	47 
1153	115 
1154	109 
1155	77 
1156	115 
1157	17 
1158	37 
1159	107 
1160	69 
1161	81 
1162	72 
1163	21 
1164	30 
1165	60 
1166	30 
1167	74 
1168	37 
1169	101 
1170	80 
1171	10 
1172	56 105 
1173	84 
1174	110 
1175	45 
1176	52 
1177	84 
1178	7 79 
1179	85 
1180	113 
1181	66 
1182	46 
1183	106 
1184	33 
1185	69 
1186	34 
1187	60 
1188	14 
1189	8 
1190	14 
1191	75 
1192	49 
1193	60 
1194	44 47 
1195	59 
1196	19 
1197	44 
1198	100 
1199	8 
1200	2 
1201	62 
1202	114 
1203	26 
1204	104 
1205	36 
1206	31 
1207	101 
1208	21 
1209	82 
1210	45 
1211	83 
1212	91 
1213	33 
1214	56 57 
1215	35 
1216	101 
1217	38 
1218	97 
1219	111 
1220	13 
1221	7 55 
1222	34 
1223	32 
1224	102 
1225	107 
1226	60 
1227	112 
1228	106 
1229	35 
1230	69 
1231	30 
1232	13 
1233	110 
1234	31 
1235	18 
1236	21 
1237	87 
1238	7 
1239	69 
1240	44 
1241	66 
1242	49 
1243	46 
1244	86 
1245	43 94 
1246	60 
1247	32 
1248	42 
1249	31 
1250	58 
1251	7 
1252	85 
1253	50 
1254	50 
1255	90 
1256	24 57 
1257	12 
1258	80 
1259	65 84 
1260	16 
1261	92 
1262	60 
1263	38 
1264	85 
1265	79 
1266	30 80 
1267	51 
1268	95 
1269	22 89 
1270	67 
1271	12 
1272	80 
1273	114 
1274	97 
1275	106 
1276	53 
1277	85 
1278	31 
1279	9 
1280	73 
1281	71 
1282	53 
1283	13 
1284	16 
1285	83 
1286	83 
1287	87 
1288	82 
1289	43 
1290	91 
1291	43 
1292	26 
1293	56 
1294	17 
1295	50 
1296	1 
1297	8 
1298	51 
1299	72 
1300	86 
1301	2 
1302	53 
1303	24 
1304	17 
1305	84 
1306	82 
1307	17 
1308	32 
1309	102 
1310	115 
1311	42 
1312	78 
1313	78 
1314	51 
1315	21 
1316	72 
1317	18 
1318	113 
1319	74 
1320	91 
1321	48 92 
1322	74 
1323	109 
1324	35 
1325	100 
1326	8 
1327	95 
1328	66 
1329	24 
1330	38 61 
1331	20 
1332	53 
1333	79 
1334	39 
1335	77 
1336	56 
1337	11 70 
1338	72 
1339	38 
1340	2 
1341	102 
1342	9 
1343	51 87 
1344	38 
1345	46 
1346	3 
1347	68 
1348	66 
1349	89 
1350	20 
1351	73 
1352	69 
1353	89 
1354	5 39 
1355	61 
1356	19 
1357	43 
1358	64 
1359	37 
1360	102 
1361	21 
1362	22 
1363	46 
1364	72 
1365	49 
1366	51 
1367	90 
1368	30 
1369	92 
1370	82 
1371	28 
1372	103 
1373	2 
1374	50 
1375	17 89 
1376	84 
1377	54 
1378	7 
1379	57 
1380	64 
1381	23 
1382	112 
1383	109 
1384	17 
1385	14 
1386	43 
1387	82 
1388	85 
1389	13 
1390	13 83 
1391	55 
1392	61 
1393	35 
1394	84 
1395	62 
1396	102 
1397	92 
1398	4 
1399	60 
1400	53 
1401	21 51 
1402	100 
1403	6 
1404	17 
1405	9 
1406	34 
1407	46 
1408	13 
1409	50 63 
1410	71 105 
1411	60 
1412	34 
1413	94 
1414	33 
1415	6 115 
1416	105 
1417	105 
1418	50 
1419	109 
1420	1 
1421	34 
1422	115 
1423	61 
1424	38 
1425	63 
1426	28 52 
1427	55 
1428	1 
1429	44 
1430	61 
1431	102 
1432	67 
1433	102 
1434	65 
1435	11 
1436	84 
1437	56 
1438	60 
1439	14 
1440	71 
1441	107 
1442	66 
1443	38 
1444	59 
1445	90 
1446	53 
1447	98 
1448	107 
1449	17 55 
1450	38 
1451	109 
1452	68 
1453	66 71 
1454	38 
1455	93 
1456	30 
1457	115 
1458	46 
1459	45 
1460	80 
1461	38 
1462	11 
1463	19 
1464	71 
1465	68 77 
1466	29 
1467	15 56 
1468	98 
1469	55 
1470	14 
1471	46 
1472	6 
1473	40 
1474	41 
1475	25 
1476	16 
1477	55 
1478	46 108 
1479	80 
1480	87 
1481	112 
1482	21 82 
1483	28 
1484	7 
1485	7 
1486	48 
1487	7 
1488	74 
1489	105 
1490	102 
1491	72 
1492	101 
1493	38 
1494	75 
1495	14 
1496	19 
1497	71 
1498	66 
1499	44 
1500	42 113 
1501	112 
1502	112 
1503	16 
1504	109 
1505	89 
1506	59 85 
1507	80 
1508	21 
1509	78 
1510	21 
1511	74 
1512	4 
1513	80 
1514	88 
1515	22 
1516	53 
1517	106 
1518	55 
1519	81 
1520	21 
1521	45 
1522	83 
1523	63 
1524	71 
1525	24 
1526	47 58 
1527	3 
1528	37 
1529	26 
1530	58 
1531	75 
1532	45 
1533	110 
1534	104 
1535	82 
1536	21 
1537	32 
1538	52 
1539	82 
1540	43 
1541	7 
1542	43 
1543	102 
1544	44 105 
1545	56 
1546	72 
1547	77 
1548	78 
1549	98 
1550	55 
1551	112 
1552	110 
1553	33 
1554	13 
1555	69 112 
1556	80 
1557	55 97 
1558	70 
1559	38 
1560	95 
1561	45 
1562	35 
1563	21 
1564	78 
1565	71 
1566	14 
1567	45 
1568	53 
1569	55 
1570	63 
1571	5 
1572	9 
1573	16 
1574	60 
1575	100 
1576	48 
1577	115 
1578	31 
1579	66 
1580	71 
1581	60 66 
1582	85 
1583	32 
1584	75 
1585	80 
1586	28 
1587	72 
1588	25 
1589	86 
1590	26 
1591	71 
1592	84 
1593	86 
1594	39 
1595	70 
1596	35 88 
1597	33 112 
1598	38 
1599	11 
1600	32 77 
1601	52 
1602	64 
1603	49 
1604	35 
1605	110 
1606	26 97 
1607	95 
1608	28 
1609	64 
1610	90 
1611	56 
1612	84 
1613	71 
1614	63 
1615	85 
1616	79 84 
1617	10 
1618	61 
1619	107 
1620	70 
1621	103 
1622	104 
1623	25 
1624	13 
1625	19 61 
1626	60 
1627	15 
1628	93 
1629	103 
1630	107 
1631	110 
1632	15 
1633	20 
1634	86 
1635	14 
1636	68 
1637	69 
1638	52 
1639	11 
1640	33 
1641	5 
1642	43 79 
1643	115 
1644	30 38 
1645	21 
1646	15 
1647	105 
1648	13 
1649	26 
1650	47 
1651	99 
1652	43 83 
1653	110 
1654	38 
1655	45 
1656	112 
1657	7 
1658	34 
1659	18 76 
1660	30 
1661	46 
1662	42 
1663	10 
1664	46 
1665	55 
1666	66 
1667	70 109 
1668	49 
1669	80 
1670	67 110 
1671	18 
1672	34 
1673	101 
1674	98 
1675	3 
1676	106 
1677	13 
1678	110 
1679	1 
1680	83 
1681	72 
1682	83 
1683	55 
1684	98 
1685	56 
1686	65 
1687	22 
1688	60 
1689	45 
1690	110 
1691	34 
1692	16 
1693	83 
1694	32 
1695	98 
1696	28 
1697	49 
1698	50 
1699	30 
1700	72 
1701	92 
1702	73 
1703	101 
1704	111 
1705	5 82 
1706	31 
1707	29 
1708	80 87 
1709	52 
1710	30 57 
1711	31 
1712	90 
1713	77 
1714	70 
1715	83 
1716	14 
1717	88 
1718	32 
1719	34 
1720	35 
1721	85 
1722	16 72 
1723	16 
1724	17 71 
1725	49 
1726	44 
1727	44 
1728	55 
1729	17 
1730	93 
1731	69 
1732	48 
1733	15 
1734	31 
1735	15 
1736	10 
1737	19 
1738	69 
1739	55 
1740	61 
1741	3 
1742	11 35 
1743	52 
1744	31 
1745	90 
1746	67 
1747	113 
1748	6 
1749	81 
1750	100 
1751	101 
1752	11 
1753	13 
1754	53 57 
1755	53 
1756	84 
1757	102 
1758	33 57 
1759	38 
1760	75 
1761	81 
1762	85 
1763	89 
1764	31 
1765	61 
1766	15 
1767	16 18 
1768	16 
1769	59 
1770	55 83 
1771	31 
1772	62 
1773	67 
1774	33 70 
1775	58 
1776	110 
1777	97 
1778	106 
1779	53 79 
1780	95 
1781	63 
1782	75 
1783	109 
1784	66 
1785	12 
1786	99 
1787	89 
1788	87 90 
1789	37 
1790	79 
1791	58 
1792	94 
1793	112 
1794	87 
1795	67 
1796	76 
1797	100 
1798	52 90 
1799	8 
1800	114 
1801	56 
1802	50 92 
1803	64 77 
1804	14 
1805	71 
1806	85 98 
1807	16 
1808	38 
1809	103 
1810	71 
1811	13 46 
1812	103 
1813	37 
1814	27 
1815	1 54 
1816	91 
1817	37 56 
1818	21 82 
1819	74 81 
1820	56 
1821	34 
1822	85 
1823	89 
1824	46 
1825	31 
1826	51 112 
1827	31 104 
1828	45 
1829	18 
1830	24 
1831	104 
1832	112 
1833	45 
1834	63 
1835	113 
1836	21 
1837	50 
1838	8 
1839	19 
1840	75 
1841	107 
1842	13 105 
1843	29 
1844	107 
1845	29 
1846	40 
1847	107 
1848	115 
1849	70 
1850	58 
1851	22 
1852	44 
1853	51 
1854	85 
1855	53 
1856	53 
1857	109 
1858	13 
1859	106 
1860	52 
1861	82 
1862	81 
1863	31 
1864	112 
1865	76 
1866	62 
1867	38 
1868	14 
1869	15 
1870	56 
1871	85 
1872	80 
1873	84 
1874	59 
1875	35 
1876	105 
1877	51 
1878	76 
1879	112 
1880	44 
1881	83 
1882	88 
1883	93 
1884	107 
1885	74 
1886	53 61 
1887	35 
1888	58 
1889	93 
1890	112 
1891	67 
1892	44 64 
1893	91 
1894	110 
1895	41 
1896	93 
1897	84 
1898	107 
1899	53 
1900	12 
1901	71 
1902	52 
1903	53 
1904	30 
1905	1 
1906	51 
1907	19 
1908	29 
1909	111 
1910	69 
1911	69 
1912	30 
1913	39 
1914	48 
1915	107 
1916	26 
1917	107 
1918	105 
1919	10 
1920	85 
1921	10 
1922	28 
1923	61 
1924	112 
1925	50 
1926	21 
1927	58 
1928	21 
1929	115 
1930	32 
1931	112 
1932	81 
1933	2 
1934	89 
1935	69 
1936	107 
1937	89 
1938	50 
1939	109 
1940	104 
1941	43 
1942	55 
1943	80 
1944	13 
1945	46 
1946	15 
1947	50 
1948	13 71 
1949	107 
1950	82 
1951	43 
1952	84 
1953	25 33 
1954	52 
1955	102 
1956	76 
1957	79 
1958	63 
1959	4 11 
1960	69 
1961	19 
1962	34 
1963	50 
1964	76 
1965	56 
1966	68 
1967	56 
1968	58 
1969	14 
1970	43 51 
1971	46 
1972	82 
1973	54 
1974	100 
1975	75 
1976	36 103 
1977	115 
1978	81 
1979	29 
1980	114 
1981	30 
1982	19 
1983	72 
1984	84 
1985	1 
1986	13 
1987	46 
1988	76 
1989	11 63 
1990	85 
1991	50 
1992	70 
1993	39 
1994	4 
1995	105 
1996	67 
1997	39 
1998	86 
1999	19 
2000	33 
2001	98 
2002	27 
2003	37 
2004	39 
2005	49 
2006	14 78 
2007	32 
2008	20 
2009	90 
2010	14 104 
2011	30 
2012	19 66 
2013	45 
2014	16 
2015	56 
2016	67 
2017	14 
2018	20 
2019	27 52 
2020	48 
2021	79 
2022	99 
2023	64 
2024	69 
2025	34 46 
2026	84 
2027	93 
2028	55 
2029	15 
2030	7 
2031	45 
2032	14 108 
2033	63 
2034	103 
2035	71 
2036	33 53 
2037	110 
2038	19 
2039	32 
2040	11 
2041	82 
2042	85 89 
2043	46 55 
2044	81 
2045	106 
2046	84 
2047	14 
2048	95 
2049	107 
2050	89 
2051	30 
2052	51 
2053	75 
2054	66 
2055	30 
2056	63 
2057	15 
2058	30 
2059	67 
2060	54 
2061	75 
2062	68 
2063	21 
2064	7 
2065	114 
2066	61 
2067	79 
2068	58 
2069	56 
2070	15 
2071	92 
2072	80 
2073	21 
2074	51 
2075	111 
2076	85 
2077	14 108 
2078	74 
2079	61 
2080	2 27 
2081	40 
2082	58 
2083	72 
2084	45 
2085	34 
2086	106 
2087	44 114 
2088	107 
2089	48 55 
2090	63 
2091	66 
2092	84 
2093	5 
2094	96 
2095	44 
2096	13 
2097	112 
2098	110 
2099	56 
2100	56 
2101	60 106 
2102	7 52 
2103	44 
2104	100 
2105	68 
2106	59 67 
2107	17 
2108	56 
2109	49 
2110	46 
2111	22 
2112	109 
2113	19 
2114	17 
2115	21 
2116	21 
2117	30 
2118	106 
2119	38 
2120	60 
2121	38 
2122	64 
2123	28 115 
2124	88 
2125	91 
2126	61 
2127	83 
2128	93 
2129	20 
2130	17 
2131	66 
2132	115 
2133	2 
2134	84 
2135	37 
2136	38 
2137	15 
2138	57 
2139	69 
2140	7 
2141	80 
2142	89 
2143	104 
2144	90 
2145	53 
2146	89 
2147	70 
2148	11 
2149	28 
2150	54 
2151	33 
2152	107 
2153	50 66 
2154	64 
2155	90 
2156	54 
2157	76 
2158	25 
2159	74 
2160	34 
2161	72 
2162	103 
2163	20 
2164	75 
2165	45 
2166	9 
2167	107 
2168	43 
2169	30 
2170	95 
2171	69 
2172	56 
2173	86 108 
2174	56 
2175	112 
2176	48 
2177	84 
2178	66 
2179	30 76 
2180	6 
2181	22 
2182	57 
2183	112 
2184	14 
2185	15 
2186	17 
2187	16 
2188	69 
2189	67 
2190	43 46 
2191	41 
2192	63 
2193	69 
2194	32 
2195	38 
2196	53 
2197	20 
2198	6 
2199	84 
2200	44 
2201	61 
2202	2 
2203	19 
2204	63 
2205	21 
2206	71 
2207	108 
2208	36 
2209	99 
2210	73 
2211	7 
2212	62 
2213	39 
2214	35 
2215	16 
2216	60 
2217	83 
2218	55 
2219	82 
2220	26 
2221	110 114 
2222	19 43 
2223	87 
2224	9 72 
2225	37 
2226	64 
2227	8 10 
2228	59 103 
2229	18 
2230	19 
2231	56 
2232	61 
2233	34 
2234	27 
2235	19 
2236	88 
2237	9 
2238	64 
2239	96 
2240	41 
2241	41 
2242	107 
2243	33 
2244	23 86 
2245	46 
2246	61 
2247	11 
2248	29 
2249	61 
2250	36 
2251	54 
2252	45 
2253	112 
2254	58 
2255	30 
2256	110 
2257	101 
2258	78 
2259	16 
2260	103 
2261	41 
2262	113 115 
2263	55 
2264	103 
2265	19 
2266	10 
2267	107 
2268	41 
2269	80 
2270	97 
2271	64 
2272	39 115 
2273	99 
2274	73 
2275	14 
2276	53 
2277	12 
2278	28 
2279	82 
2280	40 
2281	64 
2282	23 
2283	82 
2284	113 
2285	2 
2286	80 
2287	100 
2288	27 
2289	19 
2290	85 
2291	89 
2292	85 
2293	41 
2294	47 
2295	71 
2296	85 
2297	112 
2298	91 
2299	34 
2300	75 
2301	25 
2302	79 
2303	113 
2304	80 
2305	2 
2306	34 
2307	61 
2308	46 
2309	26 
2310	58 
2311	37 
2312	60 
2313	7 21 
2314	34 
2315	110 
2316	61 
2317	21 
2318	53 
2319	49 
2320	16 
2321	39 55 
2322	38 
2323	91 
2324	7 115 
2325	41 
2326	58 
2327	44 
2328	45 
2329	50 
2330	56 62 
2331	16 44 
2332	106 
2333	71 
2334	50 73 
2335	111 
2336	94 
2337	45 
2338	5 
2339	97 
2340	78 
2341	36 
2342	20 89 
2343	44 
2344	45 
2345	51 
2346	106 
2347	108 
2348	7 
2349	92 
2350	89 
2351	115 
2352	77 
2353	15 
2354	31 
2355	1 
2356	77 
2357	84 
2358	71 
2359	33 
2360	90 
2361	21 
2362	83 
2363	55 
2364	81 
2365	13 
2366	54 
2367	13 
2368	75 
2369	110 
2370	14 
2371	85 
2372	65 
2373	43 
2374	64 
2375	38 
2376	60 
2377	85 
2378	10 
2379	38 
2380	34 115 
2381	115 
2382	81 
2383	30 
2384	15 
2385	42 
2386	63 
2387	3 
2388	26 
2389	17 42 
2390	21 
2391	6 
2392	71 
2393	31 
2394	84 
2395	17 
2396	76 
2397	95 108 
2398	46 
2399	56 
2400	41 
2401	107 
2402	97 
2403	97 
2404	97 
2405	78 
2406	92 
2407	11 
2408	74 
2409	16 
2410	6 
2411	74 
2412	38 
2413	41 62 
2414	12 
2415	115 
2416	50 
2417	115 
2418	19 
2419	10 
2420	15 52 
2421	13 
2422	16 
2423	97 
2424	88 
2425	30 
2426	104 
2427	57 
2428	71 
2429	31 
2430	69 
2431	18 
2432	38 
2433	31 
2434	23 
2435	15 
2436	13 
2437	60 
2438	46 
2439	108 
2440	89 
2441	70 
2442	34 
2443	41 65 
2444	64 
2445	105 
2446	31 
2447	53 
2448	9 
2449	111 
2450	53 
2451	85 
2452	90 
2453	64 
2454	57 
2455	55 
2456	16 
2457	38 
2458	14 
2459	93 
2460	111 
2461	30 
2462	108 
2463	17 
2464	8 
2465	33 56 
2466	16 
2467	49 56 
2468	55 
2469	45 
2470	55 
2471	78 
2472	31 
2473	98 
2474	22 
2475	63 69 
2476	17 
2477	97 
2478	82 
2479	46 115 
2480	115 
2481	104 
2482	8 
2483	51 
2484	58 76 
2485	101 
2486	14 
2487	53 
2488	31 59 
2489	57 
2490	33 
2491	44 
2492	66 
2493	31 
2494	49 56 
2495	3 60 
2496	85 
2497	79 
2498	83 
2499	45 82 
2500	33 
2501	89 
2502	41 
2503	80 
2504	19 
2505	34 
2506	107 
2507	45 
2508	83 
2509	3 
2510	103 
2511	28 
2512	9 
2513	64 
2514	31 
2515	58 
2516	102 
2517	71 
2518	93 107 
2519	27 
2520	31 
2521	60 
2522	80 
2523	6 
2524	16 28 
2525	57 
2526	82 
2527	61 
2528	80 
2529	28 
2530	38 
2531	61 
2532	82 
2533	25 
2534	75 
2535	115 
2536	15 
2537	19 
2538	17 93 
2539	61 
2540	49 
2541	54 
2542	93 
2543	35 
2544	70 
2545	14 
2546	41 55 
2547	77 
2548	12 
2549	101 
2550	112 
2551	69 
2552	21 31 
2553	53 
2554	12 47 
2555	21 
2556	67 
2557	32 
2558	55 
2559	31 
2560	1 
2561	88 
2562	6 
2563	108 
2564	53 
2565	10 
2566	17 
2567	4 
2568	47 
2569	71 
2570	14 
2571	57 
2572	62 
2573	75 
2574	77 
2575	28 
2576	34 59 
2577	84 
2578	80 
2579	59 
2580	14 
2581	72 
2582	31 
2583	27 
2584	41 
2585	38 
2586	19 
2587	72 
2588	5 
2589	61 
2590	7 
2591	37 
2592	56 
2593	30 48 
2594	8 96 
2595	70 
2596	48 
2597	83 
2598	19 
2599	21 
2600	67 
2601	46 
2602	71 
2603	10 25 
2604	63 
2605	107 
2606	109 
2607	71 
2608	57 
2609	112 
2610	45 
2611	83 
2612	65 
2613	5 
2614	49 105 
2615	79 
2616	47 
2617	68 79 
2618	89 
2619	32 
2620	59 
2621	104 
2622	63 
2623	71 103 
2624	111 
2625	88 
2626	85 
2627	17 
2628	28 
2629	58 
2630	82 
2631	53 
2632	38 
2633	43 
2634	15 
2635	30 
2636	104 
2637	31 
2638	80 
2639	33 
2640	13 
2641	69 
2642	108 
2643	59 
2644	96 
2645	59 63 
2646	4 
2647	55 90 
2648	115 
2649	8 
2650	32 101 
2651	82 
2652	97 
2653	67 
2654	46 
2655	103 
2656	42 
2657	66 
2658	15 
2659	80 
2660	80 
2661	32 
2662	5 
2663	13 
2664	9 
2665	89 
2666	53 
2667	76 
2668	68 
2669	69 
2670	25 59 
2671	2 
2672	7 
2673	43 
2674	55 
2675	47 93 
2676	60 
2677	6 
2678	91 
2679	105 
2680	90 
2681	63 107 
2682	38 
2683	79 
2684	30 59 
2685	10 
2686	52 
2687	44 
2688	6 
2689	51 
2690	84 
2691	28 
2692	98 
2693	88 
2694	79 88 
2695	53 
2696	110 
2697	76 
2698	9 
2699	59 
2700	21 
2701	59 
2702	49 
2703	66 
2704	18 
2705	22 
2706	57 
2707	57 
2708	32 
2709	114 
2710	21 
2711	19 
2712	14 
2713	41 
2714	53 
2715	114 
2716	35 
2717	80 
2718	49 
2719	48 
2720	73 78 
2721	48 
2722	38 
2723	11 
2724	81 
2725	86 
2726	103 
2727	17 
2728	53 
2729	74 101 
2730	85 
2731	89 
2732	28 55 
2733	106 
2734	50 59 
2735	5 
2736	30 
2737	85 
2738	88 
2739	86 
2740	83 
2741	85 
2742	69 
2743	24 
2744	107 
2745	101 
2746	114 
2747	23 77 
2748	21 
2749	21 
2750	58 
2751	115 
2752	80 
2753	50 
2754	3 
2755	56 
2756	21 
2757	83 
2758	64 
2759	53 
2760	80 
2761	28 
2762	21 92 
2763	12 
2764	110 
2765	53 
2766	43 
2767	30 
2768	69 
2769	58 
2770	53 
2771	29 
2772	65 
2773	95 
2774	45 
2775	55 
2776	54 
2777	18 
2778	33 
2779	88 
2780	49 
2781	34 
2782	60 
2783	58 
2784	57 64 
2785	6 
2786	104 
2787	2 
2788	84 
2789	106 
2790	46 73 
2791	34 
2792	88 103 
2793	115 
2794	115 
2795	110 
2796	30 
2797	32 
2798	55 56 
2799	91 
2800	19 
2801	41 
2802	67 
2803	85 
2804	88 
2805	73 
2806	95 
2807	48 
2808	61 
2809	21 
2810	79 
2811	55 
2812	30 113 
2813	58 
2814	85 
2815	79 
2816	80 
2817	102 
2818	15 
2819	8 
2820	15 106 
2821	58 
2822	105 
2823	23 
2824	43 
2825	110 
2826	63 112 
2827	16 
2828	5 
2829	32 
2830	93 
2831	38 
2832	53 76 
2833	80 
2834	34 
2835	45 
2836	3 31 
2837	55 
2838	68 
2839	36 80 
2840	8 
2841	90 
2842	3 65 
2843	58 
2844	73 
2845	107 
2846	31 
2847	71 
2848	63 
2849	18 95 
2850	49 
2851	88 
2852	43 
2853	71 90 
2854	72 
2855	60 
2856	115 
2857	41 
2858	112 
2859	21 64 
2860	53 
2861	96 
2862	106 
2863	113 
2864	66 
2865	97 
2866	105 
2867	38 
2868	60 
2869	95 
2870	98 
2871	84 
2872	43 
2873	44 
2874	84 
2875	87 
2876	23 
2877	61 
2878	69 
2879	34 
2880	90 
2881	53 99 
2882	41 
2883	17 
2884	62 
2885	85 
2886	103 
2887	78 
2888	86 
2889	107 
2890	8 
2891	85 
2892	94 
2893	45 
2894	69 
2895	42 
2896	41 
2897	51 
2898	50 
2899	115 
2900	53 
2901	46 
2902	14 
2903	84 
2904	55 
2905	108 
2906	85 
2907	28 
2908	88 
2909	99 
2910	90 
2911	47 
2912	38 
2913	53 
2914	64 
2915	71 
2916	50 
2917	98 
2918	60 
2919	35 
2920	7 
2921	30 
2922	13 
2923	102 
2924	83 
2925	87 
2926	56 
2927	114 
2928	95 
2929	83 
2930	60 
2931	17 
2932	7 
2933	19 
2934	39 
2935	110 
2936	13 
2937	11 
2938	81 
2939	6 
2940	103 107 
2941	104 
2942	56 
2943	27 
2944	62 
2945	94 
2946	6 
2947	79 
2948	4 
2949	92 
2950	21 
2951	23 
2952	30 115 
2953	51 
2954	80 
2955	110 
2956	46 
2957	78 
2958	6 
2959	85 
2960	86 
2961	2 
2962	95 
2963	19 
2964	64 
2965	70 
2966	16 
2967	107 
2968	90 
2969	81 
2970	28 
2971	20 31 
2972	67 
2973	75 
2974	29 41 
2975	80 
2976	72 
2977	19 
2978	16 
2979	11 45 
2980	63 
2981	17 
2982	61 
2983	54 
2984	54 
2985	65 
2986	19 
2987	22 
2988	44 
2989	15 96 
2990	106 
2991	55 
2992	74 
2993	105 
2994	31 
2995	115 
2996	2 17 
2997	61 
2998	71 
2999	72 
3000	24 
3001	109 
3002	58 
3003	45 
3004	105 
3005	42 
3006	21 
3007	85 
3008	72 
3009	19 
3010	12 
3011	11 
3012	30 
3013	36 
3014	19 
3015	17 
3016	77 
3017	112 
3018	97 
3019	30 
3020	2 
3021	60 
3022	94 
3023	39 
3024	41 
3025	107 
3026	23 
3027	83 101 
3028	94 
3029	85 
3030	16 
3031	23 
3032	43 
3033	106 
3034	2 
3035	79 
3036	89 
3037	43 
3038	25 
3039	109 
3040	32 71 
3041	18 112 
3042	57 
3043	4 
3044	83 
3045	16 
3046	25 
3047	41 
3048	13 
3049	89 
3050	85 
3051	68 
3052	50 
3053	50 
3054	64 90 
3055	17 52 
3056	67 
3057	107 
3058	61 
3059	69 
3060	69 
3061	60 
3062	71 
3063	15 
3064	33 
3065	65 
3066	89 
3067	68 
3068	62 
3069	54 
3070	14 
3071	49 
3072	109 
3073	51 
3074	51 
3075	39 
3076	32 33 
3077	20 
3078	17 
3079	72 
3080	41 
3081	65 
3082	88 
3083	114 
3084	13 15 
3085	83 
3086	80 
3087	34 
3088	34 
3089	110 
3090	71 
3091	13 
3092	90 
3093	60 
3094	85 
3095	10 
3096	21 92 
3097	36 52 
3098	43 
3099	9 
3100	18 
3101	74 
3102	56 
3103	46 
3104	109 
3105	30 
3106	33 56 
3107	115 
3108	3 
3109	44 
3110	115 
3111	66 
3112	102 
3113	56 
3114	48 
3115	41 69 
3116	115 
3117	47 
3118	58 81 
3119	111 
3120	48 
3121	78 
3122	22 
3123	37 
3124	80 
3125	112 
3126	38 
3127	12 
3128	31 
3129	102 
3130	42 
3131	105 
3132	55 112 
3133	34 49 
3134	19 
3135	80 
3136	6 
3137	54 
3138	40 
3139	102 
3140	80 84 
3141	109 
3142	38 
3143	20 
3144	62 94 
3145	4 
3146	30 
3147	82 
3148	26 
3149	82 
3150	28 
3151	18 
3152	17 
3153	84 
3154	45 
3155	95 
3156	55 
3157	66 
3158	59 
3159	58 
3160	79 
3161	24 
3162	13 61 
3163	9 
3164	30 
3165	11 
3166	45 71 
3167	2 46 
3168	91 
3169	83 
3170	12 
3171	11 84 
3172	64 
3173	62 71 
3174	93 
3175	6 
3176	23 
3177	63 77 
3178	43 
3179	52 
3180	8 
3181	99 
3182	42 
3183	53 
3184	38 
3185	66 
3186	68 
3187	114 
3188	52 70 
3189	56 
3190	21 
3191	30 
3192	89 
3193	33 
3194	5 99 
3195	32 
3196	39 
3197	59 
3198	101 
3199	46 
3200	21 
3201	7 
3202	110 
3203	88 
3204	11 
3205	14 
3206	46 
3207	26 
3208	89 
3209	3 
3210	21 
3211	44 
3212	2 
3213	49 
3214	83 
3215	44 
3216	46 
3217	84 
3218	45 
3219	47 
3220	15 
3221	59 
3222	33 
3223	37 
3224	49 
3225	102 
3226	61 
3227	60 
3228	93 
3229	60 
3230	104 
3231	7 104 
3232	38 
3233	63 
3234	49 
3235	84 
3236	17 
3237	46 
3238	76 
3239	34 
3240	31 106 
3241	101 103 
3242	79 
3243	36 
3244	90 
3245	3 
3246	107 
3247	63 
3248	65 
3249	28 
3250	86 
3251	85 
3252	102 
3253	18 
3254	102 
3255	30 34 
3256	84 
3257	39 
3258	79 
3259	33 63 
3260	49 
3261	12 
3262	38 
3263	8 
3264	69 
3265	53 83 
3266	11 
3267	84 
3268	59 
3269	94 
3270	97 
3271	34 
3272	55 87 
3273	65 
3274	107 
3275	104 110 
3276	53 
3277	89 
3278	35 
3279	56 
3280	50 
3281	66 
3282	47 
3283	53 
3284	85 
3285	112 
3286	75 
3287	19 
3288	68 
3289	44 
3290	8 
3291	17 
3292	25 
3293	14 
3294	19 
3295	53 
3296	14 
3297	55 
3298	26 
3299	78 
3300	38 
3301	16 
3302	11 
3303	80 
3304	88 
3305	19 
3306	88 
3307	40 
3308	60 
3309	85 
3310	11 
3311	101 
3312	103 
3313	41 
3314	31 64 
3315	85 
3316	84 
3317	91 
3318	16 
3319	28 82 
3320	34 
3321	1 
3322	53 76 
3323	89 
3324	55 82 
3325	83 
3326	60 
3327	34 
3328	49 
3329	66 
3330	47 
3331	73 
3332	111 
3333	2 
3334	88 
3335	109 
3336	19 
3337	50 66 
3338	100 
3339	57 
3340	50 
3341	26 
3342	31 
3343	41 78 
3344	34 
3345	71 
3346	15 
3347	13 
3348	75 
3349	55 
3350	92 
3351	56 
3352	14 
3353	104 
3354	102 
3355	31 
3356	62 
3357	110 
3358	30 
3359	53 
3360	88 
3361	34 
3362	77 115 
3363	106 
3364	2 
3365	43 
3366	19 110 
3367	45 
3368	41 85 
3369	105 
3370	61 
3371	72 
3372	74 
3373	98 
3374	114 
3375	107 113 
3376	86 
3377	60 
3378	69 
3379	60 
3380	58 
3381	76 
3382	49 
3383	60 72 
3384	45 
3385	57 
3386	75 
3387	30 
3388	50 
3389	104 
3390	57 
3391	72 
3392	48 
3393	31 
3394	105 
3395	64 
3396	58 
3397	21 
3398	61 
3399	98 
3400	104 
3401	65 
3402	29 
3403	100 
3404	56 
3405	19 
3406	46 
3407	73 
3408	98 
3409	39 108 
3410	9 56 
3411	84 
3412	103 
3413	106 
3414	88 
3415	112 
3416	83 
3417	31 
3418	49 
3419	42 
3420	57 
3421	58 78 
3422	90 
3423	82 91 
3424	74 
3425	44 
3426	30 113 
3427	3 
3428	53 
3429	37 
3430	2 
3431	85 
3432	51 
3433	97 103 
3434	19 
3435	84 
3436	53 
3437	107 
3438	56 
3439	46 
3440	87 
3441	55 98 
3442	7 
3443	23 
3444	100 
3445	64 
3446	22 51 
3447	110 
3448	48 
3449	93 
3450	60 
3451	82 
3452	71 
3453	69 
3454	81 
3455	52 
3456	11 102 
3457	58 
3458	31 
3459	56 
3460	32 
3461	42 
3462	57 
3463	34 
3464	34 59 
3465	28 
3466	20 
3467	48 
3468	34 
3469	23 
3470	69 
3471	4 
3472	91 
3473	47 
3474	53 
3475	61 
3476	43 
3477	69 
3478	57 
3479	49 
3480	6 
3481	89 
3482	1 
3483	84 88 
3484	32 
3485	56 
3486	66 
3487	53 
3488	112 
3489	110 
3490	56 
3491	39 
3492	60 
3493	30 
3494	16 
3495	85 
3496	76 
3497	75 
3498	112 
3499	14 
3500	1 
3501	3 76 
3502	55 
3503	87 
3504	93 
3505	112 
3506	49 
3507	105 
3508	52 
3509	66 
3510	88 
3511	18 
3512	90 
3513	66 
3514	79 
3515	60 
3516	33 
3517	23 80 
3518	37 
3519	13 
3520	86 
3521	85 
3522	73 
3523	60 
3524	15 
3525	110 
3526	25 
3527	74 
3528	115 
3529	105 
3530	105 
3531	114 
3532	103 
3533	91 
3534	57 
3535	30 
3536	113 
3537	66 
3538	34 39 
3539	98 
3540	34 
3541	94 
3542	16 
3543	97 
3544	26 
3545	14 
3546	84 
3547	45 
3548	110 
3549	111 
3550	75 
3551	47 
3552	41 50 
3553	44 
3554	64 112 
3555	64 
3556	106 
3557	71 
3558	52 91 
3559	108 
3560	9 98 
3561	35 
3562	55 
3563	9 
3564	55 
3565	8 
3566	38 
3567	43 
3568	9 
3569	56 
3570	21 
3571	6 
3572	22 96 
3573	49 
3574	23 
3575	38 
3576	60 
3577	115 
3578	74 
3579	11 
3580	18 
3581	101 
3582	76 
3583	41 
3584	85 
3585	61 
3586	89 
3587	90 
3588	3 21 
3589	108 
3590	1 
3591	80 
3592	71 
3593	51 
3594	88 
3595	53 71 
3596	55 
3597	69 
3598	80 
3599	72 
3600	46 72 
3601	60 
3602	78 
3603	93 
3604	58 88 
3605	103 
3606	72 
3607	98 
3608	112 
3609	88 
3610	50 
3611	5 
3612	110 
3613	107 
3614	92 
3615	15 
3616	112 
3617	62 
3618	76 
3619	114 
3620	57 
3621	17 
3622	80 
3623	15 
3624	19 
3625	35 
3626	115 
3627	53 
3628	15 30 
3629	47 
3630	22 
3631	13 
3632	103 
3633	19 
3634	6 
3635	111 
3636	45 
3637	40 
3638	80 
3639	49 
3640	30 
3641	98 
3642	55 
3643	47 
3644	110 
3645	110 
3646	57 
3647	75 
3648	85 
3649	34 
3650	20 
3651	45 
3652	78 84 
3653	90 
3654	41 
3655	13 
3656	51 
3657	45 
3658	100 
3659	7 
3660	95 
3661	43 
3662	26 74 
3663	92 
3664	72 
3665	65 
3666	7 78 
3667	61 
3668	76 
3669	56 
3670	12 
3671	78 
3672	107 
3673	46 
3674	53 
3675	27 
3676	90 
3677	66 68 
3678	71 112 
3679	50 
3680	62 
3681	70 
3682	103 
3683	115 
3684	17 
3685	30 
3686	13 
3687	107 
3688	110 
3689	16 
3690	52 
3691	104 
3692	31 61 
3693	97 
3694	11 
3695	27 
3696	62 
3697	11 
3698	50 
3699	104 
3700	58 
3701	60 
3702	43 
3703	86 
3704	53 
3705	8 
3706	6 
3707	46 
3708	69 
3709	14 
3710	38 
3711	5 
3712	46 
3713	38 
3714	9 
3715	17 
3716	92 
3717	71 
3718	21 60 
3719	9 
3720	60 
3721	79 
3722	1 
3723	34 58 
3724	6 
3725	23 
3726	110 
3727	57 
3728	95 
3729	11 
3730	92 
3731	82 
3732	49 
3733	54 
3734	40 85 
3735	10 
3736	8 
3737	85 
3738	96 
3739	93 
3740	15 
3741	37 
3742	113 
3743	32 
3744	105 
3745	82 
3746	51 
3747	61 
3748	57 
3749	61 
3750	91 
3751	15 103 
3752	58 
3753	21 28 
3754	107 
3755	115 
3756	4 
3757	21 
3758	2 9 
3759	41 
3760	98 
3761	16 
3762	65 
3763	80 
3764	4 
3765	106 
3766	103 
3767	101 
3768	63 
3769	45 
3770	50 
3771	53 
3772	98 
3773	16 
3774	113 
3775	58 
3776	57 
3777	29 
3778	71 
3779	80 
3780	66 
3781	61 
3782	75 104 
3783	54 
3784	11 
3785	21 
3786	41 
3787	39 
3788	85 
3789	107 112 
3790	109 
3791	74 
3792	76 
3793	41 
3794	107 
3795	71 
3796	22 
3797	13 98 
3798	69 
3799	105 
3800	4 
3801	30 76 
3802	64 
3803	75 
3804	50 
3805	58 
3806	21 
3807	112 
3808	80 
3809	67 
3810	13 
3811	37 
3812	69 
3813	99 102 
3814	26 
3815	90 92 
3816	59 
3817	66 
3818	14 
3819	104 
3820	69 
3821	71 
3822	31 59 
3823	110 
3824	75 
3825	13 107 
3826	15 48 
3827	14 
3828	21 
3829	115 
3830	9 106 
3831	45 
3832	112 
3833	71 
3834	81 
3835	90 
3836	95 
3837	15 
3838	85 
3839	60 
3840	36 
3841	113 
3842	11 
3843	8 
3844	38 
3845	113 
3846	115 
3847	64 66 
3848	81 
3849	79 
3850	34 83 
3851	45 
3852	93 
3853	41 
3854	9 
3855	88 
3856	102 
3857	7 45 
3858	110 
3859	40 
3860	27 
3861	50 
3862	2 
3863	20 
3864	41 93 
3865	104 
3866	52 
3867	108 
3868	77 
3869	38 
3870	68 
3871	34 
3872	19 
3873	30 
3874	17 
3875	44 
3876	75 
3877	77 
3878	21 
3879	71 
3880	45 
3881	103 
3882	96 
3883	101 
3884	39 
3885	107 
3886	77 
3887	113 
3888	45 
3889	21 
3890	68 
3891	38 
3892	52 
3893	107 
3894	8 
3895	82 
3896	92 
3897	2 
3898	49 
3899	18 
3900	59 
3901	50 
3902	115 
3903	108 
3904	43 
3905	49 
3906	108 
3907	29 112 
3908	71 107 
3909	85 
3910	112 
3911	102 
3912	108 
3913	17 29 
3914	63 
3915	50 
3916	68 
3917	93 
3918	69 
3919	1 
3920	72 
3921	80 
3922	103 
3923	23 
3924	20 
3925	103 
3926	21 105 
3927	110 
3928	95 
3929	82 
3930	41 
3931	36 
3932	8 
3933	43 
3934	27 80 
3935	108 
3936	52 
3937	78 
3938	45 
3939	66 
3940	14 
3941	49 
3942	15 
3943	66 
3944	98 
3945	19 
3946	42 
3947	53 
3948	68 83 
3949	28 
3950	38 
3951	44 
3952	15 
3953	104 
3954	44 
3955	16 17 
3956	80 
3957	4 
3958	77 94 
3959	72 104 
3960	111 
3961	85 
3962	98 
3963	41 
3964	30 
3965	44 
3966	1 
3967	61 
3968	1 
3969	72 
3970	17 
3971	73 
3972	44 
3973	107 
3974	41 
3975	53 
3976	76 
3977	45 
3978	84 
3979	83 
3980	46 
3981	58 
3982	40 
3983	83 
3984	86 
3985	79 
3986	77 
3987	78 
3988	53 
3989	83 
3990	106 
3991	62 
3992	57 
3993	67 
3994	30 
3995	32 52 
3996	92 
3997	86 
3998	31 
3999	98 
4000	63 
4001	46 
4002	86 
4003	61 
4004	50 
4005	6 
4006	112 
4007	29 88 
4008	13 
4009	56 
4010	48 
4011	43 89 
4012	107 
4013	103 
4014	18 
4015	68 101 
4016	58 
4017	84 
4018	57 
4019	85 
4020	55 
4021	64 
4022	81 
4023	15 
4024	112 
4025	15 
4026	17 
4027	57 
4028	13 38 
4029	73 
4030	69 
4031	41 
4032	83 
4033	56 
4034	75 
4035	102 
4036	21 
4037	90 
4038	102 
4039	112 
4040	78 
4041	74 
4042	24 105 
4043	30 93 
4044	22 
4045	24 
4046	68 
4047	45 
4048	89 
4049	75 
4050	57 
4051	38 
4052	38 
4053	12 29 
4054	30 85 
4055	50 
4056	61 
4057	6 
4058	102 
4059	25 68 
4060	34 
4061	74 
4062	110 
4063	57 
4064	31 
4065	15 92 
4066	1 
4067	31 
4068	96 
4069	80 
4070	45 
4071	46 
4072	41 
4073	102 
4074	80 
4075	4 
4076	61 
4077	58 
4078	64 
4079	11 
4080	58 
4081	78 
4082	64 
4083	105 
4084	74 
4085	10 
4086	80 
4087	56 
4088	17 
4089	89 
4090	49 79 
4091	69 
4092	18 
4093	16 
4094	4 
4095	82 
4096	75 
4097	92 
4098	94 
4099	19 73 
4100	102 
4101	21 34 
4102	57 
4103	105 
4104	48 
4105	90 
4106	107 
4107	3 
4108	53 
4109	96 
4110	93 
4111	107 
4112	19 84 
4113	66 
4114	111 
4115	43 
4116	34 
4117	71 
4118	56 
4119	60 
4120	20 
4121	97 
4122	35 
4123	40 107 
4124	75 
4125	41 
4126	17 
4127	102 
4128	21 
4129	32 
4130	70 
4131	50 
4132	11 
4133	111 
4134	28 
4135	45 
4136	104 
4137	38 
4138	56 
4139	95 
4140	115 
4141	46 
4142	61 
4143	21 
4144	108 
4145	107 
4146	45 
4147	45 
4148	15 
4149	17 
4150	19 
4151	21 
4152	54 
4153	114 
4154	46 
4155	114 
4156	55 
4157	34 85 
4158	101 
4159	74 
4160	88 
4161	53 
4162	85 
4163	51 
4164	39 
4165	83 
4166	102 
4167	67 71 
4168	15 71 
4169	35 
4170	9 
4171	34 
4172	12 
4173	84 
4174	16 
4175	110 
4176	81 
4177	63 
4178	60 
4179	16 
4180	99 
4181	85 
4182	5 
4183	110 
4184	17 18 
4185	92 
4186	59 
4187	15 
4188	54 
4189	58 
4190	47 71 
4191	54 
4192	101 
4193	74 
4194	90 
4195	102 
4196	61 
4197	83 
4198	103 
4199	19 66 
4200	12 47 
4201	36 
4202	3 
4203	105 
4204	38 
4205	78 
4206	35 
4207	36 95 
4208	10 
4209	42 
4210	72 94 
4211	115 
4212	69 
4213	35 
4214	75 
4215	56 
4216	71 
4217	102 
4218	58 
4219	40 
4220	44 
4221	97 
4222	62 
4223	4 
4224	58 
4225	103 
4226	30 
4227	9 
4228	89 
4229	107 
4230	66 105 
4231	36 
4232	1 4 
4233	45 
4234	28 
4235	49 
4236	111 
4237	30 53 
4238	92 
4239	12 
4240	105 
4241	102 
4242	80 
4243	89 
4244	76 
4245	8 
4246	15 
4247	15 56 
4248	111 
4249	7 82 
4250	14 
4251	39 
4252	60 
4253	96 
4254	106 
4255	21 
4256	30 
4257	3 
4258	6 
4259	102 
4260	46 
4261	15 
4262	88 
4263	21 
4264	11 21 
4265	7 
4266	16 
4267	3 
4268	6 
4269	67 
4270	69 
4271	81 
4272	69 
4273	102 
4274	43 
4275	40 
4276	97 
4277	96 
4278	32 
4279	15 
4280	49 
4281	103 
4282	101 
4283	34 
4284	53 
4285	15 
4286	66 
4287	46 
4288	43 
4289	80 
4290	1 
4291	47 
4292	55 
4293	71 
4294	41 
4295	105 
4296	38 
4297	45 
4298	18 84 
4299	62 
4300	25 
4301	41 
4302	13 
4303	11 
4304	98 
4305	110 
4306	64 
4307	73 
4308	3 
4309	5 
4310	77 
4311	20 
4312	90 107 
4313	14 
4314	21 
4315	106 
4316	102 
4317	19 
4318	18 
4319	69 
4320	39 
4321	80 
4322	79 
4323	81 
4324	83 
4325	103 
4326	106 
4327	76 
4328	5 
4329	79 
4330	11 
4331	59 
4332	38 
4333	112 
4334	67 
4335	50 
4336	61 
4337	55 
4338	29 56 
4339	38 
4340	58 
4341	85 
4342	112 
4343	13 110 
4344	61 
4345	72 
4346	96 
4347	83 
4348	83 
4349	32 
4350	110 
4351	115 
4352	98 
4353	115 
4354	64 
4355	86 
4356	88 
4357	45 
4358	39 
4359	52 
4360	17 
4361	104 
4362	87 
4363	6 
4364	18 
4365	84 
4366	91 
4367	80 107 
4368	107 
4369	102 104 
4370	53 
4371	45 91 
4372	93 
4373	52 
4374	6 49 
4375	102 
4376	15 
4377	79 
4378	52 
4379	67 
4380	15 
4381	108 
4382	16 64 
4383	10 
4384	50 85 
4385	14 
4386	102 
4387	31 
4388	69 
4389	7 
4390	40 86 
4391	32 47 
4392	100 
4393	61 
4394	82 
4395	58 
4396	15 
4397	41 
4398	49 
4399	61 
4400	112 
4401	59 
4402	45 
4403	49 
4404	73 
4405	69 
4406	6 
4407	45 66 
4408	84 
4409	61 
4410	96 
4411	55 
4412	56 
4413	111 
4414	50 
4415	24 93 
4416	24 101 
4417	46 
4418	5 82 
4419	91 
4420	68 
4421	85 
4422	64 
4423	22 
4424	53 
4425	16 
4426	35 
4427	24 
4428	61 
4429	56 
4430	2 
4431	14 
4432	22 
4433	83 
4434	33 110 
4435	96 
4436	61 
4437	91 
4438	90 
4439	5 
4440	112 
4441	94 
4442	61 
4443	71 
4444	15 
4445	83 
4446	5 
4447	47 59 
4448	4 
4449	47 67 
4450	113 
4451	74 
4452	55 
4453	87 
4454	13 
4455	55 
4456	4 
4457	87 
4458	102 
4459	22 60 
4460	46 
4461	45 
4462	52 
4463	112 
4464	18 
4465	14 
4466	16 
4467	82 
4468	112 
4469	3 10 
4470	76 80 
4471	80 
4472	36 88 
4473	96 
4474	66 
4475	69 
4476	19 
4477	72 
4478	53 
4479	20 
4480	42 
4481	53 
4482	115 
4483	8 
4484	1 
4485	71 
4486	30 
4487	105 
4488	50 
4489	13 
4490	38 
4491	87 
4492	107 
4493	115 
4494	30 
4495	74 
4496	35 
4497	41 
4498	17 
4499	111 
4500	63 
4501	6 
4502	48 
4503	84 
4504	82 
4505	33 
4506	66 
4507	60 
4508	43 
4509	107 
4510	98 
4511	33 
4512	10 
4513	53 
4514	18 
4515	62 
4516	114 
4517	84 
4518	13 
4519	30 
4520	21 
4521	81 
4522	114 
4523	37 
4524	81 113 
4525	41 84 
4526	3 
4527	54 
4528	72 
4529	80 
4530	63 
4531	68 
4532	114 
4533	69 
4534	24 91 
4535	77 
4536	115 
4537	94 
4538	35 
4539	82 
4540	21 
4541	15 19 
4542	74 
4543	112 
4544	17 
4545	84 
4546	63 
4547	45 
4548	51 97 
4549	4 
4550	79 
4551	2 
4552	43 60 
4553	48 
4554	74 
4555	59 
4556	89 100 
4557	112 
4558	92 
4559	33 
4560	106 
4561	107 
4562	47 102 
4563	92 
4564	50 
4565	91 
4566	85 
4567	105 
4568	33 84 
4569	92 
4570	80 
4571	15 
4572	15 48 
4573	16 
4574	13 43 
4575	49 
4576	7 102 
4577	39 50 
4578	30 
4579	107 
4580	13 64 
4581	15 
4582	38 
4583	76 
4584	35 
4585	50 
4586	110 
4587	59 
4588	37 
4589	31 
4590	9 
4591	65 
4592	2 
4593	90 
4594	34 
4595	31 
4596	41 
4597	45 
4598	8 
4599	21 
4600	27 80 
4601	93 
4602	41 108 
4603	15 
4604	104 
4605	3 
4606	115 
4607	63 
4608	67 
4609	28 
4610	30 
4611	90 
4612	6 
4613	38 
4614	75 
4615	80 
4616	34 
4617	43 
4618	56 
4619	37 
4620	70 
4621	41 
4622	53 
4623	64 
4624	41 
4625	106 
4626	4 
4627	21 
4628	106 
4629	38 
4630	60 
4631	101 
4632	31 
4633	72 
4634	72 
4635	50 
4636	19 46 
4637	30 
4638	50 
4639	13 
4640	87 
4641	38 
4642	8 
4643	112 
4644	95 
4645	75 
4646	16 
4647	37 53 
4648	84 
4649	19 
4650	19 48 
4651	43 58 
4652	80 
4653	35 
4654	55 
4655	21 
4656	84 
4657	15 
4658	48 
4659	81 101 
4660	79 
4661	30 36 
4662	81 115 
4663	50 
4664	41 
4665	30 
4666	76 
4667	55 
4668	3 
4669	71 
4670	103 
4671	55 
4672	14 
4673	53 
4674	104 
4675	66 
4676	46 
4677	52 82 
4678	25 75 
4679	13 
4680	2 75 
4681	76 
4682	69 
4683	83 
4684	17 
4685	13 
4686	83 
4687	16 60 
4688	55 
4689	19 
4690	66 
4691	59 
4692	106 
4693	14 
4694	4 49 
4695	45 
4696	47 
4697	95 
4698	115 
4699	28 
4700	15 
4701	45 
4702	15 38 
4703	72 85 
4704	51 
4705	30 
4706	38 
4707	58 
4708	98 
4709	41 76 
4710	74 
4711	58 
4712	61 
4713	48 
4714	89 
4715	97 
4716	50 
4717	33 
4718	51 
4719	98 
4720	18 
4721	17 
4722	38 
4723	115 
4724	85 
4725	34 64 
4726	66 
4727	49 
4728	76 
4729	56 
4730	110 
4731	37 
4732	82 
4733	33 
4734	88 
4735	78 
4736	49 
4737	3 
4738	11 
4739	61 
4740	49 
4741	58 90 
4742	35 
4743	69 
4744	50 
4745	97 
4746	71 
4747	103 
4748	110 
4749	110 
4750	58 
4751	55 
4752	59 62 
4753	80 
4754	17 
4755	6 
4756	88 
4757	115 
4758	74 
4759	29 30 
4760	34 
4761	88 
4762	112 
4763	31 
4764	85 
4765	112 
4766	6 42 
4767	108 
4768	58 
4769	49 
4770	21 
4771	14 
4772	47 
4773	49 
4774	83 
4775	44 58 
4776	92 
4777	58 
4778	69 
4779	84 
4780	79 
4781	82 
4782	80 
4783	24 101 
4784	101 
4785	34 
4786	115 
4787	21 
4788	85 
4789	46 
4790	15 
4791	35 
4792	66 
4793	45 
4794	101 
4795	63 
4796	89 
4797	84 
4798	15 
4799	30 61 
4800	85 
4801	34 
4802	88 
4803	3 39 
4804	97 
4805	85 
4806	66 
4807	14 
4808	34 
4809	9 
4810	18 
4811	53 
4812	15 
4813	13 
4814	15 
4815	60 
4816	90 
4817	83 
4818	103 
4819	45 88 
4820	69 
4821	18 
4822	11 107 
4823	84 
4824	63 
4825	18 
4826	45 
4827	32 
4828	7 
4829	7 
4830	64 
4831	38 
4832	79 
4833	86 97 
4834	61 
4835	45 
4836	35 80 
4837	7 
4838	55 
4839	56 107 
4840	69 
4841	6 
4842	58 
4843	19 21 
4844	90 
4845	11 
4846	17 
4847	89 
4848	33 
4849	76 
4850	59 
4851	33 
4852	32 
4853	78 79 
4854	45 
4855	31 
4856	28 
4857	13 
4858	34 
4859	104 
4860	88 
4861	53 89 
4862	2 84 
4863	28 
4864	56 
4865	115 
4866	101 
4867	31 101 
4868	45 
4869	31 
4870	13 
4871	63 
4872	61 
4873	35 
4874	56 
4875	24 39 
4876	40 92 
4877	90 
4878	112 
4879	56 
4880	103 
4881	90 
4882	88 
4883	28 
4884	45 
4885	92 105 
4886	106 
4887	38 
4888	21 
4889	84 
4890	55 85 
4891	21 
4892	38 
4893	89 
4894	98 
4895	110 
4896	8 
4897	51 
4898	88 
4899	106 
4900	41 
4901	49 
4902	60 
4903	24 28 
4904	46 
4905	58 
4906	83 
4907	64 
4908	2 
4909	64 84 
4910	41 
4911	90 
4912	45 
4913	88 
4914	55 88 
4915	66 
4916	44 
4917	34 
4918	18 
4919	84 
4920	83 
4921	81 
4922	16 
4923	35 70 
4924	46 
4925	79 
4926	81 
4927	79 
4928	69 
4929	31 
4930	81 
4931	6 
4932	13 
4933	46 53 
4934	54 80 
4935	17 
4936	115 
4937	72 
4938	41 
4939	18 
4940	33 
4941	18 
4942	46 
4943	21 
4944	11 
4945	31 
4946	61 64 
4947	89 
4948	79 
4949	30 
4950	89 104 
4951	60 
4952	31 
4953	31 
4954	15 36 
4955	17 
4956	104 
4957	58 
4958	50 
4959	76 
4960	84 
4961	43 
4962	31 
4963	13 
4964	53 
4965	3 57 
4966	41 
4967	78 85 
4968	59 
4969	103 
4970	85 
4971	89 
4972	14 
4973	58 
4974	53 
4975	19 
4976	45 
4977	34 
4978	15 
4979	75 
4980	82 
4981	84 
4982	21 30 
4983	69 
4984	64 
4985	115 
4986	15 
4987	57 
4988	53 
4989	38 
4990	13 115 
4991	112 
4992	38 
4993	19 
4994	41 
4995	84 
4996	15 90 
4997	30 
4998	57 
4999	21 
5000	44 
