1	116 
2	83 
3	30 
4	38 41 66 80 
5	110 
6	3 
7	5 21 30 41 
8	57 
9	15 
10	4 
11	129 
12	118 
13	130 
14	7 
15	93 
16	123 
17	118 
18	44 
19	5 
20	57 
21	128 
22	1 88 110 127 
23	4 
24	37 
25	55 
26	129 
27	5 
28	108 
29	82 
30	90 
31	30 
32	80 
33	31 
34	41 
35	50 
36	106 
37	18 
38	103 
39	66 
40	112 
41	74 87 121 126 
42	85 
43	61 
44	121 
45	12 
46	88 
47	101 
48	69 
49	9 
50	12 
51	115 
52	41 
53	2 16 46 76 
54	45 
55	70 
56	4 
57	21 
58	7 
59	131 
60	34 44 118 121 
61	8 
62	19 
63	30 
64	15 
65	104 
66	35 
67	6 
68	50 
69	81 
70	85 
71	97 
72	67 
73	62 
74	104 
75	20 60 103 118 
76	42 46 83 103 
77	18 
78	68 
79	98 
80	92 
81	7 
82	47 
83	134 
84	89 
85	38 
86	122 
87	110 
88	131 
89	2 
90	82 
91	82 
92	50 
93	48 
94	30 68 80 114 
95	57 
96	67 
97	44 
98	90 
99	50 
100	38 
101	97 
102	42 61 63 77 
103	30 
104	89 
105	25 
106	134 
107	90 
108	47 
109	104 
110	45 
111	135 
112	5 30 35 107 
113	17 
114	13 
115	109 
116	19 
117	87 
118	126 
119	42 
120	121 
121	127 
122	18 
123	17 
124	64 
125	118 
126	20 
127	21 
128	79 
129	16 
130	39 
131	72 
132	94 
133	69 
134	85 
135	21 
136	84 
137	18 
138	26 
139	16 
140	45 
141	45 59 64 85 
142	71 
143	32 
144	74 
145	105 
146	122 
147	86 
148	83 
149	115 
150	53 
151	13 
152	15 
153	118 
154	123 
155	83 
156	84 
157	121 
158	50 
159	41 
160	99 
161	74 
162	5 
163	48 
164	17 71 90 100 
165	75 
166	77 
167	30 49 109 115 
168	16 
169	28 
170	20 36 37 58 
171	58 
172	4 
173	61 
174	17 
175	115 
176	110 
177	90 
178	112 
179	58 60 72 96 
180	21 
181	91 
182	9 45 88 114 
183	20 
184	114 
185	63 
186	89 
187	8 
188	66 
189	59 
190	37 
191	123 
192	84 
193	68 
194	103 
195	95 
196	74 
197	116 
198	57 
199	13 
200	3 37 101 109 
201	52 
202	59 69 82 90 
203	86 
204	44 
205	17 80 107 124 
206	55 
207	41 
208	10 55 63 125 
209	76 
210	44 
211	7 29 61 89 
212	39 
213	43 
214	132 
215	82 
216	21 
217	131 
218	20 21 103 114 
219	26 
220	120 
221	120 
222	122 
223	58 
224	99 
225	118 
226	79 
227	98 
228	123 
229	85 
230	130 
231	43 
232	11 
233	33 
234	56 
235	132 
236	115 
237	97 
238	85 
239	129 
240	36 
241	101 
242	102 
243	51 
244	50 
245	95 
246	121 
247	42 
248	83 
249	16 
250	102 
251	18 
252	24 
253	46 
254	50 
255	91 
256	117 
257	9 
258	7 
259	85 
260	84 
261	82 
262	45 
263	110 
264	118 
265	8 43 105 135 
266	16 
267	70 
268	31 
269	35 
270	53 
271	118 
272	85 
273	55 
274	78 
275	70 
276	13 
277	4 
278	129 
279	37 
280	116 
281	8 
282	53 
283	5 
284	15 
285	43 45 70 83 
286	60 
287	15 
288	13 21 55 81 
289	12 31 35 126 
290	85 
291	6 
292	82 
293	115 
294	51 
295	77 
296	83 
297	30 
298	46 82 88 101 
299	106 
300	73 104 106 131 
301	128 
302	3 
303	7 
304	87 
305	3 
306	69 
307	45 
308	32 64 86 103 
309	71 
310	37 
311	84 
312	126 
313	117 
314	6 
315	81 
316	29 
317	31 
318	85 
319	49 
320	56 
321	122 
322	5 
323	59 
324	96 
325	31 
326	107 
327	103 
328	53 
329	84 
330	6 
331	45 
332	55 
333	115 
334	42 
335	13 
336	119 
337	55 
338	117 
339	35 
340	50 
341	50 
342	35 
343	8 
344	34 39 43 118 
345	73 
346	88 
347	116 
348	32 33 71 108 
349	118 
350	93 
351	125 
352	28 
353	126 
354	66 
355	55 
356	107 
357	110 
358	117 
359	93 
360	131 
361	102 
362	43 
363	56 
364	47 
365	26 64 86 98 
366	86 
367	61 
368	70 
369	22 61 105 111 
370	121 
371	96 
372	59 
373	107 
374	31 
375	5 
376	42 
377	97 
378	4 66 131 132 
379	57 
380	68 
381	22 
382	86 
383	127 
384	47 
385	55 
386	106 
387	90 
388	56 
389	4 
390	63 
391	17 
392	25 
393	92 
394	51 
395	26 28 41 101 
396	34 
397	102 
398	69 
399	106 
400	72 
401	30 
402	34 
403	43 
404	52 
405	121 
406	34 44 55 88 
407	101 
408	49 
409	59 
410	55 
411	44 
412	21 24 33 76 
413	58 
414	80 
415	7 
416	129 
417	82 
418	117 
419	65 
420	35 
421	84 
422	73 
423	5 
424	117 
425	69 
426	121 
427	68 
428	115 
429	14 
430	36 
431	99 
432	75 
433	115 
434	59 
435	106 
436	87 
437	116 
438	17 33 43 55 
439	54 92 100 101 
440	6 
441	135 
442	69 
443	8 
444	72 80 108 124 
445	47 
446	108 
447	15 
448	27 
449	89 
450	21 
451	19 
452	51 
453	115 
454	104 
455	9 
456	19 
457	56 
458	80 
459	86 
460	93 
461	53 
462	57 
463	104 
464	75 
465	18 
466	56 
467	45 
468	49 
469	64 
470	112 113 116 135 
471	64 
472	53 
473	44 
474	89 
475	58 
476	18 
477	18 
478	11 
479	133 
480	84 
481	16 30 53 91 
482	80 
483	98 
484	19 
485	101 
486	45 
487	75 
488	8 
489	30 
490	27 
491	68 
492	5 
493	21 51 53 108 
494	112 
495	13 
496	31 
497	14 
498	6 
499	51 
500	21 
501	91 
502	103 
503	61 
504	16 
505	87 
506	124 
507	17 
508	19 
509	38 
510	110 
511	35 
512	115 
513	31 41 59 65 
514	47 
515	46 
516	38 
517	126 
518	45 
519	15 17 45 123 
520	41 
521	2 
522	112 
523	5 49 104 116 
524	97 
525	29 52 53 123 
526	13 38 85 103 
527	45 
528	18 
529	54 
530	79 
531	56 
532	123 
533	15 
534	46 
535	25 
536	106 
537	122 
538	81 
539	126 
540	38 
541	121 
542	80 85 104 123 
543	112 
544	27 
545	40 
546	89 
547	109 
548	112 
549	18 
550	118 
551	105 
552	54 
553	83 
554	63 
555	88 105 118 135 
556	87 
557	91 
558	56 
559	27 
560	22 
561	90 
562	131 
563	58 
564	4 
565	33 
566	77 
567	93 
568	36 55 61 124 
569	108 
570	69 96 115 122 
571	69 
572	45 
573	15 45 115 129 
574	63 
575	41 
576	74 
577	116 
578	41 
579	8 
580	44 71 82 84 
581	75 
582	38 
583	57 
584	56 
585	59 
586	31 
587	91 
588	63 
589	111 
590	83 
591	4 62 105 122 
592	112 
593	34 
594	69 72 89 128 
595	6 21 82 88 
596	135 
597	34 
598	89 
599	121 
600	15 17 60 103 
601	41 
602	115 
603	80 
604	80 
605	53 
606	42 56 78 85 
607	102 
608	38 
609	24 
610	51 64 121 134 
611	2 
612	112 
613	107 
614	44 
615	4 15 72 84 
616	90 
617	69 
618	83 
619	53 
620	7 
621	72 
622	4 16 60 100 
623	107 
624	81 
625	38 47 81 132 
626	80 
627	69 
628	39 
629	129 
630	27 
631	2 
632	43 
633	38 
634	58 
635	58 71 88 122 
636	14 
637	66 
638	100 
639	24 
640	5 
641	5 34 60 84 
642	50 
643	85 
644	19 
645	105 
646	36 38 53 134 
647	49 
648	34 
649	43 
650	68 
651	40 
652	30 42 69 124 
653	103 
654	84 
655	126 
656	114 
657	78 
658	23 
659	27 
660	43 45 91 98 
661	16 
662	13 
663	95 
664	112 
665	65 
666	121 
667	71 
668	34 45 46 90 
669	84 
670	3 37 41 129 
671	89 
672	14 
673	9 
674	72 
675	71 
676	102 
677	129 
678	13 21 101 108 
679	85 
680	90 
681	80 
682	53 
683	85 
684	34 
685	16 
686	56 85 105 120 
687	80 
688	11 
689	113 
690	15 
691	2 17 107 112 
692	17 38 58 71 
693	66 
694	18 79 105 126 
695	34 
696	9 
697	7 19 55 66 
698	108 
699	40 
700	77 
701	11 
702	124 
703	80 
704	132 
705	66 
706	110 
707	50 
708	133 
709	71 98 117 131 
710	83 
711	102 
712	72 
713	117 
714	28 
715	83 
716	52 
717	74 
718	16 
719	61 
720	104 
721	16 34 60 111 
722	112 
723	50 
724	55 
725	50 
726	98 
727	99 
728	5 
729	116 
730	55 
731	53 
732	83 
733	118 
734	41 
735	91 
736	105 
737	58 
738	72 
739	56 
740	89 
741	34 
742	85 
743	7 
744	131 
745	118 
746	101 
747	113 
748	2 
749	116 
750	34 
751	107 
752	6 
753	104 
754	28 
755	122 
756	17 
757	102 
758	34 
759	132 
760	87 
761	129 
762	43 
763	78 
764	91 
765	12 
766	49 
767	44 
768	53 
769	30 
770	38 
771	40 
772	4 16 45 68 
773	59 
774	126 
775	46 
776	55 
777	8 
778	64 
779	76 
780	33 
781	108 
782	39 
783	18 
784	130 
785	32 90 107 133 
786	133 
787	8 
788	56 
789	54 
790	19 
791	34 
792	21 
793	53 
794	15 
795	79 
796	66 
797	28 
798	53 
799	30 
800	53 82 88 126 
801	19 
802	88 
803	14 51 71 130 
804	112 
805	21 
806	2 60 84 110 
807	22 
808	10 21 53 54 
809	89 
810	123 
811	7 
812	36 
813	55 60 61 72 
814	128 
815	97 
816	71 
817	55 
818	73 
819	103 
820	38 
821	112 
822	31 69 80 135 
823	8 
824	55 
825	70 
826	67 
827	62 
828	38 
829	99 
830	71 
831	30 71 88 123 
832	43 
833	29 
834	54 
835	67 
836	84 
837	34 
838	94 
839	99 
840	78 
841	75 
842	79 
843	61 
844	126 
845	26 
846	78 
847	126 
848	107 
849	66 
850	110 
851	60 
852	16 19 56 135 
853	28 
854	32 44 68 126 
855	110 
856	19 
857	117 
858	115 
859	70 
860	45 
861	102 
862	88 
863	127 
864	46 124 125 129 
865	88 
866	85 
867	125 
868	72 
869	5 
870	58 
871	5 
872	95 
873	96 
874	69 
875	63 
876	42 
877	126 
878	31 
879	61 
880	30 32 70 115 
881	44 
882	5 
883	34 35 49 56 
884	9 41 61 70 
885	56 71 82 118 
886	103 
887	14 19 46 115 
888	11 
889	11 
890	75 
891	5 
892	16 
893	82 
894	49 
895	101 
896	92 
897	135 
898	48 
899	30 61 85 91 
900	63 
901	84 
902	5 19 52 107 
903	103 
904	45 
905	46 74 106 125 
906	41 
907	18 
908	75 
909	90 
910	113 
911	106 
912	119 
913	34 
914	104 
915	17 
916	118 
917	46 
918	34 
919	76 
920	72 
921	61 
922	59 
923	55 
924	118 
925	122 
926	76 
927	82 
928	10 15 19 32 
929	69 
930	6 15 21 30 
931	56 
932	104 
933	34 82 85 121 
934	30 31 60 108 
935	5 
936	82 111 118 126 
937	52 
938	88 
939	113 
940	26 
941	63 
942	34 
943	61 
944	101 
945	73 
946	84 
947	63 
948	30 
949	115 
950	17 
951	125 
952	33 
953	48 
954	64 
955	118 
956	9 
957	63 
958	97 
959	52 
960	46 
961	83 
962	21 
963	69 
964	49 
965	60 
966	46 
967	103 
968	16 
969	92 
970	20 45 88 97 
971	38 
972	11 57 74 129 
973	19 
974	5 
975	67 
976	57 80 90 102 
977	107 
978	102 
979	51 
980	35 56 57 63 
981	24 
982	15 
983	71 
984	129 
985	53 
986	35 
987	23 
988	49 
989	83 
990	38 
991	21 
992	11 
993	107 
994	26 
995	110 
996	92 
997	84 
998	129 
999	129 
1000	131 
1001	110 
1002	25 43 53 54 
1003	71 
1004	43 
1005	15 
1006	28 
1007	53 
1008	6 
1009	58 
1010	4 
1011	69 
1012	96 
1013	76 
1014	2 
1015	117 
1016	85 
1017	34 
1018	98 
1019	28 
1020	120 
1021	37 61 75 102 
1022	16 43 77 120 
1023	91 
1024	53 
1025	59 
1026	76 
1027	50 
1028	84 
1029	86 
1030	51 
1031	56 
1032	104 
1033	28 
1034	11 77 102 107 
1035	6 
1036	49 
1037	27 
1038	38 
1039	16 23 84 90 
1040	115 
1041	21 
1042	11 41 112 129 
1043	113 
1044	119 
1045	72 
1046	95 
1047	33 
1048	59 
1049	131 
1050	104 
1051	100 
1052	9 62 107 133 
1053	106 
1054	78 
1055	77 
1056	11 
1057	17 
1058	24 
1059	123 
1060	30 
1061	14 89 91 103 
1062	119 
1063	90 
1064	92 
1065	55 
1066	58 
1067	8 
1068	5 
1069	27 46 66 75 
1070	69 
1071	67 
1072	79 
1073	64 
1074	63 
1075	21 
1076	39 
1077	88 
1078	12 47 102 131 
1079	53 
1080	84 
1081	71 
1082	39 
1083	105 
1084	94 
1085	85 
1086	7 
1087	109 
1088	13 
1089	34 
1090	57 
1091	61 
1092	73 
1093	31 
1094	19 
1095	38 
1096	63 
1097	96 
1098	84 
1099	31 
1100	115 
1101	30 
1102	110 
1103	114 
1104	118 
1105	76 
1106	24 50 93 107 
1107	88 
1108	131 
1109	82 
1110	124 
1111	103 
1112	11 79 92 104 
1113	37 
1114	72 
1115	13 
1116	105 
1117	47 105 128 129 
1118	21 
1119	33 
1120	66 
1121	31 
1122	112 
1123	90 
1124	67 
1125	102 
1126	88 
1127	61 
1128	126 
1129	128 
1130	55 
1131	72 
1132	57 
1133	13 49 55 124 
1134	10 38 59 97 
1135	25 
1136	53 
1137	85 
1138	106 
1139	19 
1140	105 
1141	9 
1142	57 
1143	9 
1144	14 
1145	19 
1146	47 
1147	71 
1148	104 
1149	31 
1150	100 
1151	56 
1152	7 
1153	61 68 73 133 
1154	26 
1155	48 
1156	90 
1157	45 
1158	79 
1159	125 
1160	129 
1161	58 75 101 106 
1162	23 
1163	112 
1164	12 
1165	61 
1166	118 
1167	41 
1168	31 
1169	45 
1170	118 
1171	132 
1172	120 
1173	59 
1174	93 
1175	21 45 50 115 
1176	38 
1177	8 19 32 41 
1178	14 45 105 109 
1179	14 
1180	44 46 59 123 
1181	13 123 126 135 
1182	126 
1183	102 
1184	22 
1185	50 
1186	21 
1187	80 
1188	106 
1189	45 
1190	31 
1191	10 
1192	19 
1193	44 
1194	15 
1195	71 
1196	4 
1197	21 
1198	102 
1199	33 
1200	122 
1201	67 
1202	46 
1203	117 
1204	73 
1205	110 
1206	63 
1207	81 
1208	12 
1209	30 
1210	101 
1211	50 
1212	13 
1213	16 58 109 126 
1214	80 
1215	79 
1216	13 
1217	49 
1218	7 
1219	50 53 82 121 
1220	72 99 104 129 
1221	27 
1222	73 
1223	111 
1224	69 
1225	131 
1226	37 
1227	121 
1228	105 
1229	109 
1230	128 
1231	49 
1232	101 
1233	47 
1234	21 
1235	60 
1236	42 
1237	74 
1238	112 
1239	71 
1240	66 
1241	64 
1242	83 
1243	4 80 114 121 
1244	49 
1245	58 
1246	34 
1247	21 
1248	103 
1249	21 
1250	60 
1251	14 
1252	73 
1253	36 76 82 88 
1254	128 
1255	71 
1256	72 
1257	18 
1258	41 73 95 101 
1259	83 
1260	25 
1261	34 84 85 116 
1262	120 
1263	39 
1264	67 
1265	14 
1266	114 
1267	64 
1268	16 50 91 117 
1269	85 
1270	5 
1271	91 
1272	83 
1273	59 
1274	130 
1275	70 
1276	117 
1277	30 
1278	98 
1279	13 68 86 103 
1280	50 
1281	105 
1282	43 
1283	15 
1284	13 79 93 120 
1285	15 
1286	60 
1287	85 
1288	19 
1289	55 
1290	111 
1291	59 
1292	84 
1293	129 
1294	45 
1295	91 
1296	53 
1297	93 
1298	104 
1299	98 
1300	58 
1301	48 
1302	33 55 62 71 
1303	125 
1304	115 
1305	123 
1306	46 
1307	91 
1308	43 
1309	71 
1310	19 30 64 123 
1311	57 
1312	98 
1313	83 
1314	34 
1315	41 
1316	32 
1317	47 
1318	92 
1319	63 
1320	35 
1321	9 
1322	10 
1323	33 
1324	66 121 125 126 
1325	50 
1326	79 
1327	5 
1328	32 
1329	98 
1330	131 
1331	89 
1332	13 
1333	6 
1334	76 
1335	28 
1336	55 87 95 107 
1337	29 
1338	131 
1339	11 
1340	12 86 90 100 
1341	50 
1342	62 
1343	20 
1344	66 
1345	81 
1346	34 
1347	31 
1348	116 
1349	64 
1350	17 115 118 128 
1351	59 
1352	12 
1353	51 
1354	115 
1355	80 
1356	45 
1357	19 
1358	5 
1359	34 
1360	41 
1361	13 
1362	53 77 80 123 
1363	85 
1364	64 
1365	40 
1366	53 
1367	123 
1368	78 
1369	30 
1370	15 
1371	30 
1372	103 
1373	3 5 107 133 
1374	29 82 98 118 
1375	58 
1376	56 
1377	67 
1378	53 
1379	15 
1380	130 
1381	106 
1382	89 
1383	19 
1384	59 
1385	53 
1386	56 
1387	69 
1388	64 
1389	128 
1390	110 
1391	64 
1392	54 
1393	52 
1394	84 
1395	29 33 45 56 
1396	61 
1397	17 
1398	5 
1399	68 
1400	69 
1401	106 
1402	17 
1403	85 
1404	14 
1405	95 
1406	44 
1407	52 
1408	3 
1409	3 
1410	60 
1411	112 
1412	73 
1413	25 
1414	105 
1415	115 
1416	21 
1417	75 
1418	11 
1419	107 
1420	53 
1421	53 
1422	43 49 54 84 
1423	77 
1424	115 
1425	91 
1426	116 
1427	4 
1428	48 
1429	39 
1430	81 
1431	88 
1432	45 
1433	44 
1434	56 
1435	102 
1436	78 
1437	46 
1438	94 
1439	13 
1440	21 44 85 93 
1441	85 
1442	63 
1443	20 
1444	84 
1445	46 
1446	129 
1447	127 
1448	37 
1449	88 
1450	75 
1451	69 
1452	80 
1453	50 
1454	1 
1455	126 
1456	71 
1457	104 
1458	35 
1459	46 
1460	60 
1461	98 
1462	21 
1463	65 
1464	2 
1465	5 65 112 121 
1466	5 
1467	103 
1468	53 
1469	112 
1470	63 71 79 107 
1471	105 
1472	13 58 91 114 
1473	31 
1474	82 
1475	15 
1476	59 85 96 131 
1477	72 
1478	22 49 69 129 
1479	64 
1480	69 
1481	45 
1482	49 
1483	2 
1484	80 
1485	14 
1486	68 
1487	58 
1488	53 
1489	79 
1490	17 
1491	2 
1492	4 
1493	107 
1494	81 
1495	2 19 126 134 
1496	13 
1497	110 
1498	66 
1499	82 
1500	59 
1501	11 30 37 103 
1502	74 
1503	29 
1504	17 
1505	56 
1506	8 
1507	19 
1508	66 
1509	13 
1510	71 80 109 133 
1511	66 
1512	14 
1513	115 
1514	45 
1515	34 
1516	110 
1517	46 
1518	105 
1519	98 
1520	15 
1521	40 
1522	116 
1523	30 
1524	102 
1525	15 
1526	13 41 44 80 
1527	13 
1528	71 
1529	5 
1530	6 
1531	43 
1532	89 
1533	114 
1534	26 
1535	67 
1536	129 
1537	110 
1538	87 
1539	99 109 110 125 
1540	64 
1541	49 
1542	105 
1543	32 
1544	35 
1545	41 
1546	97 
1547	108 
1548	11 
1549	97 
1550	44 
1551	35 
1552	121 
1553	90 
1554	66 
1555	84 
1556	37 
1557	135 
1558	13 
1559	26 
1560	23 
1561	67 
1562	28 36 94 132 
1563	77 
1564	15 
1565	104 
1566	43 
1567	69 
1568	123 
1569	38 
1570	50 
1571	61 
1572	129 
1573	16 
1574	62 91 104 133 
1575	56 
1576	44 
1577	2 
1578	57 
1579	103 
1580	15 
1581	58 
1582	83 
1583	131 
1584	15 
1585	106 
1586	112 
1587	67 
1588	26 
1589	5 
1590	25 43 60 107 
1591	115 
1592	121 
1593	124 
1594	9 
1595	62 
1596	23 
1597	123 
1598	38 
1599	98 
1600	32 
1601	106 
1602	89 
1603	50 
1604	71 84 109 123 
1605	11 79 80 108 
1606	85 
1607	50 
1608	34 
1609	57 
1610	118 
1611	28 43 73 127 
1612	118 
1613	17 56 98 121 
1614	31 
1615	45 
1616	118 
1617	13 64 100 112 
1618	118 
1619	55 
1620	121 
1621	86 
1622	130 
1623	30 
1624	84 
1625	108 
1626	116 
1627	46 50 83 88 
1628	24 
1629	123 
1630	70 
1631	66 
1632	106 
1633	58 
1634	123 
1635	7 
1636	66 
1637	103 
1638	55 
1639	127 
1640	101 
1641	80 
1642	46 53 58 61 
1643	85 
1644	69 
1645	23 
1646	56 
1647	15 
1648	51 
1649	51 
1650	63 
1651	44 
1652	31 
1653	13 
1654	89 
1655	127 
1656	11 
1657	13 19 56 58 
1658	36 96 118 121 
1659	56 
1660	53 
1661	77 
1662	32 
1663	28 
1664	35 
1665	121 
1666	50 
1667	58 
1668	64 
1669	44 
1670	9 56 118 127 
1671	80 
1672	116 
1673	129 
1674	131 
1675	27 44 112 123 
1676	122 
1677	38 
1678	125 
1679	81 
1680	19 
1681	66 
1682	43 
1683	80 
1684	42 
1685	116 
1686	20 24 53 80 
1687	49 
1688	58 
1689	4 
1690	32 47 120 132 
1691	15 
1692	69 
1693	75 
1694	53 
1695	59 
1696	21 45 60 126 
1697	19 
1698	38 
1699	135 
1700	131 
1701	6 49 131 132 
1702	130 
1703	86 
1704	68 
1705	53 
1706	38 
1707	72 
1708	129 
1709	67 
1710	124 
1711	14 
1712	62 
1713	70 
1714	3 
1715	38 
1716	5 
1717	79 
1718	41 
1719	40 
1720	85 
1721	71 
1722	7 
1723	49 
1724	99 
1725	112 
1726	32 
1727	68 
1728	67 
1729	34 46 90 103 
1730	15 
1731	79 
1732	83 
1733	55 
1734	84 
1735	38 56 61 92 
1736	50 
1737	55 
1738	19 
1739	33 
1740	81 
1741	58 
1742	60 
1743	116 
1744	52 
1745	72 
1746	131 
1747	115 
1748	40 52 64 71 
1749	17 
1750	129 
1751	125 
1752	19 59 61 113 
1753	106 
1754	103 
1755	66 
1756	121 
1757	19 
1758	12 
1759	73 
1760	130 
1761	129 
1762	8 
1763	14 
1764	117 
1765	52 
1766	70 
1767	45 
1768	41 
1769	125 
1770	94 
1771	15 
1772	22 
1773	38 
1774	131 
1775	60 
1776	35 
1777	35 
1778	61 
1779	14 
1780	99 
1781	115 
1782	124 
1783	111 
1784	15 
1785	38 
1786	52 
1787	131 
1788	15 19 49 102 
1789	92 
1790	98 
1791	63 
1792	53 
1793	97 
1794	131 
1795	34 
1796	41 
1797	58 
1798	71 
1799	58 
1800	5 66 83 109 
1801	21 
1802	125 
1803	133 
1804	65 
1805	16 
1806	45 
1807	119 
1808	127 
1809	32 
1810	125 
1811	46 
1812	22 
1813	53 
1814	101 
1815	50 
1816	131 
1817	115 
1818	80 
1819	13 
1820	29 
1821	60 
1822	18 
1823	31 
1824	14 43 96 102 
1825	14 
1826	32 
1827	82 
1828	79 
1829	23 50 74 132 
1830	45 
1831	28 
1832	4 24 102 126 
1833	16 
1834	47 
1835	69 
1836	77 
1837	92 
1838	60 
1839	129 
1840	15 
1841	50 
1842	9 
1843	83 
1844	39 
1845	73 
1846	80 81 90 129 
1847	105 
1848	128 
1849	11 
1850	4 16 47 50 
1851	84 
1852	110 
1853	72 
1854	102 
1855	132 
1856	85 
1857	80 
1858	107 
1859	55 
1860	117 
1861	42 
1862	61 
1863	38 
1864	88 
1865	80 
1866	50 
1867	14 
1868	53 60 113 131 
1869	21 
1870	22 
1871	30 60 70 80 
1872	65 84 98 129 
1873	11 
1874	36 
1875	125 
1876	61 
1877	7 
1878	1 
1879	60 
1880	43 
1881	84 
1882	38 
1883	116 
1884	61 
1885	20 
1886	100 
1887	124 
1888	22 
1889	55 
1890	94 
1891	17 
1892	34 
1893	53 92 125 127 
1894	114 
1895	110 
1896	79 
1897	51 
1898	14 
1899	102 
1900	32 
1901	44 56 69 73 
1902	10 
1903	48 
1904	10 
1905	18 41 59 69 
1906	11 106 116 121 
1907	85 
1908	23 74 109 134 
1909	19 
1910	36 69 74 125 
1911	21 
1912	30 53 82 103 
1913	46 
1914	8 21 46 115 
1915	69 
1916	15 
1917	99 
1918	31 
1919	116 
1920	71 
1921	31 
1922	90 
1923	88 
1924	14 
1925	75 
1926	10 13 58 66 
1927	86 
1928	54 
1929	13 
1930	3 
1931	71 
1932	19 62 85 108 
1933	131 
1934	85 
1935	122 
1936	80 
1937	38 
1938	87 
1939	14 
1940	110 
1941	3 
1942	13 43 76 83 
1943	74 
1944	131 
1945	55 
1946	54 
1947	39 
1948	13 
1949	12 18 60 133 
1950	32 
1951	76 
1952	113 
1953	122 
1954	111 
1955	115 
1956	23 
1957	58 61 89 105 
1958	56 
1959	104 
1960	16 
1961	52 
1962	52 
1963	104 
1964	118 
1965	3 
1966	118 
1967	80 
1968	100 
1969	126 
1970	129 
1971	18 
1972	61 
1973	28 
1974	85 
1975	3 45 58 110 
1976	90 
1977	48 
1978	55 
1979	11 
1980	20 
1981	46 
1982	10 
1983	61 
1984	131 
1985	33 
1986	121 
1987	19 
1988	92 
1989	34 
1990	55 
1991	120 
1992	107 
1993	107 
1994	123 
1995	124 
1996	82 
1997	19 
1998	14 
1999	63 
2000	45 
2001	15 28 40 110 
2002	57 
2003	83 85 89 93 
2004	15 
2005	7 
2006	47 48 123 134 
2007	128 
2008	50 
2009	14 
2010	88 
2011	41 
2012	28 
2013	34 
2014	14 
2015	63 
2016	81 
2017	30 
2018	78 
2019	35 
2020	84 
2021	28 32 52 57 
2022	17 
2023	104 
2024	122 
2025	107 
2026	21 
2027	93 
2028	38 
2029	83 
2030	59 
2031	10 15 82 116 
2032	121 
2033	48 
2034	115 
2035	100 
2036	31 
2037	110 
2038	5 
2039	11 
2040	26 49 64 75 
2041	86 
2042	20 
2043	103 
2044	110 
2045	80 86 119 128 
2046	55 
2047	19 21 66 131 
2048	97 
2049	41 
2050	49 
2051	107 
2052	121 
2053	60 
2054	4 
2055	115 
2056	31 
2057	56 
2058	15 46 62 80 
2059	115 
2060	17 
2061	61 
2062	30 
2063	75 
2064	76 
2065	14 15 34 41 
2066	112 
2067	18 
2068	18 
2069	125 
2070	76 
2071	30 
2072	38 
2073	81 125 126 130 
2074	19 
2075	60 
2076	42 43 74 129 
2077	31 
2078	86 
2079	46 
2080	134 
2081	44 
2082	21 
2083	132 
2084	80 
2085	83 
2086	54 
2087	99 
2088	100 
2089	59 
2090	1 38 51 111 
2091	75 
2092	5 
2093	60 
2094	7 15 84 122 
2095	22 47 56 131 
2096	46 
2097	104 
2098	71 
2099	69 
2100	30 
2101	105 
2102	8 
2103	103 
2104	112 
2105	129 
2106	34 
2107	51 
2108	76 
2109	41 
2110	2 
2111	69 
2112	101 
2113	88 
2114	55 
2115	17 
2116	89 
2117	35 
2118	91 
2119	121 
2120	91 
2121	26 
2122	79 
2123	80 
2124	84 
2125	28 
2126	104 
2127	37 
2128	71 
2129	66 
2130	103 
2131	115 
2132	121 
2133	58 
2134	30 
2135	17 
2136	7 50 69 116 
2137	28 
2138	47 55 74 131 
2139	29 
2140	66 
2141	53 
2142	107 
2143	56 
2144	74 
2145	58 
2146	41 
2147	80 
2148	94 
2149	14 
2150	30 
2151	71 
2152	115 
2153	83 
2154	69 
2155	39 
2156	92 
2157	3 
2158	85 
2159	5 26 31 49 
2160	50 
2161	121 
2162	67 
2163	84 
2164	75 
2165	17 
2166	55 
2167	21 
2168	124 
2169	55 
2170	53 
2171	61 
2172	78 
2173	13 15 53 75 
2174	129 
2175	7 
2176	24 58 69 90 
2177	9 
2178	89 
2179	39 
2180	63 
2181	110 
2182	48 61 110 122 
2183	92 
2184	65 
2185	10 
2186	129 
2187	34 
2188	10 15 72 75 
2189	98 
2190	29 
2191	32 
2192	131 
2193	41 
2194	21 41 129 131 
2195	1 
2196	24 
2197	34 
2198	66 
2199	5 
2200	86 
2201	56 
2202	11 
2203	121 
2204	27 
2205	40 
2206	121 
2207	114 
2208	9 
2209	5 31 75 92 
2210	98 
2211	50 
2212	21 
2213	14 
2214	43 
2215	92 
2216	17 
2217	83 
2218	45 58 65 123 
2219	14 
2220	93 
2221	1 
2222	46 
2223	5 
2224	110 
2225	87 
2226	42 
2227	51 
2228	134 
2229	126 
2230	90 
2231	111 
2232	118 
2233	13 
2234	109 
2235	113 
2236	118 
2237	105 
2238	134 
2239	107 
2240	19 
2241	72 
2242	56 
2243	16 
2244	11 31 116 118 
2245	10 
2246	30 
2247	32 
2248	72 
2249	45 
2250	10 
2251	132 
2252	14 
2253	85 
2254	80 
2255	45 
2256	96 
2257	120 
2258	43 
2259	5 
2260	118 
2261	112 
2262	90 
2263	88 
2264	75 
2265	21 84 87 115 
2266	71 
2267	89 
2268	1 
2269	1 
2270	90 
2271	7 
2272	44 
2273	90 
2274	57 
2275	76 
2276	13 
2277	21 
2278	45 
2279	34 
2280	80 87 103 119 
2281	59 
2282	102 
2283	13 16 79 132 
2284	34 
2285	17 31 66 71 
2286	117 
2287	129 
2288	73 90 103 110 
2289	19 
2290	81 
2291	46 
2292	92 
2293	7 
2294	5 
2295	36 
2296	80 
2297	135 
2298	56 
2299	121 
2300	121 
2301	85 
2302	58 
2303	108 
2304	51 
2305	129 
2306	107 
2307	60 
2308	18 
2309	5 
2310	34 
2311	108 
2312	43 
2313	64 
2314	92 
2315	126 
2316	16 
2317	129 
2318	16 21 30 120 
2319	21 
2320	34 
2321	131 
2322	71 
2323	59 
2324	88 
2325	32 
2326	58 
2327	34 
2328	112 
2329	72 
2330	52 
2331	130 
2332	87 
2333	72 
2334	85 
2335	41 
2336	94 
2337	49 
2338	33 
2339	33 
2340	112 
2341	81 
2342	49 
2343	7 
2344	38 
2345	59 
2346	45 
2347	116 
2348	75 
2349	80 
2350	84 
2351	102 
2352	41 71 84 88 
2353	121 
2354	55 
2355	51 
2356	63 
2357	135 
2358	62 
2359	36 
2360	85 
2361	21 32 49 83 
2362	41 
2363	114 
2364	94 
2365	2 
2366	129 
2367	30 79 103 105 
2368	18 
2369	35 
2370	56 
2371	19 
2372	5 
2373	20 
2374	72 
2375	129 
2376	131 
2377	89 
2378	64 
2379	22 
2380	121 
2381	84 
2382	15 
2383	56 
2384	71 
2385	72 
2386	2 
2387	49 
2388	64 
2389	72 
2390	12 
2391	23 
2392	33 
2393	117 
2394	14 
2395	37 
2396	39 
2397	35 
2398	17 
2399	62 
2400	19 
2401	14 
2402	9 
2403	71 
2404	53 83 88 115 
2405	127 
2406	37 
2407	106 
2408	112 
2409	69 
2410	35 57 110 122 
2411	2 
2412	112 
2413	15 
2414	36 
2415	5 7 31 70 
2416	64 
2417	131 
2418	118 
2419	42 
2420	112 
2421	2 
2422	18 
2423	23 
2424	66 
2425	118 
2426	17 58 64 101 
2427	115 
2428	16 
2429	15 53 64 103 
2430	106 
2431	87 
2432	37 46 72 77 
2433	72 
2434	66 
2435	60 
2436	34 
2437	56 
2438	120 
2439	15 
2440	115 
2441	48 
2442	82 
2443	7 
2444	107 
2445	30 
2446	41 51 110 129 
2447	55 
2448	131 
2449	33 
2450	107 
2451	6 
2452	112 
2453	84 
2454	34 
2455	107 
2456	18 
2457	66 
2458	62 
2459	90 
2460	59 
2461	6 
2462	25 
2463	126 
2464	122 
2465	89 
2466	63 
2467	75 
2468	3 
2469	22 
2470	123 
2471	3 
2472	115 
2473	109 
2474	64 
2475	50 
2476	67 
2477	118 
2478	61 
2479	102 
2480	56 
2481	126 
2482	73 
2483	108 
2484	38 
2485	63 
2486	83 
2487	6 
2488	110 
2489	105 
2490	31 49 64 85 
2491	17 
2492	43 
2493	97 
2494	55 
2495	15 
2496	49 
2497	31 
2498	81 
2499	7 
2500	41 
2501	129 
2502	49 
2503	1 
2504	123 
2505	104 
2506	63 
2507	30 
2508	32 
2509	24 
2510	106 
2511	33 
2512	21 
2513	112 
2514	56 
2515	80 
2516	51 
2517	77 
2518	14 
2519	118 
2520	13 
2521	131 
2522	102 
2523	84 
2524	66 
2525	42 
2526	49 
2527	10 
2528	31 64 90 126 
2529	107 
2530	21 
2531	15 
2532	38 
2533	80 
2534	53 
2535	56 
2536	84 
2537	116 
2538	45 
2539	102 
2540	120 
2541	51 
2542	46 
2543	32 
2544	1 
2545	17 
2546	6 55 92 129 
2547	72 
2548	31 
2549	55 
2550	38 
2551	5 
2552	46 
2553	112 
2554	79 
2555	32 
2556	87 
2557	5 
2558	126 
2559	81 
2560	64 
2561	134 
2562	82 
2563	110 
2564	126 
2565	31 
2566	30 
2567	55 
2568	15 
2569	38 
2570	131 
2571	84 
2572	34 84 105 121 
2573	37 
2574	58 
2575	72 
2576	4 91 103 106 
2577	85 
2578	84 
2579	5 43 61 133 
2580	107 
2581	121 
2582	64 
2583	45 
2584	61 
2585	53 
2586	85 
2587	70 
2588	2 
2589	5 
2590	120 
2591	119 
2592	107 
2593	89 
2594	28 
2595	41 
2596	115 
2597	8 
2598	8 
2599	108 
2600	71 
2601	69 
2602	53 
2603	110 
2604	71 
2605	102 
2606	90 
2607	55 
2608	125 
2609	34 
2610	74 
2611	128 
2612	51 72 82 122 
2613	94 
2614	78 
2615	74 
2616	19 
2617	49 
2618	49 
2619	16 
2620	120 
2621	98 
2622	14 72 77 117 
2623	59 
2624	93 
2625	97 
2626	93 
2627	46 
2628	16 
2629	131 
2630	31 
2631	15 
2632	66 
2633	66 
2634	3 11 89 129 
2635	14 
2636	68 85 112 135 
2637	13 
2638	2 
2639	60 
2640	91 
2641	6 
2642	80 
2643	33 
2644	43 
2645	95 
2646	60 
2647	32 
2648	127 
2649	16 
2650	104 
2651	81 
2652	89 
2653	31 
2654	74 
2655	93 
2656	82 
2657	110 
2658	2 5 47 72 
2659	34 
2660	80 
2661	85 
2662	55 
2663	38 
2664	21 
2665	127 
2666	90 
2667	40 
2668	102 
2669	52 56 71 85 
2670	131 
2671	69 
2672	75 
2673	44 
2674	102 
2675	45 
2676	121 
2677	49 63 117 129 
2678	55 
2679	15 
2680	13 
2681	31 
2682	78 
2683	12 
2684	121 
2685	57 
2686	66 
2687	38 
2688	131 
2689	1 80 89 129 
2690	15 21 72 83 
2691	34 
2692	1 
2693	93 
2694	129 
2695	121 
2696	22 
2697	11 
2698	77 
2699	41 
2700	100 
2701	14 
2702	30 50 103 117 
2703	41 
2704	69 
2705	111 
2706	108 
2707	118 
2708	85 
2709	34 
2710	124 
2711	38 
2712	69 
2713	129 
2714	88 
2715	69 
2716	39 
2717	76 
2718	118 
2719	51 
2720	38 
2721	53 
2722	41 45 49 126 
2723	21 
2724	45 
2725	116 
2726	25 
2727	133 
2728	116 
2729	106 
2730	5 27 114 126 
2731	30 
2732	92 
2733	34 
2734	4 
2735	8 
2736	121 
2737	38 74 89 95 
2738	84 
2739	38 59 67 116 
2740	8 
2741	123 
2742	121 
2743	45 
2744	5 
2745	32 79 115 118 
2746	75 
2747	33 
2748	82 
2749	19 
2750	95 
2751	84 
2752	122 
2753	102 
2754	49 
2755	7 
2756	81 
2757	102 
2758	122 
2759	71 
2760	76 
2761	84 
2762	8 
2763	48 64 90 116 
2764	131 
2765	30 53 80 107 
2766	49 
2767	19 20 57 130 
2768	101 
2769	58 
2770	125 
2771	75 
2772	112 
2773	68 
2774	104 
2775	17 
2776	103 
2777	5 
2778	24 
2779	129 
2780	103 
2781	79 
2782	72 
2783	61 
2784	97 
2785	104 
2786	6 19 45 65 
2787	98 
2788	108 
2789	31 
2790	85 
2791	10 
2792	18 
2793	59 
2794	64 
2795	25 
2796	121 
2797	125 
2798	69 
2799	78 
2800	21 102 107 121 
2801	75 
2802	105 
2803	69 
2804	102 
2805	58 
2806	84 
2807	85 
2808	60 
2809	49 
2810	43 
2811	110 
2812	12 53 68 71 
2813	124 
2814	11 116 118 125 
2815	62 
2816	52 
2817	43 
2818	5 59 90 116 
2819	107 
2820	52 
2821	107 
2822	14 
2823	16 
2824	46 108 115 134 
2825	95 
2826	85 
2827	54 
2828	121 
2829	131 
2830	94 
2831	71 
2832	5 
2833	15 
2834	43 
2835	68 
2836	19 
2837	46 
2838	115 
2839	30 
2840	57 
2841	5 
2842	108 
2843	72 
2844	53 
2845	9 
2846	135 
2847	48 
2848	83 
2849	14 
2850	105 
2851	93 
2852	124 
2853	104 
2854	90 
2855	9 46 67 80 
2856	15 17 102 110 
2857	21 
2858	76 
2859	82 
2860	53 
2861	63 
2862	93 
2863	57 
2864	22 
2865	111 
2866	54 
2867	61 74 78 125 
2868	45 
2869	28 
2870	56 
2871	50 
2872	5 
2873	68 
2874	41 
2875	99 
2876	6 
2877	61 
2878	127 
2879	60 
2880	118 
2881	87 
2882	50 
2883	92 
2884	10 72 94 126 
2885	83 
2886	74 
2887	87 
2888	50 
2889	117 
2890	16 
2891	46 
2892	62 
2893	48 72 78 92 
2894	118 
2895	21 
2896	80 
2897	74 
2898	5 
2899	121 
2900	90 
2901	124 
2902	78 
2903	115 
2904	16 56 78 129 
2905	54 
2906	114 
2907	38 
2908	42 
2909	66 79 96 113 
2910	32 
2911	46 
2912	37 64 90 113 
2913	53 
2914	53 55 66 79 
2915	45 53 56 91 
2916	71 
2917	58 
2918	66 
2919	38 
2920	75 
2921	3 
2922	125 
2923	59 
2924	92 
2925	17 
2926	118 
2927	119 
2928	38 
2929	19 
2930	121 
2931	109 
2932	16 
2933	134 
2934	63 
2935	128 
2936	88 
2937	34 
2938	117 
2939	15 
2940	30 32 45 55 
2941	26 
2942	105 
2943	82 
2944	45 84 89 118 
2945	131 
2946	44 
2947	113 
2948	16 
2949	11 
2950	36 
2951	15 
2952	76 
2953	26 
2954	5 
2955	56 
2956	30 
2957	88 
2958	11 
2959	84 
2960	28 
2961	16 22 113 126 
2962	15 
2963	123 
2964	99 
2965	88 
2966	85 
2967	44 
2968	27 33 84 123 
2969	103 112 115 121 
2970	30 
2971	13 
2972	81 
2973	120 
2974	128 
2975	57 
2976	122 
2977	19 
2978	129 
2979	118 
2980	19 
2981	83 
2982	15 
2983	56 
2984	59 
2985	82 
2986	92 
2987	112 
2988	26 
2989	38 57 72 75 
2990	53 
2991	33 
2992	127 
2993	54 
2994	31 
2995	93 
2996	86 
2997	6 
2998	116 
2999	84 
3000	38 
3001	122 
3002	21 
3003	114 
3004	112 
3005	81 
3006	61 
3007	131 
3008	20 
3009	102 
3010	47 
3011	68 
3012	36 
3013	6 
3014	94 
3015	88 
3016	36 
3017	45 
3018	85 
3019	51 
3020	38 
3021	15 
3022	95 
3023	21 
3024	14 
3025	116 
3026	85 
3027	87 
3028	44 
3029	57 81 84 125 
3030	26 45 89 104 
3031	110 
3032	42 
3033	71 
3034	38 
3035	53 
3036	90 
3037	115 
3038	45 
3039	57 
3040	118 
3041	19 
3042	125 
3043	96 
3044	76 
3045	21 
3046	45 53 112 126 
3047	15 
3048	20 28 31 122 
3049	112 
3050	86 
3051	3 17 37 131 
3052	30 67 83 121 
3053	63 
3054	80 
3055	117 
3056	114 
3057	90 
3058	84 88 105 128 
3059	101 
3060	107 
3061	123 
3062	50 
3063	5 19 34 129 
3064	126 
3065	23 
3066	21 
3067	130 
3068	66 71 103 112 
3069	19 31 46 58 
3070	13 
3071	25 
3072	30 
3073	85 
3074	85 
3075	84 
3076	54 
3077	43 80 85 93 
3078	75 
3079	83 
3080	79 
3081	118 
3082	17 49 66 130 
3083	76 
3084	82 
3085	122 
3086	50 
3087	6 31 45 53 
3088	117 
3089	15 
3090	61 
3091	2 
3092	92 
3093	47 
3094	2 
3095	18 56 88 112 
3096	91 
3097	34 
3098	13 
3099	90 
3100	102 
3101	5 
3102	122 
3103	23 
3104	131 
3105	102 
3106	110 
3107	71 
3108	5 
3109	84 
3110	129 
3111	112 
3112	125 
3113	126 
3114	23 
3115	67 84 104 107 
3116	67 
3117	73 
3118	70 
3119	2 
3120	51 
3121	118 
3122	58 
3123	2 
3124	97 
3125	13 
3126	120 
3127	112 
3128	131 
3129	53 
3130	78 
3131	40 61 111 126 
3132	45 
3133	15 21 39 127 
3134	17 
3135	117 
3136	83 
3137	3 
3138	106 
3139	37 
3140	43 
3141	39 
3142	37 
3143	133 
3144	38 
3145	46 
3146	64 
3147	80 
3148	127 
3149	45 
3150	111 
3151	24 
3152	17 
3153	53 
3154	63 
3155	48 
3156	89 
3157	116 
3158	118 
3159	57 
3160	11 
3161	39 
3162	99 
3163	21 
3164	60 
3165	7 
3166	64 
3167	21 34 35 119 
3168	2 
3169	76 
3170	106 
3171	40 
3172	46 
3173	97 
3174	30 
3175	33 
3176	11 
3177	113 
3178	63 80 105 114 
3179	116 
3180	116 
3181	76 
3182	40 
3183	125 
3184	88 
3185	15 
3186	84 
3187	66 
3188	45 
3189	69 
3190	15 
3191	79 
3192	6 
3193	125 
3194	12 
3195	90 
3196	48 
3197	69 
3198	56 
3199	127 
3200	11 
3201	58 
3202	88 
3203	11 
3204	110 
3205	69 
3206	111 
3207	5 43 55 74 
3208	125 
3209	121 
3210	46 
3211	72 
3212	6 
3213	38 
3214	31 
3215	16 
3216	115 
3217	25 
3218	119 
3219	30 75 115 121 
3220	126 
3221	92 
3222	15 106 117 129 
3223	98 
3224	40 
3225	23 38 100 130 
3226	16 
3227	85 
3228	9 
3229	121 
3230	18 
3231	39 
3232	122 
3233	21 
3234	56 
3235	100 
3236	15 
3237	125 
3238	123 
3239	41 
3240	62 
3241	107 
3242	134 
3243	5 
3244	117 
3245	121 
3246	52 
3247	46 
3248	7 
3249	12 
3250	102 
3251	46 
3252	18 
3253	32 
3254	66 
3255	76 
3256	104 
3257	124 
3258	129 
3259	114 
3260	75 
3261	19 
3262	60 
3263	80 
3264	3 44 119 131 
3265	79 
3266	41 
3267	45 
3268	65 
3269	64 
3270	28 
3271	53 
3272	15 
3273	117 
3274	50 55 95 123 
3275	22 
3276	10 
3277	80 
3278	61 
3279	131 
3280	43 45 58 118 
3281	30 
3282	98 
3283	98 
3284	82 
3285	50 
3286	103 
3287	106 
3288	84 
3289	60 
3290	30 
3291	34 65 102 112 
3292	31 60 116 132 
3293	106 
3294	5 
3295	56 
3296	71 88 114 126 
3297	23 
3298	61 
3299	126 
3300	90 
3301	14 
3302	122 
3303	31 
3304	5 
3305	60 
3306	24 
3307	78 
3308	18 
3309	93 
3310	118 
3311	78 
3312	16 
3313	89 
3314	79 
3315	49 
3316	113 
3317	20 
3318	110 
3319	71 
3320	89 
3321	14 
3322	34 
3323	85 112 121 126 
3324	75 
3325	52 
3326	81 
3327	2 
3328	30 
3329	63 
3330	130 
3331	91 
3332	93 
3333	115 
3334	129 
3335	81 
3336	75 
3337	27 
3338	61 
3339	129 
3340	97 
3341	57 
3342	5 
3343	45 
3344	109 
3345	34 
3346	134 
3347	31 
3348	82 
3349	72 
3350	124 
3351	21 43 63 75 
3352	8 27 58 74 
3353	45 
3354	46 
3355	131 
3356	54 
3357	24 
3358	122 
3359	8 45 49 110 
3360	52 
3361	33 
3362	3 
3363	54 
3364	95 
3365	111 
3366	8 38 117 120 
3367	129 
3368	121 
3369	83 
3370	19 
3371	64 
3372	46 
3373	121 
3374	108 
3375	29 
3376	38 
3377	25 
3378	27 
3379	127 
3380	132 
3381	115 
3382	15 
3383	82 
3384	47 
3385	4 98 115 130 
3386	80 
3387	41 
3388	18 
3389	132 
3390	2 
3391	97 
3392	64 
3393	119 
3394	79 
3395	5 
3396	30 
3397	90 
3398	67 
3399	119 
3400	50 
3401	66 
3402	43 52 76 134 
3403	125 
3404	56 
3405	17 
3406	63 
3407	26 
3408	90 
3409	58 
3410	39 60 94 105 
3411	114 
3412	6 
3413	72 
3414	86 
3415	9 37 55 89 
3416	115 
3417	106 
3418	82 
3419	58 
3420	38 74 107 115 
3421	95 
3422	21 
3423	83 
3424	90 
3425	17 
3426	115 
3427	105 
3428	45 
3429	28 
3430	62 
3431	91 
3432	19 
3433	120 
3434	71 
3435	81 
3436	17 
3437	14 
3438	11 
3439	17 
3440	8 
3441	104 
3442	114 
3443	70 
3444	69 
3445	76 112 123 129 
3446	101 
3447	131 
3448	110 
3449	38 
3450	16 61 115 135 
3451	103 
3452	50 
3453	30 
3454	64 
3455	69 
3456	45 
3457	5 
3458	17 
3459	4 9 51 52 
3460	31 
3461	107 
3462	16 
3463	15 
3464	97 
3465	9 
3466	38 48 80 112 
3467	55 
3468	19 55 104 133 
3469	132 
3470	81 
3471	114 
3472	122 
3473	76 
3474	9 
3475	9 
3476	93 
3477	71 
3478	43 
3479	8 
3480	125 
3481	60 
3482	64 
3483	90 
3484	98 
3485	30 
3486	47 
3487	66 
3488	131 
3489	78 
3490	12 
3491	55 
3492	6 56 60 115 
3493	75 
3494	114 
3495	107 
3496	14 
3497	75 
3498	111 
3499	38 
3500	118 
3501	115 
3502	18 
3503	28 
3504	31 
3505	76 
3506	85 
3507	61 
3508	76 
3509	19 
3510	43 
3511	61 
3512	5 79 89 119 
3513	84 
3514	32 
3515	107 
3516	84 
3517	60 
3518	49 
3519	112 
3520	104 
3521	126 
3522	76 
3523	45 
3524	78 
3525	118 
3526	85 
3527	33 
3528	63 
3529	22 
3530	45 
3531	14 
3532	124 
3533	44 
3534	96 
3535	22 
3536	51 
3537	13 
3538	46 
3539	130 
3540	74 
3541	34 
3542	89 
3543	14 
3544	129 
3545	116 
3546	15 39 47 115 
3547	51 
3548	31 
3549	35 
3550	19 
3551	7 45 83 102 
3552	79 
3553	57 
3554	46 
3555	57 
3556	123 
3557	6 17 79 131 
3558	122 
3559	1 
3560	97 
3561	84 
3562	35 
3563	25 
3564	115 
3565	118 
3566	52 71 122 125 
3567	11 
3568	63 
3569	78 
3570	105 
3571	102 
3572	51 
3573	122 
3574	38 
3575	63 
3576	29 
3577	107 
3578	12 
3579	45 
3580	2 
3581	11 
3582	64 
3583	33 
3584	102 
3585	88 
3586	44 
3587	105 
3588	1 46 47 118 
3589	70 
3590	34 
3591	28 
3592	57 
3593	59 
3594	82 
3595	96 
3596	50 79 118 124 
3597	80 
3598	72 
3599	112 
3600	42 
3601	100 
3602	43 
3603	98 
3604	72 
3605	7 
3606	55 
3607	78 
3608	19 
3609	30 53 62 84 
3610	112 
3611	58 
3612	128 
3613	10 
3614	7 
3615	4 34 53 56 
3616	83 
3617	93 
3618	21 
3619	131 
3620	3 
3621	34 
3622	102 
3623	8 
3624	44 
3625	135 
3626	30 48 66 76 
3627	74 
3628	1 
3629	52 
3630	45 
3631	65 
3632	1 
3633	1 30 113 123 
3634	75 
3635	6 
3636	93 
3637	60 
3638	129 
3639	123 
3640	126 
3641	16 61 79 122 
3642	1 
3643	128 
3644	106 
3645	21 
3646	24 45 82 109 
3647	17 
3648	71 
3649	16 
3650	88 
3651	45 
3652	5 21 93 129 
3653	23 34 113 133 
3654	96 
3655	125 
3656	126 
3657	35 
3658	103 
3659	41 
3660	71 
3661	110 
3662	134 
3663	23 
3664	21 
3665	38 
3666	46 55 78 97 
3667	110 
3668	117 
3669	126 
3670	49 
3671	116 
3672	2 
3673	26 
3674	55 
3675	21 
3676	38 
3677	11 
3678	31 54 69 101 
3679	66 
3680	9 
3681	61 85 114 121 
3682	111 
3683	31 
3684	102 
3685	82 
3686	49 
3687	19 
3688	34 
3689	15 69 85 92 
3690	80 
3691	31 
3692	8 49 77 103 
3693	21 
3694	110 
3695	115 
3696	19 38 64 125 
3697	129 
3698	90 
3699	66 
3700	50 
3701	64 
3702	121 
3703	43 
3704	99 
3705	69 
3706	46 
3707	84 
3708	5 
3709	5 
3710	79 
3711	75 
3712	65 
3713	18 
3714	130 
3715	83 
3716	45 
3717	33 56 75 88 
3718	83 
3719	38 
3720	56 
3721	20 22 61 122 
3722	110 
3723	33 
3724	43 53 126 129 
3725	95 
3726	122 
3727	16 
3728	40 
3729	13 
3730	87 
3731	78 
3732	107 
3733	125 
3734	118 
3735	66 
3736	5 
3737	32 
3738	87 
3739	18 
3740	58 
3741	5 59 121 132 
3742	116 
3743	34 
3744	118 
3745	32 
3746	44 
3747	26 
3748	55 
3749	16 
3750	118 
3751	68 
3752	59 
3753	81 
3754	103 
3755	74 
3756	26 
3757	41 57 95 128 
3758	126 
3759	2 23 61 125 
3760	43 46 97 121 
3761	5 
3762	120 
3763	74 
3764	100 
3765	53 
3766	132 
3767	56 
3768	102 
3769	5 
3770	74 
3771	11 16 19 84 
3772	43 
3773	58 
3774	77 
3775	29 
3776	2 
3777	48 65 80 124 
3778	55 
3779	126 
3780	38 
3781	101 
3782	5 56 58 85 
3783	13 
3784	126 
3785	115 
3786	64 
3787	31 
3788	15 
3789	71 
3790	30 59 79 133 
3791	9 31 77 95 
3792	129 
3793	120 
3794	13 
3795	58 
3796	30 
3797	131 
3798	57 
3799	84 
3800	84 
3801	134 
3802	45 
3803	101 
3804	88 
3805	67 
3806	135 
3807	49 53 76 107 
3808	72 
3809	101 
3810	76 
3811	5 
3812	39 
3813	84 97 103 121 
3814	50 
3815	8 
3816	46 
3817	71 
3818	15 
3819	119 
3820	28 
3821	131 
3822	66 
3823	107 
3824	38 
3825	123 
3826	16 
3827	70 
3828	21 
3829	54 
3830	61 
3831	5 17 85 121 
3832	115 
3833	38 
3834	61 
3835	21 
3836	6 
3837	88 
3838	39 
3839	41 
3840	71 
3841	30 
3842	117 
3843	38 
3844	107 
3845	29 
3846	126 
3847	21 
3848	124 
3849	14 45 55 74 
3850	102 105 121 130 
3851	84 
3852	122 
3853	92 
3854	125 
3855	36 
3856	90 
3857	53 
3858	92 
3859	115 
3860	95 
3861	129 
3862	18 
3863	97 
3864	31 40 42 48 
3865	11 
3866	63 
3867	83 
3868	85 
3869	5 
3870	53 
3871	64 77 89 131 
3872	29 
3873	21 
3874	110 
3875	13 
3876	90 
3877	102 
3878	16 
3879	115 
3880	19 35 50 72 
3881	90 
3882	31 
3883	114 
3884	28 
3885	114 
3886	103 
3887	21 
3888	65 
3889	15 
3890	85 
3891	36 
3892	57 
3893	13 
3894	28 
3895	19 
3896	18 
3897	102 
3898	71 
3899	46 
3900	37 
3901	5 
3902	30 
3903	21 
3904	121 
3905	5 35 41 79 
3906	25 
3907	60 
3908	31 
3909	53 
3910	95 
3911	99 
3912	13 
3913	56 
3914	134 
3915	21 
3916	54 
3917	108 
3918	129 
3919	37 69 87 122 
3920	129 
3921	132 
3922	96 
3923	5 
3924	85 
3925	102 
3926	29 
3927	64 74 94 132 
3928	103 
3929	85 
3930	1 
3931	66 
3932	10 
3933	85 
3934	10 32 43 107 
3935	35 
3936	120 
3937	114 
3938	25 
3939	121 
3940	107 
3941	14 
3942	52 
3943	2 
3944	94 
3945	103 
3946	122 
3947	100 
3948	82 
3949	122 
3950	64 
3951	20 
3952	5 
3953	76 
3954	14 
3955	69 
3956	27 
3957	7 
3958	41 
3959	50 
3960	123 
3961	89 
3962	41 
3963	122 
3964	123 
3965	66 
3966	40 
3967	91 
3968	85 
3969	19 
3970	132 
3971	17 
3972	38 
3973	66 
3974	81 
3975	49 
3976	1 46 61 127 
3977	47 
3978	55 
3979	103 
3980	112 
3981	66 
3982	13 
3983	27 
3984	95 
3985	57 
3986	25 
3987	109 
3988	129 
3989	55 
3990	112 
3991	125 
3992	35 
3993	126 
3994	14 
3995	18 
3996	38 
3997	41 
3998	122 
3999	130 
4000	14 
4001	6 13 61 97 
4002	59 
4003	4 
4004	85 
4005	34 
4006	81 
4007	31 
4008	110 
4009	126 
4010	96 
4011	6 
4012	62 
4013	4 59 97 112 
4014	88 
4015	33 
4016	112 
4017	28 
4018	83 
4019	47 
4020	55 
4021	56 
4022	56 
4023	129 
4024	121 
4025	91 
4026	19 
4027	88 
4028	71 
4029	2 
4030	3 
4031	55 
4032	115 
4033	5 
4034	38 39 71 129 
4035	110 
4036	41 
4037	10 
4038	45 
4039	133 
4040	118 
4041	21 
4042	13 
4043	85 
4044	92 
4045	13 
4046	85 
4047	119 
4048	113 
4049	17 
4050	13 23 83 107 
4051	106 
4052	33 
4053	131 
4054	75 
4055	120 
4056	19 54 66 68 
4057	101 
4058	84 
4059	11 
4060	116 
4061	55 
4062	53 
4063	41 
4064	32 
4065	63 
4066	60 
4067	5 33 58 69 
4068	107 
4069	25 
4070	82 
4071	116 
4072	37 
4073	38 
4074	23 
4075	133 
4076	60 
4077	15 55 88 132 
4078	124 
4079	23 
4080	127 
4081	99 
4082	115 
4083	5 
4084	60 
4085	15 
4086	43 
4087	66 
4088	82 
4089	76 
4090	46 
4091	60 
4092	104 
4093	17 
4094	125 
4095	123 
4096	8 31 122 132 
4097	72 
4098	117 
4099	33 
4100	56 
4101	92 
4102	12 
4103	17 
4104	83 
4105	110 
4106	96 
4107	112 
4108	130 
4109	122 
4110	14 
4111	51 61 110 123 
4112	74 
4113	71 
4114	26 
4115	117 
4116	38 
4117	15 
4118	59 
4119	9 15 59 66 
4120	83 
4121	38 
4122	101 
4123	19 
4124	113 
4125	96 
4126	34 
4127	41 49 88 102 
4128	105 
4129	20 
4130	80 
4131	63 
4132	61 
4133	109 
4134	68 
4135	28 44 85 134 
4136	55 
4137	30 
4138	44 
4139	110 
4140	21 
4141	45 56 68 104 
4142	103 
4143	55 
4144	103 
4145	56 
4146	57 
4147	117 
4148	55 
4149	89 
4150	90 
4151	123 
4152	84 
4153	21 
4154	19 
4155	105 
4156	13 
4157	16 33 58 131 
4158	2 
4159	23 38 46 56 
4160	82 
4161	62 
4162	123 
4163	134 
4164	4 
4165	14 21 79 89 
4166	45 
4167	110 
4168	56 
4169	125 
4170	59 
4171	19 
4172	3 
4173	47 
4174	15 
4175	57 
4176	98 
4177	127 
4178	32 
4179	108 
4180	7 
4181	44 
4182	15 
4183	107 
4184	28 95 100 118 
4185	72 
4186	88 
4187	56 
4188	44 
4189	30 40 50 129 
4190	49 
4191	41 
4192	39 
4193	131 
4194	120 
4195	71 
4196	63 
4197	43 
4198	84 
4199	27 
4200	13 
4201	115 
4202	14 
4203	66 74 101 117 
4204	76 
4205	48 
4206	52 
4207	107 
4208	15 18 83 129 
4209	129 
4210	30 32 53 121 
4211	23 69 73 81 
4212	125 
4213	33 
4214	95 
4215	53 
4216	44 
4217	78 
4218	44 
4219	79 
4220	31 
4221	6 
4222	13 
4223	65 
4224	13 
4225	124 
4226	5 
4227	90 
4228	45 
4229	101 
4230	3 
4231	110 
4232	80 
4233	35 53 68 126 
4234	60 
4235	98 
4236	18 
4237	28 31 58 93 
4238	52 
4239	56 
4240	47 
4241	84 
4242	50 
4243	94 
4244	116 
4245	132 
4246	103 
4247	26 43 80 125 
4248	30 
4249	34 
4250	125 
4251	6 
4252	28 
4253	121 
4254	60 
4255	28 
4256	47 
4257	83 
4258	56 
4259	126 
4260	110 
4261	67 
4262	2 
4263	107 
4264	48 
4265	121 
4266	11 14 61 109 
4267	59 
4268	17 
4269	56 
4270	103 
4271	30 
4272	85 
4273	49 
4274	135 
4275	14 39 48 53 
4276	129 
4277	4 
4278	21 
4279	9 
4280	101 
4281	68 
4282	62 
4283	83 
4284	72 
4285	118 
4286	58 80 84 127 
4287	41 
4288	38 
4289	61 
4290	30 
4291	11 
4292	112 
4293	92 
4294	107 
4295	110 
4296	16 
4297	14 69 71 112 
4298	65 
4299	115 
4300	72 
4301	86 
4302	53 
4303	18 
4304	66 
4305	89 
4306	60 
4307	68 
4308	75 
4309	69 
4310	112 
4311	5 
4312	119 
4313	88 
4314	31 
4315	121 
4316	5 
4317	80 
4318	106 
4319	9 
4320	47 
4321	11 
4322	63 
4323	110 
4324	86 
4325	11 88 104 125 
4326	81 
4327	50 
4328	1 
4329	38 
4330	12 38 71 134 
4331	122 
4332	65 
4333	83 
4334	38 
4335	34 
4336	72 
4337	52 
4338	109 
4339	38 
4340	53 
4341	5 
4342	82 
4343	135 
4344	98 
4345	5 
4346	2 46 67 74 
4347	5 
4348	21 
4349	16 
4350	57 
4351	15 
4352	12 
4353	109 
4354	3 
4355	35 
4356	90 
4357	8 53 70 76 
4358	31 
4359	84 
4360	58 
4361	46 
4362	70 
4363	7 
4364	66 
4365	63 
4366	37 
4367	57 83 92 98 
4368	67 90 102 131 
4369	42 
4370	87 
4371	61 
4372	47 
4373	48 
4374	56 
4375	48 
4376	64 
4377	50 
4378	63 
4379	49 
4380	62 
4381	33 55 108 134 
4382	28 38 76 95 
4383	71 
4384	55 
4385	62 
4386	96 
4387	60 
4388	43 107 112 129 
4389	60 
4390	86 
4391	133 
4392	15 
4393	13 
4394	76 
4395	121 
4396	46 
4397	75 
4398	71 108 117 124 
4399	57 
4400	3 
4401	34 
4402	71 
4403	36 
4404	23 69 89 120 
4405	88 
4406	16 
4407	110 
4408	82 
4409	84 
4410	135 
4411	2 
4412	5 
4413	107 
4414	79 
4415	79 
4416	31 95 107 119 
4417	118 
4418	19 53 79 129 
4419	37 
4420	109 
4421	30 
4422	74 
4423	3 
4424	58 
4425	102 
4426	41 
4427	133 
4428	91 
4429	115 
4430	122 
4431	80 
4432	49 
4433	57 
4434	17 39 93 133 
4435	13 23 70 125 
4436	71 
4437	72 
4438	56 
4439	86 
4440	107 
4441	34 
4442	38 
4443	29 
4444	29 
4445	107 
4446	131 
4447	33 
4448	7 
4449	78 
4450	123 
4451	44 
4452	33 51 85 90 
4453	41 
4454	102 
4455	39 
4456	80 
4457	88 
4458	61 
4459	20 
4460	122 
4461	15 21 34 78 
4462	89 
4463	17 
4464	46 
4465	11 41 121 129 
4466	35 
4467	103 
4468	5 
4469	5 
4470	106 
4471	78 
4472	12 95 121 126 
4473	112 
4474	5 
4475	56 
4476	113 
4477	118 
4478	132 
4479	6 43 46 80 
4480	53 
4481	4 
4482	31 56 103 121 
4483	101 
4484	15 
4485	86 
4486	5 38 48 82 
4487	5 
4488	8 
4489	118 
4490	57 
4491	101 
4492	127 
4493	122 
4494	21 
4495	36 
4496	29 
4497	101 
4498	11 
4499	21 30 38 93 
4500	17 
4501	71 
4502	24 
4503	25 
4504	41 
4505	54 
4506	120 
4507	72 
4508	7 46 53 66 
4509	16 
4510	57 
4511	12 
4512	64 
4513	2 
4514	14 
4515	122 
4516	99 
4517	53 84 113 130 
4518	99 
4519	51 
4520	34 59 64 116 
4521	8 53 65 97 
4522	132 
4523	28 
4524	106 
4525	33 
4526	41 
4527	27 
4528	19 
4529	35 67 102 107 
4530	128 
4531	1 
4532	53 
4533	56 
4534	110 
4535	46 
4536	84 
4537	21 
4538	41 
4539	60 
4540	18 
4541	88 
4542	30 
4543	123 
4544	118 
4545	63 
4546	131 
4547	30 
4548	61 
4549	43 76 123 134 
4550	64 
4551	117 
4552	15 
4553	75 
4554	65 
4555	19 
4556	61 
4557	98 
4558	87 
4559	2 34 40 118 
4560	73 
4561	5 29 46 49 
4562	5 
4563	130 
4564	109 
4565	80 
4566	89 
4567	31 
4568	44 
4569	102 
4570	21 
4571	22 
4572	90 
4573	90 
4574	101 
4575	53 
4576	13 
4577	112 
4578	102 
4579	112 
4580	17 83 104 115 
4581	106 
4582	66 
4583	69 81 84 123 
4584	130 
4585	111 
4586	67 
4587	10 
4588	107 
4589	45 53 57 114 
4590	13 
4591	23 26 30 130 
4592	133 
4593	126 
4594	13 69 73 92 
4595	33 
4596	118 
4597	31 
4598	106 
4599	14 
4600	113 
4601	32 
4602	49 
4603	69 
4604	64 85 98 129 
4605	13 
4606	1 
4607	16 31 111 133 
4608	10 
4609	71 
4610	50 
4611	67 
4612	58 
4613	50 
4614	84 
4615	52 
4616	44 
4617	106 
4618	50 81 88 107 
4619	44 
4620	77 
4621	82 
4622	66 
4623	46 
4624	35 
4625	115 
4626	24 
4627	17 
4628	110 
4629	17 
4630	3 
4631	115 
4632	35 
4633	126 
4634	79 
4635	125 
4636	89 
4637	28 63 124 131 
4638	112 
4639	93 
4640	10 
4641	14 
4642	122 
4643	98 
4644	88 
4645	122 
4646	77 
4647	15 
4648	69 
4649	21 
4650	6 
4651	105 
4652	56 
4653	2 
4654	121 
4655	75 105 115 131 
4656	13 
4657	13 
4658	54 
4659	52 
4660	100 
4661	92 
4662	84 
4663	70 
4664	52 53 84 121 
4665	106 
4666	30 48 54 107 
4667	50 107 117 118 
4668	114 
4669	57 58 74 107 
4670	17 
4671	67 
4672	119 
4673	37 
4674	71 
4675	115 
4676	115 
4677	99 106 121 122 
4678	44 
4679	30 
4680	41 
4681	69 
4682	69 
4683	123 
4684	56 
4685	20 69 70 131 
4686	95 
4687	39 
4688	97 
4689	120 
4690	52 
4691	49 
4692	121 
4693	105 
4694	122 
4695	9 
4696	41 
4697	68 95 102 116 
4698	106 
4699	17 
4700	50 
4701	123 
4702	53 
4703	39 
4704	21 
4705	83 
4706	62 
4707	133 
4708	38 
4709	30 
4710	61 
4711	107 
4712	116 
4713	15 
4714	134 
4715	79 
4716	115 
4717	38 41 71 94 
4718	121 
4719	55 
4720	79 
4721	1 
4722	83 
4723	121 
4724	14 
4725	44 
4726	43 
4727	106 
4728	82 
4729	21 
4730	118 
4731	118 
4732	80 
4733	28 30 83 119 
4734	46 
4735	68 
4736	73 
4737	51 
4738	57 
4739	108 
4740	18 
4741	13 17 81 85 
4742	67 
4743	117 
4744	10 
4745	64 
4746	46 47 64 127 
4747	80 
4748	116 
4749	117 
4750	15 
4751	33 
4752	101 
4753	106 
4754	131 
4755	41 
4756	69 
4757	45 
4758	51 
4759	98 
4760	102 
4761	90 
4762	55 
4763	8 121 122 129 
4764	53 
4765	15 
4766	50 
4767	134 
4768	77 
4769	50 
4770	92 
4771	28 
4772	21 
4773	33 35 76 126 
4774	85 
4775	67 89 119 130 
4776	96 
4777	28 
4778	60 
4779	45 
4780	87 
4781	36 
4782	78 
4783	49 
4784	21 
4785	63 
4786	43 
4787	135 
4788	125 
4789	119 
4790	127 
4791	60 
4792	131 
4793	11 107 123 125 
4794	69 
4795	102 
4796	65 
4797	58 
4798	50 
4799	74 
4800	5 
4801	109 
4802	64 
4803	118 
4804	22 
4805	87 
4806	51 
4807	14 38 53 80 
4808	31 
4809	112 
4810	1 
4811	85 
4812	7 
4813	1 
4814	90 
4815	57 
4816	7 
4817	60 
4818	132 
4819	53 78 116 123 
4820	22 
4821	75 
4822	117 
4823	6 45 58 66 
4824	62 
4825	6 
4826	53 
4827	108 
4828	64 
4829	102 
4830	60 
4831	30 63 80 130 
4832	76 
4833	32 
4834	3 35 38 129 
4835	35 
4836	85 
4837	126 
4838	3 12 49 92 
4839	15 
4840	74 
4841	6 
4842	45 104 113 121 
4843	21 36 61 107 
4844	32 
4845	118 
4846	51 
4847	110 
4848	62 
4849	19 
4850	55 
4851	8 13 73 123 
4852	61 
4853	13 
4854	41 
4855	14 41 46 134 
4856	9 
4857	107 
4858	17 
4859	50 102 118 130 
4860	60 
4861	13 14 100 123 
4862	7 
4863	121 
4864	19 
4865	50 
4866	18 
4867	46 
4868	52 
4869	71 
4870	21 38 71 77 
4871	41 
4872	30 45 65 97 
4873	3 
4874	48 
4875	115 
4876	106 
4877	108 
4878	106 
4879	39 
4880	48 
4881	123 
4882	76 
4883	130 
4884	62 
4885	89 
4886	80 
4887	3 
4888	84 
4889	22 56 64 77 
4890	107 
4891	13 
4892	46 
4893	71 
4894	49 
4895	126 
4896	93 
4897	18 72 112 122 
4898	82 
4899	81 
4900	31 
4901	120 
4902	101 
4903	90 
4904	80 
4905	59 
4906	43 
4907	7 
4908	45 
4909	84 
4910	91 
4911	46 
4912	52 
4913	121 
4914	34 
4915	47 
4916	28 34 67 102 
4917	14 
4918	56 
4919	121 
4920	121 
4921	52 54 61 131 
4922	46 56 85 133 
4923	71 
4924	81 
4925	72 
4926	17 
4927	21 
4928	7 
4929	112 
4930	31 
4931	35 
4932	7 64 121 129 
4933	131 
4934	103 
4935	85 
4936	30 
4937	64 
4938	6 
4939	85 
4940	88 
4941	115 
4942	90 
4943	30 
4944	33 42 57 126 
4945	112 
4946	30 
4947	13 19 50 83 
4948	16 
4949	92 
4950	45 85 94 131 
4951	44 
4952	2 
4953	56 
4954	5 
4955	122 
4956	104 
4957	55 
4958	15 
4959	15 
4960	121 
4961	82 
4962	112 
4963	121 
4964	6 27 62 69 
4965	55 
4966	5 
4967	55 
4968	45 
4969	89 
4970	34 44 90 97 
4971	53 
4972	90 
4973	81 
4974	38 
4975	5 9 45 83 
4976	44 
4977	79 92 118 122 
4978	74 
4979	57 
4980	15 
4981	17 
4982	125 
4983	89 
4984	45 
4985	61 
4986	103 
4987	60 
4988	5 45 66 82 
4989	76 
4990	131 
4991	123 
4992	49 
4993	115 
4994	41 
4995	89 
4996	71 
4997	35 
4998	51 
4999	112 
5000	11 
