N-1000-mu0.1-om2 0.9014097912523388 0.9014097912523388 0.9384858608611453
N-1000-mu0.1-om3 0.8331025770900424 0.8331025770900424 0.884404490585796
N-1000-mu0.1-om4 0.7893329425392336 0.7893329425392336 0.8433920166133098
N-1000-mu0.1-om5 0.7459946983595337 0.7459946983595337 0.8079001688624936
N-1000-mu0.1-om6 0.7074208002199392 0.7074208002199392 0.7442154860851349
N-1000-mu0.1-om7 0.6682938608482104 0.6682938608482104 0.7172643033665258
N-1000-mu0.1-om8 0.6523644214484273 0.6523644214484273 0.7022062525025519
N-1000-mu0.3-om2 0.8582604901846891 0.8582604901846891 0.9024876598059836
N-1000-mu0.3-om3 0.8007852084060628 0.8007852084060628 0.8456616269718467
N-1000-mu0.3-om4 0.739977043242816 0.739977043242816 0.8047977210107755
N-1000-mu0.3-om5 0.6927300230592092 0.6927300230592092 0.741263161368019
N-1000-mu0.3-om6 0.6233494964755328 0.6233494964755328 0.6693431246313055
N-1000-mu0.3-om7 0.6146897490864524 0.6146897490864524 0.6719200150708117
N-1000-mu0.3-om8 0.5939244103693792 0.5939244103693792 0.6561381770490193
N-5000-mu0.1-om2 0.9088325924241584 0.9088325924241584 0.9369024650210289
N-5000-mu0.1-om3 0.8415605520571754 0.8415605520571754 0.8786708435271027
N-5000-mu0.1-om4 0.7881565781478959 0.7881565781478959 0.8247278208111135
N-5000-mu0.1-om5 0.7382629850922827 0.7382629850922827 0.7759394065526762
N-5000-mu0.1-om6 0.6902752761017329 0.6902752761017329 0.7155519996577384
N-5000-mu0.1-om7 0.6547894560795052 0.6547894560795052 0.6779306287163893
N-5000-mu0.1-om8 0.6244553955971454 0.6244553955971454 0.643025230947655
N-5000-mu0.3-om2 0.8894415817879228 0.8894415817879228 0.9163598453147727
N-5000-mu0.3-om3 0.8081024882970115 0.8081024882970115 0.8390206375945232
N-5000-mu0.3-om4 0.7440587895358266 0.7440587895358266 0.7786226431544877
N-5000-mu0.3-om5 0.6888063362726108 0.6888063362726108 0.7255404493339379
N-5000-mu0.3-om6 0.6382139634587709 0.6382139634587709 0.6727526226713002
N-5000-mu0.3-om7 0.591687269488643 0.591687269488643 0.6241462512043539
N-5000-mu0.3-om8 0.5550451865969379 0.5550451865969379 0.5838836155862432
N-10000-mu0.1-om2 0.944777799625211 0.944777799625211 0.9681074595432211
N-10000-mu0.1-om3 0.8988273637392281 0.8988273637392281 0.9360545266647943
N-10000-mu0.1-om4 0.8486196201939719 0.8486196201939719 0.8925965188266746
N-10000-mu0.1-om5 0.776441752528538 0.776441752528538 0.8217972661917714
N-10000-mu0.1-om6 0.7241570419546659 0.7241570419546659 0.7596001271201139
N-10000-mu0.1-om7 0.6924710639188217 0.6924710639188217 0.7170187423819787
N-10000-mu0.1-om8 0.6670908677755019 0.6670908677755019 0.687218220023586
N-10000-mu0.3-om2 0.948692924895799 0.948692924895799 0.9680966367982673
N-10000-mu0.3-om3 0.893696159771138 0.893696159771138 0.9230938606594546
N-10000-mu0.3-om4 0.8080460653230547 0.8080460653230547 0.8415401377595685
N-10000-mu0.3-om5 0.735466039077136 0.735466039077136 0.7600262691945828
N-10000-mu0.3-om6 0.6950015877937347 0.6950015877937347 0.7136844295726177
N-10000-mu0.3-om7 0.6585451542906328 0.6585451542906328 0.6690423345181561
N-10000-mu0.3-om8 0.6323390907158373 0.6323390907158373 0.6445992297470223
