1 987
2 980
3 682
4 879
5 838
6 1000
7 913
8 880
9 1000
10 982
11 893
12 957
13 578
14 987
15 931
16 1000
17 879
18 982
19 168
20 951
21 838
22 973
23 578
24 994
25 999
26 994
27 954
28 636
29 962
30 876
31 893
32 987
33 980
34 982
35 988
36 975
37 992
38 980
39 951
40 759
41 562
42 980
43 1000
44 998
45 999
46 856
47 973
48 931
49 951
50 988
51 992
52 980
53 624
54 856
55 962
56 929
57 987
58 957
59 913
60 982
61 915
62 982
63 562
64 681
65 934
66 804
67 801
68 915
69 992
70 979
71 1000
72 879
73 596 999
74 636 915 994
75 980
76 562 999
77 994
78 879
79 998
80 876
81 829
82 804
83 982
84 987
85 562
86 849
87 624
88 787
89 596
90 988
91 931
92 874
93 562
94 975
95 838
96 988
97 988
98 960
99 962
100 994
101 879
102 998
103 1000
104 636
105 913 951
106 954
107 913
108 787
109 913
110 934
111 960
112 876
113 934
114 572
115 517 616
116 994
117 876
118 957
119 616 994
120 849
121 982
122 874 975 982
123 954
124 998
125 979
126 957
127 562
128 957
129 998
130 998
131 920
132 593
133 913
134 962
135 1000
136 951
137 835
138 951
139 914
140 838
141 616
142 893
143 168 682 849
144 849 973
145 999
146 787
147 838
148 804
149 975
150 994
151 960
152 929
153 913 994
154 616
155 929
156 987
157 561 980
158 992
159 962
160 880
161 982
162 893
163 999
164 682 980
165 801
166 954
167 914
168 168
169 677
170 593 787 999
171 913
172 873
173 677 873 931
174 728 975 992 994
175 593
176 561
177 677
178 992
179 562
180 561
181 929
182 998
183 998
184 982
185 829
186 578 980 999
187 998
188 879
189 801 915
190 874
191 787
192 1000
193 616
194 929
195 578
196 960
197 873
198 677
199 810
200 979
201 835 975 994
202 759
203 988
204 913
205 992
206 561
207 856
208 804
209 562 578 677
210 596
211 728 874
212 562 593 951
213 994
214 876
215 681 682
216 962
217 915
218 934
219 954
220 988
221 920
222 681 759 931
223 914
224 893 962
225 838
226 835
227 596
228 992
229 980
230 998
231 879
232 801 913
233 829
234 879
235 879
236 982
237 934
238 682
239 801
240 849
241 624
242 992
243 879 913 988
244 880
245 982
246 988
247 915
248 992
249 957
250 624
251 998
252 677
253 876
254 829
255 998
256 915
257 876
258 873
259 636
260 517
261 951
262 920
263 934
264 876
265 728
266 931
267 987
268 980
269 994
270 951
271 999
272 957
273 999
274 810
275 999
276 988
277 998
278 957
279 849
280 957
281 616
282 975
283 856
284 999
285 994
286 572
287 856
288 934
289 876
290 994
291 975
292 810 838 893 979
293 849
294 561 980
295 975
296 980
297 168
298 957
299 920
300 931
301 913
302 578
303 829
304 1000
305 975
306 929
307 829 835 920
308 913
309 979
310 979
311 979
312 596
313 934
314 596 636
315 517
316 168
317 856
318 951
319 829
320 759
321 677
322 975
323 934
324 973
325 168
326 987
327 804
328 681
329 835
330 893
331 999
332 876
333 992
334 920
335 616
336 934
337 957
338 572
339 988
340 835 849 920
341 999
342 596 999
343 829
344 999
345 856
346 1000
347 979
348 876
349 856
350 893
351 593
352 957 973 994
353 682
354 987
355 873
356 572 804 931 999
357 992
358 682 893 979
359 979
360 517 838 929 992
361 951
362 975
363 787 999
364 616
365 677
366 873
367 957
368 879
369 980
370 992
371 801
372 838 876
373 893
374 759
375 893
376 994
377 988
378 931
379 593 682 728
380 636 954
381 934
382 913
383 616
384 801
385 804
386 980
387 987
388 954
389 810
390 987
391 988
392 951
393 804
394 593
395 914
396 681
397 849
398 999
399 876
400 572 616 804
401 988
402 960
403 1000
404 999
405 999
406 929
407 975 982 994
408 880
409 1000
410 987
411 998
412 879
413 879
414 829
415 596 616 681
416 838
417 987
418 835
419 954
420 914
421 596
422 999
423 914
424 929
425 915
426 973
427 1000
428 1000
429 957
430 934
431 973
432 728 835 951
433 987
434 801
435 728
436 960
437 992
438 962
439 962
440 517
441 572 929 962 982
442 962
443 962
444 835
445 999
446 876
447 931
448 801 810 954
449 982
450 562
451 572 973
452 954
453 849
454 992
455 960
456 915
457 624 801 920
458 979
459 962
460 973
461 929
462 880
463 835
464 960
465 759
466 562
467 994
468 572 931 973
469 954
470 980
471 998
472 893
473 593
474 636
475 999
476 835
477 954
478 835
479 931
480 973
481 920
482 934
483 954
484 987
485 874
486 960
487 975
488 879
489 914
490 517
491 982
492 787
493 980
494 960
495 920
496 920
497 787 893 994 999
498 979
499 596
500 728 810
501 931
502 168
503 578
504 988
505 677 856
506 876
507 616
508 987
509 920
510 636
511 915
512 962
513 931
514 874
515 578
516 578 835 1000
517 517
518 973
519 951
520 517 787 874
521 979
522 982
523 957
524 934
525 999
526 973
527 994
528 914
529 801
530 988
531 988
532 988
533 994
534 992
535 624
536 931
537 962
538 962
539 856
540 973
541 880
542 835
543 960
544 931
545 1000
546 856
547 636
548 728
549 914
550 728
551 681 929
552 759
553 979
554 982
555 893
556 994
557 787
558 957
559 168 578 856 929
560 801
561 561
562 562
563 873
564 982
565 787
566 960
567 849 934
568 810
569 893
570 975
571 979
572 572
573 596
574 980
575 988
576 893
577 979
578 578
579 682
580 987
581 988
582 988
583 561
584 987
585 929
586 929
587 880
588 999
589 849
590 874
591 682
592 879
593 593
594 915
595 994
596 596
597 1000
598 804
599 572
600 880
601 856
602 728
603 962
604 994
605 801
606 954
607 951
608 880
609 951
610 810
611 759
612 931
613 873
614 975
615 992
616 616
617 914
618 920
619 973
620 856
621 578 893
622 987
623 960
624 624
625 593 987
626 856
627 593
628 636
629 934
630 951
631 636 873
632 994
633 962
634 957
635 572
636 636
637 992
638 960
639 915
640 677
641 957
642 168
643 973
644 988
645 962
646 934
647 835
648 962
649 849
650 561 988
651 838
652 562
653 787
654 951 979
655 681
656 829
657 168
658 874
659 874
660 517
661 975
662 913 962
663 957
664 973
665 929
666 804
667 835
668 835
669 988
670 992
671 979
672 517
673 849
674 914
675 998
676 728
677 677
678 915
679 562
680 954
681 681
682 682
683 879
684 838
685 998
686 951
687 982
688 988
689 951
690 616
691 962
692 876
693 998
694 987
695 988
696 951
697 920
698 973
699 992
700 998
701 876
702 915
703 982
704 879
705 838
706 951
707 893
708 728 988 1000
709 829
710 929
711 849
712 975
713 980
714 874
715 913
716 913
717 914
718 879 915 951 954
719 987
720 975
721 874
722 572
723 979
724 787
725 849
726 801
727 988
728 728
729 973
730 1000
731 810
732 992
733 880
734 873
735 880
736 593
737 954
738 880
739 987
740 873 913 987 998
741 810 915 987
742 561
743 975
744 988
745 561 578 759 931 992
746 980
747 915
748 954
749 893
750 973
751 578
752 994
753 913
754 999
755 992
756 913
757 561
758 987
759 759
760 517
761 973
762 951
763 962
764 973
765 934
766 596
767 578
768 873
769 994
770 879
771 975
772 874
773 973
774 987
775 913
776 960
777 962
778 677 681 759 960 992
779 561 759 954 980 1000
780 873
781 929
782 893
783 914
784 962
785 998
786 934
787 787
788 810
789 677
790 876
791 962
792 980
793 880
794 835
795 980 982 998 999
796 913 954 979 982 999
797 849
798 929
799 876
800 992
801 801
802 873
803 880
804 804
805 562 578 957
806 973
807 982
808 876
809 835
810 810
811 880
812 994
813 829
814 994
815 810
816 980
817 596 728 920 975 988
818 879
819 914
820 979
821 994
822 759 954 960 982 992
823 998
824 572
825 960
826 838
827 593 915 982 998
828 954
829 829
830 954
831 879
832 893
833 759
834 880
835 835
836 962
837 998
838 838
839 879 957 992 999 1000
840 914
841 962
842 929
843 988
844 998
845 954
846 893
847 801 951 987
848 920
849 849
850 998
851 759
852 980
853 979
854 804
855 934
856 856
857 913
858 957
859 987 998 999
860 849
861 998
862 988
863 829
864 915
865 929
866 810
867 804 856 929 1000
868 957
869 999
870 960
871 920
872 879
873 873
874 874
875 913
876 876
877 980
878 1000
879 879
880 880
881 879
882 982
883 1000
884 987
885 880
886 1000
887 992
888 801
889 994
890 677 849 982 998
891 914
892 988
893 893
894 934
895 962
896 914
897 873
898 979
899 988
900 979
901 992
902 787
903 920
904 681 920 929 979 980
905 982
906 960
907 980
908 960
909 951
910 835
911 915
912 962
913 913
914 914
915 915
916 562
917 979
918 999
919 951
920 920
921 960
922 998
923 810 838 982 998 1000
924 975
925 835 954 982 994 999
926 934
927 992
928 913
929 929
930 998
931 931
932 982
933 957
934 934
935 954
936 1000
937 954
938 973
939 982
940 931
941 975
942 987
943 960
944 998
945 876 913 920 973 980 999
946 998
947 914 920 962 973 999
948 979
949 998
950 999
951 951
952 759 810 954 973 980
953 992
954 954
955 975
956 973
957 957
958 1000
959 992
960 960
961 975
962 962
963 979
964 913 914 915 987 988 994
965 998
966 1000
967 1000
968 998
969 988
970 992
971 994
972 920
973 973
974 987
975 975
976 979
977 987
978 980
979 979
980 980
981 835 874 880 920 960 987
982 982
983 562 616 804 873 879 954
984 624 960 979 992 999
985 998
986 1000
987 987
988 988
989 787 856 880 960 962 988
990 1000
991 624 893 931 962 992 999
992 992
993 893 929 931 934 979 1000
994 994
995 562 838 876 987 992 999
996 1000
997 787 835 856 920 951 1000
998 998
999 999
1000 1000
