1	263 
2	85 262 267 284 301 303 322 
3	96 
4	136 
5	237 
6	91 
7	49 113 115 178 192 219 281 
8	172 
9	38 
10	30 109 161 175 187 217 316 
11	266 
12	198 
13	141 
14	271 
15	282 
16	197 
17	106 
18	131 142 154 177 193 301 303 
19	75 
20	268 
21	14 28 47 181 187 242 270 
22	55 105 116 126 190 278 310 
23	67 
24	204 
25	282 
26	16 148 157 214 259 296 320 
27	111 135 155 224 241 254 277 
28	53 62 102 103 122 166 259 
29	84 
30	185 
31	14 
32	325 
33	313 
34	150 
35	11 42 56 87 151 200 219 
36	43 
37	199 
38	81 
39	227 
40	328 
41	20 
42	198 
43	59 
44	64 
45	240 
46	320 
47	291 
48	166 
49	269 
50	27 
51	93 
52	17 
53	236 
54	127 
55	208 
56	125 
57	239 
58	121 
59	17 
60	254 
61	109 
62	87 
63	144 
64	251 
65	100 
66	44 
67	19 
68	306 
69	261 
70	163 
71	232 
72	47 
73	323 
74	269 
75	104 
76	50 
77	146 
78	159 
79	30 
80	18 
81	299 
82	31 
83	51 
84	312 
85	45 102 278 285 293 316 326 
86	269 
87	200 
88	104 
89	200 
90	107 
91	62 
92	31 83 142 181 262 291 329 
93	58 
94	69 
95	259 
96	92 
97	3 
98	310 
99	8 
100	167 
101	27 
102	103 
103	258 
104	182 
105	309 
106	133 
107	85 
108	115 
109	8 15 73 82 213 269 283 
110	57 
111	17 85 139 171 193 262 292 
112	200 
113	72 
114	110 
115	13 
116	329 
117	141 
118	156 
119	295 
120	53 80 116 142 254 295 303 
121	288 
122	276 
123	74 
124	209 
125	140 
126	181 
127	317 
128	208 
129	206 
130	63 
131	107 
132	80 
133	224 
134	279 
135	41 
136	281 
137	69 
138	224 
139	88 117 213 237 240 258 285 
140	186 
141	253 
142	50 
143	144 
144	38 
145	84 
146	15 
147	313 
148	106 
149	201 
150	58 
151	80 
152	85 
153	45 
154	235 
155	133 
156	175 
157	102 
158	7 
159	318 
160	149 
161	272 
162	45 165 211 232 237 246 313 
163	105 
164	216 
165	198 
166	6 31 78 101 142 163 198 
167	183 
168	191 
169	221 
170	10 39 99 121 142 157 323 
171	269 
172	213 
173	164 
174	18 
175	151 
176	245 
177	279 
178	141 
179	277 
180	121 
181	273 
182	160 
183	235 
184	116 
185	30 156 164 176 185 291 315 
186	82 
187	282 
188	141 
189	15 
190	258 
191	7 
192	240 
193	170 
194	249 
195	322 
196	180 
197	110 
198	200 
199	258 
200	132 
201	237 
202	159 
203	206 
204	284 
205	46 
206	274 
207	47 
208	4 
209	160 
210	238 
211	39 
212	125 
213	208 
214	239 
215	68 
216	3 
217	248 
218	139 
219	186 
220	145 
221	73 
222	71 
223	295 
224	32 151 216 228 287 305 323 
225	149 
226	310 
227	129 
228	274 
229	296 
230	100 
231	279 
232	221 
233	234 
234	281 
235	159 186 203 209 211 278 326 
236	261 
237	202 
238	229 
239	319 
240	166 
241	110 115 140 237 261 275 322 
242	53 
243	73 
244	88 
245	240 
246	124 
247	64 
248	122 
249	33 
250	61 
251	282 
252	306 
253	266 
254	1 
255	7 34 61 115 217 230 258 
256	321 
257	212 
258	277 
259	233 
260	116 
261	30 102 190 196 241 271 313 
262	115 
263	123 
264	246 
265	250 
266	197 
267	261 
268	48 
269	227 
270	160 
271	37 
272	145 
273	166 
274	35 
275	215 
276	136 
277	254 
278	312 
279	167 
280	64 
281	224 
282	88 
283	10 
284	163 
285	182 
286	187 
287	195 
288	145 
289	148 
290	83 
291	72 
292	287 
293	96 
294	30 
295	308 
296	293 
297	129 
298	279 
299	21 107 118 128 215 233 268 
300	11 
301	88 
302	57 
303	238 
304	263 
305	285 
306	222 
307	70 
308	15 
309	267 
310	166 
311	104 
312	258 
313	189 
314	283 
315	315 
316	261 
317	30 74 129 221 243 248 296 
318	8 
319	46 
320	279 
321	285 
322	244 
323	14 
324	97 107 162 205 239 276 323 
325	150 
326	20 
327	90 
328	286 
329	122 
330	153 
331	299 
332	195 
333	59 
334	18 
335	194 
336	5 
337	296 
338	127 131 173 186 238 271 277 
339	201 
340	11 
341	46 
342	17 35 54 161 167 240 260 
343	59 
344	247 
345	33 43 57 80 139 242 256 
346	190 
347	28 
348	51 
349	50 
350	3 35 103 121 137 218 297 
351	59 
352	112 
353	130 
354	41 
355	46 
356	106 
357	197 
358	280 
359	53 
360	158 
361	248 
362	105 
363	322 
364	164 169 171 211 226 233 276 
365	212 
366	179 
367	158 
368	282 
369	245 
370	61 
371	323 
372	112 
373	60 72 143 150 281 296 317 
374	208 
375	15 41 56 104 168 217 246 
376	105 
377	81 99 112 146 169 246 327 
378	270 
379	283 
380	238 
381	44 45 50 69 281 312 324 
382	240 
383	41 
384	279 
385	227 
386	126 
387	145 
388	81 
389	59 138 158 197 201 237 258 
390	106 
391	65 84 146 190 239 242 272 
392	85 
393	74 
394	35 77 89 126 129 235 298 
395	239 
396	288 
397	313 
398	198 
399	232 
400	152 
401	63 
402	250 
403	103 
404	16 
405	181 
406	11 
407	13 
408	93 
409	3 
410	257 
411	172 
412	66 
413	268 
414	31 
415	145 
416	219 
417	29 
418	317 
419	120 
420	57 63 132 201 221 304 313 
421	129 
422	99 
423	221 
424	293 
425	141 
426	181 
427	137 
428	253 
429	221 
430	148 
431	30 
432	92 
433	19 38 137 175 211 230 244 
434	212 
435	235 
436	238 
437	259 
438	74 
439	83 
440	3 
441	16 
442	31 
443	189 
444	94 
445	147 
446	53 
447	210 
448	118 
449	238 
450	291 
451	292 
452	137 
453	317 
454	84 
455	189 
456	110 
457	56 
458	142 
459	21 
460	185 
461	239 
462	87 
463	11 
464	144 
465	70 
466	147 
467	201 
468	322 
469	193 
470	204 
471	219 
472	8 
473	21 
474	185 
475	13 
476	110 202 208 211 289 311 326 
477	82 
478	80 
479	129 
480	185 
481	51 
482	327 
483	234 
484	303 
485	178 
486	17 141 154 188 190 219 229 
487	231 
488	167 
489	119 171 191 212 259 305 323 
490	30 
491	253 
492	45 
493	13 
494	240 
495	142 
496	21 52 153 156 180 313 322 
497	91 
498	33 
499	253 
500	123 
501	77 
502	85 
503	90 
504	258 
505	199 
506	108 
507	41 
508	315 
509	137 
510	72 
511	185 
512	9 46 121 221 261 317 329 
513	182 
514	20 
515	271 
516	281 
517	300 
518	250 
519	80 
520	182 
521	158 
522	329 
523	279 
524	43 
525	301 
526	64 
527	212 
528	283 
529	274 
530	184 
531	255 
532	20 
533	290 
534	9 
535	232 
536	278 
537	221 
538	71 
539	221 
540	214 
541	174 
542	298 
543	51 
544	25 
545	185 
546	83 
547	165 
548	63 
549	129 
550	318 
551	288 
552	303 
553	195 
554	192 
555	30 
556	7 
557	74 
558	278 
559	70 
560	65 
561	21 
562	12 55 69 71 91 121 154 
563	79 139 198 206 255 265 310 
564	98 
565	38 
566	53 63 225 236 240 272 288 
567	277 
568	320 
569	206 
570	5 
571	225 
572	84 
573	64 
574	61 
575	327 
576	136 
577	79 
578	190 
579	135 
580	31 
581	290 
582	195 
583	204 
584	11 28 122 190 206 260 326 
585	89 
586	61 
587	39 
588	234 
589	239 
590	44 85 147 228 249 291 324 
591	30 
592	17 
593	328 
594	28 
595	225 
596	43 
597	108 
598	272 
599	264 
600	170 
601	172 
602	125 
603	260 
604	34 45 72 126 129 147 277 
605	121 
606	13 
607	263 
608	188 
609	121 
610	244 
611	71 
612	136 
613	175 
614	16 45 161 198 202 208 305 
615	290 
616	41 
617	166 
618	268 
619	44 53 66 74 204 284 326 
620	105 
621	103 
622	123 
623	38 
624	138 
625	216 
626	239 
627	6 68 77 99 240 270 303 
628	314 
629	258 
630	54 
631	274 
632	17 39 80 107 150 223 291 
633	132 
634	226 
635	172 
636	81 
637	197 
638	327 
639	84 
640	131 
641	58 
642	65 
643	15 41 94 259 313 317 327 
644	129 
645	325 
646	84 
647	254 
648	329 
649	285 
650	229 
651	76 
652	98 
653	14 
654	72 
655	92 144 158 180 195 241 269 
656	225 
657	104 
658	311 
659	210 
660	69 
661	323 
662	261 
663	239 
664	221 
665	165 
666	314 
667	164 
668	95 
669	18 30 41 65 95 172 196 
670	271 
671	79 
672	306 
673	34 53 76 79 217 288 329 
674	117 
675	27 
676	60 
677	185 
678	7 
679	125 
680	207 
681	284 
682	177 
683	329 
684	238 
685	162 
686	168 
687	137 
688	98 
689	191 
690	320 
691	294 
692	13 54 99 115 128 140 217 
693	261 
694	141 
695	97 
696	210 
697	322 
698	83 
699	28 
700	177 
701	42 
702	46 71 92 160 192 231 299 
703	219 
704	46 
705	56 101 173 180 201 227 242 
706	123 
707	190 
708	112 
709	263 
710	60 
711	23 
712	141 
713	172 
714	235 
715	239 
716	50 
717	269 
718	258 
719	139 
720	65 
721	306 
722	129 
723	240 
724	58 
725	284 
726	245 
727	11 
728	139 205 211 241 246 304 308 
729	30 
730	282 
731	211 
732	139 
733	171 
734	108 
735	200 
736	32 
737	184 
738	104 
739	43 
740	313 
741	283 
742	113 
743	31 
744	323 
745	126 
746	64 
747	38 67 171 178 248 252 267 
748	19 66 84 215 267 287 322 
749	324 
750	239 
751	320 
752	218 
753	167 
754	287 
755	270 
756	267 
757	165 
758	25 66 131 226 239 275 279 
759	143 
760	313 
761	188 
762	198 
763	111 
764	281 
765	69 
766	98 
767	281 
768	246 
769	85 
770	137 
771	45 
772	57 
773	241 
774	160 
775	14 
776	107 
777	43 83 90 121 126 158 236 
778	84 
779	261 
780	217 
781	281 
782	269 
783	259 
784	234 
785	150 
786	107 139 166 175 207 238 281 
787	223 
788	187 
789	277 
790	4 
791	330 
792	319 
793	279 
794	315 
795	35 
796	141 
797	138 
798	115 
799	251 
800	74 93 171 190 234 261 318 
801	273 
802	36 
803	49 
804	129 
805	34 
806	92 
807	260 
808	185 
809	158 
810	72 129 136 162 164 166 282 
811	245 
812	282 
813	2 13 55 63 172 183 235 
814	83 
815	92 
816	34 155 201 275 287 292 312 
817	221 
818	4 
819	131 
820	86 
821	277 
822	147 
823	254 
824	19 
825	208 
826	171 
827	254 
828	238 
829	84 
830	16 
831	162 
832	110 
833	58 64 112 197 245 272 294 
834	51 
835	131 
836	17 56 60 77 153 229 279 
837	231 
838	177 
839	72 
840	183 
841	124 
842	309 
843	49 
844	67 
845	21 61 68 103 237 241 322 
846	249 
847	237 
848	12 
849	110 
850	96 
851	220 
852	118 
853	11 17 106 107 182 294 309 
854	329 
855	3 
856	229 
857	103 
858	62 
859	133 
860	125 
861	79 121 182 183 220 225 295 
862	123 
863	262 
864	135 
865	312 
866	30 85 185 261 274 320 330 
867	166 
868	38 
869	211 
870	324 
871	45 
872	295 
873	39 
874	287 
875	167 
876	275 
877	269 
878	263 
879	131 
880	113 
881	56 
882	251 
883	228 
884	325 
885	208 
886	33 51 126 194 278 313 324 
887	190 
888	200 
889	72 80 154 175 272 314 318 
890	253 
891	136 
892	283 
893	115 
894	69 
895	93 
896	80 
897	208 
898	229 
899	11 89 123 136 184 193 281 
900	61 
901	221 
902	34 
903	83 149 199 205 235 287 290 
904	240 
905	31 
906	274 
907	17 
908	107 
909	37 55 158 183 216 227 323 
910	238 
911	213 
912	236 
913	50 
914	140 
915	25 
916	152 
917	64 
918	80 
919	329 
920	25 
921	323 
922	131 
923	201 
924	63 
925	50 
926	127 
927	315 
928	214 
929	129 
930	322 
931	42 
932	152 
933	317 
934	21 53 137 184 238 305 321 
935	19 61 75 137 147 197 269 
936	312 
937	238 
938	4 20 27 188 230 242 257 
939	295 
940	119 
941	44 
942	280 
943	283 
944	329 
945	90 
946	260 
947	240 
948	138 
949	74 
950	110 
951	46 
952	64 
953	196 
954	111 153 182 227 262 276 317 
955	2 
956	155 
957	7 52 97 146 235 255 295 
958	49 
959	252 
960	6 
961	116 
962	124 
963	234 
964	48 
965	71 
966	178 
967	22 
968	55 
969	231 
970	121 147 180 250 278 301 307 
971	235 
972	152 
973	47 
974	48 
975	151 
976	117 
977	199 
978	15 121 164 184 219 221 226 
979	195 
980	201 
981	17 31 96 101 118 176 200 
982	146 
983	206 
984	175 
985	169 
986	38 80 210 223 258 271 304 
987	106 
988	330 
989	190 
990	194 
991	206 
992	63 
993	94 
994	39 128 173 180 185 228 263 
995	159 
996	241 
997	201 
998	78 
999	23 
1000	29 
1001	138 
1002	17 
1003	7 
1004	14 16 21 44 63 183 246 
1005	48 
1006	15 
1007	190 
1008	66 
1009	322 
1010	201 
1011	160 
1012	257 
1013	214 
1014	39 
1015	304 
1016	64 
1017	127 
1018	19 61 120 172 206 322 330 
1019	26 37 157 212 269 290 323 
1020	53 74 81 121 163 244 283 
1021	295 
1022	183 
1023	45 
1024	38 
1025	84 
1026	5 
1027	70 
1028	24 
1029	103 
1030	61 
1031	18 
1032	46 
1033	284 
1034	41 117 175 205 226 315 326 
1035	308 
1036	187 
1037	263 
1038	1 
1039	168 
1040	131 171 206 256 279 295 309 
1041	150 
1042	89 
1043	229 
1044	195 
1045	330 
1046	13 46 56 75 115 131 302 
1047	7 40 55 90 101 227 314 
1048	234 
1049	329 
1050	280 
1051	91 
1052	65 
1053	13 
1054	52 
1055	45 
1056	240 
1057	253 
1058	18 37 101 170 190 253 261 
1059	82 
1060	283 
1061	323 
1062	129 
1063	66 
1064	199 
1065	205 
1066	258 
1067	202 
1068	50 
1069	163 
1070	245 
1071	74 102 166 200 224 232 308 
1072	34 
1073	207 
1074	235 
1075	190 
1076	259 
1077	77 110 136 180 270 304 313 
1078	166 
1079	226 
1080	235 
1081	70 76 102 247 248 253 323 
1082	41 129 146 175 220 247 268 
1083	222 
1084	250 
1085	193 
1086	239 
1087	81 
1088	33 80 85 107 134 192 269 
1089	288 
1090	81 
1091	181 
1092	229 
1093	142 
1094	84 
1095	267 
1096	175 
1097	224 
1098	31 
1099	325 
1100	316 
1101	35 79 133 177 196 217 294 
1102	150 
1103	49 113 152 171 183 243 291 
1104	226 
1105	21 28 52 76 129 165 269 
1106	32 
1107	22 49 85 121 151 185 285 
1108	49 54 55 109 120 132 143 
1109	89 
1110	248 
1111	57 
1112	45 79 122 167 207 216 230 
1113	36 
1114	185 
1115	279 
1116	207 
1117	163 
1118	230 
1119	25 
1120	8 110 141 165 190 253 264 
1121	207 
1122	177 
1123	16 
1124	21 
1125	75 
1126	52 
1127	142 
1128	218 
1129	61 141 204 227 238 309 322 
1130	225 
1131	105 
1132	239 
1133	11 95 103 214 226 236 281 
1134	310 
1135	184 
1136	187 
1137	305 
1138	63 
1139	178 
1140	316 
1141	122 
1142	166 
1143	116 
1144	262 
1145	297 
1146	115 
1147	236 
1148	296 
1149	38 91 103 174 243 309 322 
1150	224 
1151	156 
1152	42 
1153	143 
1154	12 
1155	141 
1156	18 
1157	291 
1158	211 
1159	38 
1160	100 
1161	53 106 205 261 275 277 296 
1162	215 
1163	301 
1164	1 38 133 140 248 277 327 
1165	109 
1166	225 
1167	229 
1168	61 
1169	320 
1170	41 
1171	164 
1172	326 
1173	234 
1174	82 
1175	101 
1176	94 
1177	318 
1178	153 
1179	295 
1180	71 
1181	129 
1182	21 43 123 180 186 195 305 
1183	210 
1184	95 
1185	231 
1186	126 
1187	138 
1188	139 
1189	164 
1190	38 
1191	326 
1192	229 
1193	316 
1194	215 
1195	271 
1196	285 
1197	2 
1198	50 
1199	162 
1200	139 
1201	267 
1202	97 
1203	126 
1204	293 
1205	204 
1206	10 
1207	71 
1208	198 
1209	71 
1210	158 
1211	53 
1212	235 
1213	112 
1214	65 83 131 164 225 279 303 
1215	187 
1216	204 
1217	4 
1218	303 
1219	13 18 34 59 150 166 190 
1220	22 37 129 132 163 185 207 
1221	259 
1222	55 
1223	142 
1224	21 
1225	177 
1226	75 
1227	111 
1228	263 
1229	217 
1230	166 
1231	59 
1232	208 
1233	143 
1234	280 
1235	207 
1236	197 
1237	279 
1238	55 
1239	271 
1240	21 
1241	72 107 149 195 218 240 323 
1242	122 
1243	240 
1244	295 
1245	323 
1246	148 
1247	121 
1248	34 
1249	50 
1250	101 
1251	126 
1252	66 
1253	329 
1254	308 
1255	289 
1256	212 
1257	313 
1258	190 
1259	123 
1260	251 
1261	299 
1262	61 83 190 206 257 299 313 
1263	271 
1264	9 14 77 189 250 266 325 
1265	62 70 82 122 240 243 328 
1266	118 149 243 250 272 315 327 
1267	279 
1268	26 
1269	15 41 61 106 150 175 311 
1270	281 
1271	222 
1272	71 
1273	146 171 195 233 263 276 293 
1274	203 
1275	239 
1276	263 
1277	44 
1278	177 
1279	291 
1280	56 
1281	324 
1282	180 
1283	285 
1284	55 82 105 189 201 269 311 
1285	243 
1286	80 
1287	139 
1288	316 
1289	199 
1290	44 
1291	36 
1292	6 
1293	126 
1294	218 
1295	233 
1296	93 
1297	129 
1298	269 
1299	73 
1300	62 
1301	45 
1302	275 
1303	92 
1304	212 
1305	51 
1306	162 
1307	41 
1308	95 
1309	158 
1310	158 
1311	84 
1312	226 
1313	195 
1314	88 
1315	56 
1316	164 
1317	293 
1318	60 
1319	108 
1320	297 
1321	318 
1322	131 
1323	227 
1324	72 
1325	313 
1326	23 
1327	152 
1328	180 
1329	225 
1330	264 
1331	175 
1332	32 45 68 114 157 171 306 
1333	175 226 262 266 270 313 324 
1334	42 
1335	119 
1336	198 
1337	180 
1338	21 
1339	177 
1340	53 
1341	48 
1342	270 
1343	34 
1344	314 
1345	245 
1346	185 
1347	96 
1348	120 141 198 202 228 249 260 
1349	315 
1350	203 
1351	163 
1352	230 
1353	90 
1354	224 
1355	84 
1356	66 
1357	234 
1358	154 
1359	180 
1360	88 
1361	89 
1362	205 
1363	58 
1364	5 
1365	285 
1366	160 
1367	153 
1368	26 
1369	179 
1370	71 
1371	253 
1372	6 
1373	48 
1374	136 
1375	255 
1376	135 
1377	131 
1378	176 
1379	285 
1380	68 
1381	142 150 186 203 217 221 245 
1382	129 
1383	172 
1384	142 
1385	235 
1386	159 
1387	34 
1388	269 
1389	315 
1390	89 
1391	274 
1392	34 
1393	308 
1394	5 
1395	281 
1396	115 
1397	137 
1398	21 
1399	177 
1400	164 
1401	142 151 159 259 272 315 323 
1402	314 
1403	189 
1404	266 
1405	198 
1406	318 
1407	289 
1408	131 
1409	197 
1410	216 
1411	2 
1412	156 
1413	97 
1414	225 
1415	265 
1416	107 
1417	294 
1418	78 
1419	44 
1420	43 
1421	295 
1422	225 
1423	112 
1424	258 
1425	329 
1426	47 
1427	47 
1428	282 
1429	276 
1430	248 
1431	99 
1432	57 90 139 141 162 234 271 
1433	210 
1434	31 
1435	239 
1436	10 
1437	263 
1438	137 
1439	261 
1440	202 
1441	257 
1442	97 
1443	29 32 33 38 102 297 316 
1444	229 
1445	35 
1446	126 
1447	180 
1448	166 
1449	204 
1450	69 
1451	58 
1452	4 
1453	93 147 198 200 221 271 326 
1454	277 
1455	55 
1456	53 92 139 239 269 295 308 
1457	67 
1458	314 
1459	50 
1460	270 
1461	131 
1462	18 
1463	258 
1464	179 
1465	311 
1466	55 
1467	231 
1468	157 
1469	18 
1470	305 
1471	244 
1472	150 
1473	15 139 150 190 248 277 330 
1474	179 
1475	107 
1476	72 79 97 98 183 231 269 
1477	30 
1478	230 
1479	108 
1480	254 
1481	23 59 82 217 276 321 327 
1482	221 
1483	177 
1484	275 
1485	251 
1486	227 
1487	258 
1488	223 
1489	32 
1490	168 
1491	145 
1492	52 
1493	261 
1494	7 
1495	137 
1496	178 
1497	12 
1498	158 
1499	227 
1500	164 
1501	47 
1502	267 
1503	94 
1504	30 
1505	238 
1506	44 
1507	323 
1508	278 
1509	209 
1510	14 
1511	79 
1512	94 
1513	253 
1514	283 
1515	200 
1516	212 
1517	19 
1518	15 
1519	200 
1520	167 
1521	30 41 43 53 177 228 261 
1522	15 
1523	167 
1524	84 
1525	163 
1526	189 
1527	41 45 46 141 150 258 263 
1528	221 
1529	326 
1530	12 
1531	90 187 234 282 303 306 310 
1532	4 
1533	201 
1534	326 
1535	305 
1536	285 
1537	41 
1538	135 
1539	259 
1540	49 53 131 250 255 261 297 
1541	319 
1542	105 
1543	315 
1544	154 
1545	84 154 263 281 283 315 328 
1546	33 
1547	20 
1548	151 
1549	33 
1550	104 
1551	294 
1552	80 
1553	295 
1554	32 
1555	276 
1556	21 
1557	49 
1558	2 
1559	91 
1560	219 
1561	124 
1562	257 
1563	274 
1564	85 
1565	47 
1566	185 
1567	260 
1568	49 
1569	57 
1570	194 
1571	172 
1572	31 
1573	186 
1574	166 
1575	2 
1576	198 
1577	246 
1578	78 
1579	242 
1580	28 33 43 139 212 235 282 
1581	296 
1582	175 
1583	146 
1584	48 
1585	110 
1586	185 
1587	198 
1588	237 
1589	19 
1590	317 
1591	201 
1592	8 
1593	227 
1594	184 
1595	8 
1596	30 
1597	86 
1598	212 
1599	130 
1600	87 129 191 230 250 281 285 
1601	277 
1602	206 
1603	24 
1604	300 
1605	322 
1606	119 
1607	295 
1608	81 
1609	223 
1610	183 
1611	85 
1612	162 
1613	227 
1614	296 
1615	207 
1616	240 
1617	326 
1618	15 39 53 142 183 263 274 
1619	182 
1620	232 
1621	172 
1622	258 
1623	323 
1624	234 
1625	53 
1626	81 
1627	148 
1628	201 
1629	89 
1630	55 
1631	88 
1632	158 
1633	154 
1634	240 
1635	303 
1636	227 
1637	135 
1638	28 46 89 104 112 167 306 
1639	221 
1640	55 
1641	322 
1642	23 30 53 127 136 146 169 
1643	125 
1644	61 
1645	277 
1646	269 
1647	53 
1648	63 67 131 167 189 237 289 
1649	53 
1650	280 
1651	102 
1652	234 
1653	192 
1654	221 
1655	34 36 75 160 194 253 263 
1656	55 
1657	241 
1658	150 
1659	131 
1660	317 
1661	17 23 31 72 181 212 291 
1662	289 
1663	232 
1664	147 206 214 230 293 311 324 
1665	57 
1666	251 
1667	34 68 134 138 168 247 258 
1668	87 
1669	119 
1670	283 
1671	307 
1672	15 125 151 215 226 279 281 
1673	317 
1674	239 
1675	104 
1676	255 
1677	234 
1678	115 
1679	102 
1680	119 
1681	121 
1682	84 
1683	71 
1684	263 
1685	28 54 221 226 235 279 329 
1686	78 
1687	198 
1688	38 
1689	58 
1690	110 
1691	177 
1692	15 40 136 158 171 200 223 
1693	18 
1694	60 
1695	103 
1696	36 
1697	285 
1698	61 
1699	234 
1700	283 
1701	164 
1702	59 
1703	326 
1704	89 
1705	216 
1706	34 
1707	153 
1708	295 
1709	224 
1710	217 
1711	175 
1712	164 
1713	104 
1714	264 
1715	235 
1716	30 125 137 202 205 238 317 
1717	38 
1718	19 126 149 180 205 212 243 
1719	261 
1720	317 
1721	207 
1722	202 
1723	74 
1724	158 
1725	31 
1726	84 
1727	322 
1728	14 45 101 207 223 232 284 
1729	55 
1730	254 
1731	11 100 126 218 249 258 274 
1732	249 
1733	4 
1734	14 74 132 207 234 247 274 
1735	186 
1736	122 
1737	64 
1738	102 
1739	8 34 142 166 186 281 305 
1740	28 
1741	115 
1742	301 
1743	192 
1744	16 
1745	34 
1746	13 
1747	8 
1748	253 
1749	243 
1750	245 
1751	50 
1752	207 
1753	125 
1754	118 
1755	125 
1756	79 
1757	166 
1758	191 
1759	46 
1760	33 56 97 120 123 299 307 
1761	86 
1762	179 
1763	49 
1764	220 
1765	164 
1766	15 
1767	66 
1768	317 
1769	35 81 143 231 258 279 282 
1770	159 
1771	281 
1772	191 
1773	71 
1774	101 
1775	33 
1776	225 
1777	35 
1778	296 
1779	106 
1780	88 
1781	286 
1782	248 
1783	312 
1784	79 
1785	142 
1786	253 
1787	15 
1788	142 
1789	160 
1790	215 
1791	80 135 141 196 217 237 326 
1792	78 
1793	184 
1794	137 
1795	3 
1796	158 
1797	30 
1798	316 
1799	157 
1800	91 
1801	39 
1802	314 
1803	43 
1804	106 107 138 146 159 199 258 
1805	128 
1806	275 
1807	105 
1808	235 
1809	5 
1810	183 
1811	318 
1812	180 
1813	132 
1814	37 41 45 197 240 261 284 
1815	325 
1816	178 192 212 215 235 299 300 
1817	110 
1818	45 
1819	78 
1820	143 
1821	227 
1822	69 
1823	176 
1824	294 
1825	61 
1826	174 
1827	60 
1828	166 
1829	220 
1830	262 
1831	131 
1832	59 
1833	67 117 176 209 238 258 328 
1834	14 
1835	278 
1836	53 
1837	44 
1838	180 
1839	193 
1840	256 
1841	12 18 109 142 217 223 328 
1842	26 
1843	185 
1844	323 
1845	276 
1846	173 
1847	164 
1848	249 
1849	302 
1850	103 
1851	119 
1852	13 
1853	38 
1854	265 
1855	123 
1856	138 
1857	310 
1858	115 
1859	175 
1860	128 
1861	301 
1862	325 
1863	252 
1864	257 
1865	181 
1866	30 
1867	201 
1868	146 
1869	63 
1870	152 
1871	88 
1872	206 
1873	72 
1874	324 
1875	105 
1876	177 
1877	171 
1878	324 
1879	22 
1880	40 
1881	16 
1882	129 140 146 196 207 221 303 
1883	90 
1884	277 
1885	15 
1886	172 
1887	147 
1888	278 
1889	254 
1890	46 
1891	151 
1892	56 
1893	106 
1894	147 
1895	107 
1896	73 
1897	38 
1898	145 
1899	47 
1900	146 
1901	40 
1902	326 
1903	18 
1904	286 
1905	69 
1906	312 
1907	81 
1908	31 50 55 82 164 175 322 
1909	13 
1910	57 
1911	222 
1912	290 
1913	202 
1914	16 
1915	53 
1916	87 
1917	69 
1918	129 
1919	223 
1920	50 
1921	232 
1922	60 98 115 129 200 274 293 
1923	97 
1924	51 
1925	130 
1926	18 154 157 176 217 262 322 
1927	71 123 175 189 229 250 256 
1928	166 
1929	306 
1930	83 
1931	65 
1932	126 
1933	45 
1934	115 
1935	130 
1936	88 
1937	269 
1938	84 
1939	184 
1940	236 
1941	281 
1942	245 
1943	127 
1944	9 
1945	162 
1946	277 
1947	321 
1948	295 
1949	13 
1950	119 
1951	33 82 200 201 269 279 323 
1952	19 
1953	301 
1954	150 
1955	264 
1956	207 
1957	201 
1958	324 
1959	313 
1960	136 
1961	88 
1962	104 
1963	162 
1964	76 
1965	178 
1966	262 
1967	50 
1968	60 
1969	29 
1970	251 
1971	278 
1972	60 
1973	196 
1974	285 
1975	19 51 55 171 175 225 329 
1976	308 
1977	161 
1978	210 
1979	61 
1980	29 57 154 259 264 283 310 
1981	112 
1982	16 
1983	19 31 120 136 212 261 270 
1984	214 
1985	179 
1986	227 
1987	229 
1988	75 120 123 171 291 299 328 
1989	225 
1990	49 
1991	118 
1992	227 
1993	145 
1994	302 
1995	123 
1996	171 
1997	285 
1998	31 
1999	16 
2000	5 
2001	229 
2002	17 157 168 169 214 239 245 
2003	164 
2004	148 
2005	285 
2006	184 
2007	183 
2008	109 
2009	310 
2010	162 
2011	282 
2012	15 35 169 207 213 269 322 
2013	135 
2014	55 
2015	270 
2016	95 172 225 227 234 277 304 
2017	6 
2018	115 
2019	71 120 134 151 197 218 296 
2020	123 
2021	261 
2022	283 
2023	90 
2024	251 
2025	315 
2026	72 
2027	29 
2028	13 
2029	240 
2030	145 
2031	232 
2032	119 
2033	241 
2034	157 
2035	22 
2036	9 
2037	242 
2038	34 
2039	287 
2040	66 
2041	321 
2042	308 
2043	234 
2044	136 
2045	140 142 154 198 205 240 325 
2046	148 
2047	243 
2048	159 
2049	142 
2050	60 
2051	269 
2052	326 
2053	312 
2054	152 
2055	77 
2056	85 
2057	174 
2058	117 
2059	150 
2060	167 
2061	125 
2062	68 76 102 121 237 241 263 
2063	301 
2064	227 
2065	236 
2066	295 
2067	82 
2068	31 
2069	31 
2070	191 
2071	111 
2072	138 
2073	98 
2074	122 
2075	327 
2076	103 
2077	144 
2078	31 41 107 166 217 235 317 
2079	158 
2080	31 
2081	235 
2082	290 
2083	137 172 177 201 281 290 293 
2084	46 
2085	211 
2086	129 
2087	219 
2088	144 
2089	212 
2090	53 
2091	175 
2092	118 
2093	324 
2094	2 
2095	148 
2096	150 
2097	201 
2098	15 
2099	80 
2100	201 
2101	315 
2102	215 
2103	232 
2104	127 
2105	21 
2106	240 
2107	308 
2108	118 
2109	122 
2110	294 
2111	152 
2112	108 
2113	217 
2114	3 
2115	214 
2116	209 
2117	295 
2118	50 
2119	89 
2120	2 
2121	58 
2122	122 
2123	146 
2124	272 
2125	125 
2126	47 
2127	107 
2128	185 
2129	310 
2130	279 
2131	53 
2132	221 
2133	322 
2134	304 
2135	50 
2136	16 24 97 207 214 218 227 
2137	136 
2138	66 
2139	16 
2140	142 
2141	19 
2142	279 
2143	202 
2144	261 
2145	47 
2146	24 
2147	90 136 141 205 217 220 273 
2148	159 
2149	236 
2150	264 
2151	253 
2152	244 
2153	192 
2154	297 
2155	277 
2156	85 
2157	162 
2158	52 
2159	270 
2160	199 
2161	190 
2162	301 
2163	139 
2164	112 135 183 184 289 299 316 
2165	50 
2166	223 
2167	49 
2168	21 28 122 129 255 269 323 
2169	227 
2170	121 
2171	138 
2172	206 
2173	281 
2174	270 
2175	213 
2176	236 
2177	92 
2178	14 
2179	239 
2180	124 
2181	266 
2182	130 
2183	46 
2184	214 
2185	207 
2186	26 
2187	309 
2188	317 
2189	105 
2190	125 
2191	15 
2192	322 
2193	275 
2194	19 
2195	83 
2196	309 
2197	13 22 56 76 139 154 324 
2198	264 
2199	310 
2200	141 
2201	154 
2202	329 
2203	186 
2204	119 
2205	14 61 100 197 240 266 329 
2206	274 
2207	13 
2208	110 
2209	178 
2210	16 
2211	195 
2212	206 
2213	246 
2214	64 
2215	185 
2216	226 
2217	267 
2218	51 
2219	26 
2220	86 
2221	98 
2222	157 
2223	256 
2224	169 
2225	162 
2226	46 82 166 169 175 211 229 
2227	202 
2228	85 
2229	156 
2230	238 
2231	1 5 112 128 190 245 281 
2232	207 
2233	57 
2234	143 
2235	296 
2236	188 
2237	319 
2238	46 
2239	41 
2240	330 
2241	84 
2242	319 
2243	327 
2244	165 
2245	248 
2246	17 
2247	38 
2248	256 
2249	138 
2250	216 
2251	233 
2252	259 
2253	126 
2254	225 
2255	9 47 137 139 192 277 315 
2256	28 34 167 172 214 265 282 
2257	48 53 56 71 198 226 253 
2258	150 
2259	52 
2260	55 
2261	82 
2262	326 
2263	112 
2264	134 
2265	288 
2266	177 
2267	302 
2268	240 
2269	132 
2270	21 
2271	280 
2272	60 
2273	100 164 206 209 239 268 302 
2274	128 
2275	64 
2276	93 
2277	221 239 241 247 251 313 324 
2278	7 41 61 115 166 206 248 
2279	204 
2280	7 
2281	110 
2282	231 
2283	112 
2284	319 
2285	329 
2286	121 
2287	185 
2288	198 
2289	237 
2290	61 68 82 92 124 185 261 
2291	20 
2292	222 
2293	259 
2294	155 
2295	140 
2296	259 
2297	88 156 161 162 166 167 286 
2298	248 
2299	323 
2300	110 
2301	100 
2302	321 
2303	2 
2304	40 
2305	296 
2306	326 
2307	201 
2308	43 149 229 240 248 261 324 
2309	187 
2310	158 
2311	296 
2312	327 
2313	262 
2314	226 
2315	263 
2316	273 
2317	63 
2318	14 
2319	169 
2320	9 85 105 182 211 226 258 
2321	82 
2322	88 
2323	305 
2324	126 
2325	61 
2326	129 
2327	49 
2328	117 
2329	66 76 149 175 251 281 318 
2330	253 
2331	34 45 84 128 164 166 285 
2332	225 
2333	80 
2334	249 
2335	33 
2336	123 
2337	267 
2338	180 
2339	193 
2340	149 
2341	169 
2342	136 
2343	315 
2344	9 82 115 136 266 270 301 
2345	13 
2346	114 
2347	144 
2348	217 
2349	117 
2350	100 
2351	104 
2352	55 
2353	313 
2354	11 16 129 149 184 280 292 
2355	23 
2356	35 48 70 90 146 252 263 
2357	207 
2358	294 
2359	307 
2360	55 
2361	102 
2362	22 
2363	96 
2364	28 51 58 69 139 225 311 
2365	10 16 43 92 125 170 206 
2366	64 
2367	115 
2368	211 
2369	34 
2370	50 
2371	287 
2372	21 
2373	64 
2374	229 
2375	287 
2376	185 
2377	306 
2378	156 
2379	270 
2380	231 
2381	170 
2382	239 
2383	60 
2384	67 
2385	107 
2386	158 
2387	85 
2388	180 
2389	179 
2390	221 
2391	88 
2392	246 
2393	269 
2394	133 
2395	229 
2396	13 
2397	69 
2398	132 
2399	226 
2400	324 
2401	317 
2402	141 
2403	258 
2404	107 
2405	33 56 134 197 231 271 300 
2406	270 
2407	8 61 114 140 161 235 305 
2408	162 
2409	225 
2410	67 
2411	32 66 154 170 206 207 212 
2412	84 152 177 189 244 261 282 
2413	279 
2414	145 
2415	73 
2416	38 
2417	45 
2418	297 
2419	300 
2420	249 
2421	56 
2422	155 
2423	226 
2424	322 
2425	85 
2426	190 
2427	48 
2428	285 
2429	230 
2430	145 
2431	205 
2432	17 
2433	283 
2434	309 
2435	263 
2436	14 
2437	56 
2438	38 42 75 136 172 240 271 
2439	110 
2440	329 
2441	298 
2442	45 
2443	180 
2444	133 
2445	70 104 140 154 201 258 301 
2446	282 
2447	139 
2448	49 
2449	64 108 121 180 201 270 329 
2450	19 166 176 210 248 251 304 
2451	69 
2452	118 
2453	181 
2454	60 
2455	52 
2456	196 
2457	261 
2458	277 
2459	190 
2460	281 
2461	42 76 137 173 189 207 211 
2462	252 
2463	28 
2464	186 
2465	138 
2466	1 
2467	55 168 183 206 207 224 271 
2468	226 
2469	212 
2470	53 
2471	204 
2472	21 30 90 122 124 152 270 
2473	269 
2474	185 
2475	264 
2476	109 
2477	221 
2478	17 21 122 149 152 190 205 
2479	56 
2480	30 
2481	10 
2482	235 
2483	167 
2484	139 
2485	72 
2486	78 
2487	322 
2488	69 
2489	190 
2490	201 
2491	130 
2492	20 
2493	57 
2494	281 
2495	116 
2496	17 
2497	24 
2498	205 
2499	190 
2500	229 
2501	104 
2502	11 139 205 212 214 260 271 
2503	201 
2504	278 
2505	326 
2506	53 
2507	43 58 102 103 253 261 271 
2508	283 
2509	140 
2510	282 
2511	56 
2512	17 
2513	40 44 75 91 131 243 267 
2514	315 
2515	269 
2516	156 
2517	132 
2518	2 
2519	313 
2520	1 
2521	148 
2522	214 
2523	21 
2524	272 
2525	14 69 85 123 138 274 321 
2526	107 
2527	2 
2528	294 
2529	163 
2530	6 
2531	205 
2532	176 
2533	131 
2534	263 
2535	9 
2536	202 
2537	296 
2538	267 
2539	137 
2540	117 
2541	16 
2542	164 
2543	265 
2544	198 
2545	52 
2546	25 
2547	274 
2548	121 
2549	24 116 121 166 168 225 312 
2550	181 
2551	277 
2552	248 
2553	271 
2554	296 
2555	225 
2556	291 
2557	235 
2558	60 
2559	167 
2560	121 
2561	30 35 76 130 172 269 303 
2562	243 
2563	243 
2564	173 
2565	140 
2566	199 
2567	329 
2568	36 92 123 165 196 226 322 
2569	54 
2570	29 
2571	204 
2572	270 
2573	315 
2574	23 
2575	310 
2576	118 
2577	232 
2578	28 
2579	135 
2580	281 
2581	75 96 120 160 166 203 251 
2582	273 
2583	40 
2584	321 
2585	292 
2586	15 
2587	51 
2588	38 
2589	231 
2590	206 
2591	278 
2592	290 
2593	75 
2594	301 
2595	253 
2596	147 
2597	16 38 42 105 150 241 327 
2598	217 
2599	64 
2600	238 
2601	175 
2602	129 
2603	248 
2604	69 
2605	162 
2606	30 
2607	146 
2608	181 
2609	221 
2610	310 
2611	165 
2612	154 
2613	150 
2614	63 
2615	79 
2616	139 
2617	297 
2618	240 
2619	54 82 137 163 238 261 323 
2620	269 
2621	31 
2622	150 
2623	24 34 118 166 274 295 316 
2624	161 
2625	71 
2626	62 
2627	141 
2628	156 
2629	49 
2630	46 
2631	33 
2632	181 
2633	317 
2634	94 
2635	128 
2636	256 
2637	164 
2638	116 
2639	140 
2640	309 
2641	205 
2642	49 
2643	34 
2644	329 
2645	213 
2646	177 
2647	118 
2648	273 
2649	213 
2650	161 
2651	130 
2652	243 
2653	186 
2654	228 
2655	277 
2656	155 
2657	1 
2658	116 
2659	156 
2660	180 
2661	200 
2662	180 
2663	223 
2664	84 
2665	186 
2666	144 
2667	257 
2668	56 
2669	105 
2670	142 
2671	321 
2672	34 
2673	88 
2674	232 
2675	260 
2676	2 4 66 129 221 285 322 
2677	72 
2678	88 89 121 174 231 235 250 
2679	149 
2680	217 
2681	41 
2682	9 
2683	152 
2684	305 
2685	11 
2686	15 
2687	159 
2688	189 
2689	6 
2690	92 
2691	131 
2692	309 
2693	113 
2694	47 58 72 103 146 229 232 
2695	314 
2696	19 102 157 202 207 269 277 
2697	71 80 97 166 167 253 284 
2698	154 
2699	51 
2700	10 
2701	224 
2702	149 
2703	299 
2704	221 
2705	124 
2706	53 
2707	255 
2708	239 
2709	56 
2710	182 
2711	106 
2712	242 
2713	45 
2714	267 
2715	233 
2716	271 
2717	259 
2718	259 
2719	34 
2720	121 
2721	259 
2722	117 
2723	297 
2724	202 
2725	61 
2726	186 
2727	55 
2728	193 
2729	92 
2730	235 
2731	21 69 112 151 212 270 299 
2732	125 
2733	282 
2734	64 
2735	6 21 174 180 201 255 263 
2736	30 33 106 137 223 287 312 
2737	281 
2738	89 
2739	90 
2740	56 
2741	217 
2742	15 53 112 150 182 225 254 
2743	11 30 57 143 312 319 324 
2744	175 
2745	310 
2746	296 
2747	118 133 142 187 225 277 293 
2748	9 
2749	44 
2750	205 
2751	316 
2752	112 
2753	319 
2754	35 
2755	21 67 174 211 226 274 323 
2756	56 
2757	117 
2758	253 
2759	328 
2760	55 
2761	260 
2762	113 
2763	163 
2764	113 
2765	232 
2766	172 
2767	280 
2768	38 64 67 159 225 244 315 
2769	212 
2770	62 
2771	43 78 84 145 149 171 315 
2772	314 
2773	64 
2774	185 
2775	278 
2776	209 
2777	157 
2778	19 
2779	43 134 175 180 189 241 259 
2780	17 
2781	281 
2782	45 
2783	21 
2784	38 
2785	2 
2786	4 
2787	177 
2788	116 
2789	277 
2790	258 
2791	167 
2792	186 
2793	264 
2794	271 
2795	64 
2796	46 
2797	166 
2798	103 
2799	246 
2800	134 
2801	44 
2802	154 
2803	141 
2804	276 
2805	80 
2806	180 
2807	181 
2808	7 
2809	130 
2810	16 
2811	206 
2812	107 
2813	225 
2814	137 
2815	56 
2816	50 
2817	321 
2818	53 
2819	85 
2820	298 
2821	315 
2822	77 
2823	202 
2824	49 
2825	180 
2826	95 
2827	34 
2828	115 
2829	80 
2830	86 
2831	112 
2832	299 
2833	67 
2834	212 
2835	282 
2836	55 
2837	168 
2838	158 
2839	70 
2840	209 
2841	234 
2842	38 73 83 158 187 212 324 
2843	162 
2844	6 
2845	220 
2846	285 
2847	85 
2848	185 
2849	207 
2850	80 
2851	107 
2852	9 
2853	308 
2854	285 
2855	91 181 200 206 249 250 287 
2856	48 
2857	271 
2858	237 
2859	146 
2860	211 
2861	94 
2862	213 
2863	181 
2864	254 
2865	115 
2866	207 
2867	133 
2868	31 80 166 201 216 227 241 
2869	218 
2870	185 
2871	166 
2872	66 
2873	12 
2874	231 
2875	33 68 147 182 239 264 322 
2876	50 
2877	101 158 207 224 242 284 303 
2878	139 
2879	140 
2880	15 117 168 220 255 270 321 
2881	159 
2882	209 
2883	312 
2884	313 
2885	317 
2886	56 
2887	212 
2888	35 102 109 129 137 182 248 
2889	256 
2890	139 
2891	136 
2892	144 
2893	19 
2894	282 
2895	33 
2896	91 
2897	270 
2898	46 117 134 142 237 246 312 
2899	61 
2900	245 
2901	8 
2902	72 142 147 161 265 271 307 
2903	143 
2904	282 
2905	121 
2906	107 141 142 167 193 201 258 
2907	161 
2908	277 
2909	56 
2910	156 
2911	286 
2912	74 
2913	121 
2914	144 
2915	36 
2916	122 137 141 200 219 305 313 
2917	212 
2918	71 
2919	176 
2920	173 
2921	84 90 92 125 277 281 324 
2922	113 
2923	72 
2924	142 
2925	13 
2926	284 
2927	27 34 45 64 122 167 230 
2928	97 
2929	160 
2930	296 
2931	221 
2932	303 
2933	148 
2934	31 
2935	137 
2936	259 
2937	43 
2938	166 
2939	83 123 199 229 246 250 269 
2940	138 
2941	226 
2942	106 132 164 211 235 276 315 
2943	137 
2944	163 
2945	145 154 224 233 289 301 326 
2946	225 
2947	302 
2948	30 
2949	26 
2950	264 
2951	205 
2952	155 
2953	160 
2954	57 
2955	323 
2956	59 
2957	85 
2958	32 136 137 232 265 316 320 
2959	142 
2960	13 
2961	37 
2962	19 
2963	120 
2964	45 
2965	139 
2966	121 
2967	271 
2968	190 
2969	271 
2970	132 
2971	285 
2972	139 
2973	15 
2974	189 
2975	75 125 223 270 275 304 318 
2976	199 
2977	85 
2978	182 
2979	154 
2980	279 
2981	180 
2982	30 53 190 200 206 242 297 
2983	228 
2984	53 
2985	241 
2986	229 
2987	154 
2988	11 
2989	269 
2990	186 
2991	320 
2992	55 
2993	219 
2994	258 
2995	158 
2996	174 
2997	4 21 31 41 45 126 192 
2998	194 
2999	259 
3000	120 
3001	255 
3002	49 
3003	179 
3004	110 
3005	158 
3006	261 
3007	305 
3008	164 
3009	84 
3010	235 
3011	17 
3012	64 
3013	243 
3014	38 
3015	106 
3016	167 
3017	63 118 149 153 196 300 301 
3018	126 
3019	302 
3020	57 
3021	43 
3022	172 
3023	23 
3024	15 
3025	57 79 241 258 263 298 323 
3026	1 
3027	186 
3028	150 
3029	190 
3030	271 
3031	10 39 66 214 227 320 327 
3032	308 
3033	281 
3034	325 
3035	3 
3036	272 
3037	255 
3038	45 
3039	237 
3040	318 
3041	58 
3042	14 
3043	80 
3044	7 14 63 64 192 213 295 
3045	178 
3046	116 
3047	149 
3048	172 
3049	10 
3050	161 
3051	46 58 64 84 193 227 312 
3052	45 114 116 122 195 302 326 
3053	112 
3054	217 
3055	188 
3056	162 
3057	99 
3058	329 
3059	303 
3060	82 
3061	227 
3062	48 
3063	14 
3064	313 
3065	213 
3066	148 
3067	234 
3068	223 
3069	71 
3070	84 
3071	50 
3072	186 
3073	312 
3074	7 
3075	74 
3076	45 
3077	156 
3078	30 49 89 115 252 274 295 
3079	150 
3080	172 
3081	265 
3082	269 
3083	176 
3084	322 
3085	114 
3086	168 
3087	80 
3088	75 
3089	86 
3090	29 141 154 155 193 250 305 
3091	261 
3092	56 
3093	293 
3094	58 
3095	8 14 59 102 221 232 311 
3096	201 
3097	164 
3098	270 
3099	224 
3100	71 102 131 141 164 167 285 
3101	248 
3102	50 137 141 170 183 235 253 
3103	175 
3104	211 
3105	194 
3106	214 
3107	81 
3108	158 
3109	186 
3110	160 
3111	174 
3112	118 
3113	316 
3114	187 
3115	13 80 103 186 212 219 329 
3116	235 
3117	255 
3118	251 
3119	46 
3120	155 
3121	322 
3122	84 
3123	5 
3124	243 
3125	263 
3126	41 43 151 206 227 286 292 
3127	228 
3128	181 
3129	58 121 136 150 171 280 297 
3130	72 
3131	33 
3132	299 
3133	118 123 146 223 225 231 290 
3134	69 120 149 247 253 286 317 
3135	153 
3136	53 
3137	245 
3138	139 
3139	317 
3140	31 60 122 164 235 250 270 
3141	66 71 180 212 229 239 271 
3142	278 
3143	310 
3144	85 
3145	130 
3146	66 
3147	285 
3148	312 
3149	159 
3150	315 
3151	184 
3152	117 
3153	190 
3154	181 
3155	13 
3156	270 
3157	184 
3158	113 
3159	250 
3160	40 110 114 137 269 281 300 
3161	12 
3162	75 
3163	20 
3164	105 208 225 277 287 295 298 
3165	138 
3166	11 58 149 166 259 325 329 
3167	175 
3168	97 
3169	238 
3170	314 
3171	222 
3172	251 
3173	199 
3174	30 62 131 149 214 215 259 
3175	8 
3176	192 
3177	93 
3178	330 
3179	30 
3180	282 
3181	49 
3182	249 
3183	30 
3184	71 
3185	50 62 138 167 203 270 322 
3186	102 
3187	15 
3188	64 
3189	155 
3190	167 
3191	115 
3192	27 
3193	196 
3194	25 
3195	6 68 77 185 226 270 281 
3196	198 
3197	16 52 61 86 200 216 298 
3198	106 
3199	305 
3200	20 
3201	23 
3202	290 
3203	254 
3204	318 
3205	256 
3206	163 
3207	99 
3208	21 71 84 99 113 140 253 
3209	124 
3210	6 
3211	56 
3212	76 78 84 156 226 278 301 
3213	35 
3214	292 
3215	206 
3216	195 
3217	304 
3218	53 
3219	53 
3220	13 
3221	241 
3222	79 
3223	194 
3224	292 
3225	37 89 138 139 140 142 282 
3226	316 
3227	98 
3228	310 
3229	35 159 190 221 263 277 309 
3230	124 
3231	73 
3232	224 
3233	321 
3234	227 
3235	26 
3236	43 80 89 204 241 269 285 
3237	312 
3238	176 
3239	129 
3240	50 
3241	221 
3242	218 
3243	171 
3244	155 
3245	198 
3246	129 
3247	227 
3248	239 
3249	133 
3250	195 
3251	261 
3252	281 
3253	278 
3254	39 49 158 182 189 236 323 
3255	261 
3256	155 
3257	5 
3258	23 
3259	195 
3260	225 
3261	80 
3262	75 121 178 236 287 326 329 
3263	191 
3264	136 
3265	51 74 101 111 138 162 323 
3266	47 73 157 214 227 237 330 
3267	142 
3268	1 7 113 155 164 269 271 
3269	137 
3270	186 
3271	8 
3272	253 
3273	129 
3274	302 
3275	77 
3276	286 
3277	66 
3278	229 
3279	5 48 69 94 125 308 324 
3280	216 
3281	141 
3282	122 
3283	295 
3284	209 
3285	69 
3286	21 115 118 142 197 223 323 
3287	154 
3288	155 
3289	78 
3290	139 
3291	135 
3292	290 
3293	137 159 205 228 297 302 323 
3294	85 
3295	206 
3296	71 160 163 183 224 260 284 
3297	29 
3298	46 
3299	267 
3300	66 
3301	137 
3302	299 
3303	130 
3304	215 
3305	326 
3306	88 
3307	52 
3308	271 
3309	283 
3310	78 
3311	176 
3312	245 
3313	63 
3314	108 
3315	223 
3316	176 
3317	303 
3318	166 
3319	236 
3320	21 
3321	6 
3322	295 
3323	270 
3324	181 
3325	105 
3326	38 
3327	76 98 132 201 212 280 320 
3328	13 
3329	144 
3330	292 
3331	162 
3332	54 
3333	175 
3334	104 
3335	11 67 158 193 236 324 328 
3336	243 
3337	1 
3338	322 
3339	181 
3340	19 
3341	109 
3342	79 
3343	68 
3344	59 
3345	81 176 207 219 271 296 329 
3346	164 
3347	9 
3348	247 
3349	253 
3350	162 
3351	234 
3352	159 
3353	220 
3354	68 
3355	97 
3356	301 
3357	283 
3358	118 
3359	326 
3360	323 
3361	146 
3362	90 
3363	136 
3364	169 
3365	261 
3366	209 
3367	221 
3368	261 
3369	219 
3370	53 58 83 140 193 279 315 
3371	55 
3372	181 
3373	167 
3374	60 
3375	122 
3376	19 21 114 131 154 173 253 
3377	131 
3378	19 76 105 127 148 253 274 
3379	59 136 146 232 252 311 317 
3380	283 
3381	221 
3382	323 
3383	10 
3384	138 
3385	235 
3386	199 
3387	52 
3388	34 
3389	179 
3390	267 
3391	77 
3392	248 
3393	209 
3394	90 
3395	327 
3396	285 
3397	212 
3398	234 
3399	139 
3400	316 
3401	92 
3402	180 
3403	90 
3404	75 
3405	270 
3406	202 
3407	2 38 58 82 285 328 329 
3408	243 
3409	231 
3410	125 
3411	18 
3412	281 
3413	272 
3414	136 
3415	25 
3416	10 
3417	37 
3418	329 
3419	239 
3420	56 
3421	302 
3422	39 
3423	295 
3424	225 
3425	54 76 88 89 158 207 312 
3426	107 
3427	218 
3428	57 
3429	13 61 102 156 162 295 307 
3430	221 
3431	3 
3432	133 
3433	257 
3434	85 
3435	12 
3436	80 
3437	122 
3438	33 58 131 139 180 198 259 
3439	253 
3440	176 
3441	46 71 150 224 279 285 323 
3442	17 28 61 102 139 192 241 
3443	117 
3444	14 31 185 212 250 253 277 
3445	248 
3446	45 
3447	246 
3448	315 
3449	225 
3450	270 
3451	293 
3452	321 
3453	88 
3454	87 
3455	324 
3456	109 
3457	211 
3458	37 
3459	206 
3460	18 
3461	204 
3462	131 
3463	232 
3464	315 
3465	168 
3466	258 
3467	25 
3468	232 
3469	312 
3470	76 
3471	310 
3472	41 106 131 142 159 166 275 
3473	83 
3474	270 
3475	38 
3476	15 31 46 60 180 187 302 
3477	297 
3478	51 
3479	162 
3480	60 
3481	151 
3482	81 
3483	187 
3484	14 
3485	53 85 127 162 241 271 293 
3486	45 
3487	96 
3488	21 55 87 229 289 309 317 
3489	160 
3490	167 
3491	66 
3492	46 
3493	15 
3494	317 
3495	214 
3496	21 
3497	107 
3498	208 
3499	320 
3500	26 
3501	46 56 69 71 88 125 155 
3502	180 
3503	109 
3504	279 
3505	121 
3506	267 
3507	326 
3508	264 
3509	269 
3510	58 108 114 239 264 301 312 
3511	317 
3512	104 
3513	279 
3514	59 
3515	171 
3516	49 
3517	199 
3518	75 
3519	59 
3520	271 
3521	71 136 139 223 306 329 330 
3522	167 
3523	310 
3524	185 
3525	66 
3526	80 
3527	40 
3528	13 
3529	250 
3530	242 
3531	18 
3532	257 
3533	84 
3534	166 
3535	317 
3536	269 
3537	65 72 163 215 225 239 313 
3538	36 37 90 112 166 168 313 
3539	36 38 130 167 176 201 329 
3540	81 
3541	326 
3542	62 
3543	38 
3544	243 
3545	221 
3546	82 
3547	102 
3548	147 
3549	150 
3550	259 
3551	13 18 84 111 154 201 211 
3552	297 
3553	279 
3554	71 146 225 226 253 273 320 
3555	53 
3556	64 
3557	103 
3558	115 
3559	295 
3560	106 
3561	81 95 134 146 212 274 315 
3562	296 
3563	149 
3564	223 
3565	7 101 110 142 210 213 270 
3566	123 
3567	292 
3568	242 
3569	314 
3570	166 
3571	48 60 66 115 184 216 270 
3572	249 
3573	239 
3574	201 
3575	190 
3576	282 
3577	209 
3578	69 115 167 169 183 186 282 
3579	111 
3580	121 
3581	287 
3582	279 
3583	174 
3584	263 
3585	112 
3586	90 
3587	269 
3588	85 139 177 235 239 274 279 
3589	80 
3590	207 
3591	159 
3592	41 
3593	158 
3594	240 
3595	16 
3596	111 
3597	237 
3598	326 
3599	289 
3600	305 
3601	85 
3602	128 
3603	185 
3604	252 
3605	208 
3606	28 100 279 282 297 328 329 
3607	58 
3608	95 
3609	134 
3610	16 
3611	239 
3612	139 
3613	48 
3614	1 
3615	203 
3616	316 
3617	322 
3618	68 
3619	213 
3620	38 
3621	68 
3622	206 
3623	307 
3624	118 
3625	69 
3626	285 
3627	95 
3628	172 
3629	53 
3630	1 
3631	51 
3632	222 
3633	15 53 95 234 253 275 310 
3634	136 171 172 175 226 274 289 
3635	114 
3636	252 
3637	112 158 184 206 247 262 282 
3638	14 41 112 164 214 230 329 
3639	53 
3640	310 
3641	133 
3642	79 
3643	289 
3644	179 
3645	177 
3646	123 
3647	296 
3648	61 127 157 158 171 261 305 
3649	173 
3650	116 
3651	317 
3652	15 
3653	258 
3654	82 
3655	237 
3656	92 
3657	251 
3658	173 
3659	138 
3660	189 
3661	278 
3662	330 
3663	323 
3664	272 
3665	105 
3666	86 
3667	158 
3668	323 
3669	107 
3670	329 
3671	307 
3672	301 
3673	164 
3674	2 38 71 164 203 226 298 
3675	5 
3676	160 
3677	210 
3678	67 
3679	317 
3680	71 
3681	30 54 63 134 201 235 310 
3682	216 
3683	213 
3684	19 108 170 228 248 316 317 
3685	298 
3686	175 
3687	41 
3688	79 
3689	155 
3690	185 
3691	239 
3692	271 
3693	169 
3694	171 
3695	49 
3696	221 
3697	19 
3698	107 
3699	44 
3700	286 
3701	11 
3702	63 
3703	206 
3704	205 
3705	158 
3706	118 146 167 237 240 244 253 
3707	118 
3708	298 
3709	14 19 25 55 104 137 329 
3710	44 
3711	317 
3712	24 
3713	136 
3714	103 
3715	4 31 43 85 214 252 301 
3716	228 
3717	36 
3718	217 
3719	279 
3720	261 
3721	190 
3722	110 
3723	142 
3724	44 
3725	114 
3726	45 
3727	54 102 103 110 160 235 250 
3728	107 116 136 157 232 235 243 
3729	317 
3730	44 
3731	60 
3732	317 
3733	19 
3734	278 
3735	59 
3736	205 
3737	16 
3738	84 
3739	70 90 131 182 207 251 325 
3740	93 
3741	112 
3742	65 
3743	138 
3744	42 90 101 139 154 160 251 
3745	225 
3746	198 
3747	240 
3748	112 
3749	7 121 194 229 233 250 317 
3750	217 
3751	213 
3752	241 
3753	183 
3754	225 
3755	127 
3756	43 
3757	32 
3758	76 
3759	21 
3760	223 
3761	13 96 211 295 302 319 329 
3762	46 151 221 281 296 309 329 
3763	35 
3764	88 
3765	175 
3766	290 
3767	181 
3768	212 
3769	28 
3770	252 
3771	184 
3772	323 
3773	89 
3774	21 
3775	291 
3776	122 
3777	210 
3778	52 
3779	136 
3780	308 
3781	10 
3782	22 102 148 157 277 284 316 
3783	31 34 89 90 273 313 318 
3784	107 
3785	78 
3786	319 
3787	192 
3788	82 
3789	56 
3790	192 
3791	271 
3792	118 
3793	38 63 89 136 167 186 311 
3794	169 
3795	277 
3796	246 
3797	6 
3798	157 
3799	84 
3800	304 
3801	222 
3802	258 
3803	17 
3804	79 
3805	85 121 136 138 139 205 326 
3806	123 
3807	315 
3808	283 
3809	137 
3810	285 
3811	46 
3812	314 
3813	121 
3814	75 123 154 183 193 229 273 
3815	304 
3816	328 
3817	136 
3818	82 
3819	288 
3820	58 
3821	202 
3822	295 
3823	185 
3824	110 
3825	263 
3826	126 
3827	84 
3828	282 
3829	227 
3830	15 
3831	177 
3832	234 
3833	220 
3834	142 
3835	74 154 177 206 207 224 305 
3836	300 
3837	322 
3838	198 
3839	240 
3840	297 
3841	190 
3842	207 
3843	44 
3844	114 
3845	240 
3846	271 
3847	316 
3848	243 
3849	36 
3850	212 
3851	158 
3852	22 
3853	199 
3854	6 
3855	91 
3856	277 
3857	119 
3858	145 169 212 213 271 273 309 
3859	120 
3860	50 
3861	75 
3862	3 
3863	65 
3864	31 51 79 98 209 217 247 
3865	118 
3866	273 
3867	211 
3868	232 
3869	83 
3870	271 
3871	43 53 121 140 261 265 323 
3872	112 
3873	7 37 45 84 161 309 310 
3874	118 
3875	193 
3876	326 
3877	15 
3878	225 
3879	31 
3880	170 
3881	249 
3882	270 
3883	279 
3884	12 
3885	121 
3886	305 
3887	81 
3888	141 
3889	175 
3890	49 
3891	90 104 108 129 147 175 295 
3892	271 
3893	296 
3894	34 63 126 139 159 161 310 
3895	313 
3896	32 
3897	27 
3898	304 
3899	116 
3900	200 
3901	195 
3902	177 
3903	177 
3904	271 
3905	79 
3906	237 
3907	309 
3908	28 
3909	112 
3910	83 198 221 225 236 277 279 
3911	285 
3912	176 
3913	101 121 179 192 249 268 296 
3914	88 
3915	195 
3916	282 
3917	79 81 136 175 229 253 257 
3918	49 73 107 172 235 259 277 
3919	327 
3920	107 
3921	174 
3922	109 
3923	56 
3924	278 
3925	85 
3926	235 
3927	297 
3928	287 
3929	217 
3930	171 
3931	16 
3932	287 
3933	6 35 93 122 151 270 290 
3934	134 
3935	204 
3936	126 
3937	261 
3938	147 
3939	207 
3940	270 
3941	295 
3942	188 
3943	276 
3944	115 
3945	45 
3946	186 
3947	180 
3948	175 
3949	187 
3950	249 
3951	19 
3952	58 104 115 227 254 257 307 
3953	86 
3954	161 
3955	71 
3956	251 
3957	205 
3958	67 
3959	204 
3960	270 
3961	156 
3962	32 
3963	261 
3964	186 
3965	295 
3966	131 
3967	55 
3968	234 
3969	45 
3970	312 
3971	207 
3972	17 
3973	196 
3974	101 
3975	185 
3976	32 
3977	311 
3978	67 
3979	30 56 78 88 140 189 284 
3980	166 
3981	23 
3982	45 
3983	75 
3984	123 
3985	97 
3986	330 
3987	266 
3988	45 
3989	245 
3990	288 
3991	242 
3992	15 107 136 163 204 242 268 
3993	279 
3994	88 
3995	221 
3996	181 
3997	227 
3998	229 
3999	314 
4000	105 
4001	91 92 125 158 159 170 290 
4002	154 
4003	298 
4004	142 
4005	24 
4006	103 
4007	110 
4008	16 
4009	61 
4010	227 
4011	323 
4012	299 
4013	274 
4014	44 
4015	116 
4016	231 
4017	257 
4018	141 
4019	177 
4020	154 
4021	43 
4022	138 
4023	255 
4024	124 
4025	64 
4026	58 64 71 138 205 251 271 
4027	41 
4028	146 
4029	206 
4030	223 
4031	221 
4032	305 
4033	141 
4034	178 
4035	72 
4036	213 
4037	221 
4038	21 
4039	317 
4040	259 
4041	270 
4042	104 
4043	198 
4044	62 
4045	168 
4046	213 
4047	177 
4048	115 
4049	255 
4050	210 
4051	116 
4052	132 
4053	102 
4054	2 
4055	12 
4056	251 
4057	279 
4058	178 
4059	193 
4060	57 158 183 254 315 317 323 
4061	275 
4062	17 
4063	102 
4064	223 
4065	211 
4066	86 
4067	161 
4068	329 
4069	225 
4070	272 
4071	199 
4072	248 
4073	18 
4074	199 
4075	112 
4076	58 86 92 98 141 180 305 
4077	150 
4078	165 
4079	295 
4080	177 
4081	330 
4082	284 
4083	40 52 110 158 185 255 322 
4084	17 
4085	166 
4086	74 
4087	325 
4088	162 
4089	76 
4090	71 
4091	83 147 150 231 288 304 317 
4092	288 
4093	201 
4094	112 
4095	286 
4096	216 
4097	85 
4098	240 
4099	45 114 167 178 186 194 317 
4100	225 
4101	117 
4102	150 
4103	10 
4104	302 
4105	191 
4106	39 
4107	292 
4108	129 
4109	85 
4110	5 24 150 201 214 269 294 
4111	257 
4112	23 
4113	162 
4114	79 
4115	330 
4116	212 
4117	292 
4118	76 
4119	53 
4120	129 
4121	282 
4122	149 
4123	274 
4124	26 
4125	221 
4126	185 
4127	296 
4128	317 
4129	207 
4130	2 
4131	15 
4132	106 
4133	155 
4134	307 
4135	70 
4136	225 
4137	52 
4138	121 
4139	113 
4140	155 
4141	126 
4142	259 
4143	44 
4144	22 95 98 102 118 207 234 
4145	42 
4146	7 15 62 201 202 205 277 
4147	8 
4148	168 
4149	315 
4150	84 
4151	239 
4152	159 
4153	93 
4154	32 
4155	30 85 191 199 212 239 310 
4156	137 
4157	46 171 180 221 267 275 283 
4158	192 
4159	217 
4160	279 
4161	322 
4162	141 
4163	57 
4164	310 
4165	146 
4166	202 
4167	270 
4168	313 
4169	300 
4170	60 
4171	238 
4172	75 
4173	246 
4174	130 
4175	45 174 183 242 296 315 330 
4176	97 
4177	208 
4178	46 
4179	103 
4180	242 
4181	142 
4182	274 
4183	6 
4184	87 
4185	131 
4186	281 
4187	287 
4188	116 
4189	139 
4190	175 
4191	83 
4192	132 
4193	123 
4194	115 
4195	324 
4196	204 
4197	137 
4198	19 
4199	259 
4200	60 
4201	32 
4202	38 
4203	115 
4204	160 
4205	191 
4206	126 
4207	14 
4208	104 
4209	74 96 171 198 217 225 251 
4210	242 
4211	198 
4212	13 
4213	171 
4214	169 
4215	43 
4216	190 
4217	175 
4218	88 
4219	123 
4220	69 
4221	248 
4222	313 
4223	214 
4224	32 
4225	41 
4226	267 
4227	160 
4228	208 
4229	11 
4230	26 91 122 203 245 250 285 
4231	3 76 186 192 203 251 275 
4232	284 
4233	7 
4234	253 
4235	3 
4236	305 
4237	2 15 37 74 136 212 246 
4238	294 
4239	329 
4240	50 
4241	312 
4242	177 
4243	110 
4244	254 
4245	30 
4246	267 
4247	183 
4248	74 
4249	17 
4250	7 
4251	166 
4252	19 83 115 183 270 273 315 
4253	83 
4254	110 
4255	268 
4256	124 
4257	34 87 114 157 175 207 210 
4258	76 86 90 103 126 283 326 
4259	177 
4260	207 
4261	15 17 69 110 186 232 315 
4262	66 
4263	231 
4264	103 
4265	237 
4266	41 107 199 214 216 285 326 
4267	43 
4268	250 
4269	279 
4270	116 
4271	216 
4272	258 
4273	101 
4274	41 
4275	315 
4276	50 90 229 239 245 315 317 
4277	71 
4278	171 
4279	43 
4280	60 
4281	3 6 71 155 176 276 295 
4282	314 
4283	2 
4284	190 
4285	64 
4286	103 
4287	289 
4288	16 
4289	131 
4290	180 
4291	30 127 191 222 229 271 329 
4292	85 
4293	154 
4294	309 
4295	322 
4296	80 
4297	287 
4298	215 
4299	246 
4300	60 
4301	66 
4302	46 
4303	124 
4304	21 
4305	66 105 190 227 265 284 323 
4306	55 
4307	181 
4308	125 
4309	38 
4310	242 
4311	314 
4312	253 
4313	3 78 80 146 158 172 217 
4314	8 42 66 118 142 258 293 
4315	166 
4316	204 
4317	198 
4318	85 
4319	2 
4320	320 
4321	44 
4322	227 
4323	277 
4324	276 
4325	22 69 71 84 151 228 236 
4326	185 
4327	13 47 52 58 187 278 326 
4328	21 
4329	69 
4330	193 
4331	225 
4332	121 
4333	112 
4334	17 
4335	50 
4336	172 
4337	208 
4338	8 
4339	56 
4340	201 
4341	57 
4342	114 
4343	248 
4344	155 
4345	76 
4346	314 
4347	146 
4348	76 
4349	303 
4350	216 
4351	111 118 147 160 179 287 299 
4352	190 
4353	303 
4354	237 
4355	234 
4356	129 
4357	175 
4358	37 56 63 157 195 246 305 
4359	23 
4360	89 
4361	278 
4362	59 
4363	83 
4364	224 
4365	201 
4366	263 
4367	89 
4368	49 56 80 126 171 231 292 
4369	209 
4370	32 
4371	203 
4372	267 
4373	279 
4374	13 118 129 130 142 201 247 
4375	259 
4376	189 
4377	50 
4378	51 
4379	167 
4380	98 
4381	21 38 69 72 159 216 281 
4382	39 
4383	217 
4384	313 
4385	57 
4386	167 
4387	112 
4388	225 
4389	61 73 107 246 248 279 330 
4390	103 
4391	190 
4392	172 
4393	226 
4394	200 
4395	315 
4396	323 
4397	108 
4398	106 
4399	59 
4400	237 
4401	83 
4402	291 
4403	186 
4404	281 
4405	184 
4406	182 
4407	271 
4408	4 
4409	241 
4410	229 
4411	208 
4412	76 
4413	186 
4414	9 
4415	185 
4416	329 
4417	54 59 62 129 137 237 271 
4418	60 
4419	291 
4420	46 77 80 165 242 312 327 
4421	146 
4422	159 
4423	146 
4424	125 
4425	299 
4426	19 117 140 188 251 266 277 
4427	151 
4428	32 
4429	322 
4430	110 
4431	57 139 169 186 187 205 214 
4432	16 
4433	102 
4434	275 
4435	190 
4436	199 
4437	279 
4438	242 
4439	330 
4440	155 
4441	5 
4442	283 
4443	141 
4444	163 
4445	167 
4446	63 
4447	5 80 118 140 204 280 295 
4448	30 98 174 193 201 264 315 
4449	34 44 45 137 197 298 317 
4450	261 
4451	18 
4452	239 
4453	11 
4454	103 
4455	118 
4456	290 
4457	248 
4458	11 
4459	83 
4460	231 
4461	84 
4462	32 
4463	84 
4464	159 
4465	227 
4466	63 
4467	60 
4468	269 
4469	167 
4470	277 
4471	285 
4472	78 
4473	317 
4474	201 
4475	207 
4476	101 
4477	136 
4478	149 
4479	291 
4480	112 
4481	168 
4482	121 
4483	93 
4484	166 
4485	167 
4486	85 
4487	206 
4488	89 
4489	121 
4490	199 
4491	107 
4492	206 
4493	138 
4494	251 
4495	19 54 62 221 227 248 274 
4496	297 
4497	33 
4498	159 180 181 189 193 203 313 
4499	6 
4500	88 
4501	184 
4502	274 
4503	121 
4504	6 
4505	317 
4506	139 
4507	123 
4508	131 
4509	137 
4510	137 
4511	53 
4512	115 
4513	271 
4514	63 
4515	90 
4516	207 
4517	259 
4518	282 
4519	59 
4520	199 
4521	88 
4522	197 
4523	15 
4524	6 
4525	318 
4526	2 5 43 125 142 233 312 
4527	138 
4528	137 
4529	116 
4530	279 
4531	264 
4532	248 
4533	13 14 161 169 220 287 300 
4534	85 
4535	41 
4536	41 
4537	116 
4538	238 
4539	290 
4540	322 
4541	9 
4542	147 
4543	66 152 158 179 226 259 330 
4544	85 
4545	126 152 184 201 295 327 329 
4546	71 
4547	45 
4548	175 
4549	29 59 74 142 268 318 323 
4550	115 
4551	156 
4552	206 
4553	190 
4554	232 
4555	309 
4556	317 
4557	282 
4558	82 
4559	3 
4560	84 
4561	227 
4562	323 
4563	139 
4564	38 
4565	211 
4566	323 
4567	154 
4568	102 
4569	295 
4570	19 50 67 114 171 175 273 
4571	117 
4572	232 
4573	110 
4574	313 
4575	73 83 99 127 171 189 225 
4576	224 
4577	11 
4578	14 
4579	279 
4580	60 
4581	271 
4582	21 
4583	192 
4584	141 
4585	98 
4586	282 
4587	112 
4588	157 
4589	98 
4590	125 
4591	224 
4592	162 
4593	185 
4594	305 
4595	34 
4596	146 
4597	270 
4598	66 
4599	154 
4600	14 85 118 207 239 274 281 
4601	329 
4602	181 
4603	56 
4604	281 
4605	271 
4606	56 
4607	102 
4608	245 
4609	125 142 175 212 233 310 313 
4610	160 
4611	17 69 79 85 88 162 279 
4612	75 
4613	270 
4614	159 
4615	110 
4616	323 
4617	115 
4618	121 
4619	198 
4620	30 
4621	58 
4622	214 
4623	142 
4624	116 
4625	58 
4626	284 
4627	281 
4628	251 
4629	3 11 44 45 200 219 222 
4630	285 
4631	19 
4632	258 
4633	92 
4634	106 
4635	212 
4636	255 
4637	199 
4638	69 
4639	285 
4640	89 
4641	83 
4642	180 
4643	38 49 165 270 278 301 307 
4644	154 
4645	186 
4646	17 
4647	35 72 87 100 136 193 311 
4648	281 
4649	72 
4650	326 
4651	164 
4652	261 
4653	326 
4654	190 
4655	52 55 108 162 164 254 300 
4656	255 
4657	270 
4658	243 
4659	13 
4660	217 
4661	80 
4662	246 
4663	28 
4664	167 
4665	32 
4666	227 
4667	263 
4668	324 
4669	227 
4670	181 
4671	190 
4672	274 
4673	27 52 60 115 186 207 295 
4674	61 
4675	118 
4676	201 
4677	270 
4678	240 
4679	175 
4680	15 27 75 199 240 290 293 
4681	238 
4682	295 
4683	310 
4684	30 103 130 167 211 237 328 
4685	297 
4686	254 
4687	61 
4688	155 
4689	326 
4690	211 
4691	18 30 57 170 198 219 295 
4692	229 
4693	38 
4694	55 
4695	248 
4696	207 
4697	31 51 117 137 188 209 271 
4698	20 26 41 107 158 190 214 
4699	112 
4700	164 
4701	235 
4702	317 
4703	126 
4704	279 
4705	310 
4706	118 144 152 159 167 201 272 
4707	14 
4708	61 75 93 190 245 279 329 
4709	259 
4710	83 
4711	4 56 136 168 211 243 275 
4712	158 
4713	13 59 67 95 116 144 193 
4714	19 213 249 300 301 315 329 
4715	79 
4716	31 66 83 150 212 221 303 
4717	240 
4718	154 
4719	136 
4720	263 
4721	139 
4722	160 
4723	110 
4724	8 90 93 134 189 268 327 
4725	214 
4726	239 
4727	172 
4728	200 
4729	259 
4730	227 
4731	41 
4732	238 
4733	56 
4734	326 
4735	248 
4736	55 72 166 173 231 255 278 
4737	225 
4738	146 
4739	201 
4740	18 38 44 112 153 154 190 
4741	269 
4742	317 
4743	38 
4744	239 
4745	82 
4746	278 
4747	281 
4748	287 
4749	56 
4750	131 
4751	261 
4752	21 
4753	329 
4754	285 
4755	171 
4756	234 
4757	324 
4758	34 112 169 260 263 286 322 
4759	90 
4760	287 
4761	15 
4762	140 
4763	317 
4764	131 
4765	248 
4766	53 
4767	14 
4768	118 
4769	142 
4770	313 
4771	217 
4772	240 
4773	19 49 80 118 172 243 329 
4774	313 
4775	323 
4776	80 
4777	269 
4778	158 
4779	84 
4780	38 
4781	1 27 34 57 80 81 107 
4782	69 
4783	131 
4784	15 16 55 150 201 217 255 
4785	137 
4786	287 
4787	259 
4788	12 14 32 118 163 267 307 
4789	281 
4790	118 
4791	279 
4792	166 
4793	281 
4794	106 
4795	281 
4796	46 
4797	206 
4798	41 
4799	122 
4800	71 
4801	117 185 195 221 270 283 291 
4802	82 
4803	175 
4804	142 
4805	205 
4806	310 
4807	269 
4808	310 
4809	38 69 139 154 180 223 292 
4810	9 34 58 72 89 222 327 
4811	201 
4812	15 
4813	122 
4814	326 
4815	211 
4816	296 
4817	103 
4818	259 
4819	89 
4820	225 
4821	102 
4822	72 
4823	21 
4824	295 
4825	143 167 203 212 227 270 318 
4826	126 
4827	287 
4828	237 
4829	279 
4830	118 
4831	285 
4832	270 
4833	201 
4834	137 
4835	46 
4836	253 
4837	58 
4838	71 
4839	126 
4840	214 
4841	282 
4842	323 
4843	315 
4844	60 
4845	102 
4846	55 
4847	21 38 61 171 203 211 237 
4848	115 
4849	313 
4850	91 101 109 195 280 312 326 
4851	88 
4852	324 
4853	305 
4854	259 
4855	278 
4856	15 71 179 189 205 231 270 
4857	14 
4858	234 
4859	115 
4860	17 34 102 239 248 279 293 
4861	90 
4862	34 70 87 124 159 167 226 
4863	21 
4864	186 
4865	136 
4866	56 155 165 192 236 279 294 
4867	34 
4868	45 
4869	235 
4870	229 
4871	41 
4872	30 
4873	295 
4874	226 
4875	22 95 175 188 226 263 295 
4876	172 
4877	326 
4878	19 106 180 186 206 268 314 
4879	53 
4880	38 
4881	31 59 140 166 229 253 271 
4882	66 
4883	21 45 80 137 179 206 214 
4884	35 96 149 227 254 278 314 
4885	45 
4886	323 
4887	129 
4888	136 
4889	326 
4890	28 49 83 147 173 269 314 
4891	323 
4892	271 
4893	13 
4894	296 
4895	55 
4896	30 
4897	94 98 159 206 258 285 287 
4898	39 63 126 258 269 295 312 
4899	285 
4900	66 
4901	185 
4902	131 
4903	142 
4904	15 
4905	71 
4906	118 
4907	315 
4908	17 
4909	107 
4910	281 
4911	34 
4912	326 
4913	13 
4914	253 
4915	271 
4916	21 
4917	90 
4918	31 
4919	317 
4920	225 
4921	33 46 47 50 154 193 212 
4922	226 
4923	43 68 139 163 186 240 272 
4924	263 
4925	50 
4926	121 
4927	13 
4928	66 
4929	227 
4930	15 83 105 139 172 238 244 
4931	248 
4932	90 
4933	30 
4934	141 
4935	186 
4936	126 
4937	31 55 57 87 205 207 239 
4938	43 69 82 108 123 207 316 
4939	49 120 122 171 213 262 317 
4940	239 
4941	58 
4942	21 53 64 91 126 137 281 
4943	85 
4944	19 
4945	61 
4946	50 209 237 240 271 297 305 
4947	326 
4948	167 
4949	313 
4950	45 
4951	214 
4952	253 
4953	285 
4954	9 19 84 122 142 211 283 
4955	269 
4956	56 
4957	158 
4958	207 
4959	239 
4960	167 
4961	38 
4962	31 
4963	186 
4964	45 
4965	28 50 53 60 182 250 315 
4966	175 
4967	45 
4968	21 
4969	46 56 58 191 254 281 289 
4970	171 
4971	55 
4972	66 
4973	269 
4974	19 
4975	248 
4976	185 
4977	171 
4978	167 
4979	235 
4980	46 
4981	137 
4982	112 
4983	270 
4984	15 
4985	85 93 108 137 139 235 284 
4986	7 35 53 101 177 180 305 
4987	277 
4988	121 
4989	198 211 213 268 271 274 294 
4990	225 
4991	69 
4992	137 
4993	136 
4994	85 
4995	185 
4996	115 
4997	14 123 129 138 190 205 217 
4998	137 
4999	4 16 133 160 190 245 256 
5000	326 
