1 4924
2 1333 4082 4349
3 2363
4 4993
5 4828
6 2896
7 3002 3045 3158 4424
8 4876
9 4961
10 4933
11 3987
12 4619
13 4934
14 4892
15 4841
16 1409
17 4634
18 4349 4718 4902 4956
19 4612
20 4255
21 1565
22 2669 4330
23 3678
24 4316
25 4841
26 2521 2991 3798 4432
27 2579
28 3685 4044
29 4779
30 4995
31 4857
32 3034
33 4949
34 4983
35 1334 3481 4184
36 4267
37 4637
38 3887
39 4929
40 3816
41 2492
42 4619
43 4519
44 2734
45 4678
46 2991
47 4402
48 4792
49 4973
50 3897
51 4153
52 4908
53 2176
54 3755
55 4411
56 4424
57 4940
58 4988
59 4908
60 4244
61 3922
62 4184
63 3329
64 4628
65 2350
66 1860 4143
67 4974
68 2377
69 4751
70 4444
71 4554
72 1565
73 4886
74 4973
75 4042
76 4925
77 4738
78 4422
79 4933
80 4451
81 4425
82 4962
83 4378
84 3970
85 4845 4855 4967 5000
86 4973
87 4728
88 4042
89 4728
90 4909
91 4044
92 4402 4591
93 4941
94 4991
95 4854
96 4633
97 4559
98 4808
99 4338
100 4978
101 3897
102 4817
103 1860
104 4406
105 3907
106 3641
107 4994
108 4996
109 3231 4338
110 4341
111 4721 4908 4994
112 4728
113 4649
114 4723
115 4893
116 4601
117 4934
118 3953 4983
119 4873
120 4244 4879
121 4092
122 4324
123 2912
124 3393
125 2565
126 4670
127 4919
128 4411
129 4797
130 4466
131 4909
132 4661
133 4591
134 4829
135 4871
136 4478
137 4991
138 4591
139 4046 4101
140 4963
141 4952
142 4925
143 3329
144 4961
145 4779
146 4984
147 4949
148 4634
149 4833
150 4941
151 4661
152 4994
153 4967
154 4979
155 3641
156 4966
157 4845
158 4233
159 4525
160 4478
161 3664
162 3615 4078
163 2669
164 4271
165 4619
166 3440 3785 4476
167 3753
168 4105
169 4125
170 3207 3798
171 4973
172 4046
173 4700
174 4451
175 3481
176 4608
177 4829
178 4934
179 4987
180 4988
181 2582
182 4722
183 4979
184 4624
185 3961 4402 4961
186 4745
187 4841
188 4934
189 4984
190 1860
191 4233
192 4678
193 2381
194 3881
195 4540
196 4642
197 4723
198 4728
199 1860
200 4052
201 4828
202 4422
203 4797
204 4082
205 4980
206 4672
207 1565
208 2786
209 4722
210 4732
211 4106
212 4424
213 4411
214 4940
215 3621
216 4559
217 4975
218 4721
219 4963
220 2030
221 3231
222 4905
223 4873
224 3481 4271 4853
225 4478
226 4808
227 4887
228 4672
229 4894
230 2350
231 4829
232 4125
233 4858
234 4910
235 4422 4797 4963
236 4751
237 4166
238 4692
239 2753 4338
240 4792
241 2193 2565 4628
242 4879
243 3231
244 4851
245 4678
246 4256
247 2734
248 4813
249 4497
250 4945
251 4841
252 2377
253 3987
254 3614
255 4233 4933
256 3452
257 4635
258 4987
259 2715
260 4624
261 3973 4444
262 4996
263 4193
264 4299
265 3159
266 1409
267 4751
268 2856
269 4929
270 4722
271 3458
272 2414
273 4792
274 3763
275 3304
276 4993
277 4244
278 3970
279 4978
280 2734
281 4591
282 4851
283 3781
284 4444
285 4406
286 3114
287 3901
288 2414
289 2521
290 4710
291 4649
292 4827
293 2363
294 4933
295 2042
296 3451
297 4887
298 4829
299 1860 3304 4909
300 4577
301 4851
302 4341
303 4732
304 4045
305 4953
306 3632 4649 4933
307 2839
308 4984
309 4372
310 4792
311 4042
312 1860
313 2688
314 4442
315 4907
316 4751
317 2912 4887
318 4338
319 4980
320 4829
321 4953
322 2152
323 4857
324 2313 4330
325 4077
326 2492
327 4932
328 3276
329 4813
330 1367
331 4425
332 3901
333 4519
334 4451
335 3223
336 4441
337 4894
338 3649 3755
339 4833
340 4577
341 4980
342 3353 4908
343 4519
344 1667
345 2895 3205
346 4671
347 4663
348 4378
349 4925
350 3213 4559 4685 4908
351 4519
352 4982
353 3145
354 4871
355 4980
356 4634
357 1409
358 2767
359 4879
360 4957
361 4975
362 2669
363 4540
364 3393 4324 4700
365 4635
366 3644
367 4957
368 4841
369 4608
370 4945
371 4886
372 4982
373 4649 4894 4910 4983
374 4411
375 4042 4045
376 2669
377 3207 3678 3887
378 4983
379 4442
380 4732
381 1860 4757 4910 4925
382 4678
383 4871
384 4829
385 4929
386 4936
387 2414
388 1626 3887
389 1409 4519
390 4634
391 2569 3742 4779
392 4994
393 2912
394 3275 3685 4819
395 4940
396 4092
397 4949
398 4619
399 4554
400 2683
401 4466
402 3159
403 4817
404 4432
405 4670
406 4577
407 4893
408 4153
409 4559
410 4017
411 4876
412 4972
413 4255 4998
414 4962
415 2414
416 2993
417 3297
418 4919
419 2963
420 3800 4925
421 4887
422 3207
423 4125
424 3451
425 4934
426 4670
427 4998
428 4952
429 4125
430 2521
431 4933
432 4633
433 4829
434 4635
435 4979
436 4732
437 4854
438 2912
439 4710
440 4559
441 4432
442 4962
443 2688
444 2634
445 4542
446 4879
447 3677
448 4906
449 4732
450 4402
451 4107
452 4998
453 4919
454 4779
455 2688
456 4723
457 4956
458 4903
459 4968
460 4995
461 4940
462 4184
463 4577
464 3329
465 2839
466 4542
467 4833
468 4540
469 2734 4330
470 4316
471 2993
472 4338
473 4968
474 4995
475 4893
476 1860 3643 4166
477 4745
478 4661
479 4887
480 4995
481 4378
482 3919
483 4858
484 4349
485 3045
486 3942 4432
487 4263
488 4978
489 1669 4105
490 4933
491 4952
492 4967
493 4893
494 4678
495 4903
496 1367 3778
497 1800
498 2895
499 4952
500 4193
501 3275
502 4994
503 4932
504 1860
505 4637
506 4397
507 4871
508 4907
509 4998
510 4649
511 4995
512 2669 4414
513 4406
514 2492
515 4892
516 4910
517 3836
518 3159
519 4661
520 4406
521 4957
522 4601 4841
523 4829
524 4267
525 3356
526 2734
527 4635
528 4442
529 4672
530 4405
531 4656
532 2492
533 4456
534 4414
535 4554
536 4855
537 4125 4601
538 4905
539 4125
540 4951
541 3583
542 3685
543 4378
544 3467
545 4995
546 4710
547 4078
548 4466
549 4887
550 4525
551 4092
552 4349
553 3901
554 3787
555 4933
556 678
557 557
558 4855
559 2839
560 3742
561 4968
562 3884 4971 4983
563 4619 4721
564 4585
565 4961
566 3901 4092
567 4987
568 2991
569 4797
570 4441
571 4990
572 4779
573 2734
574 4945
575 3919
576 4993
577 4715
578 4671 4949 4957
579 2579
580 4962
581 4456
582 3901
583 4316
584 3816
585 4819
586 4945
587 4106
588 4858
589 4940
590 3127 4143 4402
591 4933
592 4908
593 3816
594 4663
595 4990
596 4267
597 4397
598 3664
599 3508
600 2381
601 4876
602 4424
603 2675
604 4649 4911 4936
605 4988
606 4893
607 4924
608 3942
609 4988
610 2152
611 4905
612 4993
613 4966
614 4067 4432 4792
615 4456
616 4871
617 4792
618 4255
619 4082 4143 4267 4879
620 2669
621 4817
622 4193
623 4961
624 4527
625 4271
626 4940
627 3275 3621 4349
628 4282
629 1860 4451
630 2569
631 4672
632 3902 4402
633 4052
634 4922
635 4876
636 1626
637 1409
638 3919
639 4779
640 4902
641 4941
642 3742
643 4635 4871
644 4887
645 3034
646 4779
647 4244
648 4601
649 4953
650 4692
651 4412
652 4585
653 4857
654 4649
655 3329 4633
656 4990
657 4042
658 3977
659 3677
660 4991
661 4886
662 4751
663 4940
664 4125
665 4078 4956
666 4282
667 4700
668 3627
669 3742 3973 4451
670 4892
671 4715
672 2377
673 4092 4879 4911
674 4101
675 3897 4592
676 4844
677 4995
678 678
679 4424
680 4958
681 4082
682 3902
683 4601
684 4732
685 4592
686 4045
687 4998
688 4585
689 4105
690 2991
691 2358
692 1860 3207 4873
693 4751
694 4934
695 4176
696 3677
697 4540
698 4710
699 4663
700 3902
701 1334
702 4349 4633
703 2993
704 4980
705 3649 4476 4956
706 4193
707 4670 4671
708 4982
709 4924
710 4844
711 4112
712 4934
713 4876
714 4979
715 4940
716 4925
717 4973
718 1860
719 4721
720 3742
721 2377
722 4887
723 4678
724 4941
725 4082
726 4608
727 4577
728 3800 4721 4792
729 4933
730 4841
731 4815
732 4721
733 4977
734 4397
735 4728
736 4665
737 4405
738 4042
739 4267
740 4949
741 4442
742 3158
743 4962
744 4886
745 4936
746 2734
747 3045 3604 3678 4977
748 3304 4779 4972
749 4757
750 4940
751 2991
752 3242
753 4978
754 4827
755 4983
756 4372
757 4078
758 2193 3467
759 2903
760 4949
761 3942 4779
762 4619
763 3579
764 4910
765 4991
766 4585
767 4910
768 4299
769 4994
770 4998
771 4967
772 4341
773 3752
774 4722
775 4857
776 4909
777 4267
778 4779
779 4751
780 4771
781 4910
782 4973
783 4854
784 4858
785 4077
786 4792 4974
787 4030
788 3114
789 4987
790 2786
791 3986
792 2753
793 4829
794 4907
795 3763 4661
796 4934
797 4527
798 4996
799 4628
800 4153 4525
801 2582
802 2915
803 3002 3695
804 4887
805 4911
806 4633
807 2675
808 4995
809 4957
810 4649
811 4608
812 4841
813 4432
814 4710
815 4633
816 2193 4933
817 4125
818 2786
819 4902
820 3953
821 4987
822 4542
823 4244
824 4974
825 4411
826 4977
827 4244
828 4732
829 4779
830 4432
831 4592
832 4723
833 1409 2734
834 4378
835 4902
836 3275 4656
837 4263
838 3902
839 4649
840 3753
841 4256
842 3907
843 3002 3695
844 3678
845 4828 4945
846 3881
847 4828
848 3884
849 4723
850 2363 4671
851 3353
852 4906
853 2358 3907 4577 4634
854 4601
855 4559
856 4692
857 4817
858 4044
859 3641
860 4424
861 4406 4628
862 4193
863 2313
864 2579
865 3970
866 2991 4858
867 4341
868 4961
869 4815
870 4757
871 4967
872 4873
873 4106
874 4827
875 4978
876 2193
877 4973
878 4924
879 4902
880 3158
881 4956
882 4628
883 3127
884 3034
885 4411
886 3223 4378 4757 4855
887 4671
888 4728
889 4525 4649
890 4952
891 4993
892 4442
893 4996
894 4991
895 4153
896 4661
897 4411
898 4692
899 4577 4819 4910 4993 4994
900 4945
901 4125
902 4911
903 4456 4478 4504
904 4678
905 4962
906 4672
907 4908
908 4909
909 3458 4271
910 4732
911 4046
912 2176
913 4925
914 2565
915 3467
916 2683 4672
917 2734
918 4661
919 4601
920 3467
921 4886
922 4902
923 4833
924 4466
925 4925
926 3755
927 4907
928 4951
929 4887
930 4540
931 1334
932 1327 2683
933 4919
934 4853 4879 4968
935 1409 4974
936 3970
937 4732
938 1367 2492
939 4873
940 1669
941 4143
942 2767
943 4442
944 4601
945 4932
946 2675
947 4678
948 4527
949 557
950 4723
951 4980
952 2734
953 3973
954 3353 3579 4324 4406
955 4319
956 4688
957 3778 4176 4233
958 3695 4844
959 3604
960 4504
961 4624
962 4256
963 4858
964 3613
965 4905
966 3045 4962 4971
967 2035
968 4971
969 4263
970 3671 4642 4671
971 4979
972 1327
973 2145
974 2856
975 3481
976 4101
977 4637
978 4405 4902 4922 4984 4988
979 3901
980 4833
981 4476 4728 4871
982 4738
983 4797
984 4966
985 4214
986 3677 3800 4728
987 4634
988 3986
989 4671
990 3223
991 4797
992 4466
993 2634
994 4106
995 4422
996 3752
997 4833
998 3785
999 4112
1000 3297
1001 4527
1002 4908
1003 4233
1004 4299 4432 4628
1005 3613
1006 4984
1007 4671
1008 4972
1009 4540
1010 4833
1011 4722
1012 4017
1013 4951
1014 4106
1015 3800
1016 2734
1017 3755
1018 2963
1019 3458 3798 3816
1020 3887
1021 4873
1022 3753
1023 4967
1024 4961
1025 4779
1026 4441
1027 2839
1028 4005
1029 4817
1030 4945
1031 4451
1032 4980
1033 4082
1034 4101 4871 4922 4990
1035 2042
1036 3114
1037 4924
1038 3614
1039 4045
1040 3907 4527 4797
1041 4077
1042 4819
1043 4692
1044 3901
1045 3986
1046 4902 4956 4994
1047 2583 4233
1048 4858
1049 4601
1050 2767
1051 1800
1052 3742
1053 4893
1054 3778
1055 4967
1056 4678
1057 4952
1058 2381 3458 4476
1059 4745
1060 4442
1061 4886
1062 4887
1063 4972
1064 4637
1065 4805
1066 1860
1067 4166
1068 4166 4813
1069 4444
1070 4608
1071 4792 4978
1072 4911
1073 4958
1074 4979
1075 4671
1076 4854
1077 3275 3800
1078 4792
1079 4922
1080 4979
1081 2839 4751
1082 3353 4909
1083 3632
1084 3159
1085 4330
1086 4940
1087 3887
1088 3755 3934 3961
1089 4092
1090 1626 3887
1091 4670
1092 4692
1093 4903
1094 4779
1095 4372
1096 4966
1097 4591
1098 4962
1099 3034
1100 3616
1101 3763
1102 4077
1103 2683 3695 4263
1104 4922
1105 3778 4936
1106 4665
1107 2035 3481
1108 2569 2963 3695
1109 4819
1110 4975
1111 4341
1112 4271 4715 4987
1113 2915
1114 4995
1115 4829
1116 4958
1117 4444
1118 2429
1119 3467
1120 3508 4338 4723
1121 4958
1122 4047
1123 4432
1124 4968
1125 4612
1126 3778
1127 4903
1128 3242
1129 3907 4525 4887
1130 4990
1131 2669 4934
1132 4940
1133 2176 3627 4922
1134 4808
1135 4405
1136 3114
1137 4853
1138 4466
1139 3045
1140 3114 3616
1141 4813
1142 4792
1143 4624
1144 1333
1145 4685
1146 4996
1147 2176
1148 4894
1149 2896 3613
1150 4591
1151 3961
1152 1334
1153 2903
1154 3884
1155 4934
1156 4451
1157 4402
1158 4815
1159 4961
1160 2350
1161 2193 3034 4879
1162 3304
1163 3356
1164 4987
1165 3922
1166 4990
1167 4692
1168 4945
1169 2991
1170 4871
1171 4700
1172 5000
1173 4858
1174 4745
1175 4476
1176 2634
1177 4525
1178 1367
1179 4873
1180 4905
1181 4887
1182 4193 4853 4962
1183 3677
1184 3627
1185 4263
1186 4936
1187 4527
1188 4721
1189 4700
1190 4961
1191 5000
1192 4692
1193 3616
1194 3304
1195 4892
1196 4953
1197 4319
1198 4925
1199 4592
1200 4721
1201 4372
1202 4176
1203 4936
1204 3451
1205 4316
1206 3781
1207 4905
1208 4619
1209 4905
1210 4957
1211 4879
1212 4979
1213 4982
1214 1860 3742
1215 3114 3742 4987
1216 4316
1217 4408
1218 4349
1219 4451
1220 3458 4052 4887
1221 4854
1222 4971
1223 4903
1224 4968
1225 4047
1226 4612
1227 3579
1228 4924
1229 4771
1230 4792
1231 4519
1232 4411
1233 2903
1234 2767
1235 4958
1236 1409
1237 4671 4829 4977
1238 4971
1239 4892
1240 4968
1241 3242 4341 4478
1242 4813
1243 4678
1244 4873
1245 4886
1246 2521
1247 4988
1248 4911
1249 4925
1250 4476
1251 4936
1252 4972
1253 4601
1254 2042
1255 3643
1256 4635
1257 4949
1258 4671
1259 4193
1260 4628
1261 4425
1262 4005 4425 4797
1263 4892
1264 2688 3034 3275 3987
1265 2839 4044 4957
1266 4478 4658
1267 4829
1268 4124
1269 4046 4634 4871
1270 4910
1271 3632
1272 4905
1273 3614 3901 4324
1274 3615
1275 4940
1276 4924
1277 4143
1278 3902
1279 4402
1280 4956
1281 4757
1282 1860 4642
1283 4953
1284 2669 2688 4745 4973
1285 4658
1286 4661
1287 4721
1288 3616
1289 4637
1290 4143 4728
1291 2915
1292 4504
1293 4936
1294 3242
1295 2715
1296 4153
1297 4887
1298 4973
1299 3231
1300 4044
1301 4967
1302 2193
1303 4633
1304 4635
1305 4378
1306 4592
1307 4871
1308 3627
1309 4957
1310 4957
1311 4779
1312 4922
1313 3901
1314 4851
1315 4956
1316 4700
1317 3451
1318 4844
1319 3356 4397
1320 4685
1321 4525
1322 4902
1323 4929
1324 4649
1325 4949
1326 4112
1327 1327
1328 4642
1329 4990
1330 3508
1331 4966
1332 3621 3798 4342 4953 4977
1333 1333 3987 4757
1334 1334
1335 1669
1336 4619
1337 4046 4642
1338 4968
1339 4047
1340 4879
1341 2856
1342 4983
1343 4911
1344 4282
1345 4608
1346 4995
1347 2363
1348 2963 3127 4619 4661
1349 4907
1350 3615
1351 4444
1352 2429
1353 4932
1354 4591
1355 4779
1356 4972
1357 4858
1358 4718
1359 4642
1360 4851
1361 4819
1362 4805
1363 4941
1364 4441
1365 4953
1366 4722
1367 1367
1368 4124
1369 3644
1370 4905
1371 4952
1372 4504
1373 2856
1374 4993
1375 4656
1376 2579
1377 4902
1378 3440
1379 4953
1380 3621
1381 4077
1382 4887
1383 4876
1384 4903
1385 4979
1386 4422
1387 4911
1388 4973
1389 4907
1390 4819
1391 4672
1392 4911
1393 2042
1394 4441
1395 4910
1396 4996
1397 4998
1398 4968
1399 3902
1400 4700
1401 3481 4903
1402 4282
1403 2688
1404 3987
1405 4619
1406 4525
1407 3643
1408 4902
1409 1409
1410 4271
1411 4319
1412 3961
1413 4176
1414 4990
1415 3081
1416 4909
1417 2358
1418 3785
1419 4143
1420 4267
1421 4873
1422 4990
1423 4982
1424 1860
1425 4601
1426 2145
1427 1565 2145
1428 4841
1429 4324
1430 4975
1431 3207
1432 4341 4934
1433 3677
1434 4962
1435 4940
1436 3781
1437 4924
1438 4998
1439 4751
1440 4166
1441 4017
1442 4176
1443 3297 4271
1444 4692
1445 2734 3213
1446 4936
1447 4642
1448 4792
1449 4316
1450 4991
1451 4941
1452 2786 4408
1453 4619
1454 4987
1455 4971
1456 4633 4721 4879
1457 3678
1458 4282
1459 4925
1460 4983
1461 4902
1462 4451
1463 1860
1464 3644
1465 3977
1466 4971
1467 4263
1468 3798
1469 4451
1470 4853
1471 2152
1472 4077
1473 3986 4077 4678 4721 4987
1474 3644
1475 4909
1476 4256 4585 4700 4715
1477 4933
1478 2429
1479 4397
1480 4244
1481 4324 4771
1482 4125
1483 4047
1484 2193
1485 4628
1486 4929
1487 1860
1488 4030
1489 4665
1490 4045
1491 2414
1492 3778
1493 4751
1494 4233
1495 4998
1496 3045
1497 3884
1498 4957
1499 4929
1500 4700
1501 1565
1502 4372
1503 2634
1504 4933
1505 4732
1506 4143
1507 4886
1508 4855
1509 3393
1510 4857
1511 4715
1512 2634
1513 4952
1514 4442
1515 4728
1516 4635
1517 4974
1518 4984
1519 4728
1520 4978
1521 3127 4962
1522 4984
1523 4978
1524 4779
1525 4444
1526 2688
1527 4871 4886 4924
1528 4125
1529 5000
1530 3884
1531 3114 4349 4813 4932
1532 2786
1533 4833
1534 5000
1535 4853
1536 4953
1537 4871
1538 2579
1539 4854
1540 3695 4685 4902
1541 2753
1542 2669
1543 4907
1544 4718
1545 4592 4718
1546 2895
1547 2492
1548 3481
1549 4497
1550 4042 4442
1551 2358
1552 4661
1553 4873
1554 4665
1555 4324
1556 4968
1557 3002
1558 4319
1559 2896
1560 2993
1561 4256
1562 4017
1563 4672
1564 4994
1565 1565
1566 4995
1567 2675
1568 3695
1569 4341
1570 3223
1571 4876
1572 4962
1573 4963
1574 4792
1575 4319
1576 4619
1577 4299
1578 3785
1579 4438
1580 2895 4663 4990
1581 4894
1582 4966
1583 4738
1584 2856
1585 4723
1586 4995
1587 4619
1588 4828
1589 4974
1590 4919
1591 4833
1592 4338
1593 4929
1594 4405
1595 4338
1596 4933
1597 3953
1598 4635
1599 3145
1600 2429 4184 4887
1601 4987
1602 4797
1603 4005
1604 3836
1605 4540
1606 1669
1607 4873
1608 3887
1609 4030
1610 3753
1611 4994
1612 4592
1613 4929
1614 4894
1615 4958
1616 4678
1617 5000
1618 4106 4879
1619 4406
1620 4554
1621 4876
1622 1860
1623 4886
1624 4858
1625 4879
1626 3887
1627 2521
1628 4833
1629 4819
1630 4971
1631 4851
1632 4957
1633 4718
1634 4678
1635 4349
1636 4929
1637 2579
1638 4042 4663
1639 4125
1640 4971
1641 4540
1642 3907 4879
1643 4424
1644 4945
1645 4987
1646 4973
1647 4879
1648 3643 3678 4466 4828
1649 4879
1650 2767 4757
1651 4845
1652 4858
1653 3787
1654 4125
1655 2915 3223 4612
1656 4971
1657 3752
1658 4077
1659 4902
1660 4919
1661 4402 4649 4958
1662 3643
1663 4554
1664 2429 2669 4542
1665 4341
1666 4628
1667 1667 3604 4987
1668 4184
1669 1669
1670 4442
1671 3671
1672 3304 3481
1673 4919
1674 4940
1675 4042
1676 4656
1677 4858
1678 4996
1679 4845
1680 1669
1681 4988
1682 4779
1683 4905
1684 4924
1685 2569 4125
1686 3785
1687 4619
1688 4961
1689 4941
1690 4723
1691 4047
1692 2583 4728 4957
1693 4451
1694 4844
1695 4817
1696 2915
1697 4953
1698 4945
1699 4858
1700 4442
1701 4700
1702 4519
1703 5000
1704 4819
1705 4271
1706 4911
1707 1367
1708 4873
1709 4591
1710 4771
1711 4966
1712 4700
1713 4042
1714 3508
1715 4979
1716 4424 4732 4961 4998
1717 4961
1718 4478 4658 4805 4974
1719 4751
1720 4919
1721 4958
1722 4166
1723 2912
1724 4957
1725 4962
1726 4779
1727 4540
1728 4082 4476 4857
1729 4971
1730 4244
1731 2350 3242
1732 3881
1733 2786 4408
1734 1667 2912 4052
1735 4963
1736 4813
1737 2734
1738 4845
1739 2583 4338 4911
1740 4663
1741 4996
1742 3356
1743 3787
1744 4432
1745 4911
1746 4893
1747 4338
1748 4952
1749 4658
1750 4608
1751 4925
1752 4958
1753 4424
1754 4906
1755 4424
1756 4715
1757 4792
1758 4105
1759 4980
1760 2963 3671 4176 4658
1761 3953
1762 3644
1763 3695
1764 3353
1765 4700
1766 4984
1767 4972
1768 4919
1769 2903 3887 4984 4993
1770 4422
1771 4910
1772 4105
1773 4905
1774 4476
1775 2895
1776 4990
1777 3213
1778 4894
1779 4634
1780 4851
1781 3276
1782 4975
1783 3970
1784 4715
1785 4903
1786 4952
1787 4984
1788 4903
1789 4722
1790 3304
1791 2579 3973 4661
1792 3785
1793 4405
1794 4998
1795 4559
1796 4957
1797 4933
1798 3616
1799 3798
1800 1800
1801 4106
1802 4282
1803 4267
1804 4527 4634 4738
1805 1860
1806 2193
1807 2669
1808 4979
1809 4441
1810 3753
1811 4525
1812 4642
1813 4052
1814 1409 3458 4934
1815 3034
1816 3045 3304 3836 4425 4635
1817 4723
1818 4967
1819 3785
1820 2903
1821 4929
1822 4991
1823 3440
1824 2358
1825 4945
1826 3583
1827 4844
1828 4792
1829 3353
1830 1333 4908
1831 4902
1832 4519
1833 3393 3440 3678 4101
1834 4857
1835 4855
1836 4879
1837 4143
1838 4642
1839 4330
1840 3205
1841 3451 3816 4451
1842 4124
1843 4995
1844 4886
1845 4324
1846 3649
1847 4700
1848 3881
1849 3421
1850 4817
1851 1669
1852 4893
1853 4961
1854 3081
1855 4193
1856 4527
1857 4808
1858 4996
1859 4966
1860 1860
1861 3356
1862 3034
1863 3604
1864 4017
1865 4670
1866 4933
1867 4833
1868 4738
1869 4466
1870 1327
1871 4851
1872 4797
1873 4649
1874 4757
1875 2669
1876 3902
1877 4977
1878 4757
1879 2035
1880 2583
1881 4432
1882 3973 4887 4991
1883 4932
1884 4987
1885 4984
1886 4876
1887 4542
1888 4855
1889 4244
1890 4980
1891 3481
1892 4956
1893 4634
1894 4542
1895 4909
1896 3231
1897 4961
1898 2030
1899 1565
1900 4738
1901 2583
1902 5000
1903 4451
1904 3276
1905 4991
1906 3970
1907 3887
1908 4745
1909 4893
1910 4341
1911 3632
1912 4456
1913 4166
1914 4432
1915 4879
1916 4184
1917 4991
1918 4887
1919 4030
1920 4925
1921 4554
1922 4342 4728
1923 4176
1924 4378
1925 3145
1926 3798 4451
1927 4042 4779
1928 4792
1929 2377
1930 4710
1931 3742
1932 4936
1933 4967
1934 4996
1935 3145
1936 4851
1937 4973
1938 4779
1939 4405
1940 2176
1941 4910
1942 4608
1943 3755
1944 4414
1945 4592
1946 4987
1947 3452
1948 4873
1949 4893
1950 1669
1951 2895 3752 4444
1952 4974
1953 3356
1954 4077
1955 3508
1956 4958
1957 4833
1958 4757
1959 4949
1960 4993
1961 4851
1962 4042
1963 4592
1964 4412
1965 3045
1966 2313
1967 4925
1968 4844
1969 3297
1970 4628
1971 4855
1972 4844
1973 3973
1974 4953
1975 4125 4378 4974
1976 2042
1977 4067
1978 3677
1979 4945
1980 3297 3508 4330 4341
1981 4982
1982 4432
1983 1667 1860
1984 4951
1985 3644
1986 4929
1987 4692
1988 2963 3614 3816
1989 4990
1990 3695
1991 4906
1992 4929
1993 2030 2414
1994 3421
1995 4193
1996 4977
1997 4953
1998 4962
1999 4432
2000 4441
2001 4692
2002 3356 3798 4105 4214
2003 4700
2004 2521
2005 4953
2006 4405
2007 3753
2008 3922
2009 4808
2010 4592
2011 4841
2012 4214 4792 4973 4984
2013 2579
2014 4971
2015 4983
2016 3627 3800 4876 4987 4990
2017 4504
2018 4996
2019 1409 2963 3242 4656
2020 4193
2021 4751
2022 4442
2023 4932
2024 4628
2025 4907
2026 4649
2027 3297
2028 4893
2029 4678
2030 2030
2031 4554
2032 1669
2033 3752
2034 3798
2035 2035
2036 4414
2037 4438
2038 4911
2039 4827
2040 4972
2041 3452
2042 2042
2043 4858
2044 4993
2045 3034 4324 4619
2046 2521
2047 4658
2048 4422
2049 4903
2050 4844
2051 4973
2052 5000
2053 3970
2054 1327
2055 3275
2056 4994
2057 3583
2058 4101
2059 4077
2060 4978
2061 4424
2062 3621 3752 4412 4828 4924
2063 3356
2064 4929
2065 2176
2066 4873
2067 4745
2068 4962
2069 4962
2070 4105
2071 3579
2072 4527
2073 4585
2074 4813
2075 3919
2076 4817
2077 3329
2078 4378 4424 4792 4909 4962
2079 4957
2080 4962
2081 4979
2082 4456
2083 4107 4456 4591 4833 4910
2084 4980
2085 4815
2086 4887
2087 2993
2088 3329
2089 4635
2090 4879
2091 4966
2092 4906
2093 4757
2094 4319
2095 2521
2096 4077
2097 4833
2098 4984
2099 4661
2100 4833
2101 4907
2102 3304
2103 4554
2104 3755
2105 4968
2106 4678
2107 2042
2108 4906
2109 4813
2110 2358
2111 2683
2112 4397
2113 4771
2114 4559
2115 4951
2116 3393
2117 4873
2118 4925
2119 4819
2120 4319
2121 4941
2122 4813
2123 4738
2124 3664
2125 4424
2126 1565
2127 4909
2128 4995
2129 4808
2130 4829
2131 4879
2132 4125
2133 4540
2134 3800
2135 4925
2136 3242 4005 4176 4432
2137 4993
2138 4972
2139 4432
2140 4903
2141 4974
2142 4829
2143 4166
2144 4751
2145 1565 2145
2146 4005
2147 3353 4805
2148 4422
2149 2176
2150 3508
2151 4952
2152 2152
2153 3787
2154 4685
2155 4987
2156 4994
2157 4592
2158 3778
2159 4983
2160 4637
2161 4671
2162 3356
2163 4721 4980
2164 2579 3127 4425
2165 4925
2166 4030
2167 3695
2168 4656 4663 4721 4813 4993
2169 4929
2170 4988
2171 4527
2172 4797
2173 4910
2174 4983
2175 4046
2176 2176
2177 4633
2178 4857
2179 4940
2180 4256
2181 3987
2182 3145
2183 4980
2184 4951
2185 4958
2186 4124
2187 3907
2188 4919
2189 2669
2190 4424
2191 4984
2192 4540
2193 2193
2194 4974
2195 4710
2196 3907
2197 4412 4554 4721 4757 4956
2198 3508
2199 4808
2200 4934
2201 4718
2202 4601
2203 4963
2204 1669
2205 1409 2350 3987 4046
2206 4672
2207 4893
2208 4723
2209 3045
2210 4432
2211 3901
2212 4797
2213 4299
2214 2734
2215 4995
2216 4922
2217 4372
2218 4378
2219 4124
2220 3953
2221 4585
2222 3798
2223 3205
2224 4214
2225 4592
2226 4214 4745 4792 4815 4991
2227 4166
2228 4994
2229 3961
2230 4732
2231 3614 4527
2232 4958
2233 4341 4925 4941
2234 2903
2235 4894
2236 3942
2237 2753
2238 4980
2239 4871
2240 3986
2241 4779
2242 2753
2243 3919
2244 4078
2245 4975
2246 4908
2247 4961
2248 3205
2249 4527
2250 4271
2251 2715
2252 4854
2253 4936
2254 4990
2255 1565 4987
2256 2176
2257 4044 4879 4909
2258 4077
2259 3778
2260 4971
2261 4745
2262 5000
2263 4982
2264 3934
2265 4092
2266 3902
2267 3421
2268 4678
2269 4052
2270 4968
2271 2767
2272 4844
2273 2350 3393
2274 1860
2275 2734
2276 4153
2277 3752 4125 4193 4757
2278 4841
2279 4316
2280 4233
2281 4723
2282 4263
2283 4982
2284 2753
2285 4601
2286 4988
2287 4995
2288 4619
2289 4828
2290 3621 4633 4879
2291 2492
2292 3632
2293 4854
2294 4688
2295 2565
2296 4854
2297 3276 3961 4067 4851
2298 4975
2299 4886
2300 4723
2301 2350
2302 3452
2303 4319
2304 2583
2305 4894
2306 5000
2307 4833
2308 4267 4478 4907
2309 3114 4263
2310 4957
2311 4894
2312 3919
2313 1333 2313
2314 4922
2315 4924
2316 2582
2317 4466
2318 4857
2319 4214
2320 2669 4406 4815 4922
2321 4745
2322 4851
2323 4853
2324 4936
2325 4945
2326 4887
2327 3695
2328 4101
2329 3467 4412 4478 4525 4656
2330 4952
2331 1860 4779
2332 4990
2333 4661
2334 3881
2335 2895
2336 4193
2337 4372
2338 4642
2339 4330
2340 4478
2341 4214
2342 4993
2343 4907
2344 3987 4414 4554
2345 4893
2346 4342
2347 3329
2348 4771
2349 4101
2350 2350
2351 4042
2352 4971
2353 4949
2354 2895 4107 4411 4432 4577
2355 4112
2356 2839 3604 3613 4554
2357 4958
2358 2358
2359 3671
2360 4971
2361 4845
2362 2035
2363 2363
2364 4378 4855 4941
2365 2381 4933
2366 2734
2367 4996
2368 4815
2369 4911
2370 4925
2371 4827
2372 4968
2373 2734
2374 4692
2375 4827
2376 4995
2377 2377
2378 3961
2379 4983
2380 4263
2381 2381
2382 4940
2383 4844
2384 3678
2385 4909
2386 4957
2387 4994
2388 4642
2389 3644
2390 4125
2391 4851
2392 4299
2393 4973
2394 3641
2395 4692
2396 4893
2397 4991
2398 4052
2399 4922
2400 4757
2401 4919
2402 4934
2403 1860
2404 4909
2405 1409 3836 3934 4956
2406 4983
2407 4338 4342 4853 4987
2408 4592
2409 4990
2410 3678
2411 2381 2856
2412 2683 2688 4592 4779
2413 4829
2414 2414
2415 3231
2416 4961
2417 4967
2418 4685
2419 3836
2420 3881
2421 4956
2422 4688
2423 4922
2424 4540
2425 4994
2426 4671
2427 2856
2428 4953
2429 2429
2430 2030 2414
2431 4805
2432 4908
2433 4442
2434 3907
2435 4924
2436 4857
2437 4956
2438 1334 2176
2439 4723
2440 4601
2441 3685
2442 4967
2443 4642
2444 3641
2445 2839 4042
2446 4841
2447 4721
2448 3695
2449 2734 4263 4397 4642
2450 3440 3677 3800 4813
2451 4991
2452 4906
2453 4670
2454 4844
2455 3778
2456 3973
2457 4751
2458 4987
2459 4671
2460 4910
2461 1334 3649 4125 4412 4815
2462 3604
2463 4663
2464 4963
2465 4527
2466 3614
2467 3753 4045 4797
2468 4922
2469 4635
2470 4879
2471 4316
2472 4256 4887 4991
2473 4973
2474 4995
2475 3508
2476 3922
2477 4125
2478 4478 4813 4906 4908
2479 4956
2480 4933
2481 3781
2482 4979
2483 4978
2484 4721
2485 4649
2486 3785
2487 4540
2488 4991
2489 4671
2490 4833
2491 3145
2492 2492
2493 4341
2494 4910
2495 4624
2496 4908
2497 4005
2498 4805
2499 4671
2500 4692
2501 4042
2502 2675 4635 4721
2503 4833
2504 4855
2505 5000
2506 4879
2507 4267 4815 4817
2508 4442
2509 2565
2510 4841
2511 4956
2512 4908
2513 2583 2896 4143
2514 4907
2515 4973
2516 3961
2517 4052
2518 4319
2519 4949
2520 3614
2521 2521
2522 4951
2523 4968
2524 3664
2525 4106 4193 4527
2526 4909
2527 4319
2528 2358
2529 4444
2530 4504
2531 4805
2532 3440
2533 4902
2534 4924
2535 4414
2536 4166
2537 4894
2538 4372
2539 4998
2540 4101
2541 4432
2542 4700
2543 3081
2544 4619
2545 3778
2546 3467
2547 4672
2548 4988
2549 4005 4045 4612 4966
2550 4670
2551 4987
2552 4975
2553 4892
2554 4894
2555 4990
2556 4402
2557 4979
2558 4844
2559 4978
2560 4988
2561 3145 4412 4757 4924 4933
2562 4658
2563 4658
2564 3649
2565 2565
2566 4637
2567 4601
2568 2915 3973 4017 4078
2569 2569
2570 3297
2571 4316
2572 4983
2573 4907
2574 4112
2575 4808
2576 4906
2577 4554
2578 4663
2579 2579
2580 4910
2581 2363 4299 4612 4792 4990
2582 2582
2583 2583
2584 3452
2585 4107
2586 4984
2587 4378
2588 4961
2589 4263
2590 4797
2591 4855
2592 4456
2593 4612
2594 3356
2595 4952
2596 4542
2597 1334 2669 4432 4983
2598 4771
2599 2734
2600 4732
2601 4966
2602 4887
2603 4975
2604 4991
2605 4592
2606 4933
2607 4738
2608 4670
2609 4125
2610 4808
2611 4078
2612 4718
2613 4077
2614 4466
2615 4715
2616 4721
2617 4685
2618 4678
2619 3942 4444 4519 4732 4998
2620 4973
2621 4962
2622 4077
2623 4341
2624 4067
2625 4905
2626 4044
2627 4934
2628 3961
2629 3695
2630 4980
2631 2895 4497
2632 4670
2633 4919
2634 2634
2635 1860
2636 3205
2637 4700
2638 4624
2639 2565
2640 3907
2641 4805
2642 3695
2643 4911
2644 4601
2645 4046
2646 3902
2647 4906
2648 2582
2649 4046
2650 4067
2651 3145
2652 4658
2653 4963
2654 3127
2655 4987
2656 4688
2657 3614
2658 4624
2659 3961
2660 4642
2661 4728
2662 4642
2663 4030
2664 4779
2665 4963
2666 3329
2667 4017
2668 4956
2669 2669
2670 4903
2671 3452
2672 4911
2673 4851
2674 4554
2675 2675
2676 2565 4125 4887 4962
2677 4649
2678 3583 4082 4961
2679 4478
2680 4771
2681 4871
2682 4414
2683 2683
2684 4853
2685 4577
2686 4984
2687 4422
2688 2688
2689 4504
2690 4633
2691 4902
2692 3907
2693 3158
2694 1565 4045 4792
2695 4282
2696 3798 4166 4779 4987
2697 4082 4176 4661 4738 4792 4952
2698 4718
2699 4378
2700 3781
2701 4591
2702 4478
2703 4425
2704 4125
2705 4256
2706 4879
2707 4656
2708 4940
2709 4956
2710 4406
2711 4634
2712 4438
2713 4967
2714 4372
2715 2715
2716 4892
2717 4854
2718 4854
2719 4911
2720 4988
2721 4854
2722 4101
2723 4685
2724 4166
2725 4945
2726 4963
2727 4971
2728 4330
2729 4633
2730 4979
2731 3481 4425 4540 4635 4991
2732 4424
2733 4841
2734 2734
2735 4642 4833 4887 4945
2736 557 4030 4299
2737 4910
2738 4819
2739 4932
2740 4956
2741 4771
2742 3970 4077 4406 4956
2743 2753 2903 3393 3970 4341
2744 4966
2745 4808
2746 4894
2747 4987
2748 4414
2749 4143
2750 4805
2751 3616
2752 4982
2753 2753
2754 3763 4442
2755 3583 3678 4642 4815 4922 4977
2756 4956
2757 4101
2758 4952
2759 3816
2760 4971
2761 2675
2762 3158
2763 4444
2764 3158
2765 4554
2766 4876
2767 2767
2768 2734 3034 3678 4422
2769 4635
2770 4044
2771 3329 3785 4267 4478 4779
2772 4282
2773 2734
2774 4995
2775 4855
2776 3393
2777 3798 4894
2778 4974
2779 2688 3934 4267 4833
2780 4908
2781 4910
2782 4967
2783 4968
2784 4961
2785 4319
2786 2786
2787 3902
2788 4624
2789 4987
2790 1860
2791 4978
2792 4963
2793 3508
2794 4892
2795 2734
2796 4980
2797 4792
2798 4817
2799 4299
2800 3934
2801 4143
2802 4718
2803 4934
2804 4324
2805 4661
2806 4642
2807 4670
2808 4233
2809 3145
2810 4432
2811 4797
2812 4909
2813 4990
2814 4998
2815 4956
2816 4925
2817 3452
2818 4879
2819 4994
2820 3685
2821 4907
2822 3275
2823 4166
2824 3002 3695
2825 4642
2826 3627
2827 4911
2828 4996
2829 4661
2830 3953
2831 4982
2832 4425
2833 3678
2834 4635
2835 4841
2836 4971
2837 4045
2838 4957
2839 2839
2840 3393
2841 4858
2842 3114 3231 4797
2843 4592
2844 4504
2845 3353
2846 4953
2847 4994
2848 4995
2849 4958
2850 4661
2851 4909
2852 4414
2853 2042
2854 4953
2855 2896 4425
2856 2856
2857 4892
2858 4828
2859 4738
2860 4815
2861 2634
2862 4046
2863 4670
2864 3275 4244
2865 4996
2866 4958
2867 3641
2868 3752 4271 4661 4962
2869 3242
2870 4995
2871 4792
2872 4972
2873 3884
2874 4263
2875 3508 3583 3621 4406
2876 4925
2877 4591
2878 4721
2879 2565
2880 3353 4045 4101 4984
2881 4422
2882 3393
2883 3970
2884 4949
2885 4919
2886 4956
2887 4635
2888 3763 3922 4845 4887 4975
2889 3205
2890 4721
2891 4993
2892 3329
2893 4974
2894 4841
2895 2895
2896 1800 2896
2897 4983
2898 3934 4101 4299 4827
2899 4945
2900 4608
2901 4338
2902 3081 3671 4067 4542
2903 2903
2904 4841
2905 4988
2906 4330 4792 4909 4934
2907 4067
2908 4987
2909 4956
2910 3961
2911 3276
2912 2912
2913 4988
2914 3329
2915 2915
2916 2993 3986 4853 4934
2917 4635
2918 4905
2919 3440
2920 3649
2921 4424 4633 4987
2922 3158
2923 4649
2924 4903
2925 4893
2926 4082
2927 2734 3897 4911
2928 4176
2929 4722
2930 4894
2931 4125
2932 4349
2933 2521
2934 4962
2935 4998
2936 4854
2937 4267
2938 4792
2939 3159 4193 4299 4692 4710 4932
2940 4527
2941 4922
2942 3158 4052 4324 4922
2943 4998
2944 4444
2945 2414 2715 3643 4718
2946 4990
2947 3421
2948 4933
2949 4124
2950 3508
2951 4805
2952 4688
2953 4722
2954 4341
2955 4886
2956 4519
2957 4994
2958 2991 3081 3616 4554
2959 4903
2960 4893
2961 3458
2962 4974
2963 2963
2964 4967
2965 4721
2966 4988
2967 4892
2968 4671
2969 4892
2970 4052
2971 4953
2972 4721
2973 4984
2974 2688
2975 2176 2193 3800 4077 4424
2976 4637
2977 4994
2978 4406
2979 4718
2980 4829
2981 4642
2982 4438 4661 4728 4879
2983 3127
2984 4879
2985 3752
2986 4692
2987 4718
2988 4577
2989 4973
2990 4963
2991 2991
2992 4971
2993 2993
2994 1860
2995 4957
2996 3583
2997 2786 3787 4214 4936 4962 4968
2998 3223
2999 4854
3000 2963
3001 4656
3002 3002
3003 3644
3004 4723
3005 4957
3006 4751
3007 4853
3008 4700
3009 4779
3010 4979
3011 4908
3012 2734
3013 4658
3014 4961
3015 4634
3016 4978
3017 1367 2903 3973 4845
3018 4936
3019 3421
3020 4341
3021 4267
3022 4876
3023 4112
3024 4984
3025 3685 3752 4341 4451
3026 3614
3027 4963
3028 4077
3029 4671
3030 4892
3031 2991 3781 4106 4422 4951
3032 2042
3033 4910
3034 3034
3035 4559
3036 3664
3037 4656
3038 4967
3039 4828
3040 4525
3041 4941
3042 4857
3043 4661
3044 2734 4046 4233 4797
3045 3045
3046 4624
3047 4478
3048 4876
3049 3781
3050 4067
3051 2734 3986 4330 4779
3052 3421 3901 4342 4813
3053 4982
3054 4771
3055 3942
3056 4592
3057 3207
3058 4601
3059 4349
3060 4745
3061 4929
3062 3613
3063 4857
3064 4949
3065 4046
3066 2521
3067 4858
3068 4030
3069 4905
3070 4779
3071 4925
3072 4963
3073 3970
3074 4233
3075 2912
3076 4967
3077 3961
3078 3604 4819 4929 4933
3079 4077
3080 4876
3081 3081
3082 4973
3083 3440
3084 4540
3085 4342
3086 4045
3087 4661
3088 4612
3089 3953
3090 3159 3297 3641
3091 4751
3092 4956
3093 3451
3094 4941
3095 4125 4338 4554 4845
3096 4833
3097 4700
3098 4983
3099 4591
3100 4342 4700 4845 4934
3101 4975
3102 2381 3753 3887 4934
3103 4966
3104 4815
3105 3223
3106 4951
3107 3887
3108 4957
3109 4963
3110 4722
3111 3583
3112 4906
3113 3616
3114 3114
3115 4635 4661 4700 4990
3116 4979
3117 4656
3118 4628
3119 4980
3120 4688
3121 4540
3122 4779
3123 4441
3124 4658
3125 4924
3126 3276 3481 4107 4267 4797
3127 3127
3128 4670
3129 4077 4349 4402 4940
3130 4649
3131 2895 4497
3132 4425
3133 4030 4193 4263 4456 4887
3134 4991
3135 1367
3136 4879
3137 4608
3138 3901 4721
3139 4919
3140 3159 4700 4813 4962
3141 4635 4642 4972
3142 4855
3143 4808
3144 4994
3145 3145
3146 4972
3147 4953
3148 3970
3149 4422
3150 4907
3151 4405
3152 4101
3153 4671
3154 4670
3155 4893
3156 4983
3157 4405
3158 3158
3159 3159
3160 2358 2583 3836
3161 3884
3162 4612
3163 2492
3164 2669 3685 4444
3165 4527
3166 3034 4478 4792 4941
3167 4966
3168 4176
3169 4732
3170 4282
3171 3632
3172 4628
3173 4637
3174 3304 4044 4478 4854
3175 4338
3176 3787
3177 4153
3178 3986
3179 4933
3180 4841
3181 3695
3182 3881
3183 4933
3184 4905
3185 4044 4527 4925
3186 4845
3187 4984
3188 2734
3189 4688
3190 4978
3191 4996
3192 3897
3193 3973
3194 3467
3195 3275 3621
3196 4619
3197 4671 4728
3198 4634
3199 4853
3200 2492
3201 4112
3202 4456
3203 4244
3204 4525
3205 3205
3206 4444
3207 3207
3208 2565 3158 3207 4779 4876 4952
3209 4256
3210 4504
3211 4956
3212 4412
3213 2683 3213 3353
3214 4107
3215 4797
3216 3901
3217 3800
3218 4879
3219 4879
3220 4893
3221 3752
3222 4715
3223 3223
3224 4107
3225 3458 4271 4527 4990
3226 3616
3227 4585
3228 4808
3229 3907 4125 4233 4402 4924
3230 4256
3231 3231
3232 4591
3233 3452
3234 4929
3235 4124
3236 3752 4267 4316 4661 4819
3237 3970
3238 3440
3239 4887
3240 4925
3241 4125
3242 3242
3243 4977
3244 4688
3245 4619
3246 4887
3247 4929
3248 4940
3249 3641
3250 3901
3251 4751
3252 4910
3253 4855
3254 2176 2688 4106 4406
3255 4751
3256 4688
3257 4441
3258 4112
3259 3901
3260 4990
3261 4661
3262 2176 4372 4988
3263 4105
3264 4993
3265 2856 2912 3579 4378 4441 4476
3266 3798 3986 4107 4951 4994
3267 4903
3268 3158 4233
3269 4998
3270 4963
3271 4338
3272 4952
3273 4887
3274 3421
3275 3275
3276 3276
3277 4972
3278 4692
3279 2042 2634 2856 3145 4441
3280 4271
3281 4934
3282 4813
3283 4873
3284 3393
3285 4991
3286 1409 2579 4030 4263
3287 4718
3288 4688
3289 3785
3290 4721
3291 2579
3292 4456
3293 3127 3421 4422 4805
3294 4994
3295 4797
3296 2675 3742 3753 4082 4722
3297 3297
3298 4980
3299 4372
3300 4972
3301 4998
3302 4425
3303 3145
3304 3304
3305 5000
3306 4851
3307 3778
3308 4892
3309 4442
3310 3785
3311 3440
3312 4608
3313 4466
3314 4397
3315 4030
3316 3440
3317 4349
3318 4792
3319 2176
3320 4968
3321 4504
3322 4873
3323 4983
3324 4670
3325 2669
3326 4961
3327 2767 2991 4052 4441 4585 4635
3328 4893
3329 3329
3330 4107
3331 4592
3332 2569
3333 4966
3334 4042
3335 2176 3678 3816 3881 4330
3336 4658
3337 3614
3338 4540
3339 4670
3340 4974
3341 3922
3342 4715
3343 3621
3344 4519
3345 1626 2993 3641
3346 4700
3347 4414
3348 1667 3785 4893 4991
3349 4952
3350 4592
3351 4858
3352 4422
3353 3353
3354 3621
3355 4176
3356 3356
3357 4442
3358 4906
3359 5000
3360 4886
3361 4738
3362 4932
3363 4993
3364 4214
3365 4751
3366 3393
3367 4125
3368 4751
3369 2993
3370 4330 5000
3371 4971
3372 4670
3373 4978
3374 4844
3375 4813
3376 3649 4342 4444
3377 4902
3378 2521 3755 4871
3379 2688 3604 3977 4125 4919
3380 4442
3381 4125
3382 4886
3383 3781
3384 4527
3385 4979
3386 4637
3387 3778
3388 4911
3389 3644
3390 4372
3391 3275
3392 4975
3393 3393
3394 4932
3395 3919
3396 4953
3397 4635
3398 4858
3399 4721
3400 3616
3401 4633
3402 4642
3403 4932
3404 4612
3405 4983
3406 4166
3407 3816 4319 4601 4961
3408 4658
3409 4263
3410 4424
3411 4451
3412 4910
3413 3664
3414 4993
3415 3467
3416 3781
3417 3458
3418 4601
3419 4940
3420 4956
3421 3421
3422 4106
3423 4873
3424 4990
3425 1327 2569 3970
3426 4909
3427 3242
3428 4341
3429 3205 3671 3961 4592 4757
3430 4125
3431 4559
3432 3641
3433 4017
3434 4994
3435 3884
3436 4661
3437 4813
3438 3159 4619 4642
3439 4952
3440 3440
3441 4077 4905 4980
3442 1860 3752 3787 4663 4721
3443 4101
3444 3159 3467 4635 4962
3445 4975
3446 4967
3447 4299
3448 4907
3449 4990
3450 4983
3451 3451
3452 3452
3453 4851
3454 4184
3455 4757
3456 3922
3457 4815
3458 3458
3459 4797
3460 4451
3461 4316
3462 4902
3463 4554
3464 4907
3465 4045
3466 1860
3467 3467
3468 4554
3469 3970
3470 4412
3471 4808
3472 2193 4422 4634 4792 4871 4903 4934
3473 4710
3474 4983
3475 4961
3476 3114 3421 4642 4792 4963
3477 4685
3478 4378
3479 4592
3480 4844
3481 3481
3482 3887
3483 3114
3484 4857
3485 3451 3752 3755 4592 4663
3486 4967
3487 2363
3488 4106 4184
3489 4722
3490 4978
3491 4972
3492 4980
3493 4984
3494 4919
3495 4951
3496 4968
3497 4909
3498 4411
3499 2991
3500 4124
3501 3763 4905 4956 4980
3502 4642
3503 3922
3504 4829
3505 4988
3506 4372
3507 5000
3508 3508
3509 4973
3510 3356 3508 3970 4342 4397
3511 4919
3512 4042
3513 4829
3514 4519
3515 4977
3516 3695
3517 4637
3518 4612
3519 4519
3520 4892
3521 2377 3986 4030 4422
3522 4978
3523 4808
3524 4995
3525 4972
3526 4661
3527 2583
3528 4893
3529 3159
3530 4438
3531 4451
3532 4017
3533 4779
3534 4792
3535 4919
3536 4973
3537 3304 3742 4444 4797
3538 2915 3458 4045 4424 4887
3539 2915 3145 3440 3816 4894
3540 3887
3541 5000
3542 4044
3543 4961
3544 4658
3545 4125
3546 4745
3547 4845
3548 4542
3549 4077
3550 4854
3551 3579 4046 4451 4983
3552 4685
3553 4829
3554 2582 2991 4738 4925
3555 4879
3556 2734
3557 4817
3558 4996
3559 4873
3560 4634
3561 3627 3887 3934 4601 4637
3562 4894
3563 4478
3564 4030
3565 3677 3742 4046 4233 4476
3566 4193
3567 4107
3568 4438
3569 4282
3570 4792
3571 4271 4591 4612 4941
3572 3881
3573 4940
3574 4833
3575 4671
3576 4841
3577 3393
3578 3467 3753 4718
3579 3579
3580 4988
3581 4827
3582 4829
3583 3583
3584 4924
3585 4982
3586 4932
3587 4973
3588 4267 4990
3589 4661
3590 4958
3591 4422
3592 4871
3593 4957
3594 4678
3595 4432
3596 3579
3597 4828
3598 5000
3599 3643
3600 4853
3601 4994
3602 1860
3603 4995
3604 3604
3605 4411
3606 2350 2912 3816 4663
3607 4941
3608 3627
3609 3934
3610 4432
3611 4940
3612 4721
3613 2856 3613
3614 3614
3615 3615
3616 3616
3617 4540
3618 3621
3619 4046
3620 4961
3621 3621
3622 4797
3623 3671
3624 4906
3625 4991
3626 4953
3627 3627
3628 4876
3629 4879
3630 3614
3631 4378
3632 3632
3633 2193 3627 4910 4957 4984
3634 4993
3635 4342
3636 3604
3637 4263 4476 4982
3638 2429 2903 4601 4721 4953 4973
3639 4879
3640 4808
3641 3641
3642 4715
3643 3643
3644 3644
3645 3902 4047
3646 4193
3647 4894
3648 3755 4525 4945
3649 3649
3650 4624
3651 4919
3652 4984
3653 1860
3654 4745
3655 4828
3656 4633
3657 4628
3658 3649
3659 4527
3660 2688
3661 4855
3662 3986
3663 4886
3664 3664
3665 2669
3666 3953
3667 4957
3668 4886
3669 4909
3670 4601
3671 3671
3672 3356
3673 4700
3674 2042 3685 4319
3675 4441
3676 4722
3677 3677
3678 3678
3679 4919
3680 4905
3681 3934 3953 4933
3682 4271
3683 4046
3684 2358 4974
3685 3685
3686 4966
3687 4871
3688 4715
3689 4688
3690 4995
3691 4940
3692 4892
3693 4214
3694 4977
3695 3695
3696 4125
3697 4974
3698 4909
3699 4143
3700 3276
3701 4577
3702 4466
3703 4797
3704 4805
3705 4957
3706 4906
3707 4906
3708 3685
3709 3440 3467 4442 4721
3710 4143
3711 4919
3712 4005
3713 4993
3714 4817
3715 2786 3356 4642 4700
3716 3127
3717 2915
3718 4771
3719 4829
3720 4751
3721 4671
3722 4723
3723 4903
3724 4143
3725 4342
3726 4967
3727 2569 3297
3728 3798 4658 4909
3729 4919
3730 4143
3731 4844
3732 4919
3733 4974
3734 4855
3735 4519
3736 4805
3737 4432
3738 4779
3739 2839 3034 4406
3740 4153
3741 4982
3742 3742
3743 4527
3744 1334 3778 4042 4476 4721 4722 4932
3745 4990
3746 4619
3747 4678
3748 4982
3749 2715 2734 3223 3961 4233 4851
3750 4771
3751 4046
3752 3752
3753 3753
3754 4990
3755 3755
3756 4267
3757 4665
3758 4412
3759 4968
3760 4030
3761 2363 4893
3762 3907 4106 4887 4980
3763 3213 3763 4046
3764 4851
3765 4966
3766 4456
3767 4670
3768 4635
3769 4663
3770 3604
3771 4405
3772 4886
3773 4819
3774 4968
3775 4402
3776 4813
3777 3677
3778 3778
3779 4993
3780 2042
3781 3781
3782 2035 2521
3783 4962
3784 4909
3785 3785
3786 2753
3787 3787
3788 4745
3789 4956
3790 3787
3791 4892
3792 4906
3793 3753 4961
3794 4214
3795 4987
3796 4299
3797 4504
3798 3798
3799 4779
3800 3800
3801 3632
3802 1860
3803 4908
3804 4715
3805 4988 4994
3806 4193
3807 4907
3808 4442
3809 4998
3810 4953
3811 4980
3812 4282
3813 4988
3814 4612 4661
3815 3800
3816 3816
3817 4993
3818 4745
3819 4092
3820 4941
3821 4166
3822 4873
3823 4995
3824 4723
3825 4924
3826 4936
3827 4779
3828 4841
3829 4929
3830 4984
3831 3902 4047
3832 4858
3833 3353
3834 4903
3835 2912 3223 4855
3836 3836
3837 4540
3838 4619
3839 4678
3840 4685
3841 4671
3842 4958
3843 4143
3844 4342
3845 4678
3846 4892
3847 3616
3848 4658
3849 2915
3850 4635
3851 4957
3852 2035
3853 4637
3854 4504
3855 1800 2896
3856 4987
3857 1669
3858 2414 2582 4046 4214 4349 4723 4873
3859 2963
3860 4925
3861 4612
3862 4559
3863 3742
3864 4378 4962
3865 4906
3866 2582
3867 4815
3868 4554
3869 4710
3870 4892
3871 4267 4879
3872 4982
3873 3158 3458 4233
3874 4906
3875 4330
3876 5000
3877 4984
3878 4990
3879 4962
3880 2381
3881 3881
3882 4983
3883 4829
3884 3884
3885 4988
3886 4853
3887 3887
3888 4934
3889 4966
3890 3695
3891 4042 4932
3892 4892
3893 4894
3894 4721 4911
3895 4949
3896 4665
3897 3897
3898 3800
3899 4624
3900 4728
3901 3901
3902 3902 4047
3903 3902 4047
3904 4892
3905 4715
3906 4828
3907 3907
3908 4663
3909 4982
3910 2176 4619 4710
3911 4953
3912 3440
3913 4476 4988
3914 4851
3915 3901
3916 4841
3917 3887 4715 4993
3918 3231 3695
3919 3919
3920 4909
3921 3583
3922 3922
3923 4956
3924 4855
3925 4994
3926 4979
3927 4685
3928 4827
3929 4771
3930 4977
3931 4432
3932 4827
3933 3213 4456 4504
3934 3205 3934
3935 4316
3936 4936
3937 4751
3938 4542
3939 4958
3940 4983
3941 4873
3942 3942
3943 4324
3944 4996
3945 4967
3946 4963
3947 4642
3948 4966
3949 3114
3950 3881
3951 4974
3952 3127 3671 4042 4442
3953 3953
3954 4067
3955 4905
3956 4628
3957 4805
3958 3678
3959 4316
3960 4983
3961 3961
3962 4665
3963 4751
3964 4963
3965 4873
3966 4902
3967 4971
3968 4858
3969 4967
3970 3970
3971 4958
3972 4908
3973 3973
3974 4476
3975 4995
3976 4665
3977 2042 3353 3977 4451
3978 3678
3979 4933 4956
3980 4792
3981 4112
3982 4967
3983 4612
3984 4193
3985 4176
3986 3986
3987 3987
3988 4967
3989 4608
3990 4092
3991 4438
3992 4316 4909 4984
3993 4829
3994 4851
3995 4125
3996 4670
3997 4929
3998 4692
3999 4282
4000 2669
4001 1800 2381 4424 4633
4002 4718
4003 3685
4004 4903
4005 4005
4006 4817
4007 4723
4008 4432
4009 4945
4010 4929
4011 4886
4012 4425
4013 4672
4014 4143
4015 4624
4016 4263
4017 4017
4018 4934
4019 3902 4047
4020 4718
4021 4267
4022 4527
4023 4656
4024 4256
4025 2734
4026 2734 4905 4941
4027 4871
4028 4738
4029 4797
4030 4030
4031 4125
4032 4853
4033 4934
4034 3045
4035 4649
4036 4046
4037 4125
4038 4968
4039 4919
4040 4854
4041 4983
4042 4042
4043 4619
4044 4044
4045 4045
4046 4046
4047 3902 4047
4048 4996
4049 4656
4050 3677
4051 4624
4052 4052
4053 4845
4054 4319
4055 3884
4056 4628
4057 4829
4058 3045
4059 4330
4060 2767 4341 4957
4061 2193
4062 4908
4063 4845
4064 4030
4065 4815
4066 3953
4067 4067
4068 4601
4069 4990
4070 3664
4071 4637
4072 4975
4073 4451
4074 4637
4075 4982
4076 3953 4624 4633 4941
4077 4077
4078 4078
4079 4873
4080 3902 4047
4081 3986
4082 4082
4083 2583 3778 4723
4084 4908
4085 4792
4086 2912
4087 3034
4088 4592
4089 4412
4090 4905
4091 4077 4542 4710
4092 4092
4093 4833
4094 4982
4095 3276
4096 4271
4097 4994
4098 4678
4099 4342 4601 4967 4978
4100 4990
4101 4101
4102 4077
4103 3781
4104 3421
4105 4105
4106 4106
4107 4107
4108 4887
4109 4994
4110 2358 4005 4441
4111 4017
4112 4112
4113 4592
4114 4715
4115 3986
4116 4635
4117 4107
4118 4412
4119 4879
4120 4887
4121 4841
4122 4478
4123 4672
4124 4124
4125 4125
4126 4995
4127 4894
4128 4919
4129 4958
4130 4319
4131 4984
4132 4634
4133 4688
4134 3671
4135 2839
4136 4990
4137 3778
4138 4988
4139 3158
4140 4688
4141 4936
4142 4854
4143 4143
4144 2035 3356 3627 4585
4145 1334
4146 4044 4233 4833 4984
4147 4338
4148 4045
4149 4907
4150 4779
4151 4940
4152 4422
4153 4153
4154 4665
4155 4105 4637 4933 4994
4156 4998
4157 2193 4642 4977
4158 3787
4159 4771
4160 4829
4161 4540
4162 4934
4163 4341
4164 4808
4165 4738
4166 4166
4167 4983
4168 4949
4169 3836
4170 4844
4171 4732
4172 4612
4173 4299
4174 3145
4175 3583 3753 4967
4176 4176
4177 4411
4178 4980
4179 4817
4180 4438
4181 4903
4182 4672
4183 4504
4184 4184
4185 4902
4186 4910
4187 4827
4188 4624
4189 4721
4190 4966
4191 4710
4192 4052
4193 4193
4194 4996
4195 4757
4196 4316
4197 4998
4198 4974
4199 4854
4200 4844
4201 4665
4202 4961
4203 4996
4204 4722
4205 4105
4206 4936
4207 4857
4208 4042
4209 557 4619 4977
4210 4438
4211 4619
4212 4893
4213 4977
4214 4214
4215 4267
4216 4671
4217 4966
4218 4851
4219 4193
4220 4991
4221 4975
4222 4949
4223 4951
4224 4665
4225 4871
4226 4372
4227 4722
4228 4411
4229 4577
4230 3615 4124 4813
4231 3615 3787 4412 4559 4963
4232 4082
4233 678 4233
4234 4952
4235 4559
4236 4853
4237 2912 3458 4319 4984
4238 2358
4239 4601
4240 4925
4241 3970
4242 3902 4047
4243 4723
4244 4244
4245 4933
4246 4372
4247 3753
4248 557 2912
4249 4908
4250 4233 4988
4251 4792
4252 3753 4710 4974 4983 4996
4253 4710
4254 4723
4255 2767 3901 4255 4919
4256 4256
4257 3798 4184 4342 4911 4966
4258 3953 4412 4817 4932 4936
4259 3902 4047
4260 4958
4261 4723 4908 4963 4984 4991
4262 4972
4263 4263
4264 4817
4265 4828
4266 4271 4637 4871 4909 4951
4267 4267
4268 3159
4269 4829
4270 4624
4271 4271
4272 1860
4273 4476
4274 4871
4275 4907
4276 4608 4692 4932 4940
4277 4905
4278 4977
4279 4267
4280 4844
4281 3440 4504 4559 4688 4905
4282 4282
4283 4319
4284 4671
4285 2734
4286 4817
4287 3643
4288 4432
4289 4902
4290 4642
4291 3632 4105 4671 4692 4933
4292 4994
4293 4718
4294 3907
4295 4540
4296 4661
4297 4827
4298 3304
4299 4299
4300 4844
4301 4972
4302 4980
4303 4256
4304 4968
4305 2669 3081 4082 4671 4929 4972
4306 4971
4307 4670
4308 4424
4309 4961
4310 4438
4311 4282
4312 4952
4313 3785 4559 4661 4738 4876 4957
4314 1334 1860 4338 4903 4906 4972
4315 4792
4316 4316
4317 4619
4318 4994
4319 4319
4320 2991
4321 4143
4322 4929
4323 4987
4324 4324
4325 2035 3127 3481 4779 4905 4991
4326 4995
4327 3114 3778 4855 4893 4941
4328 4968
4329 4991
4330 4330
4331 4990
4332 4988
4333 4982
4334 4908
4335 4925
4336 4876
4337 4411
4338 4338
4339 4956
4340 4833
4341 4341
4342 4342
4343 4975
4344 4688
4345 4412
4346 4282
4347 4738
4348 4412 4873
4349 4349
4350 4271
4351 3579 3644 4722 4827 4906
4352 4671
4353 4349
4354 4828
4355 4858
4356 4887
4357 4966
4358 3458 3798 3901 4299 4466 4853 4956
4359 4112
4360 4819
4361 4855
4362 4519
4363 4710
4364 4591
4365 4833
4366 4924
4367 4819
4368 3695 4107 4263 4661 4936 4977
4369 3393
4370 4665
4371 2915 3615 4077 4978
4372 4372
4373 4829
4374 3145 4833 4893 4903 4906
4375 4854
4376 2688
4377 4925
4378 4378
4379 4978
4380 4585
4381 4271 4422 4649 4961 4968
4382 4106
4383 4771
4384 4949
4385 4341
4386 4978
4387 4982
4388 4990
4389 3231 4299 4829 4909 4945 4975
4390 4817
4391 4671
4392 4876
4393 4922
4394 4728
4395 4907
4396 4886
4397 4397
4398 4634
4399 4519
4400 4828
4401 4710
4402 4402
4403 4963
4404 4910
4405 4405
4406 4406
4407 4892
4408 2786 4408
4409 3752
4410 4692
4411 4411
4412 4412
4413 4963
4414 4414
4415 4995
4416 4601
4417 2569 4044 4519 4828 4887 4892 4998
4418 4844
4419 4402
4420 3275 3919 3970 4078 4438 4661 4980
4421 4738
4422 4422
4423 4738
4424 4424
4425 4425
4426 3942 3987 4101 4628 4974 4987
4427 3481
4428 4665
4429 4540
4430 4723
4431 3114 4214 4341 4721 4805 4951 4963
4432 4432
4433 4845
4434 2193
4435 4671
4436 4637
4437 4829
4438 4438
4439 3986
4440 4688
4441 4441
4442 4442
4443 4934
4444 4444
4445 4978
4446 4466
4447 2767 4316 4441 4661 4873 4906
4448 4330 4585 4833 4907 4933
4449 1409 3685 4143 4911 4919 4967 4982 4998
4450 4751
4451 4451
4452 4940
4453 4577
4454 4817
4455 4906
4456 4456
4457 4975
4458 4577
4459 4710
4460 4263
4461 4779
4462 4665
4463 4779
4464 4422
4465 4929
4466 4466
4467 4844
4468 4973
4469 4978
4470 4987
4471 4953
4472 3785
4473 4919
4474 4833
4475 4958
4476 4476
4477 4993
4478 4478
4479 4402
4480 4982
4481 4045
4482 4988
4483 4153
4484 4792
4485 4978
4486 4994
4487 4797
4488 4819
4489 4988
4490 4637
4491 4909
4492 4797
4493 4527
4494 4628
4495 4044 4125 4672 4929 4974 4975
4496 4685
4497 2895 4497
4498 2688 3223 4330 4422 4642 4670 4949
4499 4504
4500 4851
4501 4405
4502 4672
4503 4988
4504 4504
4505 4919
4506 4721
4507 4193
4508 4902
4509 4998
4510 4998
4511 4879
4512 4996
4513 4892
4514 4466
4515 4932
4516 4958
4517 4854
4518 4841
4519 4519
4520 4637
4521 4851
4522 1409
4523 4984
4524 4504
4525 4525
4526 2715 3970 4267 4319 4424 4441 4903
4527 4527
4528 4998
4529 4624
4530 4829
4531 3508
4532 4975
4533 3353 3836 4067 4827 4857 4893
4534 4994
4535 4871
4536 4871
4537 4624
4538 4732
4539 4456
4540 4540
4541 4414
4542 4542
4543 1327 3644 3986 4854 4922 4957 4972
4544 4994
4545 3919 4405 4833 4873 4909 4936
4546 4905
4547 4967
4548 4966
4549 3297 4519 4886 4903
4550 4996
4551 3961
4552 4797
4553 4671
4554 4554
4555 3907
4556 4919
4557 4841
4558 4745
4559 4559
4560 4779
4561 4929
4562 4886
4563 4721
4564 4961
4565 4815
4566 4886
4567 4718
4568 4845
4569 4873
4570 2582 3678 4342 4925 4966 4974 4977
4571 4101
4572 4554
4573 4723
4574 4949
4575 2688 3207 3231 4710 4977 4990
4576 4591
4577 4577
4578 4857
4579 4829
4580 4844
4581 4892
4582 4968
4583 3787
4584 4934
4585 4585
4586 4841
4587 4982
4588 3798
4589 4585
4590 4424
4591 4591
4592 4592
4593 4995
4594 4853
4595 4911
4596 4738
4597 4983
4598 4972
4599 4718
4600 4672 4857 4906 4940 4958 4967 4994
4601 4601
4602 4670
4603 4956
4604 4910
4605 4892
4606 4956
4607 4845
4608 4608
4609 2715 4424 4635 4808 4903 4949 4966
4610 4722
4611 4592 4715 4851 4908 4991 4994
4612 4612
4613 4983
4614 4422
4615 4723
4616 4886
4617 4996
4618 4988
4619 4619
4620 4933
4621 4941
4622 4951
4623 4903
4624 4624
4625 4941
4626 4082
4627 4910
4628 4628
4629 2993 3632 4143 4559 4577 4728 4967
4630 4953
4631 4974
4632 1860
4633 4633
4634 4634
4635 4635
4636 4656
4637 4637
4638 4991
4639 4953
4640 4819
4641 4710
4642 4125 4642
4643 3356 3671 4078 4855 4961 4983
4644 4718
4645 4963
4646 4908
4647 2350 3977 4184 4330 4649 4993
4648 4910
4649 4649
4650 5000
4651 4700
4652 4751
4653 5000
4654 4671
4655 3778 3836 4397 4592 4700 4971
4656 4656
4657 4983
4658 4658
4659 4893
4660 4771
4661 4661
4662 4299
4663 4067 4663
4664 4978
4665 4665
4666 4929
4667 4924
4668 4757
4669 4929
4670 4670
4671 4671
4672 4672
4673 3778 3897 4844 4922 4958 4963 4996
4674 4945
4675 4906
4676 4833
4677 4983
4678 4678
4679 4966
4680 3451 3897 4612 4637 4678 4984
4681 4732
4682 4873
4683 4808
4684 3145 3816 4815 4817 4828 4933 4978
4685 4685
4686 4244
4687 4945
4688 4688
4689 5000
4690 4815
4691 2381 2993 4341 4451 4619 4873 4933
4692 4692
4693 4961
4694 4971
4695 4975
4696 4958
4697 3393 3942 4101 4378 4892 4962 4998
4698 2492 4124 4671 4871 4909 4951 4957
4699 4982
4700 4700
4701 4979
4702 4919
4703 4936
4704 4829
4705 4808
4706 2683 3329 3664 4422 4833 4906 4978
4707 4857
4708 4153 4608 4612 4671 4829 4945
4709 4854
4710 4710
4711 2193 4045 4815 4956 4993
4712 4957
4713 3329 3627 3678 4330 4519 4624 4893
4714 3356 3836 3881 4907 4974
4715 4715
4716 4125 4349 4635 4710 4962 4972
4717 4678
4718 4718
4719 4993
4720 4924
4721 4721
4722 4722
4723 4723
4724 2688 3919 3934 4153 4338 4932
4725 4951
4726 4940
4727 4876
4728 4728
4729 4854
4730 4929
4731 4871
4732 4732
4733 4956
4734 5000
4735 4975
4736 3649 4263 4649 4656 4792 4855 4971
4737 4990
4738 4738
4739 4833
4740 1367 4143 4451 4671 4718 4961 4982
4741 4973
4742 4919
4743 4961
4744 4940
4745 4745
4746 4855
4747 4910
4748 4827
4749 4956
4750 4902
4751 4751
4752 4968
4753 4601
4754 4953
4755 4977
4756 4858
4757 4757
4758 2675 3276 4214 4540 4911 4924 4982
4759 4932
4760 4827
4761 4984
4762 2565 4987
4763 4919
4764 4902
4765 4975
4766 4879
4767 4857
4768 4906
4769 4903
4770 4949
4771 4771
4772 4678
4773 3781 4601 4658 4661 4876 4906 4974
4774 4949
4775 4886
4776 4661
4777 4973
4778 4957
4779 4779
4780 4961
4781 3614 3887 3897 4661 4909 4911
4782 4991
4783 4902
4784 4432 4656 4771 4833 4971 4984
4785 4998
4786 4827
4787 4854
4788 3671 3884 4372 4444 4665 4857 4906
4789 4910
4790 4906
4791 4829
4792 4792
4793 4910
4794 4634
4795 4910
4796 4980
4797 4797
4798 4871
4799 4813
4800 4905
4801 3901 4101 4402 4442 4983 4995
4802 4745
4803 4966
4804 4903
4805 4805
4806 4808
4807 4973
4808 4808
4809 4030 4107 4642 4718 4721 4961 4991
4810 3919 4414 4649 4819 4911 4941
4811 4833
4812 4984
4813 4813
4814 5000
4815 4815
4816 4894
4817 4817
4818 4854
4819 4819
4820 4990
4821 4845
4822 4649
4823 4968
4824 4873
4825 2903 3615 4525 4635 4929 4978 4983
4826 4936
4827 4827
4828 4828
4829 4829
4830 4906
4831 4953
4832 4983
4833 4833
4834 4998
4835 4980
4836 4952
4837 4941
4838 4905
4839 4936
4840 4951
4841 4841
4842 4886
4843 4907
4844 4844
4845 4845
4846 4971
4847 3615 4815 4828 4945 4961 4968 4977
4848 4996
4849 4949
4850 1800 2767 3901 3922 3970 4476 5000
4851 4851
4852 4757
4853 4853
4854 4854
4855 4855
4856 2688 3644 4263 4805 4905 4983 4984
4857 4857
4858 4858
4859 4996
4860 3451 4829 4845 4908 4911 4940 4975
4861 4932
4862 2839 4184 4256 4911 4922 4978
4863 4968
4864 4963
4865 4993
4866 2176 2358 3787 4078 4688 4829 4956
4867 4911
4868 4967
4869 4979
4870 4692
4871 4871
4872 4933
4873 4873
4874 4922
4875 2035 3627 3942 4873 4922 4924 4966
4876 4876
4877 5000
4878 4282 4634 4642 4797 4963 4974
4879 4879
4880 4961
4881 2565 4519 4692 4792 4892 4952 4962
4882 4972
4883 3644 4661 4797 4951 4967 4968 4998
4884 2363 4244 4282 4478 4855 4929
4885 4967
4886 4886
4887 4887
4888 4993
4889 5000
4890 3649 3695 4282 4542 4663 4710 4973
4891 4886
4892 4892
4893 4893
4894 4894
4895 4971
4896 4933
4897 1860 2634 4422 4585 4797 4827 4953
4898 1860 3970 4106 4466 4873 4936 4973
4899 4953
4900 4972
4901 4995
4902 4902
4903 4903
4904 4984
4905 4905
4906 4906
4907 4907
4908 4908
4909 4909
4910 4910
4911 4911
4912 5000
4913 4893
4914 4952
4915 4892
4916 4968
4917 4932
4918 4962
4919 4919
4920 4990
4921 1565 2895 4330 4635 4718 4925 4980
4922 4922
4923 3621 3664 4267 4444 4678 4721 4963
4924 4924
4925 4925
4926 4988
4927 4893
4928 4972
4929 4929
4930 2152 2669 4710 4721 4732 4876 4984
4931 4975
4932 4932
4933 4933
4934 4934
4935 4963
4936 4936
4937 4184 4341 4805 4940 4958 4962 4971
4938 3616 4193 4267 4397 4745 4958 4991
4939 2313 2963 3695 4046 4813 4919 4977
4940 4940
4941 4941
4942 1800 2734 4661 4879 4910 4936 4968 4998
4943 4994
4944 4974
4945 4945
4946 3393 4678 4685 4828 4853 4892 4925
4947 5000
4948 4978
4949 4949
4950 4967
4951 4951
4952 4952
4953 4953
4954 4414 4442 4779 4813 4815 4903 4974
4955 4973
4956 4956
4957 4957
4958 4958
4959 4940
4960 4978
4961 4961
4962 4962
4963 4963
4964 4967
4965 3159 4406 4663 4844 4879 4907 4925 4998
4966 4966
4967 4967
4968 4968
4969 3643 4105 4244 4910 4941 4956 4980
4970 4977
4971 4971
4972 4972
4973 4973
4974 4974
4975 4975
4976 4995
4977 4977
4978 4978
4979 4979
4980 4980
4981 4998
4982 4982
4983 4983
4984 4984
4985 4082 4153 4397 4721 4979 4994 4998
4986 3902 4233 4476 4642 4853 4879
4987 4987
4988 4988
4989 2358 4046 4255 4619 4672 4815 4892
4990 4990
4991 4991
4992 4998
4993 4993
4994 4994
4995 4995
4996 4996
4997 4193 4527 4671 4771 4805 4857 4887
4998 4998
4999 2786 3205 3641 4432 4608 4722
5000 5000
