1	30 62 67 111 112 150 
2	141 
3	11 16 21 61 76 116 
4	100 
5	37 
6	26 
7	15 30 53 59 61 117 
8	31 
9	63 
10	41 
11	88 
12	137 
13	30 
14	33 
15	14 
16	2 
17	98 
18	74 
19	49 
20	52 103 116 126 131 139 
21	80 
22	115 
23	155 
24	38 
25	47 
26	64 
27	44 
28	126 
29	2 16 56 69 85 106 
30	146 
31	63 
32	79 
33	123 
34	8 16 38 79 116 151 
35	11 
36	32 
37	46 
38	121 
39	16 
40	34 
41	73 
42	19 
43	32 
44	6 
45	46 
46	44 
47	81 
48	127 
49	145 
50	11 
51	14 
52	80 
53	62 
54	60 
55	35 
56	60 
57	93 
58	104 
59	44 
60	13 30 38 71 79 123 
61	61 
62	17 
63	27 
64	149 
65	92 
66	29 
67	51 
68	131 
69	125 
70	48 
71	30 
72	9 
73	129 
74	31 
75	46 
76	10 
77	142 
78	53 69 78 89 131 152 
79	54 
80	149 
81	15 
82	114 
83	12 39 50 123 126 140 
84	122 
85	127 
86	103 
87	79 
88	57 
89	26 
90	19 
91	121 
92	138 
93	11 
94	131 
95	154 
96	151 
97	61 
98	65 
99	119 
100	68 
101	139 
102	112 
103	80 
104	99 
105	155 
106	83 
107	146 
108	147 
109	38 
110	154 
111	17 
112	109 
113	115 
114	150 
115	38 
116	141 
117	20 52 89 103 149 150 
118	142 
119	44 
120	12 
121	129 
122	98 
123	150 
124	36 
125	45 
126	32 
127	136 
128	90 
129	80 
130	6 
131	46 
132	142 
133	93 
134	136 
135	154 
136	112 
137	38 
138	22 
139	129 
140	133 
141	112 
142	57 
143	36 37 46 55 65 141 
144	88 
145	82 
146	16 
147	41 
148	150 
149	143 
150	114 
151	109 
152	64 
153	10 
154	38 70 130 131 140 147 
155	79 
156	96 
157	105 
158	128 
159	104 
160	2 
161	76 
162	52 
163	13 46 55 95 96 123 
164	15 
165	46 
166	132 
167	3 15 71 83 84 115 
168	54 
169	61 
170	113 
171	108 
172	14 80 99 103 122 142 
173	139 
174	141 
175	79 
176	150 
177	32 
178	76 
179	92 
180	48 
181	27 59 60 140 146 155 
182	125 
183	145 
184	82 
185	14 19 62 88 125 126 
186	132 
187	93 
188	63 
189	118 
190	4 21 32 95 129 150 
191	117 
192	124 
193	80 
194	131 
195	87 
196	15 30 39 84 107 154 
197	78 
198	13 
199	31 
200	18 
201	150 
202	120 
203	48 
204	115 
205	84 
206	53 
207	9 21 83 88 110 142 
208	34 
209	16 19 63 91 121 126 
210	140 
211	12 
212	103 
213	123 
214	33 
215	3 
216	141 
217	21 
218	109 
219	140 
220	19 69 84 90 136 141 
221	103 
222	18 
223	45 
224	123 
225	147 
226	143 
227	34 
228	89 
229	17 71 107 110 137 147 
230	115 
231	13 38 52 74 92 141 
232	43 
233	116 
234	84 
235	26 
236	49 
237	43 
238	67 
239	80 
240	19 
241	126 
242	150 
243	43 45 55 61 81 145 
244	54 
245	10 
246	85 
247	16 21 23 72 84 131 
248	154 
249	103 
250	9 
251	122 
252	151 
253	139 
254	55 80 88 89 107 118 
255	30 
256	126 
257	68 
258	88 
259	136 
260	115 
261	85 
262	13 
263	145 
264	154 
265	64 
266	96 
267	17 
268	33 
269	129 
270	112 
271	110 
272	121 
273	85 
274	81 
275	34 
276	72 
277	30 
278	103 
279	44 
280	73 
281	36 
282	36 41 44 85 123 141 
283	61 
284	86 
285	128 
286	65 
287	57 
288	17 
289	142 
290	80 
291	58 66 112 130 134 136 
292	38 44 83 115 131 142 
293	45 
294	15 70 75 105 132 142 
295	29 54 56 88 106 118 
296	141 
297	64 
298	83 
299	57 60 80 129 138 141 
300	13 30 53 82 123 154 
301	82 
302	17 
303	110 
304	88 
305	30 
306	63 
307	154 
308	63 
309	121 
310	115 
311	13 31 102 112 147 151 
312	2 21 66 75 117 130 
313	9 32 43 58 101 129 
314	15 64 66 84 105 121 
315	52 
316	40 
317	150 
318	6 
319	89 
320	138 
321	20 
322	50 
323	75 
324	51 
325	65 
326	81 83 84 107 125 141 
327	126 
328	11 
329	107 
330	155 
331	38 
332	130 
333	3 
334	32 36 45 79 142 154 
335	49 
336	16 53 58 59 89 126 
337	105 
338	13 
339	86 
340	154 
341	152 
342	129 
343	118 
344	145 
345	71 
346	69 
347	81 
348	106 
349	86 
350	71 
351	15 
352	107 
353	25 
354	20 
355	63 
356	79 
357	121 
358	60 
359	90 
360	63 
361	110 
362	12 
363	121 
364	97 
365	32 
366	111 
367	131 
368	46 
369	43 
370	53 
371	82 
372	152 
373	88 
374	56 105 117 118 121 137 
375	83 
376	39 
377	15 
378	31 101 110 125 126 147 
379	72 
380	28 41 55 107 123 153 
381	51 77 80 106 131 139 
382	107 
383	110 
384	58 
385	32 
386	18 
387	15 
388	46 
389	149 
390	28 
391	33 
392	75 
393	9 11 55 127 136 146 
394	1 52 56 78 95 136 
395	1 28 74 80 95 133 
396	30 
397	77 
398	20 
399	125 
400	14 
401	37 
402	76 
403	43 
404	27 
405	71 
406	30 
407	70 
408	133 
409	90 
410	98 
411	2 
412	116 
413	82 
414	105 
415	81 
416	61 
417	27 
418	29 
419	63 
420	14 33 58 80 108 141 
421	48 
422	10 
423	53 
424	115 
425	14 27 62 72 107 137 
426	85 
427	150 
428	21 
429	41 
430	32 
431	127 
432	76 
433	38 65 71 107 136 155 
434	16 20 68 76 107 116 
435	56 80 86 106 122 155 
436	13 20 31 53 71 94 
437	123 
438	7 
439	89 
440	88 118 121 132 148 155 
441	85 
442	19 38 62 77 102 112 
443	40 43 68 72 137 139 
444	21 31 58 106 113 116 
445	42 
446	130 
447	13 61 115 119 134 149 
448	85 
449	141 
450	128 
451	106 
452	2 
453	57 81 97 101 125 147 
454	106 
455	69 
456	136 
457	106 
458	103 
459	17 
460	78 
461	133 
462	51 81 87 98 101 126 
463	13 
464	38 
465	98 
466	51 
467	57 
468	136 
469	3 5 31 91 129 141 
470	5 
471	63 
472	50 
473	7 
474	69 
475	102 
476	15 
477	43 
478	60 
479	80 
480	121 
481	15 
482	68 
483	70 
484	84 
485	46 49 57 102 107 126 
486	39 
487	137 
488	33 
489	101 
490	17 
491	59 
492	2 44 71 98 100 114 
493	107 
494	80 
495	109 
496	82 
497	68 
498	31 49 76 116 141 146 
499	69 
500	17 45 68 70 103 146 
501	112 
502	84 
503	152 
504	56 
505	113 
506	79 
507	50 
508	63 
509	141 
510	41 
511	126 
512	35 
513	17 
514	30 
515	142 
516	131 
517	14 
518	49 64 69 73 81 109 
519	139 
520	106 
521	59 
522	93 
523	72 
524	7 
525	150 
526	76 
527	73 84 92 95 96 104 
528	56 
529	32 
530	21 
531	38 
532	53 
533	125 
534	136 
535	104 
536	56 
537	83 
538	98 
539	28 
540	102 
541	141 
542	84 
543	25 
544	139 
545	35 
546	118 
547	60 
548	12 
549	97 
550	122 
551	123 
552	15 26 103 108 136 145 
553	136 
554	138 
555	16 
556	84 86 95 103 115 137 
557	21 
558	102 
559	107 
560	70 
561	120 
562	93 
563	11 
564	139 
565	72 
566	126 
567	72 
568	32 
569	30 
570	114 
571	82 
572	151 
573	39 58 72 115 139 152 
574	108 
575	97 
576	22 
577	71 
578	129 
579	51 
580	33 38 46 64 123 126 
581	6 22 45 47 104 131 
582	108 
583	117 
584	71 
585	131 
586	13 18 48 68 69 84 
587	65 
588	125 
589	34 
590	97 
591	78 
592	21 
593	151 
594	45 
595	29 30 39 41 53 90 
596	121 
597	130 
598	7 80 81 89 123 139 
599	53 
600	13 16 41 47 64 92 
601	34 
602	75 
603	64 
604	54 
605	102 
606	4 
607	32 
608	55 
609	72 
610	23 
611	30 
612	18 
613	21 
614	50 122 124 129 141 147 
615	109 
616	17 
617	61 
618	12 
619	41 
620	23 28 64 102 136 142 
621	8 
622	81 
623	76 
624	152 
625	5 
626	106 
627	62 
628	17 
629	56 
630	105 
631	25 
632	58 
633	80 
634	15 46 93 121 141 150 
635	63 
636	17 
637	90 
638	29 
639	109 
640	50 
641	66 
642	85 
643	38 47 78 104 115 126 
644	85 
645	40 57 90 115 121 140 
646	61 
647	111 
648	50 
649	122 
650	110 
651	104 
652	40 
653	145 
654	151 
655	61 
656	117 
657	142 
658	44 
659	50 
660	110 
661	1 
662	71 
663	34 
664	6 
665	140 
666	92 
667	53 
668	38 
669	2 
670	115 
671	142 
672	37 
673	85 
674	129 
675	75 
676	24 
677	110 
678	45 50 53 58 78 114 
679	148 
680	137 
681	110 
682	147 
683	72 
684	137 
685	53 
686	50 
687	78 
688	42 
689	76 
690	10 46 90 106 121 136 
691	31 
692	144 
693	116 
694	16 
695	136 
696	107 
697	51 55 61 74 105 125 
698	152 
699	140 
700	38 
701	138 
702	81 
703	116 
704	49 
705	138 
706	38 
707	35 
708	68 
709	63 
710	105 
711	91 
712	37 
713	71 
714	132 
715	55 
716	33 
717	85 
718	14 34 41 60 112 141 
719	4 9 38 49 60 117 
720	24 
721	24 34 49 85 125 139 
722	38 
723	19 
724	6 
725	9 40 69 101 117 151 
726	154 
727	113 115 125 140 145 151 
728	19 
729	59 
730	61 
731	18 
732	12 50 82 103 132 150 
733	53 
734	140 
735	16 
736	97 
737	155 
738	105 
739	126 
740	41 
741	139 
742	11 
743	66 
744	76 
745	23 
746	41 
747	121 
748	112 
749	141 
750	15 
751	70 
752	76 
753	19 49 58 108 117 125 
754	147 
755	37 
756	92 
757	110 
758	35 
759	127 
760	13 
761	140 
762	50 
763	105 
764	68 
765	137 
766	31 
767	77 
768	14 34 49 114 124 136 
769	69 
770	84 
771	91 
772	35 
773	32 36 44 56 58 143 
774	52 
775	63 
776	41 
777	146 
778	18 
779	69 
780	39 
781	13 
782	93 
783	71 
784	122 
785	116 
786	118 
787	34 85 103 105 121 142 
788	28 30 45 66 106 150 
789	70 
790	141 
791	142 
792	35 
793	69 
794	134 
795	145 
796	150 
797	19 
798	46 
799	45 
800	3 7 15 83 123 146 
801	14 43 58 110 126 141 
802	134 
803	82 
804	34 
805	75 
806	87 
807	13 
808	105 
809	30 
810	118 
811	70 
812	129 
813	21 82 92 139 149 150 
814	18 30 51 85 136 139 
815	114 
816	72 
817	40 
818	33 
819	7 
820	103 
821	9 
822	95 
823	88 
824	18 38 54 99 146 151 
825	102 
826	17 24 28 49 107 131 
827	133 
828	84 
829	155 
830	138 
831	94 
832	153 
833	90 
834	80 
835	129 
836	112 
837	118 
838	64 
839	3 
840	129 
841	108 
842	71 
843	33 
844	88 
845	101 
846	110 
847	46 
848	43 
849	61 
850	134 
851	104 
852	32 
853	38 
854	41 
855	120 
856	14 18 37 62 88 129 
857	104 
858	28 38 43 55 71 93 
859	142 
860	21 
861	39 
862	58 
863	112 
864	90 
865	41 
866	154 
867	125 
868	7 
869	68 
870	60 
871	103 
872	112 
873	116 
874	136 
875	131 
876	17 
877	38 
878	138 
879	68 
880	74 
881	22 59 66 122 131 139 
882	24 
883	15 
884	97 
885	58 
886	34 
887	46 
888	72 
889	7 20 33 61 63 136 
890	71 
891	74 
892	122 
893	38 
894	142 
895	61 
896	55 
897	107 
898	89 
899	19 
900	116 
901	147 
902	114 
903	14 
904	120 
905	101 
906	123 
907	38 
908	92 
909	34 
910	45 51 80 82 131 149 
911	45 
912	149 
913	32 
914	53 
915	139 
916	151 
917	5 
918	69 
919	66 84 87 95 105 142 
920	151 
921	41 
922	72 
923	1 
924	1 7 45 72 110 129 
925	84 
926	119 
927	34 
928	85 
929	82 
930	30 
931	6 
932	50 
933	31 
934	4 14 23 79 103 135 
935	49 
936	59 
937	14 
938	154 
939	131 
940	50 
941	102 
942	32 
943	31 
944	108 
945	15 30 36 41 61 116 
946	66 
947	15 76 84 87 103 129 
948	107 
949	47 
950	21 43 83 85 107 146 
951	77 
952	65 
953	6 
954	80 
955	137 
956	60 
957	50 
958	7 
959	110 
960	21 
961	110 
962	41 
963	33 
964	141 
965	17 
966	146 
967	66 
968	25 
969	126 
970	72 
971	19 
972	31 
973	118 
974	61 
975	55 
976	17 
977	34 38 80 112 123 142 
978	115 
979	90 
980	137 
981	86 
982	31 
983	148 
984	4 47 59 66 137 150 
985	112 
986	97 
987	13 28 30 73 85 108 
988	119 
989	126 
990	139 
991	60 
992	131 
993	131 
994	29 
995	103 
996	88 
997	57 
998	30 
999	1 
1000	56 
1001	91 
1002	17 
1003	95 
1004	57 
1005	23 
1006	57 
1007	44 
1008	121 
1009	44 
1010	34 
1011	118 
1012	91 
1013	75 
1014	107 
1015	34 
1016	15 
1017	73 
1018	29 
1019	66 
1020	51 
1021	144 
1022	83 
1023	83 
1024	83 
1025	5 
1026	131 
1027	64 
1028	59 75 86 100 103 139 
1029	118 
1030	85 
1031	31 
1032	141 
1033	35 44 73 91 103 121 
1034	112 
1035	64 
1036	20 31 116 120 129 142 
1037	71 
1038	34 
1039	44 
1040	116 
1041	118 
1042	134 
1043	100 
1044	106 
1045	46 
1046	154 
1047	87 
1048	45 
1049	76 
1050	55 
1051	154 
1052	11 31 50 56 85 144 
1053	49 
1054	10 49 61 84 113 150 
1055	72 
1056	21 
1057	139 
1058	104 
1059	141 
1060	8 
1061	66 
1062	4 8 15 21 58 121 
1063	6 13 43 63 96 142 
1064	34 
1065	60 
1066	139 
1067	21 
1068	131 
1069	70 
1070	136 
1071	103 
1072	90 
1073	15 30 53 134 136 147 
1074	90 
1075	7 45 47 55 115 129 
1076	121 
1077	12 
1078	5 
1079	38 
1080	90 
1081	7 9 108 127 146 151 
1082	85 
1083	71 
1084	102 
1085	75 
1086	80 
1087	142 
1088	78 
1089	94 
1090	85 
1091	138 
1092	138 
1093	125 
1094	43 46 53 87 89 150 
1095	18 
1096	53 
1097	137 
1098	50 53 119 136 142 153 
1099	123 
1100	21 29 58 66 115 117 
1101	22 63 71 76 85 148 
1102	75 
1103	45 
1104	25 
1105	104 
1106	82 
1107	82 
1108	53 
1109	71 
1110	139 
1111	115 
1112	85 
1113	28 
1114	83 
1115	2 21 64 69 96 146 
1116	81 
1117	141 
1118	53 62 84 88 122 132 
1119	94 
1120	14 38 57 78 119 146 
1121	102 
1122	72 
1123	91 
1124	6 
1125	56 
1126	147 
1127	110 
1128	90 
1129	50 
1130	139 
1131	141 
1132	129 
1133	16 
1134	103 
1135	141 
1136	64 
1137	153 
1138	124 
1139	131 
1140	15 
1141	75 
1142	17 21 30 112 123 141 
1143	139 
1144	76 
1145	110 
1146	115 
1147	76 
1148	86 
1149	17 31 48 74 129 131 
1150	138 
1151	118 
1152	104 
1153	154 
1154	59 
1155	92 
1156	99 
1157	46 50 58 62 83 107 
1158	42 
1159	19 
1160	72 
1161	33 
1162	15 
1163	2 3 52 86 122 128 
1164	155 
1165	96 
1166	17 
1167	50 
1168	83 
1169	122 
1170	20 43 72 87 123 140 
1171	45 
1172	2 
1173	45 
1174	147 
1175	126 
1176	45 
1177	44 
1178	19 43 59 91 127 142 
1179	30 
1180	139 
1181	58 
1182	70 
1183	45 
1184	137 
1185	121 
1186	91 
1187	80 
1188	133 
1189	80 
1190	85 
1191	85 
1192	84 
1193	137 
1194	87 
1195	84 
1196	21 
1197	17 
1198	46 
1199	16 
1200	98 
1201	137 
1202	68 
1203	88 
1204	137 
1205	111 
1206	19 
1207	117 
1208	17 21 52 72 135 140 
1209	18 64 66 81 110 142 
1210	152 
1211	110 
1212	92 
1213	16 
1214	43 
1215	7 21 48 54 81 88 
1216	110 
1217	47 
1218	55 
1219	14 17 41 108 141 142 
1220	125 
1221	101 
1222	16 53 69 102 121 134 
1223	97 
1224	5 
1225	71 
1226	149 
1227	127 
1228	143 
1229	38 
1230	18 
1231	146 
1232	24 
1233	7 
1234	67 
1235	38 
1236	21 
1237	144 
1238	13 
1239	33 
1240	88 
1241	26 30 31 56 70 135 
1242	83 
1243	54 
1244	117 
1245	75 
1246	140 
1247	120 
1248	114 
1249	154 
1250	148 
1251	26 
1252	13 
1253	55 
1254	53 
1255	155 
1256	35 37 46 52 82 91 
1257	43 
1258	44 
1259	149 
1260	19 
1261	125 
1262	47 
1263	84 
1264	131 
1265	103 
1266	115 
1267	147 
1268	115 
1269	55 
1270	49 
1271	85 
1272	65 
1273	150 
1274	82 
1275	129 
1276	109 
1277	112 121 122 125 138 152 
1278	58 
1279	118 
1280	147 
1281	82 
1282	43 
1283	37 
1284	117 
1285	122 
1286	7 
1287	72 
1288	80 
1289	17 56 71 84 88 114 
1290	50 
1291	139 
1292	132 
1293	90 
1294	21 
1295	15 
1296	102 
1297	51 
1298	121 
1299	84 
1300	118 
1301	84 
1302	122 
1303	102 
1304	16 42 44 45 63 115 
1305	136 
1306	38 
1307	97 
1308	14 
1309	19 83 100 102 115 133 
1310	26 
1311	4 
1312	37 
1313	144 
1314	14 
1315	2 32 39 61 103 118 
1316	117 
1317	99 
1318	78 
1319	62 
1320	8 
1321	91 
1322	112 
1323	46 
1324	21 
1325	9 
1326	105 
1327	56 
1328	41 
1329	38 
1330	71 
1331	101 
1332	118 
1333	41 
1334	154 
1335	24 
1336	81 
1337	7 
1338	49 
1339	66 
1340	83 
1341	149 
1342	61 
1343	115 
1344	123 
1345	121 
1346	63 
1347	99 
1348	30 
1349	127 
1350	90 
1351	140 
1352	61 
1353	107 
1354	33 
1355	1 
1356	15 43 44 110 112 123 
1357	70 
1358	80 
1359	121 
1360	1 19 55 61 113 140 
1361	155 
1362	104 
1363	45 
1364	58 
1365	122 
1366	106 
1367	23 31 57 60 121 138 
1368	123 
1369	49 
1370	21 
1371	72 
1372	90 
1373	15 
1374	145 
1375	131 
1376	12 
1377	46 
1378	97 
1379	83 
1380	32 58 74 90 133 151 
1381	135 
1382	69 
1383	14 
1384	82 
1385	121 
1386	47 89 100 110 142 150 
1387	19 
1388	66 
1389	110 
1390	129 
1391	10 15 49 75 98 155 
1392	16 30 45 95 110 155 
1393	38 
1394	7 
1395	17 43 85 101 102 132 
1396	81 
1397	115 
1398	153 
1399	15 
1400	137 
1401	126 
1402	154 
1403	118 
1404	121 
1405	31 
1406	1 11 15 42 132 149 
1407	9 13 15 50 53 148 
1408	80 85 91 103 123 145 
1409	59 
1410	7 26 41 71 129 131 
1411	143 
1412	138 
1413	121 
1414	28 
1415	144 
1416	103 
1417	122 
1418	75 
1419	72 
1420	50 
1421	49 
1422	123 
1423	71 
1424	128 
1425	14 
1426	59 
1427	112 
1428	155 
1429	41 
1430	115 
1431	57 
1432	15 
1433	109 
1434	112 
1435	38 
1436	116 
1437	144 
1438	25 
1439	65 
1440	82 
1441	124 
1442	70 
1443	87 
1444	144 
1445	98 
1446	116 
1447	104 
1448	6 
1449	139 
1450	34 
1451	56 
1452	34 
1453	2 42 71 97 116 131 
1454	61 
1455	125 
1456	110 
1457	115 
1458	4 44 45 83 90 145 
1459	113 
1460	26 
1461	11 
1462	135 
1463	22 
1464	24 26 64 112 121 149 
1465	61 
1466	141 
1467	74 
1468	136 
1469	78 
1470	115 
1471	117 
1472	60 
1473	103 
1474	18 19 24 51 102 126 
1475	103 
1476	34 38 61 65 67 137 
1477	7 
1478	27 30 79 83 90 128 
1479	51 
1480	97 
1481	13 
1482	114 
1483	51 53 92 104 154 155 
1484	21 63 64 121 139 150 
1485	3 
1486	116 
1487	139 
1488	39 
1489	84 
1490	145 
1491	81 
1492	126 
1493	61 
1494	48 
1495	120 
1496	81 
1497	93 
1498	97 
1499	15 
1500	45 
1501	105 
1502	79 
1503	108 
1504	67 
1505	19 
1506	142 
1507	19 
1508	52 
1509	47 
1510	112 
1511	106 
1512	26 
1513	74 
1514	115 
1515	30 
1516	129 
1517	15 
1518	92 
1519	121 
1520	60 
1521	62 
1522	66 
1523	144 
1524	70 
1525	112 
1526	48 
1527	150 
1528	19 
1529	72 
1530	113 
1531	2 
1532	118 
1533	29 
1534	55 
1535	112 
1536	11 
1537	116 
1538	84 
1539	13 
1540	89 
1541	31 
1542	19 
1543	111 
1544	69 
1545	147 
1546	115 
1547	60 
1548	79 
1549	149 
1550	142 
1551	22 55 56 92 106 112 
1552	105 
1553	88 
1554	58 
1555	95 
1556	13 
1557	56 
1558	11 15 16 43 84 110 
1559	39 
1560	110 
1561	37 
1562	131 
1563	29 34 46 50 130 139 
1564	60 
1565	66 
1566	48 
1567	124 
1568	48 
1569	14 
1570	15 
1571	8 34 53 110 128 153 
1572	79 
1573	126 
1574	94 
1575	42 
1576	94 
1577	49 
1578	20 
1579	121 
1580	89 
1581	145 
1582	105 
1583	115 
1584	11 
1585	15 
1586	146 
1587	78 
1588	101 
1589	75 
1590	35 46 61 69 73 91 
1591	64 
1592	107 
1593	84 
1594	126 
1595	10 16 42 53 118 150 
1596	9 
1597	100 
1598	15 21 28 35 57 107 
1599	71 
1600	139 
1601	92 
1602	78 
1603	147 
1604	60 
1605	84 
1606	77 
1607	20 
1608	77 
1609	64 
1610	112 
1611	7 
1612	74 
1613	118 
1614	106 
1615	22 34 84 107 132 152 
1616	85 
1617	43 52 67 85 103 111 
1618	44 
1619	53 
1620	112 
1621	32 
1622	139 
1623	155 
1624	41 
1625	40 
1626	39 
1627	13 43 50 62 89 140 
1628	135 
1629	2 69 102 110 142 149 
1630	113 
1631	66 
1632	2 
1633	136 
1634	72 
1635	91 
1636	151 
1637	15 
1638	71 
1639	4 
1640	119 
1641	141 
1642	8 33 41 45 64 75 
1643	11 
1644	15 
1645	7 41 60 71 107 114 
1646	33 
1647	13 
1648	140 
1649	13 
1650	101 
1651	38 
1652	67 
1653	107 
1654	55 
1655	73 
1656	100 
1657	64 
1658	9 57 65 101 138 149 
1659	84 
1660	105 
1661	89 
1662	56 
1663	82 
1664	21 
1665	80 
1666	125 
1667	112 
1668	102 
1669	84 
1670	31 
1671	21 44 61 85 138 142 
1672	4 
1673	53 
1674	80 
1675	38 
1676	106 
1677	117 
1678	146 
1679	34 
1680	11 76 82 89 118 142 
1681	131 
1682	103 
1683	138 
1684	38 
1685	50 
1686	145 
1687	69 
1688	56 
1689	6 13 15 60 73 139 
1690	21 
1691	138 
1692	38 
1693	45 61 81 84 129 131 
1694	142 
1695	139 
1696	41 
1697	89 
1698	4 
1699	76 
1700	88 
1701	33 
1702	6 
1703	154 
1704	129 
1705	143 
1706	18 
1707	155 
1708	141 
1709	111 
1710	90 
1711	148 
1712	147 
1713	38 
1714	105 
1715	82 
1716	40 
1717	146 
1718	2 27 52 60 76 131 
1719	19 
1720	131 
1721	142 
1722	150 
1723	13 
1724	88 
1725	121 
1726	44 
1727	30 48 60 64 65 69 
1728	112 
1729	151 
1730	14 
1731	18 41 102 118 137 142 
1732	54 
1733	121 
1734	55 
1735	14 34 55 58 146 155 
1736	43 
1737	24 
1738	53 
1739	104 
1740	4 25 55 104 136 137 
1741	55 
1742	21 53 85 98 120 142 
1743	28 
1744	126 
1745	5 37 80 127 136 153 
1746	155 
1747	72 
1748	53 
1749	21 34 57 102 142 146 
1750	21 
1751	137 
1752	150 
1753	17 
1754	54 
1755	90 
1756	33 56 60 66 133 137 
1757	60 64 68 121 137 152 
1758	108 
1759	1 
1760	19 50 53 56 57 91 
1761	25 
1762	117 
1763	55 
1764	43 
1765	5 
1766	78 
1767	99 
1768	124 
1769	56 
1770	69 
1771	83 
1772	75 
1773	33 
1774	8 
1775	49 
1776	45 
1777	129 
1778	71 
1779	139 
1780	12 
1781	75 
1782	145 
1783	38 
1784	43 
1785	11 
1786	70 
1787	56 
1788	75 
1789	91 
1790	143 
1791	82 
1792	142 
1793	33 
1794	43 
1795	49 
1796	4 
1797	21 84 98 137 142 153 
1798	72 
1799	83 
1800	90 
1801	133 
1802	127 
1803	21 51 63 67 105 140 
1804	23 
1805	102 
1806	103 
1807	115 
1808	55 
1809	93 
1810	3 
1811	17 
1812	107 
1813	112 
1814	64 
1815	93 
1816	142 
1817	88 
1818	71 
1819	132 
1820	90 
1821	17 
1822	41 
1823	69 
1824	12 
1825	56 
1826	80 
1827	60 67 89 98 124 138 
1828	154 
1829	93 
1830	41 
1831	76 
1832	74 
1833	27 33 39 51 146 151 
1834	37 
1835	124 
1836	10 19 44 80 81 96 
1837	6 
1838	118 
1839	146 
1840	58 
1841	30 
1842	21 35 49 85 118 123 
1843	49 
1844	28 
1845	153 
1846	123 
1847	90 
1848	127 
1849	112 
1850	19 64 114 122 139 142 
1851	98 
1852	22 
1853	38 
1854	31 
1855	49 
1856	41 
1857	11 52 66 93 137 150 
1858	33 
1859	131 
1860	118 
1861	13 14 31 58 121 125 
1862	139 
1863	16 
1864	15 
1865	121 
1866	37 
1867	65 
1868	101 
1869	44 
1870	117 
1871	58 
1872	39 
1873	53 
1874	73 
1875	5 58 95 108 117 121 
1876	67 
1877	53 
1878	131 
1879	3 
1880	56 
1881	89 
1882	126 
1883	35 
1884	126 
1885	8 53 85 136 141 142 
1886	44 
1887	31 54 57 120 123 126 
1888	121 
1889	142 
1890	53 
1891	72 
1892	47 58 62 77 82 93 
1893	26 31 53 110 117 121 
1894	154 
1895	72 
1896	61 62 101 126 147 154 
1897	110 
1898	115 
1899	141 
1900	139 
1901	36 
1902	13 
1903	31 
1904	38 
1905	10 38 50 98 137 139 
1906	6 69 81 137 138 139 
1907	127 
1908	3 
1909	139 
1910	45 
1911	89 
1912	102 
1913	41 
1914	90 
1915	29 69 71 134 141 143 
1916	23 
1917	20 
1918	152 
1919	10 18 33 44 103 112 
1920	115 
1921	83 
1922	84 
1923	114 
1924	45 
1925	13 
1926	131 
1927	28 
1928	44 
1929	55 
1930	129 
1931	137 
1932	66 
1933	53 
1934	153 
1935	10 
1936	21 
1937	135 
1938	102 
1939	144 
1940	118 
1941	52 
1942	45 61 80 88 121 154 
1943	125 
1944	5 
1945	97 
1946	41 63 83 84 107 150 
1947	149 
1948	148 
1949	72 
1950	12 
1951	8 
1952	71 
1953	85 
1954	113 
1955	31 
1956	60 
1957	39 
1958	52 
1959	125 
1960	144 
1961	149 
1962	72 
1963	126 
1964	117 
1965	27 
1966	4 63 86 90 121 151 
1967	101 
1968	52 
1969	125 
1970	85 
1971	46 
1972	71 79 102 132 153 154 
1973	8 
1974	127 
1975	11 
1976	114 
1977	125 
1978	114 
1979	44 
1980	7 
1981	96 
1982	110 
1983	116 
1984	107 
1985	34 
1986	67 
1987	11 
1988	83 
1989	112 
1990	144 
1991	61 
1992	1 26 50 79 97 129 
1993	137 
1994	46 
1995	15 39 46 87 131 135 
1996	151 
1997	71 
1998	122 
1999	97 
2000	6 30 53 76 118 139 
2001	56 
2002	41 
2003	21 55 56 85 139 144 
2004	12 
2005	141 
2006	144 
2007	39 
2008	34 
2009	89 
2010	85 
2011	56 
2012	129 
2013	9 
2014	146 
2015	98 
2016	36 
2017	150 
2018	46 
2019	138 
2020	85 
2021	138 
2022	58 
2023	140 
2024	74 
2025	82 
2026	75 
2027	23 
2028	71 
2029	33 
2030	6 
2031	55 
2032	30 
2033	71 
2034	150 
2035	6 
2036	38 
2037	47 49 80 116 145 149 
2038	59 
2039	58 
2040	19 
2041	83 
2042	134 
2043	83 
2044	5 
2045	112 
2046	102 
2047	60 63 75 125 147 151 
2048	110 
2049	61 
2050	12 
2051	114 
2052	19 35 38 41 55 73 
2053	123 
2054	27 80 106 115 136 149 
2055	9 
2056	60 
2057	30 
2058	32 
2059	85 
2060	5 
2061	35 
2062	14 
2063	79 
2064	109 
2065	137 
2066	45 
2067	145 
2068	36 85 109 115 135 142 
2069	38 
2070	128 
2071	45 
2072	72 
2073	152 
2074	100 
2075	95 
2076	149 
2077	80 
2078	134 
2079	82 
2080	118 
2081	66 
2082	30 
2083	136 
2084	99 
2085	71 
2086	64 
2087	74 
2088	74 
2089	152 
2090	94 
2091	7 
2092	80 
2093	121 
2094	83 
2095	121 
2096	2 
2097	95 
2098	81 
2099	83 
2100	93 
2101	30 
2102	155 
2103	19 
2104	147 
2105	136 
2106	98 
2107	58 
2108	67 
2109	61 
2110	34 
2111	121 
2112	38 
2113	21 
2114	103 
2115	16 
2116	35 
2117	59 
2118	3 
2119	1 29 43 53 79 147 
2120	136 
2121	61 
2122	145 
2123	31 
2124	142 
2125	80 
2126	21 
2127	18 42 46 51 106 150 
2128	56 
2129	102 
2130	19 
2131	21 31 56 126 139 146 
2132	142 
2133	59 
2134	95 
2135	118 
2136	100 
2137	82 
2138	2 28 50 69 81 124 
2139	131 
2140	38 
2141	95 
2142	32 
2143	28 29 44 118 129 141 
2144	141 
2145	140 
2146	118 
2147	34 38 67 82 90 152 
2148	78 
2149	56 
2150	64 
2151	30 57 90 107 144 146 
2152	22 
2153	2 5 16 18 107 109 
2154	53 
2155	51 
2156	8 
2157	67 
2158	136 
2159	51 
2160	131 
2161	120 
2162	73 
2163	17 
2164	105 
2165	79 
2166	83 
2167	109 
2168	85 
2169	138 
2170	99 
2171	131 
2172	49 
2173	101 
2174	154 
2175	58 
2176	21 40 94 136 147 150 
2177	118 
2178	42 
2179	57 
2180	17 
2181	58 
2182	88 
2183	55 
2184	13 
2185	9 49 83 129 131 136 
2186	36 
2187	14 
2188	125 
2189	91 
2190	47 
2191	118 
2192	137 
2193	111 
2194	97 
2195	30 
2196	64 
2197	12 24 65 83 85 115 
2198	66 
2199	53 
2200	110 
2201	6 
2202	117 
2203	139 
2204	128 
2205	75 
2206	126 
2207	45 
2208	121 
2209	137 
2210	113 
2211	47 88 98 99 106 154 
2212	69 
2213	18 
2214	63 90 120 126 131 148 
2215	40 
2216	150 
2217	124 
2218	45 
2219	59 
2220	108 
2221	103 
2222	137 
2223	72 
2224	16 
2225	47 
2226	52 
2227	8 
2228	9 
2229	53 
2230	18 
2231	41 
2232	47 
2233	46 
2234	146 
2235	152 
2236	47 
2237	121 
2238	45 77 79 126 134 142 
2239	107 
2240	55 
2241	75 
2242	139 
2243	58 
2244	85 
2245	85 
2246	60 
2247	124 
2248	135 
2249	155 
2250	146 
2251	18 
2252	107 
2253	50 
2254	104 
2255	8 13 35 41 64 123 
2256	74 
2257	20 
2258	63 
2259	21 
2260	27 36 46 47 95 112 
2261	108 
2262	136 
2263	142 
2264	34 
2265	91 
2266	85 
2267	81 
2268	63 92 105 131 147 152 
2269	137 
2270	1 
2271	22 
2272	15 30 85 94 142 146 
2273	53 
2274	64 
2275	88 
2276	85 
2277	128 
2278	74 
2279	10 
2280	69 
2281	121 
2282	36 
2283	129 
2284	136 
2285	155 
2286	67 
2287	71 
2288	34 
2289	22 
2290	22 31 34 58 62 63 
2291	1 
2292	6 
2293	118 
2294	52 
2295	41 
2296	98 
2297	58 
2298	34 
2299	50 
2300	142 
2301	139 
2302	102 
2303	85 
2304	5 
2305	83 
2306	17 
2307	120 
2308	16 50 67 80 109 115 
2309	116 
2310	34 
2311	128 
2312	28 
2313	48 
2314	66 
2315	104 
2316	47 
2317	102 
2318	31 
2319	152 
2320	28 
2321	29 
2322	28 
2323	131 
2324	15 
2325	66 
2326	136 
2327	88 
2328	111 
2329	90 
2330	19 
2331	110 
2332	15 27 36 71 107 139 
2333	108 
2334	19 
2335	73 
2336	50 
2337	30 
2338	121 
2339	107 
2340	58 
2341	18 
2342	19 37 116 136 138 141 
2343	77 
2344	49 
2345	99 
2346	138 
2347	16 
2348	90 
2349	97 
2350	153 
2351	139 
2352	90 
2353	63 
2354	117 
2355	13 
2356	78 98 112 115 116 142 
2357	7 43 61 71 89 150 
2358	107 
2359	115 
2360	96 
2361	136 
2362	18 
2363	4 
2364	124 
2365	115 
2366	153 
2367	107 
2368	2 
2369	54 
2370	89 
2371	45 
2372	56 
2373	55 
2374	64 
2375	136 
2376	41 
2377	92 
2378	11 28 31 48 56 71 
2379	67 
2380	53 
2381	28 
2382	87 
2383	39 
2384	72 
2385	127 
2386	112 
2387	83 
2388	129 
2389	37 
2390	64 
2391	82 
2392	31 
2393	40 
2394	105 
2395	31 
2396	89 
2397	129 
2398	51 
2399	66 
2400	11 22 38 63 66 116 
2401	42 
2402	153 
2403	71 
2404	48 
2405	53 
2406	154 
2407	46 
2408	88 
2409	98 
2410	41 
2411	49 
2412	23 
2413	136 
2414	136 
2415	13 
2416	142 
2417	154 
2418	50 
2419	132 
2420	148 
2421	40 
2422	137 
2423	34 
2424	111 
2425	131 
2426	146 
2427	148 
2428	34 
2429	122 
2430	69 
2431	84 
2432	125 
2433	15 84 112 136 148 155 
2434	138 
2435	16 
2436	45 
2437	83 
2438	8 
2439	45 
2440	135 
2441	34 
2442	72 
2443	106 
2444	115 
2445	129 
2446	154 
2447	41 
2448	110 
2449	106 
2450	60 
2451	150 
2452	82 
2453	71 
2454	50 
2455	154 
2456	143 
2457	26 31 38 55 125 146 
2458	47 
2459	128 
2460	134 
2461	140 
2462	71 
2463	135 
2464	128 
2465	71 
2466	134 
2467	20 
2468	47 
2469	11 
2470	85 
2471	90 
2472	45 
2473	53 
2474	31 68 76 129 131 140 
2475	80 
2476	28 31 52 72 109 150 
2477	21 
2478	154 
2479	12 
2480	143 
2481	61 
2482	15 
2483	86 
2484	136 
2485	9 15 78 121 138 143 
2486	79 
2487	34 
2488	1 
2489	80 
2490	124 
2491	94 
2492	9 43 64 115 129 137 
2493	10 
2494	45 
2495	55 
2496	48 
2497	38 
2498	131 
2499	136 
2500	104 
2501	50 59 68 71 95 118 
2502	2 5 78 89 102 149 
2503	74 
2504	38 
2505	30 
2506	10 
2507	44 
2508	15 18 30 50 59 66 
2509	82 
2510	68 
2511	35 
2512	125 
2513	75 
2514	90 
2515	89 
2516	126 
2517	155 
2518	14 
2519	4 
2520	60 
2521	141 
2522	70 
2523	90 
2524	6 
2525	121 
2526	14 27 56 110 111 155 
2527	136 
2528	154 
2529	21 
2530	99 
2531	151 
2532	63 
2533	15 
2534	143 
2535	38 
2536	45 
2537	63 
2538	11 14 19 38 44 71 
2539	2 
2540	35 
2541	118 
2542	6 
2543	56 
2544	34 
2545	7 
2546	45 
2547	56 
2548	6 
2549	53 79 85 110 121 148 
2550	57 
2551	69 74 79 126 130 151 
2552	122 
2553	9 
2554	120 
2555	120 
2556	81 
2557	4 
2558	80 
2559	77 
2560	45 
2561	137 
2562	37 
2563	78 
2564	136 
2565	101 
2566	10 23 37 59 96 112 
2567	96 
2568	35 
2569	120 
2570	79 
2571	123 
2572	126 
2573	150 
2574	153 
2575	41 
2576	135 
2577	56 
2578	115 
2579	69 
2580	13 32 68 110 113 118 
2581	115 
2582	41 
2583	93 
2584	21 
2585	32 
2586	137 
2587	72 
2588	24 
2589	84 
2590	76 
2591	150 
2592	137 
2593	107 
2594	17 52 85 110 118 130 
2595	65 
2596	38 
2597	9 
2598	72 
2599	115 
2600	44 49 52 58 97 120 
2601	44 
2602	129 
2603	90 
2604	114 
2605	10 45 80 92 97 148 
2606	63 
2607	126 
2608	94 
2609	13 
2610	62 
2611	55 
2612	146 
2613	60 
2614	8 62 83 84 93 112 
2615	3 
2616	58 
2617	91 
2618	66 
2619	43 
2620	15 
2621	129 
2622	146 
2623	35 51 56 84 93 122 
2624	22 
2625	115 
2626	155 
2627	118 
2628	81 
2629	105 
2630	65 
2631	15 
2632	55 
2633	45 
2634	142 
2635	31 
2636	122 
2637	55 
2638	130 
2639	28 
2640	92 
2641	62 
2642	84 
2643	90 
2644	21 
2645	15 24 50 67 103 143 
2646	58 
2647	49 
2648	4 17 21 69 87 107 
2649	140 
2650	77 
2651	142 
2652	42 
2653	96 
2654	45 
2655	97 
2656	133 
2657	32 
2658	63 
2659	84 
2660	66 
2661	95 
2662	85 
2663	9 
2664	38 
2665	93 
2666	14 66 80 119 125 142 
2667	55 
2668	91 
2669	146 
2670	4 
2671	119 
2672	151 
2673	109 
2674	44 
2675	129 
2676	140 
2677	5 11 12 24 83 137 
2678	61 
2679	135 
2680	43 
2681	21 
2682	29 
2683	68 
2684	122 
2685	71 
2686	30 
2687	8 
2688	19 55 58 69 129 140 
2689	39 
2690	2 
2691	77 
2692	53 
2693	13 30 67 90 143 149 
2694	26 80 87 99 146 155 
2695	109 
2696	17 24 84 90 115 131 
2697	61 
2698	107 
2699	107 
2700	147 
2701	102 
2702	14 
2703	19 
2704	145 
2705	40 
2706	141 
2707	107 
2708	80 
2709	121 
2710	113 
2711	126 
2712	100 
2713	7 
2714	27 
2715	130 
2716	99 
2717	14 
2718	46 
2719	139 
2720	149 
2721	58 
2722	30 
2723	136 
2724	151 
2725	141 
2726	14 
2727	132 
2728	13 
2729	89 
2730	71 
2731	15 
2732	72 
2733	119 
2734	80 
2735	108 
2736	82 
2737	88 
2738	95 
2739	53 
2740	34 64 86 118 121 131 
2741	31 
2742	128 
2743	51 
2744	108 
2745	142 
2746	101 
2747	15 
2748	38 
2749	138 
2750	109 
2751	50 
2752	14 
2753	124 
2754	99 
2755	128 
2756	38 
2757	154 
2758	154 
2759	84 
2760	34 50 69 71 102 138 
2761	59 
2762	113 
2763	13 
2764	20 
2765	81 
2766	41 
2767	110 
2768	134 
2769	6 32 50 61 104 107 
2770	103 
2771	82 
2772	117 
2773	61 
2774	2 
2775	39 
2776	39 
2777	129 
2778	141 
2779	142 
2780	46 
2781	129 
2782	14 
2783	54 
2784	6 
2785	150 
2786	19 
2787	34 
2788	66 
2789	66 
2790	91 
2791	53 
2792	110 
2793	17 
2794	33 
2795	132 
2796	100 
2797	51 
2798	107 
2799	98 
2800	61 
2801	55 
2802	151 
2803	21 
2804	11 13 15 60 89 148 
2805	155 
2806	126 
2807	137 
2808	61 
2809	150 
2810	45 
2811	89 
2812	74 
2813	75 
2814	130 
2815	107 
2816	59 
2817	11 34 71 137 139 141 
2818	7 14 16 34 46 52 
2819	53 75 96 106 112 139 
2820	74 
2821	96 
2822	147 
2823	40 
2824	77 
2825	18 21 38 48 103 142 
2826	133 
2827	118 
2828	2 
2829	2 
2830	72 
2831	55 
2832	62 
2833	147 
2834	44 45 84 85 123 146 
2835	46 69 75 129 134 155 
2836	140 
2837	4 
2838	138 
2839	5 8 15 67 74 79 
2840	34 41 46 48 101 142 
2841	16 
2842	95 
2843	6 
2844	134 
2845	77 
2846	49 
2847	89 
2848	49 
2849	118 
2850	53 
2851	139 
2852	47 
2853	3 46 112 118 142 146 
2854	129 
2855	136 
2856	14 33 53 75 106 139 
2857	139 
2858	141 
2859	121 
2860	115 
2861	88 
2862	103 
2863	131 
2864	40 45 50 82 84 121 
2865	72 
2866	4 15 46 56 128 155 
2867	137 
2868	52 
2869	28 29 32 71 84 142 
2870	97 
2871	2 
2872	16 56 58 59 71 101 
2873	104 
2874	17 
2875	7 26 44 102 104 107 
2876	110 
2877	107 
2878	17 
2879	79 
2880	123 
2881	51 
2882	47 
2883	136 
2884	147 
2885	154 
2886	81 
2887	56 
2888	95 
2889	53 
2890	55 
2891	8 21 43 75 84 142 
2892	139 
2893	110 
2894	138 
2895	116 
2896	134 
2897	64 
2898	19 
2899	99 
2900	62 
2901	61 
2902	15 
2903	45 
2904	117 
2905	7 
2906	102 
2907	56 69 83 85 92 141 
2908	13 
2909	15 
2910	19 
2911	98 
2912	25 
2913	9 30 35 51 123 136 
2914	66 
2915	130 
2916	41 
2917	146 
2918	17 19 33 93 123 141 
2919	60 
2920	6 
2921	56 
2922	122 
2923	124 
2924	129 
2925	84 
2926	109 
2927	16 25 71 75 107 125 
2928	92 
2929	82 
2930	32 
2931	140 
2932	130 
2933	134 
2934	124 
2935	69 
2936	121 
2937	25 
2938	130 
2939	116 
2940	152 
2941	34 
2942	94 
2943	42 
2944	103 
2945	103 
2946	52 
2947	57 
2948	56 
2949	122 
2950	155 
2951	21 
2952	65 
2953	13 
2954	85 
2955	113 
2956	40 
2957	42 
2958	75 
2959	57 
2960	61 
2961	150 
2962	16 61 63 83 104 112 
2963	30 64 85 89 112 138 
2964	51 
2965	18 
2966	108 
2967	12 
2968	31 49 90 103 122 136 
2969	15 
2970	15 
2971	31 
2972	94 
2973	11 
2974	131 
2975	125 
2976	7 
2977	62 
2978	86 
2979	139 
2980	152 
2981	12 
2982	49 
2983	133 
2984	104 
2985	55 
2986	44 
2987	54 
2988	27 
2989	53 
2990	85 
2991	13 
2992	117 
2993	45 
2994	38 
2995	137 
2996	136 
2997	137 
2998	103 
2999	13 
3000	50 
3001	34 47 71 103 104 138 
3002	114 
3003	138 
3004	86 
3005	116 
3006	136 
3007	64 
3008	21 
3009	80 
3010	111 
3011	36 
3012	15 
3013	51 
3014	140 
3015	30 36 41 44 83 139 
3016	137 
3017	38 44 51 115 126 141 
3018	58 
3019	19 
3020	21 
3021	69 
3022	64 
3023	6 
3024	150 
3025	147 
3026	72 
3027	14 
3028	47 51 56 89 123 146 
3029	120 
3030	88 
3031	112 
3032	22 
3033	38 
3034	77 
3035	147 
3036	30 31 35 58 77 132 
3037	8 39 46 59 66 128 
3038	38 
3039	46 
3040	90 
3041	140 
3042	56 
3043	67 
3044	85 
3045	137 
3046	66 
3047	15 18 45 92 106 150 
3048	4 11 101 118 129 139 
3049	88 
3050	138 
3051	13 34 56 83 94 115 
3052	31 
3053	85 
3054	116 
3055	130 
3056	139 
3057	139 
3058	15 
3059	62 
3060	77 
3061	148 
3062	88 
3063	55 
3064	123 
3065	45 66 117 134 136 137 
3066	72 
3067	119 
3068	121 
3069	105 
3070	137 
3071	11 13 21 50 140 146 
3072	105 
3073	60 
3074	28 
3075	107 
3076	102 
3077	89 
3078	16 
3079	2 
3080	83 
3081	124 
3082	25 
3083	118 
3084	76 
3085	9 
3086	110 
3087	17 
3088	31 
3089	141 
3090	77 
3091	74 
3092	9 14 34 112 131 137 
3093	18 
3094	122 
3095	121 
3096	123 
3097	21 
3098	55 
3099	100 
3100	121 
3101	19 52 67 80 125 148 
3102	154 
3103	115 
3104	56 
3105	69 
3106	144 
3107	106 
3108	41 
3109	107 
3110	115 
3111	15 17 18 61 84 91 
3112	46 
3113	30 
3114	37 
3115	60 
3116	112 
3117	80 
3118	84 
3119	85 
3120	97 
3121	126 
3122	39 
3123	4 
3124	43 
3125	23 57 92 117 127 136 
3126	24 31 68 110 122 136 
3127	89 
3128	31 
3129	139 
3130	136 
3131	134 
3132	54 
3133	26 
3134	7 
3135	84 
3136	23 
3137	28 
3138	38 
3139	58 
3140	118 
3141	146 
3142	45 
3143	78 
3144	136 
3145	64 
3146	102 
3147	25 
3148	53 
3149	19 
3150	82 
3151	126 
3152	56 67 99 102 103 120 
3153	35 
3154	104 
3155	149 
3156	32 
3157	141 
3158	74 
3159	19 
3160	113 
3161	37 
3162	116 
3163	145 
3164	139 
3165	30 40 55 140 145 152 
3166	82 
3167	111 
3168	56 
3169	80 
3170	34 
3171	139 
3172	122 
3173	37 
3174	17 
3175	7 
3176	73 
3177	133 
3178	13 49 54 64 65 85 
3179	58 
3180	155 
3181	38 
3182	96 
3183	90 
3184	110 
3185	53 
3186	148 
3187	19 
3188	85 
3189	146 
3190	129 
3191	154 
3192	109 
3193	59 
3194	11 
3195	85 
3196	48 
3197	22 
3198	142 
3199	130 
3200	130 
3201	56 
3202	36 
3203	119 
3204	31 
3205	10 
3206	92 
3207	55 
3208	85 
3209	43 
3210	63 
3211	48 
3212	119 
3213	58 
3214	116 
3215	83 
3216	75 
3217	79 
3218	4 
3219	15 36 48 92 115 116 
3220	83 
3221	14 
3222	13 27 49 62 105 115 
3223	47 
3224	122 
3225	54 
3226	85 
3227	118 
3228	107 
3229	34 
3230	19 
3231	67 
3232	66 
3233	137 
3234	4 
3235	60 
3236	58 
3237	14 15 16 30 82 116 
3238	6 
3239	53 
3240	46 
3241	15 
3242	137 
3243	84 92 96 98 136 137 
3244	144 
3245	14 32 50 56 70 129 
3246	147 
3247	148 
3248	78 
3249	127 
3250	29 
3251	16 45 89 107 125 142 
3252	80 
3253	13 
3254	125 
3255	38 41 115 129 131 138 
3256	75 
3257	2 
3258	149 
3259	49 
3260	85 
3261	154 
3262	50 
3263	95 
3264	154 
3265	138 
3266	41 
3267	133 
3268	7 
3269	142 
3270	98 
3271	23 43 45 122 130 151 
3272	140 
3273	52 
3274	73 
3275	108 
3276	9 33 64 102 104 129 
3277	128 
3278	78 
3279	80 
3280	78 
3281	24 
3282	18 
3283	31 43 56 75 76 137 
3284	54 
3285	19 
3286	102 
3287	9 
3288	30 
3289	37 
3290	67 
3291	133 
3292	118 
3293	123 
3294	107 
3295	128 
3296	38 45 80 90 102 105 
3297	15 
3298	151 
3299	142 
3300	53 
3301	56 
3302	113 
3303	104 
3304	64 
3305	15 
3306	96 
3307	15 
3308	45 
3309	121 
3310	11 
3311	50 52 68 84 120 142 
3312	15 
3313	124 
3314	55 
3315	72 
3316	16 
3317	71 
3318	148 
3319	20 
3320	56 
3321	127 
3322	47 
3323	55 56 108 115 142 149 
3324	51 
3325	57 
3326	2 
3327	34 
3328	50 
3329	8 30 34 75 133 150 
3330	37 
3331	142 
3332	74 
3333	19 
3334	50 
3335	14 
3336	45 
3337	14 21 69 78 131 136 
3338	57 
3339	61 
3340	28 
3341	100 
3342	56 
3343	17 
3344	13 
3345	132 
3346	112 
3347	69 
3348	10 30 43 69 94 147 
3349	112 
3350	47 
3351	119 
3352	53 
3353	85 
3354	135 
3355	88 
3356	64 
3357	20 
3358	129 
3359	154 
3360	55 
3361	138 
3362	126 
3363	8 
3364	112 
3365	15 
3366	33 
3367	16 43 44 59 87 123 
3368	106 
3369	17 46 88 117 146 148 
3370	24 
3371	21 
3372	101 
3373	58 
3374	120 
3375	84 
3376	18 
3377	100 
3378	125 
3379	39 
3380	20 
3381	154 
3382	5 
3383	11 
3384	12 
3385	35 
3386	98 
3387	154 
3388	56 
3389	64 
3390	107 
3391	93 
3392	21 
3393	79 
3394	50 
3395	114 
3396	49 
3397	49 
3398	123 
3399	118 
3400	49 
3401	8 
3402	41 
3403	53 
3404	83 
3405	3 
3406	30 
3407	104 
3408	118 
3409	71 
3410	92 
3411	155 
3412	65 
3413	43 
3414	149 
3415	75 
3416	7 
3417	50 
3418	48 
3419	140 
3420	38 
3421	109 
3422	144 
3423	96 
3424	19 
3425	102 
3426	135 
3427	55 
3428	138 
3429	137 
3430	140 
3431	73 
3432	41 
3433	124 
3434	130 
3435	105 
3436	100 
3437	138 
3438	3 
3439	2 19 51 101 118 155 
3440	80 
3441	32 
3442	61 
3443	80 
3444	83 
3445	112 
3446	7 
3447	14 
3448	114 
3449	10 13 14 58 112 137 
3450	5 36 83 116 137 149 
3451	53 
3452	135 
3453	129 
3454	76 
3455	58 
3456	141 
3457	150 
3458	64 
3459	110 
3460	126 
3461	144 
3462	9 
3463	147 
3464	10 
3465	79 
3466	84 
3467	37 
3468	123 
3469	11 
3470	112 
3471	31 
3472	132 
3473	124 
3474	89 
3475	56 
3476	37 
3477	77 
3478	69 
3479	121 
3480	103 
3481	80 
3482	45 57 101 132 139 142 
3483	134 
3484	137 
3485	56 
3486	72 
3487	153 
3488	14 
3489	116 
3490	2 
3491	71 
3492	63 
3493	49 
3494	46 
3495	149 
3496	27 
3497	15 
3498	103 
3499	123 
3500	105 
3501	95 
3502	119 
3503	93 
3504	137 
3505	119 
3506	43 
3507	85 
3508	89 
3509	90 
3510	53 
3511	55 56 79 97 102 141 
3512	19 30 89 101 145 149 
3513	136 
3514	89 
3515	22 92 115 136 137 150 
3516	87 
3517	50 
3518	53 
3519	69 
3520	2 
3521	34 
3522	53 
3523	73 
3524	98 
3525	118 
3526	45 
3527	17 
3528	80 
3529	120 
3530	106 
3531	121 
3532	34 
3533	60 
3534	13 
3535	89 
3536	80 
3537	102 
3538	154 
3539	137 
3540	21 
3541	21 
3542	126 
3543	85 
3544	93 
3545	80 
3546	111 
3547	69 
3548	42 
3549	147 
3550	111 
3551	119 
3552	7 16 107 110 118 129 
3553	104 
3554	149 
3555	130 
3556	64 
3557	16 
3558	15 57 69 70 100 146 
3559	15 33 46 77 137 143 
3560	74 
3561	118 
3562	71 
3563	154 
3564	16 
3565	110 
3566	45 
3567	30 
3568	44 
3569	77 
3570	42 
3571	38 
3572	87 
3573	131 
3574	102 
3575	95 
3576	61 
3577	54 
3578	11 
3579	59 
3580	27 
3581	31 
3582	67 
3583	126 
3584	21 50 62 112 117 118 
3585	102 
3586	38 
3587	117 
3588	46 
3589	1 
3590	115 
3591	115 
3592	149 
3593	33 56 63 74 132 150 
3594	106 
3595	141 
3596	79 
3597	62 
3598	76 
3599	61 
3600	1 20 23 69 84 120 
3601	25 
3602	129 
3603	64 
3604	16 26 31 78 96 121 
3605	98 
3606	154 
3607	131 
3608	48 
3609	30 
3610	46 
3611	49 
3612	118 
3613	22 
3614	49 
3615	134 
3616	58 
3617	52 
3618	106 
3619	154 
3620	69 
3621	92 
3622	60 
3623	53 
3624	30 
3625	144 
3626	84 92 112 121 134 155 
3627	146 
3628	32 
3629	87 
3630	129 
3631	154 
3632	102 
3633	10 
3634	21 
3635	45 
3636	119 
3637	76 
3638	117 
3639	38 
3640	139 
3641	5 16 53 67 72 126 
3642	154 
3643	76 
3644	33 
3645	87 
3646	13 23 50 57 78 150 
3647	66 
3648	121 
3649	69 
3650	45 
3651	30 38 82 98 101 118 
3652	58 
3653	15 
3654	116 
3655	116 
3656	83 
3657	97 
3658	4 
3659	28 41 121 149 150 152 
3660	114 
3661	34 
3662	135 
3663	13 72 82 88 117 138 
3664	149 
3665	21 
3666	49 
3667	146 
3668	59 
3669	71 
3670	64 
3671	37 
3672	27 
3673	122 
3674	154 
3675	148 
3676	14 58 80 88 138 139 
3677	107 
3678	64 
3679	139 
3680	36 
3681	53 
3682	53 
3683	13 23 25 38 63 98 
3684	122 
3685	79 
3686	93 
3687	140 
3688	56 
3689	14 
3690	71 
3691	121 
3692	16 
3693	130 
3694	32 
3695	88 
3696	154 
3697	150 
3698	5 82 85 108 112 118 
3699	120 
3700	66 82 88 106 125 155 
3701	129 
3702	121 
3703	42 
3704	129 
3705	129 
3706	52 
3707	98 
3708	28 
3709	44 
3710	64 
3711	3 
3712	63 
3713	16 
3714	136 
3715	74 
3716	155 
3717	153 
3718	39 
3719	5 11 13 50 98 146 
3720	83 
3721	116 
3722	117 
3723	10 
3724	84 
3725	149 
3726	31 
3727	64 
3728	63 119 121 124 139 140 
3729	46 
3730	101 
3731	68 
3732	132 
3733	42 
3734	107 
3735	144 
3736	95 
3737	141 
3738	46 
3739	81 
3740	87 
3741	136 
3742	17 21 57 92 121 140 
3743	4 
3744	76 
3745	33 
3746	15 18 66 107 118 134 
3747	21 32 66 75 123 145 
3748	55 
3749	111 
3750	15 
3751	6 21 53 80 133 150 
3752	102 
3753	17 
3754	112 
3755	53 
3756	121 
3757	85 92 106 110 126 137 
3758	155 
3759	23 
3760	71 
3761	45 
3762	69 
3763	31 
3764	43 
3765	46 
3766	69 
3767	127 
3768	9 
3769	41 
3770	11 
3771	121 
3772	18 45 55 66 81 153 
3773	30 
3774	45 48 64 110 131 142 
3775	11 43 72 82 86 110 
3776	122 
3777	110 
3778	54 
3779	135 
3780	117 
3781	137 
3782	132 
3783	77 
3784	87 
3785	139 
3786	146 
3787	43 
3788	86 
3789	1 
3790	75 
3791	152 
3792	148 
3793	41 
3794	129 
3795	59 
3796	42 
3797	115 
3798	141 
3799	140 
3800	16 52 63 66 88 93 
3801	19 
3802	139 
3803	84 
3804	101 
3805	104 
3806	51 
3807	124 
3808	123 
3809	41 
3810	12 32 75 90 101 132 
3811	143 
3812	90 
3813	31 
3814	135 
3815	69 
3816	35 
3817	52 
3818	52 
3819	143 
3820	24 
3821	5 74 102 139 149 154 
3822	113 
3823	147 
3824	28 
3825	125 
3826	38 
3827	106 
3828	1 
3829	85 
3830	76 
3831	46 
3832	121 
3833	152 
3834	90 
3835	71 
3836	33 38 50 51 68 109 
3837	30 
3838	125 
3839	2 
3840	54 
3841	93 
3842	61 
3843	90 
3844	11 
3845	29 
3846	137 
3847	61 
3848	40 
3849	3 
3850	57 
3851	49 
3852	41 
3853	49 
3854	57 
3855	141 
3856	26 
3857	80 
3858	48 
3859	82 
3860	131 
3861	34 
3862	15 
3863	57 
3864	137 
3865	46 
3866	84 
3867	76 
3868	75 
3869	142 
3870	69 
3871	120 
3872	80 
3873	81 
3874	75 
3875	88 
3876	17 
3877	106 
3878	141 
3879	113 
3880	46 
3881	62 
3882	137 
3883	45 
3884	35 
3885	13 
3886	84 
3887	62 
3888	71 
3889	21 
3890	83 
3891	51 
3892	32 
3893	144 
3894	15 26 50 74 130 137 
3895	44 
3896	90 
3897	121 
3898	107 
3899	52 
3900	14 
3901	142 
3902	146 
3903	89 
3904	59 
3905	136 
3906	122 
3907	16 
3908	13 
3909	124 
3910	130 
3911	34 
3912	45 
3913	136 
3914	79 
3915	30 
3916	126 
3917	125 
3918	54 
3919	121 
3920	61 
3921	65 
3922	57 
3923	13 38 94 107 136 144 
3924	18 
3925	8 
3926	30 
3927	78 
3928	66 
3929	19 67 81 110 124 150 
3930	140 
3931	78 
3932	79 
3933	81 
3934	35 
3935	15 
3936	43 
3937	142 
3938	80 
3939	14 
3940	86 
3941	154 
3942	17 60 71 75 137 153 
3943	56 
3944	48 
3945	154 
3946	69 
3947	154 
3948	69 
3949	49 56 57 66 102 106 
3950	84 
3951	133 
3952	26 46 64 90 121 148 
3953	125 
3954	90 
3955	1 
3956	98 
3957	56 
3958	59 
3959	3 
3960	120 
3961	15 28 50 119 142 144 
3962	122 
3963	25 
3964	117 
3965	137 
3966	34 
3967	46 
3968	6 12 18 71 76 101 
3969	139 
3970	67 
3971	83 
3972	6 
3973	17 38 73 82 105 129 
3974	116 
3975	7 
3976	34 
3977	41 
3978	19 
3979	41 45 46 53 137 149 
3980	94 
3981	122 
3982	120 
3983	116 
3984	44 
3985	121 
3986	142 
3987	8 
3988	81 84 89 104 105 151 
3989	2 
3990	8 
3991	110 
3992	93 
3993	94 
3994	21 
3995	5 13 24 28 139 146 
3996	55 
3997	71 
3998	136 
3999	118 
4000	56 
4001	155 
4002	127 
4003	16 
4004	85 
4005	6 
4006	81 
4007	64 
4008	34 
4009	106 
4010	1 11 19 55 107 130 
4011	35 
4012	154 
4013	92 
4014	57 69 86 102 105 137 
4015	22 34 82 118 122 137 
4016	150 
4017	122 
4018	16 
4019	90 
4020	19 
4021	71 
4022	95 
4023	32 
4024	49 
4025	115 
4026	10 30 46 60 67 85 
4027	25 
4028	148 
4029	53 
4030	46 
4031	44 
4032	19 35 74 108 111 146 
4033	63 
4034	55 
4035	138 
4036	29 
4037	44 45 67 89 136 143 
4038	131 
4039	38 
4040	124 
4041	32 
4042	63 
4043	151 
4044	43 
4045	3 30 46 63 69 112 
4046	33 
4047	34 
4048	68 
4049	106 
4050	35 
4051	53 
4052	150 
4053	104 
4054	129 
4055	150 
4056	88 
4057	23 
4058	150 
4059	63 
4060	35 
4061	20 49 66 71 104 150 
4062	32 53 59 111 132 152 
4063	118 
4064	31 
4065	6 14 33 84 88 115 
4066	84 
4067	122 
4068	21 
4069	59 
4070	144 
4071	23 
4072	34 
4073	23 
4074	58 
4075	11 
4076	82 
4077	139 
4078	115 
4079	129 
4080	19 
4081	116 
4082	41 
4083	15 
4084	127 
4085	30 38 41 55 92 104 
4086	17 
4087	85 
4088	136 
4089	137 
4090	2 
4091	7 
4092	26 
4093	7 
4094	1 28 31 76 90 118 
4095	154 
4096	138 
4097	131 
4098	72 
4099	76 
4100	55 
4101	139 
4102	57 
4103	1 
4104	74 
4105	3 
4106	21 
4107	25 
4108	137 
4109	56 
4110	33 
4111	81 
4112	71 
4113	139 
4114	85 
4115	78 
4116	114 
4117	136 
4118	32 
4119	110 
4120	88 
4121	8 
4122	8 
4123	149 
4124	72 
4125	137 
4126	30 
4127	69 
4128	72 
4129	117 
4130	54 
4131	106 
4132	132 
4133	115 
4134	15 
4135	131 
4136	2 11 15 45 79 107 
4137	13 
4138	84 
4139	17 
4140	30 35 39 45 79 82 
4141	102 
4142	150 
4143	150 
4144	97 
4145	122 
4146	137 
4147	41 
4148	122 
4149	21 
4150	43 
4151	88 
4152	53 
4153	3 
4154	26 41 75 85 131 151 
4155	27 
4156	28 
4157	124 
4158	48 
4159	31 
4160	143 
4161	138 
4162	17 51 70 85 104 137 
4163	30 
4164	74 
4165	59 123 126 129 142 143 
4166	17 
4167	31 
4168	80 
4169	142 
4170	19 
4171	95 
4172	31 
4173	123 
4174	88 
4175	56 
4176	149 
4177	14 
4178	127 
4179	28 
4180	38 
4181	49 
4182	123 
4183	78 
4184	90 
4185	65 
4186	2 31 34 84 123 138 
4187	35 49 85 120 139 154 
4188	107 
4189	50 
4190	43 
4191	142 
4192	129 
4193	137 
4194	154 
4195	69 
4196	34 
4197	138 
4198	70 
4199	4 
4200	129 
4201	30 
4202	50 
4203	103 
4204	60 
4205	11 
4206	43 
4207	107 
4208	1 
4209	123 
4210	122 
4211	79 
4212	123 
4213	20 45 56 74 136 154 
4214	21 
4215	23 
4216	115 
4217	77 
4218	69 
4219	14 
4220	60 
4221	73 
4222	6 8 31 45 52 139 
4223	76 
4224	71 
4225	16 
4226	116 
4227	16 
4228	141 
4229	136 
4230	6 11 53 68 83 145 
4231	86 
4232	123 
4233	105 
4234	76 
4235	8 30 45 53 80 131 
4236	91 
4237	112 
4238	31 89 103 112 137 140 
4239	53 
4240	28 
4241	19 
4242	131 
4243	142 
4244	66 
4245	74 
4246	130 
4247	154 
4248	13 
4249	108 
4250	33 
4251	59 
4252	79 
4253	11 45 69 82 120 123 
4254	105 
4255	129 
4256	79 
4257	147 
4258	3 
4259	73 
4260	144 
4261	58 
4262	136 
4263	57 
4264	116 
4265	28 
4266	84 
4267	131 
4268	2 57 62 74 76 95 
4269	69 
4270	18 
4271	59 
4272	51 
4273	104 
4274	25 
4275	133 
4276	7 
4277	42 
4278	66 
4279	13 34 66 113 125 137 
4280	92 
4281	93 
4282	18 53 91 102 105 125 
4283	26 
4284	105 
4285	119 
4286	80 
4287	30 
4288	43 
4289	28 
4290	5 21 60 133 146 155 
4291	115 
4292	132 
4293	97 
4294	53 
4295	14 
4296	123 
4297	107 
4298	80 
4299	53 
4300	108 
4301	61 
4302	14 
4303	124 
4304	112 
4305	106 
4306	79 
4307	72 
4308	58 
4309	111 
4310	141 
4311	151 
4312	111 
4313	53 
4314	99 
4315	138 
4316	13 
4317	137 
4318	116 
4319	52 
4320	142 
4321	50 
4322	29 
4323	63 
4324	68 
4325	141 
4326	117 
4327	31 
4328	13 
4329	139 
4330	133 
4331	16 
4332	118 
4333	94 
4334	139 
4335	121 
4336	12 17 57 63 100 110 
4337	19 
4338	142 
4339	22 86 107 118 146 152 
4340	92 
4341	53 
4342	129 
4343	103 
4344	139 
4345	21 
4346	82 
4347	45 
4348	65 
4349	48 
4350	115 
4351	143 
4352	152 
4353	135 
4354	88 
4355	3 45 53 86 138 149 
4356	56 
4357	112 
4358	3 21 28 50 55 154 
4359	117 
4360	139 
4361	72 
4362	154 
4363	58 
4364	130 
4365	61 
4366	91 
4367	58 
4368	14 55 60 72 103 114 
4369	113 
4370	45 
4371	101 
4372	30 
4373	99 
4374	142 
4375	129 
4376	121 
4377	47 
4378	126 
4379	74 
4380	151 
4381	119 
4382	112 
4383	7 17 35 66 85 121 
4384	46 
4385	22 
4386	59 
4387	84 
4388	34 
4389	15 
4390	80 
4391	28 
4392	70 
4393	19 34 56 66 76 102 
4394	45 
4395	10 26 28 46 131 155 
4396	88 
4397	66 
4398	50 
4399	6 41 100 107 127 146 
4400	154 
4401	145 
4402	61 
4403	50 
4404	17 
4405	63 
4406	3 
4407	146 
4408	75 
4409	104 
4410	147 
4411	61 
4412	99 
4413	68 
4414	131 
4415	114 
4416	120 
4417	129 
4418	11 
4419	118 
4420	19 
4421	137 
4422	78 
4423	22 28 66 74 88 146 
4424	19 
4425	117 
4426	85 
4427	66 
4428	101 
4429	19 38 60 112 119 125 
4430	33 
4431	100 
4432	89 
4433	115 
4434	11 
4435	64 
4436	29 
4437	106 
4438	87 
4439	1 
4440	153 
4441	57 
4442	31 
4443	25 61 69 107 132 136 
4444	1 
4445	145 
4446	154 
4447	28 
4448	114 
4449	13 
4450	69 
4451	97 
4452	142 
4453	30 
4454	96 
4455	83 
4456	115 
4457	69 
4458	19 
4459	3 
4460	142 
4461	93 
4462	151 
4463	121 
4464	54 
4465	41 
4466	102 
4467	39 
4468	17 
4469	121 
4470	92 
4471	61 
4472	129 
4473	138 
4474	140 
4475	76 
4476	5 
4477	127 
4478	43 
4479	3 
4480	146 
4481	137 
4482	19 
4483	50 
4484	108 
4485	146 
4486	55 
4487	19 73 102 115 122 128 
4488	21 
4489	30 
4490	93 
4491	19 
4492	35 50 53 55 112 137 
4493	137 
4494	8 
4495	67 
4496	74 
4497	109 
4498	45 
4499	91 
4500	125 
4501	66 
4502	137 
4503	86 
4504	33 
4505	49 
4506	93 
4507	148 
4508	77 
4509	80 
4510	122 
4511	104 
4512	46 
4513	86 
4514	60 
4515	42 
4516	56 
4517	136 
4518	84 
4519	46 72 83 102 126 137 
4520	152 
4521	103 
4522	109 
4523	15 38 46 89 105 138 
4524	148 
4525	71 
4526	8 71 80 82 135 149 
4527	90 
4528	61 
4529	48 55 86 102 127 139 
4530	140 
4531	60 
4532	129 
4533	17 59 73 74 97 137 
4534	102 
4535	10 34 88 90 129 131 
4536	79 
4537	11 21 36 102 150 152 
4538	9 59 74 76 107 123 
4539	21 
4540	38 
4541	115 
4542	76 
4543	113 
4544	32 
4545	66 
4546	115 
4547	57 
4548	2 
4549	57 
4550	69 
4551	103 
4552	137 
4553	30 
4554	7 
4555	137 
4556	13 71 98 114 122 125 
4557	31 
4558	14 61 70 131 140 145 
4559	15 
4560	61 
4561	80 
4562	106 
4563	138 
4564	81 
4565	50 
4566	49 
4567	50 
4568	142 
4569	55 
4570	88 
4571	53 
4572	137 
4573	84 
4574	38 
4575	71 
4576	4 17 54 105 109 154 
4577	45 
4578	43 
4579	61 
4580	135 
4581	142 
4582	113 
4583	97 
4584	62 
4585	49 
4586	89 
4587	58 
4588	15 
4589	16 59 71 126 136 139 
4590	9 
4591	115 
4592	141 
4593	132 
4594	125 
4595	133 
4596	57 
4597	18 45 80 101 112 121 
4598	14 
4599	46 
4600	38 
4601	6 
4602	154 
4603	84 
4604	141 
4605	103 
4606	76 
4607	55 
4608	143 
4609	116 
4610	31 44 56 102 107 139 
4611	141 
4612	41 
4613	9 45 49 53 100 129 
4614	21 
4615	90 
4616	45 
4617	134 
4618	87 
4619	125 
4620	4 10 13 55 153 154 
4621	7 
4622	47 
4623	46 
4624	59 
4625	66 
4626	60 
4627	57 
4628	19 
4629	21 
4630	93 
4631	4 
4632	118 
4633	85 
4634	146 
4635	41 
4636	55 
4637	84 
4638	21 
4639	69 
4640	101 
4641	115 
4642	126 
4643	17 
4644	155 
4645	21 51 55 102 121 126 
4646	122 
4647	136 
4648	8 
4649	75 
4650	83 
4651	46 
4652	14 
4653	139 
4654	41 
4655	30 
4656	16 
4657	102 
4658	84 
4659	127 
4660	38 
4661	116 
4662	130 
4663	71 
4664	33 
4665	108 
4666	89 
4667	69 
4668	126 
4669	17 
4670	8 
4671	90 
4672	90 
4673	122 
4674	15 
4675	35 
4676	152 
4677	23 56 116 118 122 154 
4678	152 
4679	72 
4680	30 
4681	41 
4682	48 
4683	125 
4684	114 
4685	36 42 83 84 118 155 
4686	43 
4687	44 
4688	15 
4689	35 
4690	66 
4691	142 
4692	61 
4693	56 
4694	139 
4695	32 
4696	60 
4697	107 
4698	21 
4699	66 
4700	134 
4701	84 
4702	64 
4703	114 
4704	150 
4705	19 34 39 43 79 150 
4706	69 
4707	139 
4708	129 
4709	23 
4710	80 
4711	75 
4712	80 
4713	45 
4714	3 23 60 88 103 108 
4715	108 
4716	58 
4717	53 58 92 98 122 133 
4718	2 
4719	58 
4720	15 
4721	66 
4722	64 
4723	59 
4724	3 
4725	61 
4726	35 
4727	132 
4728	74 
4729	23 49 60 78 79 121 
4730	46 
4731	21 
4732	45 
4733	115 
4734	17 
4735	141 
4736	91 
4737	112 
4738	101 
4739	34 
4740	72 
4741	31 
4742	139 
4743	17 30 66 107 129 133 
4744	79 
4745	142 
4746	121 
4747	37 
4748	110 
4749	55 
4750	57 
4751	129 
4752	59 
4753	80 
4754	43 
4755	34 46 58 82 85 107 
4756	68 
4757	16 
4758	21 
4759	89 
4760	130 
4761	17 
4762	13 
4763	55 
4764	16 
4765	146 
4766	68 
4767	18 
4768	52 87 89 106 123 128 
4769	49 
4770	21 22 33 70 139 141 
4771	28 
4772	38 
4773	13 38 52 79 118 126 
4774	91 
4775	137 
4776	142 
4777	71 
4778	91 
4779	107 
4780	31 
4781	122 
4782	64 
4783	64 
4784	123 
4785	57 
4786	85 
4787	21 
4788	155 
4789	66 87 105 118 136 138 
4790	60 
4791	79 
4792	3 
4793	6 9 31 40 59 104 
4794	64 
4795	88 
4796	16 53 60 89 115 130 
4797	114 
4798	98 
4799	43 
4800	30 
4801	56 
4802	84 
4803	121 
4804	139 
4805	59 
4806	126 
4807	60 
4808	88 
4809	149 
4810	41 
4811	97 
4812	35 
4813	83 
4814	57 
4815	3 
4816	55 
4817	44 47 56 127 149 150 
4818	136 
4819	88 
4820	49 
4821	121 
4822	49 
4823	14 21 44 85 94 154 
4824	19 64 84 107 123 142 
4825	38 
4826	55 
4827	154 
4828	45 
4829	82 
4830	140 
4831	131 
4832	142 
4833	38 
4834	118 
4835	53 
4836	61 65 73 122 139 141 
4837	39 41 53 83 92 102 
4838	150 
4839	147 
4840	9 
4841	56 
4842	14 
4843	107 
4844	92 
4845	13 
4846	43 
4847	57 
4848	6 
4849	154 
4850	122 
4851	59 
4852	59 
4853	88 
4854	43 
4855	11 
4856	80 
4857	131 
4858	71 
4859	141 
4860	80 
4861	136 
4862	15 46 56 90 143 152 
4863	150 
4864	80 
4865	61 
4866	112 
4867	45 58 86 112 146 155 
4868	2 
4869	129 
4870	60 
4871	3 54 60 66 90 126 
4872	19 
4873	118 
4874	37 39 109 118 139 146 
4875	83 
4876	31 48 98 124 131 146 
4877	8 14 67 88 89 136 
4878	19 46 113 121 122 151 
4879	53 
4880	104 
4881	17 
4882	18 
4883	84 
4884	105 
4885	131 
4886	103 
4887	19 
4888	149 
4889	55 
4890	154 
4891	6 20 47 53 61 105 
4892	6 
4893	106 
4894	69 
4895	23 55 71 115 126 142 
4896	45 
4897	77 81 84 115 126 147 
4898	56 
4899	30 
4900	35 
4901	31 
4902	90 
4903	51 
4904	16 18 41 46 55 66 
4905	55 
4906	17 
4907	55 
4908	16 
4909	30 
4910	13 
4911	103 
4912	88 
4913	79 
4914	101 
4915	49 
4916	19 
4917	147 
4918	38 82 84 87 99 149 
4919	34 
4920	60 
4921	147 
4922	117 
4923	110 
4924	76 
4925	79 
4926	34 
4927	21 
4928	150 
4929	129 
4930	39 45 55 60 61 103 
4931	125 
4932	31 36 46 85 137 154 
4933	139 
4934	46 
4935	13 
4936	85 
4937	3 43 46 53 102 118 
4938	112 
4939	154 
4940	7 
4941	131 
4942	84 
4943	136 
4944	84 
4945	12 27 37 70 72 110 
4946	71 
4947	21 40 46 57 67 133 
4948	146 
4949	126 
4950	131 
4951	45 
4952	41 
4953	90 
4954	56 
4955	136 
4956	139 
4957	129 
4958	34 
4959	75 
4960	60 
4961	30 
4962	118 
4963	115 
4964	21 
4965	30 
4966	85 
4967	13 47 50 60 91 122 
4968	41 
4969	138 
4970	141 
4971	53 
4972	18 54 56 64 68 137 
4973	30 33 45 92 96 104 
4974	14 
4975	110 
4976	115 
4977	56 
4978	76 
4979	141 
4980	63 
4981	8 35 85 118 129 149 
4982	79 
4983	146 
4984	125 
4985	106 
4986	59 
4987	45 
4988	14 
4989	63 
4990	126 
4991	122 
4992	140 
4993	138 
4994	21 
4995	131 
4996	83 
4997	125 
4998	60 
4999	138 
5000	44 
