1	89 
2	6 
3	126 
4	11 
5	41 
6	60 
7	5 
8	129 
9	38 
10	129 
11	46 
12	79 
13	72 
14	96 
15	138 
16	56 61 64 136 138 
17	140 
18	46 
19	63 
20	142 
21	53 
22	21 
23	20 
24	31 
25	44 
26	123 
27	50 
28	41 53 100 122 137 
29	6 
30	12 
31	19 
32	53 
33	7 
34	121 
35	51 
36	33 
37	133 
38	131 
39	39 
40	82 
41	137 
42	19 
43	137 
44	142 
45	129 
46	137 
47	46 
48	2 
49	68 
50	102 
51	129 
52	17 
53	11 
54	112 
55	33 
56	6 
57	104 
58	13 38 53 84 141 
59	34 
60	78 
61	20 
62	68 
63	128 
64	88 
65	142 
66	19 
67	17 45 53 103 125 
68	61 
69	142 
70	43 
71	105 
72	60 
73	136 
74	132 
75	38 57 70 97 118 
76	7 
77	23 
78	15 
79	18 
80	85 
81	15 19 45 85 115 
82	102 
83	21 
84	6 13 53 66 83 
85	84 
86	78 
87	22 
88	46 
89	92 
90	47 
91	142 
92	80 
93	82 
94	95 
95	9 
96	8 
97	19 
98	137 
99	86 
100	129 
101	109 
102	136 
103	85 
104	13 16 19 74 142 
105	131 
106	30 
107	142 
108	61 
109	40 
110	107 
111	13 
112	5 
113	8 43 53 80 118 
114	121 
115	95 
116	80 
117	32 61 64 69 115 
118	110 
119	110 
120	3 15 18 103 137 
121	49 
122	80 
123	13 
124	143 
125	15 74 80 126 130 
126	58 
127	13 41 88 126 135 
128	90 
129	86 
130	46 
131	33 
132	16 
133	49 50 57 61 121 
134	18 
135	6 
136	129 
137	124 
138	60 66 72 115 143 
139	19 27 72 84 138 
140	21 
141	19 
142	40 
143	65 
144	66 
145	30 44 45 63 67 
146	71 
147	50 
148	98 
149	29 
150	36 
151	16 
152	4 
153	38 
154	15 
155	93 
156	6 
157	143 
158	96 
159	6 
160	58 
161	43 
162	94 
163	4 37 43 84 118 
164	44 
165	118 
166	81 
167	33 
168	54 
169	41 
170	115 
171	132 
172	71 
173	88 
174	137 
175	47 
176	65 
177	140 
178	45 
179	13 
180	126 
181	90 
182	19 52 74 84 137 
183	5 
184	89 
185	115 
186	21 
187	129 
188	29 
189	58 
190	79 
191	19 
192	121 
193	103 
194	48 
195	34 
196	57 
197	71 
198	132 
199	84 
200	90 
201	97 
202	5 60 61 112 122 
203	141 
204	4 13 38 70 74 
205	23 
206	7 13 36 102 107 
207	46 
208	35 
209	137 
210	142 
211	64 
212	53 
213	48 
214	103 
215	84 
216	116 
217	110 
218	73 
219	105 
220	29 
221	5 
222	103 
223	13 
224	140 
225	103 
226	139 
227	41 
228	61 
229	123 
230	72 
231	78 
232	89 
233	42 
234	66 
235	41 
236	107 
237	84 
238	136 
239	98 
240	141 
241	55 88 90 134 140 
242	121 
243	72 
244	98 
245	44 
246	136 
247	138 
248	46 
249	93 
250	21 
251	90 
252	44 
253	22 
254	64 
255	115 
256	92 
257	123 
258	3 4 34 64 104 
259	43 
260	14 
261	2 
262	81 
263	45 
264	4 17 42 57 130 
265	13 17 44 89 142 
266	64 
267	46 
268	46 
269	15 
270	6 33 35 46 129 
271	19 
272	97 
273	78 
274	62 
275	30 
276	118 
277	80 
278	75 
279	115 
280	46 
281	53 
282	128 
283	21 
284	84 
285	30 
286	18 
287	30 
288	79 
289	105 
290	139 
291	15 17 33 115 118 
292	28 
293	102 
294	67 
295	10 
296	118 
297	113 
298	53 
299	21 
300	25 
301	112 
302	118 
303	13 
304	30 
305	51 
306	55 
307	18 
308	14 
309	48 
310	11 
311	38 
312	23 
313	91 
314	121 
315	96 
316	83 
317	122 
318	35 
319	140 
320	31 55 59 82 132 
321	25 43 126 136 139 
322	59 
323	45 
324	9 
325	108 
326	98 
327	19 
328	38 
329	53 
330	38 60 66 122 123 
331	15 
332	30 
333	90 
334	42 
335	50 
336	33 
337	84 107 121 130 138 
338	45 
339	37 
340	13 
341	122 
342	136 
343	112 
344	45 
345	92 
346	139 
347	113 
348	60 
349	35 
350	7 
351	49 
352	15 
353	42 
354	69 
355	85 
356	29 35 76 110 122 
357	59 
358	86 
359	19 
360	31 
361	129 
362	17 
363	5 
364	70 
365	44 
366	138 
367	142 
368	35 
369	83 
370	76 
371	15 41 89 112 142 
372	55 56 60 103 136 
373	88 
374	31 
375	59 
376	6 
377	8 
378	3 
379	8 
380	50 
381	31 45 51 141 142 
382	143 
383	85 
384	66 
385	75 
386	58 
387	7 
388	94 
389	56 
390	129 
391	30 
392	93 
393	66 
394	43 
395	44 
396	77 
397	38 
398	15 65 75 83 89 
399	16 
400	42 
401	63 
402	122 
403	59 
404	90 
405	3 
406	28 
407	59 
408	121 
409	21 
410	141 
411	40 43 84 98 106 
412	95 
413	120 
414	88 
415	112 
416	78 
417	68 
418	85 
419	19 
420	115 
421	19 
422	136 
423	32 
424	82 
425	60 
426	4 77 86 102 131 
427	31 
428	108 
429	15 
430	81 
431	52 
432	82 
433	107 
434	137 
435	3 
436	71 
437	32 
438	85 
439	92 
440	33 
441	126 
442	75 
443	76 
444	12 
445	19 
446	23 
447	31 
448	129 
449	26 
450	45 
451	44 
452	119 
453	139 
454	120 
455	17 
456	69 
457	98 
458	44 
459	110 
460	112 
461	118 
462	71 
463	73 
464	71 
465	139 
466	108 
467	41 
468	124 
469	21 
470	121 
471	6 
472	89 
473	41 
474	48 49 52 53 133 
475	82 
476	30 
477	65 
478	110 
479	74 
480	43 
481	17 
482	91 
483	3 
484	22 
485	60 
486	9 
487	10 84 95 107 118 
488	127 
489	108 
490	45 
491	126 
492	30 
493	86 
494	121 
495	32 
496	18 21 75 107 110 
497	90 
498	62 
499	136 
500	88 
501	50 
502	41 
503	102 
504	54 
505	85 
506	87 
507	125 
508	58 
509	46 
510	15 
511	123 
512	72 
513	30 
514	111 
515	133 
516	102 
517	49 
518	57 
519	41 
520	5 
521	39 55 65 90 109 
522	8 
523	121 
524	84 
525	137 
526	131 
527	85 
528	16 
529	13 
530	14 
531	142 
532	17 84 96 121 136 
533	61 
534	111 
535	75 
536	50 
537	43 
538	11 47 50 62 118 
539	14 
540	17 30 45 98 132 
541	35 
542	34 
543	107 
544	30 
545	104 
546	2 46 64 93 136 
547	63 
548	80 
549	64 
550	125 
551	120 
552	16 
553	32 101 110 139 141 
554	15 32 52 54 142 
555	7 
556	70 79 104 122 136 
557	77 
558	7 
559	48 
560	72 
561	41 
562	57 61 73 101 131 
563	89 
564	136 
565	138 
566	116 
567	84 
568	34 
569	46 
570	61 
571	61 
572	83 
573	14 
574	17 
575	50 
576	88 
577	103 
578	116 
579	67 
580	53 69 81 102 129 
581	90 
582	13 33 58 139 141 
583	24 55 80 110 122 
584	14 
585	33 
586	35 
587	130 
588	142 
589	114 
590	139 
591	97 
592	4 
593	121 
594	65 74 80 112 125 
595	19 31 97 111 112 
596	131 
597	28 
598	70 
599	131 
600	43 
601	94 
602	32 
603	55 
604	116 
605	140 
606	140 
607	8 
608	11 
609	131 
610	56 
611	77 
612	84 
613	82 
614	19 
615	115 
616	125 
617	19 
618	13 
619	32 
620	63 
621	48 
622	3 30 107 110 126 
623	55 
624	91 
625	79 
626	64 
627	41 
628	92 
629	121 
630	137 
631	49 
632	133 
633	30 
634	64 
635	136 
636	3 11 49 64 102 
637	86 
638	113 
639	126 
640	87 
641	14 
642	13 
643	77 
644	44 
645	63 
646	4 56 66 106 115 
647	72 
648	85 
649	82 
650	82 
651	7 
652	125 
653	7 13 31 110 118 
654	15 56 64 114 123 
655	15 
656	7 60 61 76 109 
657	52 
658	138 
659	74 
660	21 
661	139 
662	11 
663	43 
664	139 
665	126 
666	30 
667	69 
668	30 64 86 132 141 
669	131 
670	121 
671	89 
672	67 
673	4 
674	15 
675	88 
676	120 
677	100 
678	12 31 55 118 143 
679	56 
680	123 
681	103 
682	116 
683	71 
684	32 
685	137 
686	122 
687	50 
688	72 79 89 92 133 
689	84 
690	124 
691	3 
692	15 19 21 87 122 
693	112 
694	139 
695	88 
696	1 2 60 80 136 
697	99 
698	142 
699	139 
700	106 
701	19 
702	34 
703	5 21 55 72 82 
704	27 
705	81 
706	114 
707	38 
708	75 
709	113 
710	55 
711	126 
712	114 
713	45 
714	136 
715	17 
716	106 
717	122 
718	81 
719	35 
720	93 
721	77 
722	84 
723	142 
724	112 
725	84 
726	126 
727	51 
728	109 
729	64 
730	107 
731	137 
732	52 
733	19 
734	81 
735	38 69 72 119 141 
736	23 53 85 108 123 
737	92 
738	1 14 28 31 52 
739	58 
740	112 
741	71 
742	34 
743	45 63 71 103 130 
744	66 
745	58 
746	71 
747	18 66 79 82 101 
748	119 
749	5 
750	60 
751	10 
752	15 16 45 49 112 
753	98 
754	118 
755	139 
756	14 
757	102 
758	46 49 56 59 118 
759	63 
760	107 
761	17 
762	14 
763	82 
764	37 
765	5 
766	38 53 58 79 106 
767	115 
768	6 
769	71 
770	80 
771	84 
772	117 
773	126 
774	60 
775	17 
776	136 
777	21 109 121 122 140 
778	92 
779	45 
780	55 
781	44 
782	15 
783	139 
784	34 
785	31 
786	11 49 63 64 112 
787	126 
788	9 
789	62 
790	46 
791	83 
792	110 
793	123 
794	13 48 64 84 99 
795	130 
796	67 
797	85 
798	139 
799	77 
800	30 
801	43 
802	34 
803	75 
804	84 
805	110 
806	53 
807	16 24 38 52 76 
808	136 
809	129 
810	14 
811	42 79 88 101 125 
812	75 
813	135 
814	137 
815	78 
816	2 
817	31 
818	95 
819	20 
820	23 
821	27 53 59 102 112 
822	134 
823	141 
824	69 
825	49 
826	38 
827	38 
828	19 
829	63 
830	3 
831	115 
832	14 30 71 98 121 
833	58 
834	81 
835	4 61 75 84 130 
836	61 63 80 85 88 
837	118 
838	30 31 76 78 96 
839	112 
840	142 
841	84 
842	13 
843	118 
844	28 
845	84 
846	83 
847	45 
848	55 
849	107 
850	16 
851	16 
852	8 
853	122 
854	123 
855	57 
856	123 
857	86 
858	32 69 89 129 142 
859	62 
860	49 
861	71 
862	15 
863	19 
864	88 
865	46 53 63 95 116 
866	135 
867	47 50 128 131 142 
868	10 41 56 107 130 
869	18 21 56 67 125 
870	22 
871	136 
872	84 
873	20 
874	33 
875	59 
876	68 
877	77 
878	61 
879	108 
880	90 
881	85 
882	43 46 95 132 139 
883	45 
884	28 
885	15 
886	56 
887	68 
888	72 
889	121 
890	57 
891	69 
892	4 
893	56 
894	139 
895	97 
896	7 30 72 84 134 
897	142 
898	102 
899	8 
900	126 
901	25 
902	50 
903	82 
904	8 
905	64 71 72 75 94 
906	74 83 101 102 107 
907	101 
908	141 
909	34 88 133 136 140 
910	15 
911	38 
912	31 
913	110 
914	53 
915	115 
916	75 
917	21 
918	45 
919	61 
920	51 
921	90 
922	102 
923	32 
924	81 
925	2 
926	136 
927	143 
928	67 
929	97 
930	54 
931	138 
932	57 
933	78 
934	51 
935	82 
936	31 
937	96 
938	5 19 38 82 127 
939	60 
940	1 
941	49 
942	98 
943	95 
944	88 
945	123 
946	62 
947	33 
948	139 
949	138 
950	45 
951	90 
952	26 
953	17 88 131 138 139 
954	81 
955	41 
956	103 
957	80 
958	71 
959	37 
960	7 
961	48 
962	101 
963	138 
964	133 
965	139 
966	45 
967	77 
968	94 
969	77 
970	51 
971	99 
972	77 
973	115 
974	45 
975	61 62 67 123 124 
976	43 
977	106 
978	39 
979	83 
980	32 
981	46 
982	29 
983	82 
984	26 
985	14 20 57 104 123 
986	50 
987	80 
988	103 
989	118 
990	85 
991	21 
992	53 
993	76 
994	67 
995	13 21 30 34 65 
996	17 
997	66 
998	52 
999	139 
1000	62 
1001	34 
1002	141 
1003	37 
1004	37 
1005	12 
1006	25 
1007	142 
1008	76 
1009	69 
1010	38 
1011	2 36 53 55 106 
1012	56 
1013	88 
1014	110 
1015	44 
1016	103 
1017	15 
1018	54 
1019	14 
1020	43 
1021	113 
1022	45 
1023	93 
1024	106 
1025	76 
1026	93 
1027	33 
1028	125 
1029	133 
1030	59 
1031	101 
1032	13 
1033	71 
1034	48 
1035	65 
1036	79 
1037	96 
1038	19 
1039	61 
1040	71 
1041	10 
1042	95 
1043	56 
1044	139 
1045	53 
1046	131 
1047	12 28 84 105 126 
1048	143 
1049	13 
1050	31 
1051	9 
1052	133 
1053	126 
1054	12 81 84 88 108 
1055	4 
1056	126 
1057	134 
1058	90 
1059	59 
1060	55 
1061	98 
1062	118 
1063	102 
1064	104 
1065	19 36 58 117 118 
1066	114 
1067	11 
1068	33 
1069	69 
1070	71 
1071	141 
1072	82 
1073	134 
1074	92 
1075	85 
1076	17 26 51 53 130 
1077	30 
1078	137 
1079	69 
1080	65 
1081	61 
1082	80 
1083	16 35 69 115 133 
1084	47 
1085	122 
1086	31 
1087	57 
1088	56 79 121 123 131 
1089	43 
1090	137 
1091	27 
1092	21 
1093	66 
1094	73 
1095	13 
1096	57 
1097	5 
1098	28 
1099	85 
1100	69 
1101	16 
1102	53 
1103	63 
1104	43 
1105	1 
1106	85 
1107	72 
1108	61 
1109	121 
1110	7 
1111	34 
1112	80 
1113	15 
1114	127 
1115	21 
1116	101 
1117	62 
1118	59 
1119	47 
1120	140 
1121	121 
1122	76 
1123	2 
1124	38 
1125	98 
1126	15 21 41 121 127 
1127	17 
1128	73 
1129	139 
1130	24 
1131	59 
1132	84 
1133	57 
1134	26 
1135	3 19 33 57 66 
1136	115 
1137	137 
1138	74 
1139	79 
1140	109 
1141	46 58 78 138 139 
1142	30 
1143	100 
1144	48 
1145	38 
1146	88 90 97 107 118 
1147	29 
1148	5 10 115 123 138 
1149	8 
1150	103 
1151	129 
1152	17 39 78 103 123 
1153	117 
1154	67 
1155	143 
1156	17 18 45 66 141 
1157	46 112 121 134 142 
1158	118 
1159	15 
1160	64 
1161	34 
1162	64 
1163	56 
1164	103 
1165	83 
1166	33 
1167	107 
1168	45 
1169	13 16 56 92 116 
1170	110 
1171	84 
1172	88 
1173	47 
1174	74 
1175	57 
1176	89 
1177	31 
1178	63 
1179	38 
1180	142 
1181	74 
1182	115 
1183	38 
1184	102 
1185	82 
1186	87 
1187	118 
1188	69 
1189	4 
1190	75 
1191	7 
1192	107 
1193	17 50 58 112 130 
1194	37 
1195	47 
1196	72 
1197	125 
1198	100 
1199	12 
1200	18 
1201	113 
1202	14 17 48 58 126 
1203	90 
1204	96 
1205	54 
1206	131 
1207	45 
1208	126 
1209	38 
1210	77 
1211	131 
1212	84 
1213	138 
1214	55 
1215	58 
1216	122 
1217	122 
1218	61 
1219	65 
1220	46 
1221	2 19 74 131 141 
1222	102 
1223	133 
1224	107 
1225	80 
1226	16 
1227	12 
1228	11 
1229	30 
1230	15 
1231	126 
1232	80 
1233	72 
1234	103 
1235	9 
1236	15 
1237	85 
1238	46 
1239	17 32 47 80 102 
1240	111 
1241	123 
1242	19 
1243	109 
1244	72 
1245	56 
1246	116 
1247	64 
1248	41 
1249	20 
1250	19 
1251	121 
1252	47 
1253	6 
1254	53 
1255	57 
1256	104 
1257	34 
1258	127 
1259	126 
1260	110 
1261	80 
1262	96 
1263	44 
1264	76 
1265	18 
1266	104 
1267	5 15 53 75 122 
1268	9 
1269	56 
1270	30 
1271	16 
1272	36 46 50 88 136 
1273	13 
1274	19 
1275	120 
1276	30 
1277	9 
1278	119 
1279	115 
1280	69 
1281	11 44 100 125 131 
1282	104 
1283	85 
1284	3 
1285	139 
1286	33 
1287	58 
1288	135 
1289	123 
1290	44 51 116 122 136 
1291	41 
1292	108 
1293	28 93 101 104 113 
1294	127 
1295	64 
1296	58 
1297	91 
1298	142 
1299	115 
1300	94 
1301	118 
1302	129 
1303	126 
1304	17 
1305	41 
1306	78 
1307	2 
1308	141 
1309	139 
1310	95 
1311	130 
1312	55 
1313	57 
1314	137 
1315	2 11 65 72 138 
1316	28 
1317	32 
1318	140 
1319	69 
1320	137 
1321	136 
1322	91 
1323	18 
1324	59 
1325	71 
1326	138 
1327	130 
1328	85 
1329	22 
1330	137 
1331	122 
1332	14 
1333	89 
1334	66 
1335	100 
1336	58 
1337	38 
1338	136 
1339	45 
1340	115 
1341	69 
1342	129 
1343	32 
1344	137 
1345	46 
1346	85 
1347	54 
1348	63 
1349	9 14 27 98 137 
1350	8 
1351	34 
1352	70 
1353	45 
1354	70 
1355	28 
1356	85 
1357	14 
1358	55 
1359	43 
1360	69 
1361	123 
1362	136 
1363	38 
1364	115 
1365	13 
1366	42 45 61 72 110 
1367	57 
1368	103 
1369	40 
1370	141 
1371	90 100 112 115 137 
1372	115 
1373	115 
1374	15 
1375	3 
1376	97 
1377	34 
1378	55 
1379	103 
1380	57 
1381	93 
1382	136 
1383	45 
1384	6 
1385	106 
1386	120 
1387	11 17 38 90 139 
1388	112 
1389	121 
1390	136 
1391	5 53 56 57 142 
1392	100 
1393	126 
1394	104 
1395	76 
1396	84 
1397	68 
1398	30 
1399	130 
1400	34 
1401	139 
1402	134 
1403	126 
1404	50 55 107 118 138 
1405	13 
1406	107 
1407	129 
1408	43 
1409	76 84 108 110 114 
1410	39 
1411	57 
1412	41 
1413	8 49 84 107 110 
1414	66 
1415	137 
1416	14 
1417	105 
1418	30 
1419	35 
1420	104 
1421	49 
1422	67 
1423	116 
1424	8 44 57 88 138 
1425	53 
1426	44 
1427	45 
1428	82 
1429	24 
1430	137 
1431	56 
1432	21 
1433	83 
1434	16 
1435	82 
1436	31 
1437	94 
1438	113 
1439	125 
1440	122 
1441	64 
1442	99 
1443	53 
1444	90 
1445	136 
1446	141 
1447	21 
1448	29 
1449	117 
1450	76 
1451	116 
1452	16 
1453	2 
1454	136 
1455	103 
1456	11 
1457	107 
1458	25 
1459	130 
1460	132 
1461	136 
1462	30 38 55 57 74 
1463	28 
1464	137 
1465	37 
1466	98 
1467	119 
1468	66 
1469	25 
1470	43 
1471	36 
1472	82 
1473	15 
1474	23 
1475	19 
1476	77 
1477	121 
1478	15 
1479	97 
1480	18 
1481	50 
1482	136 
1483	126 
1484	121 
1485	140 
1486	35 
1487	101 
1488	90 
1489	125 
1490	12 
1491	41 
1492	108 
1493	51 
1494	112 
1495	42 
1496	136 
1497	78 
1498	42 
1499	122 
1500	108 
1501	118 
1502	52 
1503	101 
1504	13 
1505	139 
1506	98 
1507	121 
1508	11 
1509	93 
1510	3 
1511	69 70 117 124 130 
1512	53 
1513	27 54 62 82 123 
1514	21 
1515	7 
1516	22 
1517	115 
1518	91 
1519	138 
1520	12 18 19 60 61 
1521	69 85 120 132 136 
1522	48 
1523	5 
1524	94 
1525	61 
1526	129 
1527	3 23 45 70 112 
1528	40 
1529	80 
1530	91 
1531	75 
1532	141 
1533	2 
1534	104 
1535	80 
1536	22 
1537	136 
1538	121 
1539	137 
1540	127 
1541	14 
1542	55 
1543	91 
1544	131 
1545	26 
1546	89 
1547	142 
1548	56 
1549	11 38 68 70 75 
1550	128 
1551	142 
1552	6 
1553	15 
1554	30 
1555	142 
1556	79 
1557	22 
1558	79 
1559	81 
1560	18 
1561	90 
1562	112 
1563	142 
1564	15 
1565	131 
1566	84 
1567	33 
1568	67 
1569	80 
1570	60 
1571	59 61 108 120 127 
1572	12 71 83 88 142 
1573	90 
1574	141 
1575	44 
1576	63 
1577	54 
1578	76 
1579	52 
1580	71 
1581	30 
1582	19 44 94 110 129 
1583	96 
1584	13 107 109 122 139 
1585	72 
1586	51 
1587	139 
1588	136 
1589	138 
1590	142 
1591	121 
1592	90 
1593	2 
1594	107 
1595	25 
1596	60 
1597	48 
1598	76 
1599	69 
1600	66 
1601	108 
1602	117 
1603	38 
1604	58 
1605	137 
1606	140 
1607	13 
1608	104 
1609	125 
1610	16 
1611	126 
1612	105 
1613	15 
1614	30 
1615	126 
1616	139 
1617	105 
1618	41 45 55 64 78 
1619	79 
1620	93 
1621	71 
1622	87 
1623	5 24 38 52 126 
1624	103 
1625	75 
1626	87 
1627	22 
1628	23 
1629	122 
1630	56 
1631	43 
1632	13 28 59 126 140 
1633	32 
1634	10 
1635	134 
1636	72 
1637	19 31 83 93 138 
1638	29 32 45 53 117 
1639	129 
1640	129 
1641	17 78 111 114 121 
1642	124 
1643	101 
1644	57 
1645	86 
1646	16 
1647	30 
1648	137 
1649	67 
1650	142 
1651	75 
1652	14 
1653	125 
1654	69 
1655	105 
1656	21 71 88 121 137 
1657	45 
1658	71 
1659	41 
1660	50 
1661	53 66 71 93 113 
1662	10 
1663	15 
1664	21 
1665	74 
1666	64 
1667	72 
1668	22 
1669	126 
1670	38 61 80 95 134 
1671	64 
1672	141 
1673	103 
1674	111 
1675	126 
1676	80 
1677	27 
1678	2 
1679	87 
1680	38 
1681	120 
1682	19 
1683	41 
1684	4 63 71 112 142 
1685	38 
1686	28 
1687	118 
1688	38 
1689	41 
1690	115 
1691	89 
1692	22 
1693	40 
1694	1 
1695	66 
1696	103 
1697	53 
1698	108 
1699	28 
1700	112 
1701	43 
1702	25 
1703	139 
1704	1 30 70 82 106 
1705	139 
1706	56 
1707	19 
1708	81 
1709	21 
1710	63 79 107 118 136 
1711	52 
1712	28 36 49 52 131 
1713	52 
1714	31 
1715	142 
1716	18 
1717	93 
1718	18 85 89 98 115 
1719	102 
1720	26 
1721	31 69 73 84 129 
1722	32 49 61 99 113 
1723	108 
1724	101 
1725	48 
1726	70 
1727	69 
1728	126 
1729	66 
1730	141 
1731	67 
1732	31 
1733	43 
1734	13 38 103 119 137 
1735	115 
1736	85 
1737	2 
1738	68 
1739	77 
1740	38 
1741	103 
1742	4 
1743	85 
1744	8 
1745	6 20 58 85 117 
1746	127 
1747	4 
1748	116 
1749	38 
1750	13 
1751	93 
1752	50 
1753	17 
1754	49 73 95 115 123 
1755	46 
1756	53 
1757	93 
1758	104 
1759	81 
1760	131 
1761	13 
1762	35 
1763	137 
1764	102 
1765	34 46 110 117 135 
1766	15 
1767	7 
1768	121 
1769	86 
1770	34 
1771	114 
1772	71 
1773	74 
1774	21 
1775	3 
1776	118 
1777	67 
1778	5 
1779	83 
1780	69 80 84 128 140 
1781	118 
1782	63 
1783	71 
1784	60 
1785	121 
1786	119 
1787	33 
1788	115 
1789	55 
1790	43 
1791	137 
1792	118 
1793	139 
1794	76 
1795	36 
1796	141 
1797	45 47 59 84 141 
1798	3 
1799	58 
1800	73 
1801	78 
1802	10 
1803	17 
1804	134 
1805	38 
1806	45 
1807	70 
1808	121 
1809	136 
1810	33 
1811	23 
1812	21 53 86 112 117 
1813	53 
1814	97 
1815	58 
1816	98 
1817	42 50 63 84 121 
1818	64 
1819	29 
1820	121 
1821	123 
1822	112 
1823	43 
1824	34 
1825	115 
1826	87 
1827	22 
1828	110 
1829	23 31 84 112 139 
1830	100 
1831	139 
1832	109 
1833	85 
1834	16 
1835	9 
1836	13 15 50 137 142 
1837	34 
1838	91 
1839	24 
1840	98 
1841	74 
1842	30 
1843	42 
1844	75 
1845	138 
1846	6 
1847	78 
1848	32 
1849	74 
1850	119 
1851	121 
1852	114 
1853	127 
1854	28 38 56 102 138 
1855	140 
1856	112 
1857	30 
1858	7 
1859	18 
1860	113 
1861	43 
1862	72 
1863	2 8 46 102 131 
1864	138 
1865	137 
1866	30 
1867	80 
1868	60 
1869	137 
1870	23 
1871	85 
1872	50 56 69 71 97 
1873	35 
1874	45 
1875	55 
1876	43 
1877	126 
1878	15 
1879	10 
1880	21 
1881	142 
1882	143 
1883	105 
1884	82 
1885	133 
1886	116 
1887	4 
1888	113 
1889	9 
1890	92 
1891	92 
1892	20 
1893	137 
1894	110 
1895	34 
1896	13 
1897	7 
1898	84 
1899	59 
1900	65 
1901	107 
1902	35 
1903	136 
1904	4 
1905	21 
1906	83 
1907	115 
1908	123 
1909	119 
1910	9 38 39 61 113 
1911	63 
1912	131 
1913	13 
1914	90 
1915	139 
1916	60 
1917	68 
1918	53 
1919	140 
1920	25 
1921	109 
1922	110 
1923	50 
1924	122 
1925	29 44 61 79 90 
1926	35 
1927	120 
1928	136 
1929	42 
1930	45 
1931	56 
1932	21 65 74 87 89 
1933	99 
1934	58 
1935	44 
1936	121 
1937	13 
1938	137 
1939	21 
1940	138 
1941	126 
1942	106 
1943	32 
1944	32 
1945	21 60 63 76 90 
1946	33 
1947	106 
1948	102 
1949	26 
1950	26 
1951	15 
1952	76 
1953	31 34 55 67 71 
1954	142 
1955	49 
1956	31 
1957	73 
1958	5 47 91 129 142 
1959	129 
1960	14 
1961	103 
1962	17 44 63 65 111 
1963	57 
1964	137 
1965	58 
1966	1 37 91 116 138 
1967	56 
1968	136 
1969	87 
1970	134 
1971	8 
1972	130 
1973	123 
1974	14 
1975	5 33 55 69 136 
1976	16 
1977	28 
1978	131 
1979	71 
1980	64 
1981	88 
1982	7 37 116 118 141 
1983	15 38 116 120 125 
1984	15 22 50 83 123 
1985	84 
1986	59 
1987	89 
1988	105 
1989	52 
1990	8 52 56 63 140 
1991	102 
1992	58 
1993	11 15 23 85 116 
1994	71 
1995	72 
1996	13 15 31 96 102 
1997	63 
1998	45 
1999	67 
2000	37 
2001	45 
2002	63 
2003	113 
2004	21 
2005	78 
2006	9 52 89 102 125 
2007	132 
2008	45 
2009	64 
2010	71 
2011	98 
2012	67 
2013	80 
2014	109 
2015	69 
2016	110 
2017	115 
2018	31 
2019	100 
2020	122 
2021	69 
2022	134 
2023	34 
2024	42 46 104 115 142 
2025	13 55 64 101 125 
2026	65 
2027	83 
2028	21 
2029	129 
2030	50 
2031	137 
2032	89 
2033	71 
2034	111 
2035	6 
2036	11 
2037	25 
2038	50 
2039	64 
2040	112 
2041	19 
2042	121 
2043	68 
2044	135 
2045	116 
2046	2 
2047	91 
2048	69 
2049	46 
2050	59 
2051	106 
2052	41 
2053	137 
2054	70 
2055	74 
2056	2 21 60 61 71 
2057	10 
2058	3 
2059	96 
2060	38 64 75 82 91 
2061	40 
2062	45 
2063	31 83 84 90 141 
2064	17 
2065	124 
2066	49 
2067	90 
2068	99 
2069	118 
2070	39 
2071	53 
2072	136 
2073	17 
2074	21 
2075	124 
2076	21 
2077	50 
2078	21 80 91 98 118 
2079	82 
2080	93 
2081	21 
2082	139 
2083	33 
2084	58 
2085	48 
2086	137 
2087	22 41 102 117 121 
2088	83 
2089	59 
2090	3 
2091	137 
2092	15 21 31 44 47 
2093	30 
2094	45 
2095	49 
2096	18 
2097	107 
2098	75 
2099	107 
2100	33 
2101	71 
2102	14 61 83 89 92 
2103	58 63 103 112 121 
2104	85 
2105	19 
2106	79 
2107	11 
2108	140 
2109	60 71 123 130 133 
2110	85 
2111	95 
2112	97 
2113	141 
2114	60 107 116 121 136 
2115	50 
2116	125 
2117	126 
2118	52 
2119	66 
2120	136 
2121	73 
2122	136 
2123	15 63 85 105 139 
2124	13 
2125	3 
2126	66 
2127	110 
2128	105 
2129	2 
2130	132 
2131	58 
2132	121 
2133	11 
2134	99 
2135	64 
2136	80 
2137	72 76 106 121 130 
2138	35 39 55 75 90 
2139	92 
2140	123 
2141	23 
2142	3 48 112 115 121 
2143	56 
2144	103 
2145	57 
2146	61 
2147	24 
2148	6 50 54 55 131 
2149	17 
2150	138 
2151	20 38 58 118 123 
2152	51 
2153	4 
2154	45 48 53 60 68 
2155	141 
2156	110 
2157	115 
2158	76 
2159	118 
2160	88 
2161	19 31 120 132 142 
2162	99 
2163	30 
2164	35 
2165	7 14 19 103 115 
2166	96 
2167	138 
2168	3 6 38 131 137 
2169	21 
2170	28 
2171	71 
2172	92 
2173	64 
2174	104 
2175	63 
2176	69 
2177	115 
2178	12 71 80 85 128 
2179	118 
2180	34 
2181	10 14 17 105 137 
2182	19 
2183	92 
2184	110 
2185	123 
2186	72 
2187	71 108 115 125 126 
2188	84 
2189	59 
2190	45 
2191	26 
2192	59 
2193	7 
2194	83 
2195	28 
2196	34 
2197	32 51 84 93 112 
2198	136 
2199	44 
2200	50 
2201	53 55 83 135 136 
2202	22 
2203	88 
2204	27 
2205	38 
2206	122 
2207	15 
2208	84 
2209	35 
2210	29 36 69 99 102 
2211	45 
2212	118 
2213	132 
2214	122 
2215	112 
2216	20 35 72 85 128 
2217	44 
2218	139 
2219	88 
2220	6 34 79 88 136 
2221	30 
2222	57 
2223	77 
2224	129 
2225	45 
2226	26 
2227	80 
2228	110 
2229	22 
2230	22 
2231	50 
2232	38 
2233	139 
2234	52 
2235	7 10 12 46 89 
2236	138 
2237	42 
2238	16 29 34 50 142 
2239	66 
2240	16 
2241	30 
2242	80 
2243	7 
2244	4 
2245	30 
2246	29 38 45 82 93 
2247	16 43 49 58 141 
2248	80 
2249	33 
2250	53 
2251	50 
2252	64 
2253	24 63 64 131 138 
2254	140 
2255	2 21 34 81 89 
2256	62 
2257	131 
2258	23 37 45 115 137 
2259	13 
2260	100 
2261	41 
2262	1 
2263	5 
2264	82 
2265	143 
2266	54 
2267	25 50 129 131 142 
2268	82 
2269	107 
2270	41 
2271	54 
2272	100 
2273	69 
2274	105 
2275	63 
2276	52 54 93 112 129 
2277	61 
2278	116 
2279	14 24 54 69 103 
2280	78 
2281	30 
2282	67 
2283	44 
2284	8 
2285	69 
2286	41 
2287	58 
2288	82 
2289	26 
2290	143 
2291	9 66 98 117 119 
2292	113 
2293	44 
2294	135 
2295	125 
2296	41 
2297	88 
2298	84 
2299	66 
2300	55 
2301	49 
2302	46 
2303	66 
2304	141 
2305	14 
2306	30 
2307	59 
2308	21 
2309	54 
2310	116 
2311	107 
2312	57 
2313	85 
2314	126 
2315	20 
2316	97 
2317	18 
2318	116 
2319	74 
2320	80 
2321	83 
2322	7 
2323	11 
2324	62 
2325	60 
2326	30 41 129 136 142 
2327	21 
2328	134 
2329	103 
2330	49 57 81 107 139 
2331	119 
2332	13 
2333	1 52 103 110 129 
2334	120 
2335	10 
2336	101 
2337	123 
2338	81 
2339	41 
2340	88 
2341	98 
2342	83 
2343	120 
2344	122 
2345	131 
2346	140 
2347	141 
2348	123 
2349	35 
2350	45 
2351	6 
2352	83 
2353	74 
2354	46 
2355	15 
2356	82 
2357	38 
2358	104 
2359	83 
2360	6 
2361	92 
2362	11 
2363	57 
2364	16 
2365	14 
2366	54 
2367	31 
2368	125 
2369	116 
2370	101 
2371	115 
2372	77 
2373	71 
2374	131 
2375	139 
2376	121 
2377	79 
2378	20 
2379	67 
2380	137 
2381	31 
2382	23 
2383	27 34 114 120 139 
2384	94 
2385	8 
2386	61 81 88 126 129 
2387	11 
2388	93 
2389	22 
2390	84 
2391	99 
2392	81 
2393	83 
2394	126 
2395	105 
2396	126 
2397	82 
2398	102 
2399	122 
2400	56 
2401	140 
2402	6 
2403	137 
2404	34 
2405	53 
2406	96 
2407	50 71 84 107 108 
2408	115 
2409	64 
2410	83 
2411	66 84 91 105 112 
2412	127 
2413	106 
2414	55 
2415	119 
2416	41 
2417	107 
2418	44 
2419	1 
2420	62 
2421	116 
2422	92 
2423	33 47 79 128 138 
2424	72 
2425	122 
2426	123 
2427	41 63 77 87 109 
2428	95 
2429	1 
2430	2 
2431	32 
2432	21 
2433	128 
2434	137 
2435	115 
2436	106 
2437	8 
2438	27 
2439	14 
2440	76 
2441	119 
2442	131 
2443	19 62 103 107 137 
2444	112 
2445	68 
2446	136 
2447	33 
2448	38 
2449	72 
2450	16 
2451	136 
2452	84 
2453	142 
2454	80 
2455	75 
2456	102 
2457	114 
2458	135 
2459	79 
2460	92 115 136 137 141 
2461	71 
2462	41 
2463	137 
2464	143 
2465	16 20 33 60 139 
2466	7 11 23 57 61 
2467	53 
2468	20 30 34 115 118 
2469	131 
2470	92 
2471	41 
2472	33 44 83 102 124 
2473	139 
2474	60 
2475	72 
2476	130 
2477	13 
2478	107 
2479	139 
2480	69 
2481	125 
2482	43 
2483	115 
2484	34 60 62 122 135 
2485	65 
2486	21 
2487	30 105 119 129 138 
2488	142 
2489	19 
2490	133 
2491	108 
2492	131 
2493	107 
2494	56 
2495	40 84 107 125 128 
2496	79 
2497	43 85 111 115 117 
2498	53 
2499	19 
2500	119 
2501	73 
2502	120 
2503	4 
2504	106 
2505	142 
2506	77 
2507	14 39 41 56 139 
2508	15 
2509	142 
2510	101 
2511	69 
2512	31 
2513	68 
2514	82 
2515	34 
2516	121 
2517	71 
2518	94 
2519	12 
2520	87 
2521	118 
2522	132 
2523	41 
2524	6 32 58 92 102 
2525	138 
2526	66 
2527	51 
2528	108 
2529	37 
2530	43 
2531	97 
2532	138 
2533	89 
2534	3 
2535	31 
2536	89 
2537	135 
2538	49 
2539	106 
2540	49 
2541	19 53 85 107 131 
2542	66 
2543	31 
2544	138 
2545	2 
2546	140 
2547	117 
2548	129 
2549	47 
2550	38 
2551	97 
2552	126 
2553	13 
2554	60 
2555	103 
2556	31 
2557	133 
2558	139 
2559	9 66 75 86 102 
2560	31 
2561	80 
2562	57 
2563	32 
2564	103 
2565	84 
2566	138 
2567	19 
2568	95 
2569	66 
2570	51 
2571	141 
2572	102 
2573	84 
2574	139 
2575	15 39 52 82 112 
2576	74 
2577	71 
2578	126 
2579	41 
2580	130 
2581	13 
2582	84 
2583	31 
2584	60 83 92 119 142 
2585	92 
2586	45 46 58 61 102 
2587	141 
2588	121 
2589	62 
2590	106 
2591	18 
2592	112 
2593	80 
2594	9 
2595	76 
2596	85 
2597	66 
2598	131 
2599	45 
2600	15 
2601	68 
2602	87 
2603	41 
2604	15 
2605	5 
2606	123 
2607	45 
2608	121 
2609	64 
2610	15 34 49 87 103 
2611	63 
2612	56 
2613	60 66 89 117 123 
2614	38 
2615	57 
2616	112 
2617	127 
2618	102 
2619	38 
2620	2 
2621	13 
2622	77 
2623	39 
2624	58 
2625	24 
2626	134 
2627	46 
2628	59 
2629	140 
2630	77 
2631	19 
2632	137 
2633	111 
2634	97 
2635	61 
2636	1 
2637	111 
2638	83 
2639	141 
2640	90 
2641	1 
2642	28 
2643	15 
2644	37 
2645	7 
2646	126 
2647	76 
2648	24 
2649	65 
2650	41 75 90 117 126 
2651	54 
2652	33 
2653	51 
2654	85 
2655	34 
2656	82 
2657	119 
2658	115 
2659	76 
2660	94 
2661	79 
2662	38 46 95 110 141 
2663	41 
2664	106 
2665	88 
2666	34 
2667	83 
2668	80 
2669	137 
2670	13 17 59 90 136 
2671	69 
2672	26 
2673	61 
2674	30 
2675	95 
2676	56 
2677	16 
2678	15 19 53 104 129 
2679	38 
2680	46 47 63 117 137 
2681	53 80 82 85 110 
2682	129 
2683	21 
2684	56 
2685	129 
2686	43 74 75 83 121 
2687	122 
2688	50 59 83 105 137 
2689	63 
2690	99 
2691	51 
2692	111 
2693	90 
2694	13 58 59 80 129 
2695	19 
2696	117 
2697	120 
2698	61 
2699	71 87 98 103 125 
2700	30 
2701	86 
2702	89 
2703	38 53 60 74 93 
2704	101 
2705	21 44 83 124 134 
2706	50 
2707	74 
2708	79 
2709	118 
2710	13 
2711	106 
2712	49 
2713	98 
2714	7 
2715	131 
2716	116 
2717	21 
2718	76 
2719	131 
2720	42 
2721	17 60 75 90 102 
2722	21 
2723	21 
2724	97 
2725	23 35 71 107 121 
2726	5 
2727	26 34 46 106 133 
2728	129 
2729	63 
2730	60 
2731	140 
2732	85 
2733	139 
2734	97 
2735	16 86 116 122 133 
2736	37 106 108 123 131 
2737	122 
2738	27 
2739	46 
2740	96 
2741	53 
2742	27 50 121 122 131 
2743	45 
2744	131 
2745	67 
2746	119 
2747	92 118 122 133 136 
2748	84 
2749	2 
2750	53 
2751	126 
2752	102 
2753	14 
2754	7 
2755	112 
2756	114 
2757	1 11 58 80 140 
2758	38 
2759	46 
2760	31 84 104 112 125 
2761	21 
2762	56 
2763	48 
2764	100 
2765	59 
2766	52 72 83 96 142 
2767	56 
2768	38 
2769	80 
2770	132 
2771	107 
2772	56 
2773	105 
2774	80 
2775	4 
2776	51 
2777	131 
2778	34 
2779	104 
2780	54 
2781	78 
2782	112 
2783	37 
2784	68 
2785	49 
2786	127 
2787	6 
2788	8 
2789	138 
2790	45 
2791	11 12 19 108 125 
2792	71 
2793	142 
2794	85 
2795	58 
2796	115 
2797	2 
2798	93 
2799	31 
2800	76 
2801	71 
2802	121 
2803	80 
2804	139 
2805	1 11 47 110 112 
2806	88 
2807	89 
2808	50 
2809	16 59 63 67 140 
2810	102 
2811	89 
2812	118 
2813	85 
2814	142 
2815	36 
2816	82 
2817	125 
2818	127 
2819	125 
2820	15 
2821	32 
2822	18 
2823	19 
2824	85 
2825	52 
2826	129 
2827	117 
2828	106 
2829	139 
2830	85 
2831	122 
2832	50 
2833	25 
2834	60 
2835	107 
2836	46 
2837	60 
2838	16 
2839	113 
2840	26 
2841	91 
2842	81 
2843	92 
2844	17 24 25 55 92 
2845	32 
2846	89 
2847	141 
2848	17 69 135 139 142 
2849	79 
2850	38 
2851	118 
2852	4 14 38 119 137 
2853	37 
2854	17 
2855	121 
2856	108 
2857	101 
2858	75 
2859	84 
2860	55 
2861	13 
2862	102 
2863	15 
2864	55 
2865	37 
2866	136 
2867	138 
2868	45 
2869	77 
2870	139 
2871	41 
2872	58 
2873	115 
2874	136 
2875	69 
2876	116 
2877	8 
2878	14 
2879	131 
2880	39 
2881	44 
2882	53 
2883	31 
2884	59 
2885	5 45 55 61 118 
2886	126 
2887	31 
2888	141 
2889	31 
2890	79 
2891	89 
2892	126 
2893	16 
2894	38 48 72 122 124 
2895	110 
2896	47 
2897	53 55 60 125 139 
2898	88 
2899	34 
2900	49 
2901	46 
2902	61 
2903	1 41 82 88 111 
2904	79 
2905	82 
2906	83 
2907	15 
2908	136 
2909	120 
2910	44 
2911	56 
2912	3 
2913	15 
2914	129 
2915	58 
2916	106 
2917	49 
2918	129 
2919	38 
2920	27 
2921	22 
2922	55 
2923	84 
2924	30 
2925	61 
2926	18 
2927	29 
2928	106 
2929	52 
2930	2 17 97 129 143 
2931	62 
2932	15 
2933	77 
2934	58 
2935	75 
2936	99 
2937	121 
2938	72 
2939	136 
2940	85 
2941	45 
2942	14 
2943	9 34 51 58 75 
2944	53 
2945	13 
2946	15 55 102 105 129 
2947	16 
2948	110 
2949	27 
2950	54 
2951	115 
2952	129 
2953	106 
2954	18 
2955	58 
2956	121 
2957	55 
2958	138 
2959	95 
2960	129 
2961	52 
2962	50 
2963	45 
2964	121 
2965	19 
2966	85 
2967	17 24 43 66 104 
2968	71 
2969	38 
2970	15 
2971	55 
2972	19 
2973	142 
2974	137 
2975	125 
2976	83 
2977	137 
2978	80 
2979	104 
2980	20 
2981	16 
2982	69 
2983	70 
2984	78 
2985	41 
2986	122 
2987	112 
2988	17 
2989	136 
2990	121 
2991	21 114 116 131 139 
2992	124 
2993	39 
2994	30 
2995	136 
2996	96 
2997	140 
2998	16 32 39 55 60 
2999	98 
3000	141 
3001	98 
3002	68 
3003	85 
3004	61 
3005	114 
3006	142 
3007	142 
3008	5 
3009	7 
3010	38 
3011	125 
3012	141 
3013	51 
3014	52 
3015	72 
3016	115 
3017	57 
3018	34 
3019	49 
3020	90 
3021	33 
3022	95 
3023	30 
3024	41 
3025	55 
3026	129 
3027	59 83 98 117 121 
3028	137 
3029	48 
3030	43 
3031	19 
3032	15 
3033	61 
3034	129 
3035	59 
3036	41 
3037	64 
3038	136 
3039	16 32 46 50 125 
3040	16 
3041	90 
3042	53 
3043	57 77 79 108 125 
3044	49 
3045	60 
3046	60 
3047	124 
3048	50 
3049	118 
3050	2 56 58 66 75 
3051	78 
3052	49 
3053	137 
3054	36 
3055	31 38 81 120 131 
3056	106 
3057	2 37 64 68 110 
3058	80 
3059	102 
3060	30 60 78 96 137 
3061	53 
3062	136 
3063	54 
3064	75 
3065	10 28 67 86 131 
3066	112 
3067	48 
3068	18 
3069	7 14 27 60 140 
3070	16 
3071	78 
3072	83 
3073	51 
3074	131 
3075	129 
3076	64 
3077	121 
3078	80 
3079	55 
3080	121 
3081	91 
3082	115 
3083	55 
3084	55 
3085	73 
3086	135 
3087	85 
3088	112 
3089	80 
3090	41 59 88 111 141 
3091	50 
3092	30 43 47 80 97 
3093	15 
3094	122 
3095	133 
3096	60 
3097	14 32 37 74 128 
3098	14 
3099	88 
3100	126 
3101	41 
3102	63 
3103	8 
3104	113 
3105	110 
3106	112 
3107	43 
3108	43 
3109	109 
3110	118 
3111	76 
3112	31 
3113	10 
3114	102 
3115	17 19 83 122 142 
3116	81 
3117	107 
3118	14 
3119	47 
3120	104 
3121	56 
3122	67 
3123	130 
3124	110 
3125	117 
3126	46 56 73 103 106 
3127	123 
3128	6 
3129	80 
3130	80 
3131	70 
3132	89 
3133	124 
3134	139 
3135	61 
3136	49 
3137	60 
3138	72 
3139	28 
3140	33 
3141	38 
3142	97 
3143	66 
3144	117 
3145	69 
3146	87 
3147	92 
3148	64 
3149	99 
3150	85 
3151	28 66 91 130 140 
3152	112 
3153	79 
3154	16 
3155	129 
3156	129 
3157	104 
3158	45 
3159	30 
3160	56 
3161	82 
3162	24 
3163	18 
3164	19 
3165	21 
3166	46 
3167	1 
3168	15 
3169	140 
3170	118 
3171	141 
3172	23 25 36 122 141 
3173	10 
3174	127 
3175	3 
3176	21 
3177	13 16 34 48 50 
3178	45 
3179	92 
3180	61 
3181	38 68 91 135 139 
3182	16 
3183	6 34 38 53 96 
3184	31 
3185	50 64 89 110 121 
3186	105 
3187	50 
3188	64 
3189	28 
3190	134 
3191	57 
3192	30 
3193	45 
3194	8 21 58 130 139 
3195	71 
3196	27 
3197	36 59 64 72 132 
3198	56 58 69 117 138 
3199	32 
3200	85 
3201	72 
3202	102 
3203	123 
3204	118 
3205	1 
3206	55 
3207	58 
3208	28 44 71 90 121 
3209	46 47 52 84 139 
3210	16 17 83 119 141 
3211	142 
3212	103 
3213	41 
3214	30 
3215	101 
3216	29 
3217	28 
3218	85 
3219	83 
3220	49 
3221	112 
3222	69 
3223	121 
3224	38 
3225	41 
3226	2 
3227	81 116 123 126 142 
3228	41 
3229	93 
3230	124 
3231	56 
3232	17 19 110 112 121 
3233	21 
3234	140 
3235	67 
3236	71 
3237	89 
3238	85 
3239	76 
3240	13 
3241	112 
3242	6 104 105 113 138 
3243	19 
3244	47 
3245	38 
3246	4 
3247	25 
3248	9 
3249	36 
3250	136 
3251	112 
3252	2 63 114 129 136 
3253	143 
3254	107 
3255	21 
3256	90 
3257	69 79 88 130 142 
3258	80 83 90 115 121 
3259	93 
3260	121 
3261	49 
3262	140 
3263	139 
3264	42 
3265	21 
3266	118 
3267	118 
3268	142 
3269	125 
3270	26 
3271	85 
3272	35 
3273	136 
3274	114 
3275	33 
3276	2 18 75 116 141 
3277	53 
3278	8 90 106 113 121 
3279	19 
3280	38 
3281	137 
3282	26 72 84 85 138 
3283	136 
3284	71 
3285	36 
3286	102 
3287	109 
3288	56 
3289	23 
3290	19 35 58 64 139 
3291	41 
3292	85 
3293	141 
3294	13 36 72 90 102 
3295	79 
3296	133 
3297	121 
3298	55 
3299	15 
3300	61 
3301	21 
3302	74 
3303	104 
3304	9 
3305	105 
3306	7 
3307	104 
3308	120 
3309	56 
3310	132 
3311	132 
3312	91 
3313	21 
3314	85 
3315	50 
3316	57 
3317	131 
3318	45 
3319	60 
3320	139 
3321	21 
3322	46 
3323	8 106 107 120 143 
3324	129 
3325	10 
3326	107 
3327	35 37 71 137 141 
3328	21 37 69 82 110 
3329	116 
3330	76 
3331	128 
3332	63 
3333	80 
3334	102 
3335	16 
3336	88 
3337	63 
3338	97 
3339	15 39 66 70 106 
3340	132 
3341	46 
3342	103 
3343	41 
3344	31 
3345	68 
3346	141 
3347	103 
3348	141 
3349	50 
3350	39 
3351	15 
3352	15 
3353	102 
3354	69 
3355	141 
3356	121 
3357	94 
3358	34 
3359	140 
3360	80 
3361	96 
3362	46 
3363	29 
3364	139 
3365	7 
3366	79 
3367	88 
3368	129 
3369	14 
3370	3 
3371	30 57 107 116 140 
3372	123 
3373	14 65 81 116 128 
3374	69 
3375	80 
3376	137 
3377	61 
3378	114 
3379	88 
3380	121 
3381	36 
3382	129 
3383	40 
3384	118 
3385	31 
3386	137 
3387	132 
3388	53 
3389	36 
3390	92 
3391	69 
3392	94 
3393	129 
3394	30 
3395	122 
3396	86 
3397	80 
3398	38 43 57 85 137 
3399	131 
3400	109 
3401	30 
3402	34 46 55 95 107 
3403	53 
3404	19 
3405	41 55 56 80 85 
3406	8 
3407	50 
3408	87 
3409	34 
3410	83 
3411	50 
3412	78 
3413	79 
3414	40 
3415	107 
3416	55 68 75 100 128 
3417	96 
3418	136 
3419	4 
3420	28 39 75 82 125 
3421	79 
3422	42 
3423	138 
3424	20 
3425	141 
3426	44 
3427	137 
3428	124 
3429	21 
3430	45 
3431	140 
3432	115 
3433	75 
3434	131 
3435	51 
3436	117 
3437	17 
3438	23 
3439	13 
3440	39 66 106 109 118 
3441	95 
3442	49 
3443	55 
3444	100 
3445	8 
3446	5 
3447	11 
3448	27 
3449	41 
3450	38 53 110 126 139 
3451	30 
3452	4 9 14 22 138 
3453	5 
3454	42 
3455	138 
3456	107 
3457	50 
3458	6 
3459	98 
3460	46 
3461	34 
3462	18 45 49 55 74 
3463	15 
3464	53 64 71 76 107 
3465	56 
3466	1 
3467	107 
3468	78 
3469	50 
3470	121 
3471	21 
3472	123 
3473	26 
3474	89 
3475	125 
3476	114 
3477	80 
3478	142 
3479	69 
3480	53 
3481	66 
3482	74 
3483	59 
3484	83 
3485	20 30 59 88 120 
3486	129 
3487	49 
3488	30 
3489	16 
3490	50 
3491	38 
3492	56 
3493	137 
3494	19 
3495	120 
3496	132 
3497	104 
3498	143 
3499	114 
3500	21 39 90 131 137 
3501	7 
3502	23 34 76 121 128 
3503	14 
3504	126 
3505	51 
3506	123 
3507	49 
3508	103 
3509	45 
3510	11 
3511	101 
3512	116 
3513	40 
3514	68 
3515	129 
3516	132 
3517	70 
3518	129 
3519	5 
3520	60 83 110 115 138 
3521	126 
3522	16 
3523	131 
3524	72 
3525	139 
3526	19 26 74 105 126 
3527	121 
3528	13 
3529	35 
3530	107 111 112 130 131 
3531	60 
3532	143 
3533	97 
3534	14 
3535	87 
3536	47 
3537	28 
3538	112 
3539	67 
3540	26 
3541	21 
3542	112 
3543	80 
3544	16 41 43 46 86 
3545	7 
3546	120 
3547	82 
3548	100 
3549	56 
3550	15 
3551	74 
3552	124 
3553	76 
3554	54 
3555	31 
3556	69 
3557	131 
3558	90 
3559	122 
3560	89 
3561	52 
3562	64 
3563	87 
3564	82 
3565	137 
3566	107 
3567	45 
3568	56 
3569	143 
3570	62 89 90 112 121 
3571	15 40 76 78 121 
3572	56 
3573	101 
3574	25 
3575	74 
3576	139 
3577	66 
3578	121 
3579	28 
3580	112 
3581	106 
3582	121 
3583	55 
3584	131 
3585	11 21 65 75 84 
3586	129 
3587	46 
3588	101 
3589	49 
3590	15 
3591	33 38 51 62 117 
3592	19 
3593	11 
3594	35 
3595	66 
3596	50 
3597	78 
3598	87 
3599	97 
3600	5 37 107 110 123 
3601	60 
3602	123 
3603	11 
3604	6 30 44 103 125 
3605	45 50 85 121 129 
3606	46 49 56 60 90 
3607	12 
3608	81 
3609	28 
3610	142 
3611	102 
3612	34 
3613	142 
3614	16 
3615	41 
3616	30 48 100 126 139 
3617	58 
3618	21 
3619	89 
3620	116 
3621	107 
3622	68 
3623	28 
3624	66 
3625	17 
3626	49 
3627	58 
3628	21 40 90 124 139 
3629	14 
3630	55 
3631	129 
3632	69 
3633	73 
3634	114 
3635	107 
3636	77 
3637	71 
3638	32 
3639	83 
3640	36 
3641	45 
3642	115 
3643	58 
3644	65 
3645	53 
3646	33 51 67 83 88 
3647	136 
3648	57 
3649	99 
3650	60 
3651	82 
3652	61 
3653	45 
3654	1 
3655	43 
3656	103 
3657	85 
3658	60 
3659	140 
3660	60 
3661	14 
3662	55 
3663	18 
3664	15 
3665	109 
3666	8 
3667	53 61 78 84 111 
3668	89 
3669	75 
3670	17 
3671	31 
3672	41 
3673	73 
3674	143 
3675	118 
3676	141 
3677	114 
3678	74 80 85 120 133 
3679	55 
3680	16 
3681	7 
3682	142 
3683	66 
3684	71 
3685	108 
3686	104 
3687	19 46 103 121 134 
3688	52 
3689	51 
3690	90 
3691	127 
3692	90 
3693	129 
3694	142 
3695	28 
3696	112 
3697	8 
3698	31 
3699	104 
3700	30 
3701	80 
3702	79 
3703	69 
3704	19 53 66 118 125 
3705	131 
3706	34 
3707	117 
3708	131 
3709	110 
3710	47 
3711	102 
3712	66 
3713	23 
3714	80 
3715	102 
3716	76 
3717	134 
3718	58 
3719	118 
3720	70 
3721	43 
3722	55 
3723	52 
3724	71 
3725	116 
3726	47 
3727	11 
3728	54 
3729	86 
3730	137 
3731	57 
3732	125 
3733	21 
3734	137 
3735	62 64 82 104 138 
3736	17 40 45 77 142 
3737	139 
3738	56 
3739	60 
3740	114 
3741	26 
3742	82 
3743	34 
3744	43 
3745	117 
3746	46 
3747	51 
3748	137 
3749	115 
3750	116 
3751	98 
3752	53 75 88 104 112 
3753	61 
3754	117 
3755	14 
3756	6 28 107 112 129 
3757	29 
3758	98 
3759	31 
3760	139 
3761	41 
3762	5 
3763	84 
3764	101 
3765	34 
3766	136 
3767	75 
3768	99 
3769	107 
3770	116 
3771	25 
3772	26 
3773	30 
3774	21 
3775	74 
3776	109 
3777	137 
3778	51 
3779	39 55 97 111 112 
3780	104 
3781	105 
3782	41 
3783	131 
3784	44 
3785	39 
3786	141 
3787	55 
3788	135 
3789	44 
3790	117 
3791	51 
3792	135 
3793	42 55 60 84 129 
3794	122 
3795	74 
3796	85 
3797	97 
3798	129 
3799	87 
3800	91 
3801	104 
3802	69 
3803	69 
3804	5 
3805	34 
3806	106 
3807	107 
3808	23 
3809	118 
3810	21 
3811	85 
3812	35 
3813	75 
3814	68 
3815	142 
3816	9 90 92 123 136 
3817	5 
3818	137 
3819	44 
3820	39 
3821	68 
3822	81 
3823	80 
3824	49 
3825	19 
3826	82 
3827	122 
3828	132 
3829	44 
3830	28 
3831	49 
3832	22 
3833	140 
3834	80 
3835	30 
3836	141 
3837	76 
3838	59 
3839	26 
3840	48 
3841	142 
3842	13 
3843	46 
3844	34 
3845	17 37 56 107 124 
3846	48 
3847	3 
3848	86 
3849	55 
3850	134 
3851	34 
3852	46 
3853	81 
3854	14 24 45 73 139 
3855	22 
3856	66 
3857	71 
3858	141 
3859	142 
3860	82 
3861	6 
3862	72 
3863	34 
3864	123 
3865	91 
3866	10 
3867	120 
3868	80 
3869	137 
3870	110 
3871	19 
3872	13 
3873	19 
3874	99 
3875	46 
3876	126 
3877	66 
3878	136 
3879	72 
3880	92 
3881	142 
3882	99 
3883	4 
3884	59 
3885	67 
3886	71 
3887	121 
3888	17 
3889	111 
3890	121 
3891	30 35 71 74 109 
3892	31 
3893	86 
3894	115 
3895	90 
3896	131 
3897	35 
3898	92 
3899	71 
3900	7 
3901	23 
3902	21 26 69 82 142 
3903	53 
3904	84 
3905	28 41 55 125 131 
3906	21 31 98 100 118 
3907	5 27 49 66 131 
3908	88 
3909	117 
3910	3 
3911	62 
3912	12 45 64 70 82 
3913	98 
3914	27 
3915	33 
3916	83 
3917	28 
3918	114 
3919	31 
3920	103 
3921	31 
3922	124 
3923	35 
3924	21 
3925	49 
3926	105 
3927	31 
3928	53 
3929	102 
3930	64 
3931	58 
3932	56 
3933	138 
3934	40 
3935	30 
3936	48 
3937	19 
3938	4 44 64 80 99 
3939	122 
3940	124 
3941	56 
3942	99 
3943	103 
3944	62 
3945	91 
3946	56 
3947	92 
3948	23 31 34 48 135 
3949	58 
3950	110 
3951	71 
3952	140 
3953	19 
3954	101 
3955	122 
3956	37 
3957	7 
3958	141 
3959	106 
3960	76 
3961	30 
3962	44 
3963	136 
3964	53 
3965	83 
3966	5 6 49 124 135 
3967	115 
3968	142 
3969	54 
3970	97 
3971	35 
3972	31 
3973	45 
3974	86 
3975	39 
3976	32 
3977	106 
3978	38 
3979	83 
3980	21 
3981	71 
3982	61 
3983	29 
3984	32 34 45 54 81 
3985	49 
3986	84 
3987	62 
3988	9 
3989	125 
3990	60 
3991	13 49 72 73 118 
3992	59 
3993	12 
3994	136 
3995	38 
3996	50 
3997	124 
3998	6 
3999	134 
4000	44 
4001	55 
4002	61 
4003	38 46 53 117 134 
4004	90 
4005	69 
4006	40 
4007	79 
4008	130 
4009	27 
4010	124 
4011	69 85 105 121 131 
4012	110 
4013	57 
4014	69 85 91 97 122 
4015	92 
4016	3 11 74 129 131 
4017	95 
4018	71 
4019	1 
4020	30 
4021	115 
4022	103 
4023	53 
4024	72 
4025	88 
4026	64 
4027	137 
4028	53 64 73 94 135 
4029	10 
4030	14 
4031	57 
4032	83 
4033	76 
4034	11 
4035	120 
4036	49 
4037	81 
4038	72 
4039	40 
4040	89 
4041	30 
4042	21 
4043	42 79 88 117 137 
4044	73 
4045	58 
4046	55 
4047	139 
4048	21 34 59 102 123 
4049	43 
4050	123 
4051	16 
4052	15 
4053	55 
4054	107 
4055	84 
4056	30 
4057	38 
4058	72 
4059	11 
4060	55 
4061	81 
4062	39 
4063	31 62 80 104 118 
4064	123 
4065	13 46 48 91 126 
4066	76 
4067	128 
4068	34 
4069	63 
4070	18 
4071	13 41 65 70 126 
4072	30 
4073	17 
4074	119 
4075	85 
4076	106 
4077	90 
4078	14 
4079	119 
4080	56 
4081	56 
4082	45 
4083	17 45 84 87 126 
4084	141 
4085	142 
4086	105 
4087	105 
4088	72 
4089	37 
4090	71 
4091	58 84 104 107 109 
4092	111 
4093	11 28 35 90 108 
4094	53 
4095	135 
4096	12 32 54 70 107 
4097	136 
4098	8 84 122 126 132 
4099	62 
4100	73 
4101	20 
4102	63 
4103	69 
4104	40 
4105	110 
4106	84 
4107	38 
4108	74 
4109	10 
4110	93 
4111	9 
4112	19 47 65 88 92 
4113	55 
4114	7 
4115	115 
4116	109 
4117	31 
4118	38 
4119	118 
4120	30 
4121	53 
4122	74 
4123	45 
4124	87 
4125	30 
4126	15 68 129 137 141 
4127	38 
4128	79 
4129	139 
4130	76 
4131	55 
4132	136 
4133	127 
4134	3 
4135	117 
4136	112 
4137	95 
4138	17 43 49 85 139 
4139	129 
4140	55 
4141	55 
4142	13 
4143	72 
4144	142 
4145	14 
4146	75 
4147	138 
4148	89 
4149	46 
4150	137 
4151	115 
4152	137 
4153	81 
4154	64 
4155	67 
4156	137 
4157	10 
4158	20 
4159	13 
4160	39 
4161	124 
4162	7 
4163	8 
4164	78 
4165	106 
4166	16 
4167	92 
4168	110 
4169	60 
4170	135 
4171	56 110 133 139 143 
4172	120 
4173	73 
4174	38 
4175	117 
4176	17 45 68 76 84 
4177	15 
4178	25 
4179	38 
4180	51 
4181	3 35 58 125 130 
4182	14 45 88 100 118 
4183	112 
4184	23 
4185	106 
4186	53 
4187	16 
4188	44 
4189	115 
4190	91 
4191	105 
4192	78 
4193	45 47 85 103 124 
4194	56 
4195	142 
4196	84 
4197	129 
4198	120 
4199	139 
4200	8 
4201	35 
4202	36 
4203	118 
4204	71 
4205	50 
4206	121 
4207	16 
4208	80 
4209	101 
4210	24 36 43 44 61 
4211	28 
4212	71 
4213	140 
4214	38 
4215	115 
4216	49 
4217	53 
4218	85 
4219	18 64 68 89 107 
4220	101 
4221	30 
4222	56 
4223	51 
4224	107 
4225	84 
4226	31 
4227	83 
4228	50 
4229	1 
4230	37 46 75 93 106 
4231	61 
4232	29 
4233	47 
4234	80 
4235	31 
4236	57 
4237	21 
4238	94 
4239	129 
4240	6 
4241	43 81 85 102 134 
4242	38 
4243	75 
4244	63 
4245	61 
4246	119 
4247	108 
4248	112 
4249	30 
4250	15 59 134 137 139 
4251	13 
4252	35 
4253	134 
4254	67 
4255	139 
4256	103 
4257	14 
4258	131 
4259	52 
4260	10 50 56 69 107 
4261	132 
4262	142 
4263	3 
4264	66 
4265	123 
4266	13 15 44 85 122 
4267	33 
4268	56 
4269	9 
4270	30 
4271	88 
4272	130 
4273	61 
4274	127 
4275	118 
4276	12 
4277	53 
4278	61 79 96 98 102 
4279	79 
4280	94 
4281	86 
4282	64 
4283	93 
4284	2 
4285	121 
4286	137 
4287	7 14 35 51 88 
4288	18 
4289	137 
4290	105 
4291	71 
4292	107 
4293	18 
4294	66 
4295	56 85 87 110 131 
4296	10 15 61 123 125 
4297	11 
4298	110 
4299	17 30 38 128 138 
4300	142 
4301	52 
4302	95 
4303	137 
4304	34 
4305	136 
4306	50 62 71 79 109 
4307	58 
4308	115 
4309	64 
4310	38 
4311	53 
4312	56 
4313	64 
4314	31 
4315	54 67 76 90 101 
4316	6 
4317	53 
4318	15 
4319	34 
4320	107 
4321	71 
4322	89 
4323	136 
4324	108 
4325	66 
4326	85 
4327	15 
4328	102 
4329	122 
4330	38 
4331	100 
4332	52 
4333	138 
4334	7 
4335	13 
4336	107 
4337	116 
4338	89 
4339	16 
4340	82 
4341	33 
4342	28 
4343	107 
4344	7 
4345	117 
4346	124 
4347	37 53 72 103 128 
4348	71 
4349	121 
4350	88 
4351	84 
4352	58 
4353	133 
4354	137 
4355	12 19 50 53 137 
4356	101 
4357	49 
4358	6 
4359	113 
4360	41 
4361	52 
4362	141 
4363	6 
4364	14 
4365	53 
4366	66 
4367	39 
4368	76 
4369	19 
4370	30 
4371	106 
4372	69 
4373	41 
4374	46 56 67 78 123 
4375	91 
4376	33 102 125 128 129 
4377	46 50 61 84 142 
4378	32 53 94 115 132 
4379	130 
4380	89 
4381	138 
4382	40 
4383	72 
4384	60 103 129 131 132 
4385	47 
4386	135 
4387	114 
4388	41 
4389	14 34 43 102 137 
4390	115 
4391	34 
4392	69 
4393	21 
4394	20 32 53 61 135 
4395	98 
4396	131 
4397	6 
4398	29 
4399	102 
4400	45 
4401	14 
4402	9 
4403	9 32 56 85 116 
4404	101 
4405	9 
4406	34 
4407	90 
4408	46 92 114 132 136 
4409	36 
4410	139 
4411	11 
4412	55 
4413	31 
4414	85 
4415	33 
4416	92 
4417	53 
4418	83 
4419	117 
4420	59 70 78 110 126 
4421	35 
4422	114 
4423	115 
4424	66 
4425	38 
4426	104 
4427	85 
4428	16 
4429	118 
4430	17 
4431	15 
4432	129 
4433	141 
4434	143 
4435	60 
4436	16 
4437	16 35 66 69 138 
4438	24 
4439	12 
4440	18 31 58 97 115 
4441	31 43 49 115 139 
4442	139 
4443	84 
4444	79 
4445	2 
4446	86 
4447	52 
4448	45 
4449	41 
4450	57 
4451	83 
4452	45 
4453	127 
4454	134 
4455	60 
4456	141 
4457	5 18 84 105 141 
4458	43 
4459	21 56 71 107 121 
4460	67 
4461	24 
4462	38 
4463	127 
4464	118 
4465	15 
4466	118 
4467	95 
4468	84 
4469	131 
4470	108 
4471	57 
4472	13 
4473	90 
4474	34 
4475	109 
4476	61 
4477	31 
4478	128 
4479	143 
4480	110 
4481	85 
4482	2 
4483	56 
4484	110 
4485	118 
4486	9 
4487	72 
4488	50 
4489	11 
4490	21 
4491	32 
4492	126 
4493	118 
4494	79 
4495	76 
4496	137 
4497	50 
4498	42 
4499	102 
4500	109 
4501	8 
4502	69 
4503	31 
4504	15 98 101 125 129 
4505	48 
4506	9 
4507	25 
4508	140 
4509	53 
4510	127 
4511	127 
4512	46 
4513	24 
4514	59 
4515	114 
4516	2 
4517	83 
4518	66 
4519	74 
4520	126 
4521	117 
4522	89 
4523	43 
4524	94 
4525	71 
4526	110 
4527	105 
4528	48 
4529	53 
4530	17 22 57 59 81 
4531	9 13 21 31 80 
4532	47 
4533	14 17 71 85 131 
4534	107 
4535	46 
4536	45 
4537	80 
4538	55 
4539	90 
4540	88 
4541	142 
4542	118 
4543	51 
4544	141 
4545	13 20 23 106 110 
4546	38 
4547	10 
4548	54 62 78 106 110 
4549	74 
4550	113 
4551	30 44 95 134 141 
4552	140 
4553	104 
4554	131 
4555	121 
4556	141 
4557	136 
4558	82 
4559	72 
4560	32 
4561	34 
4562	15 
4563	67 
4564	56 
4565	14 
4566	46 
4567	122 
4568	83 
4569	103 
4570	2 
4571	56 
4572	13 
4573	18 
4574	8 
4575	58 
4576	62 
4577	118 
4578	115 
4579	99 
4580	47 
4581	142 
4582	133 
4583	50 
4584	124 
4585	18 
4586	143 
4587	125 
4588	101 
4589	45 
4590	62 
4591	63 
4592	10 
4593	88 
4594	116 
4595	61 
4596	118 
4597	110 
4598	93 
4599	3 
4600	6 41 116 131 136 
4601	136 
4602	129 
4603	129 
4604	17 45 61 71 82 
4605	95 
4606	17 55 105 136 141 
4607	118 
4608	25 
4609	88 
4610	142 
4611	43 
4612	125 
4613	18 
4614	127 
4615	142 
4616	80 
4617	34 79 81 90 94 
4618	69 
4619	43 
4620	34 
4621	11 
4622	11 49 53 116 124 
4623	21 
4624	97 
4625	43 
4626	11 64 66 115 141 
4627	50 
4628	127 
4629	41 
4630	90 
4631	35 
4632	81 
4633	60 
4634	86 
4635	105 
4636	72 
4637	112 
4638	35 
4639	31 
4640	142 
4641	129 
4642	88 
4643	75 
4644	43 
4645	17 
4646	9 
4647	17 
4648	16 
4649	137 
4650	3 
4651	122 
4652	84 
4653	14 
4654	1 
4655	24 
4656	14 
4657	47 
4658	142 
4659	20 
4660	40 66 125 131 142 
4661	129 
4662	142 
4663	63 
4664	41 61 84 125 132 
4665	61 
4666	61 
4667	139 
4668	34 
4669	39 51 71 80 141 
4670	55 
4671	126 
4672	105 
4673	84 
4674	103 
4675	101 
4676	139 
4677	17 49 58 87 141 
4678	11 39 45 49 69 
4679	19 34 53 116 118 
4680	56 
4681	4 
4682	65 
4683	33 
4684	139 
4685	2 53 105 106 114 
4686	80 
4687	117 
4688	85 
4689	113 
4690	9 34 35 66 122 
4691	133 
4692	21 46 51 101 116 
4693	19 
4694	131 
4695	41 
4696	110 
4697	101 
4698	89 
4699	10 
4700	56 
4701	121 
4702	72 
4703	93 
4704	51 
4705	27 
4706	72 
4707	137 
4708	73 
4709	33 
4710	112 
4711	85 
4712	53 
4713	58 
4714	1 
4715	84 
4716	49 
4717	17 
4718	112 
4719	85 
4720	34 
4721	60 
4722	2 
4723	66 
4724	6 
4725	115 
4726	39 60 116 128 130 
4727	63 
4728	107 
4729	102 
4730	30 
4731	64 
4732	89 
4733	126 
4734	104 
4735	84 
4736	14 53 64 129 142 
4737	12 49 59 75 113 
4738	43 
4739	61 
4740	115 
4741	116 
4742	52 
4743	14 18 90 97 139 
4744	102 
4745	79 
4746	118 
4747	15 
4748	122 
4749	11 
4750	112 
4751	141 
4752	58 
4753	6 
4754	68 
4755	117 
4756	80 
4757	30 
4758	46 
4759	117 
4760	90 
4761	63 
4762	133 
4763	36 
4764	61 
4765	21 
4766	2 
4767	131 
4768	22 47 53 55 70 
4769	85 
4770	15 
4771	45 
4772	58 
4773	28 
4774	15 
4775	137 
4776	76 
4777	42 
4778	13 
4779	13 
4780	46 
4781	90 
4782	12 31 34 71 127 
4783	112 
4784	136 
4785	118 
4786	50 
4787	81 
4788	46 
4789	2 56 72 79 89 
4790	4 
4791	1 
4792	109 
4793	53 
4794	11 51 92 105 139 
4795	92 
4796	61 
4797	140 
4798	5 104 106 109 126 
4799	15 
4800	57 
4801	83 
4802	123 
4803	46 
4804	5 
4805	63 
4806	66 
4807	85 
4808	115 
4809	31 
4810	81 
4811	34 
4812	77 
4813	29 38 76 80 84 
4814	1 21 39 73 104 
4815	58 
4816	82 
4817	139 
4818	127 
4819	89 
4820	80 
4821	63 
4822	15 
4823	17 
4824	80 
4825	69 
4826	64 
4827	127 
4828	131 
4829	64 
4830	136 
4831	30 
4832	85 
4833	11 45 73 105 141 
4834	89 
4835	28 
4836	44 
4837	43 
4838	74 
4839	117 
4840	90 
4841	83 
4842	102 
4843	75 
4844	80 
4845	50 
4846	103 
4847	107 
4848	110 
4849	38 
4850	115 
4851	38 
4852	56 
4853	15 
4854	95 
4855	9 
4856	56 
4857	105 
4858	90 
4859	56 
4860	92 
4861	137 
4862	28 
4863	93 
4864	43 
4865	56 
4866	41 59 88 123 142 
4867	18 
4868	17 
4869	139 
4870	57 
4871	53 85 101 112 134 
4872	140 
4873	139 
4874	95 
4875	118 
4876	72 
4877	41 87 118 129 142 
4878	47 
4879	34 
4880	79 
4881	37 
4882	102 
4883	108 
4884	139 
4885	118 
4886	9 45 63 68 89 
4887	114 
4888	13 53 69 79 111 
4889	116 
4890	21 
4891	142 
4892	121 
4893	71 
4894	138 
4895	14 
4896	19 
4897	57 
4898	71 
4899	16 57 100 105 140 
4900	66 
4901	45 
4902	30 70 86 123 125 
4903	44 
4904	101 
4905	55 85 91 93 118 
4906	129 
4907	21 
4908	68 
4909	105 
4910	16 
4911	13 45 81 115 121 
4912	81 
4913	129 
4914	45 
4915	61 
4916	142 
4917	48 
4918	103 
4919	123 
4920	46 
4921	44 
4922	50 
4923	21 38 46 91 113 
4924	88 
4925	137 
4926	56 
4927	21 
4928	8 
4929	15 55 59 83 107 
4930	33 
4931	49 
4932	66 
4933	18 
4934	122 
4935	112 
4936	21 
4937	32 
4938	103 
4939	83 
4940	85 
4941	139 
4942	7 
4943	80 
4944	11 49 55 102 110 
4945	115 
4946	45 
4947	43 
4948	18 
4949	28 
4950	53 
4951	140 
4952	14 18 34 53 75 
4953	139 
4954	53 
4955	46 
4956	39 44 71 132 138 
4957	34 
4958	32 
4959	55 
4960	58 
4961	30 56 84 98 114 
4962	2 26 56 121 123 
4963	105 
4964	115 
4965	98 
4966	51 
4967	136 
4968	85 
4969	46 
4970	56 
4971	61 
4972	2 
4973	115 
4974	103 
4975	107 
4976	28 
4977	33 
4978	125 
4979	59 
4980	90 
4981	125 
4982	116 
4983	11 
4984	15 
4985	21 
4986	66 
4987	43 
4988	15 
4989	17 
4990	45 
4991	14 
4992	142 
4993	104 
4994	66 
4995	4 21 66 91 129 
4996	131 
4997	21 
4998	7 69 72 91 108 
4999	112 
5000	71 
