1	232 
2	227 
3	169 
4	98 
5	149 
6	22 
7	105 128 183 253 
8	239 
9	107 
10	144 
11	167 
12	68 
13	192 
14	251 
15	129 
16	76 170 180 230 
17	139 
18	67 
19	243 
20	174 
21	161 
22	251 
23	31 
24	42 
25	131 
26	15 
27	6 
28	213 
29	40 
30	183 
31	177 
32	122 
33	60 
34	80 159 190 213 
35	24 
36	229 
37	86 
38	107 
39	22 
40	258 
41	138 
42	168 
43	214 
44	126 
45	55 106 118 199 
46	200 
47	239 
48	123 
49	31 
50	205 
51	243 
52	75 
53	61 
54	31 136 205 258 
55	256 
56	142 
57	171 
58	24 
59	160 
60	18 151 164 236 
61	191 
62	238 
63	243 
64	184 
65	56 
66	41 
67	134 
68	201 
69	97 
70	42 
71	15 
72	213 
73	56 58 85 91 
74	191 
75	32 
76	31 56 84 190 
77	45 217 246 253 
78	254 
79	258 
80	76 155 221 226 
81	57 134 175 200 
82	207 
83	13 
84	25 112 151 214 
85	187 
86	46 
87	211 
88	217 
89	131 
90	30 
91	211 
92	257 
93	57 
94	30 35 113 172 
95	43 
96	221 
97	57 83 171 201 
98	11 
99	107 
100	142 
101	99 
102	62 
103	164 
104	259 
105	177 
106	227 
107	15 
108	81 
109	181 
110	149 
111	190 
112	48 
113	240 
114	137 
115	92 
116	65 
117	45 
118	242 
119	84 
120	256 
121	148 
122	195 
123	79 
124	16 139 193 223 
125	121 
126	72 
127	175 
128	124 
129	225 
130	14 
131	245 
132	100 
133	189 
134	256 
135	8 
136	17 
137	38 187 235 241 
138	185 
139	136 
140	168 
141	220 
142	71 177 207 209 
143	105 
144	63 
145	31 53 117 134 
146	198 
147	108 
148	174 
149	3 
150	6 
151	92 
152	135 
153	178 
154	22 
155	57 
156	31 
157	213 
158	226 
159	7 
160	209 
161	177 
162	222 
163	251 
164	112 
165	108 
166	189 
167	105 
168	80 
169	16 
170	227 
171	81 166 186 265 
172	70 
173	58 
174	143 159 195 267 
175	167 
176	6 
177	207 
178	59 
179	68 
180	69 
181	263 
182	33 
183	14 
184	230 
185	177 
186	140 
187	60 
188	93 
189	266 
190	195 
191	251 
192	260 
193	153 
194	248 
195	56 69 164 261 
196	60 
197	156 
198	158 
199	9 
200	131 
201	160 
202	32 
203	149 
204	226 
205	81 
206	259 
207	190 
208	102 
209	117 
210	220 
211	124 
212	14 
213	7 21 115 207 
214	104 
215	155 
216	146 
217	154 
218	58 
219	54 
220	116 
221	206 
222	141 
223	197 
224	220 
225	249 
226	11 
227	88 
228	109 
229	155 
230	71 84 221 242 
231	255 
232	244 
233	143 
234	246 
235	226 
236	199 
237	187 
238	17 
239	192 
240	264 
241	21 66 79 229 
242	8 
243	43 147 180 244 
244	181 
245	61 
246	62 
247	133 
248	199 
249	179 
250	158 167 171 186 
251	225 
252	54 154 216 251 
253	125 
254	150 
255	190 
256	34 
257	136 
258	158 
259	227 
260	146 201 213 242 
261	139 
262	112 
263	67 
264	60 
265	63 
266	10 115 171 262 
267	53 
268	107 
269	85 
270	93 
271	241 
272	110 
273	207 
274	107 
275	167 
276	175 
277	69 
278	230 
279	38 
280	230 
281	171 
282	78 
283	179 
284	90 
285	56 
286	101 151 200 240 
287	267 
288	100 
289	64 
290	153 
291	15 
292	162 
293	137 
294	85 146 207 264 
295	234 
296	69 
297	106 
298	56 
299	221 
300	207 
301	44 
302	193 
303	81 
304	144 
305	218 
306	185 
307	55 
308	136 
309	129 
310	15 
311	199 
312	65 
313	167 
314	227 
315	44 
316	23 
317	161 180 217 248 
318	101 
319	225 
320	164 
321	87 
322	162 
323	177 
324	61 64 110 131 
325	136 
326	72 
327	217 
328	112 
329	103 
330	125 
331	5 
332	205 
333	105 
334	228 
335	185 
336	242 
337	142 
338	81 
339	50 
340	259 
341	95 
342	121 
343	45 129 255 264 
344	77 
345	159 
346	56 
347	7 38 244 259 
348	60 
349	51 
350	165 
351	188 
352	239 
353	201 
354	245 
355	226 
356	14 
357	111 
358	154 
359	181 
360	168 
361	90 
362	90 
363	179 
364	236 
365	31 
366	258 
367	197 
368	166 
369	250 
370	66 67 143 168 
371	255 
372	31 
373	207 
374	246 
375	83 
376	167 
377	206 
378	261 
379	63 
380	161 
381	201 
382	223 
383	119 
384	225 
385	4 139 146 235 
386	105 
387	223 
388	262 
389	185 
390	75 
391	122 
392	110 
393	151 
394	84 
395	145 
396	75 
397	84 172 177 243 
398	174 
399	84 
400	44 71 142 154 
401	98 
402	79 
403	174 
404	139 
405	265 
406	144 
407	112 
408	46 
409	118 
410	52 
411	6 
412	169 
413	177 
414	190 
415	45 
416	29 
417	167 
418	14 
419	168 
420	18 109 138 196 
421	129 
422	85 
423	3 34 85 198 
424	88 
425	35 56 105 156 
426	140 
427	159 
428	216 
429	188 
430	142 
431	53 84 85 219 
432	244 
433	83 121 126 167 
434	215 
435	138 
436	130 
437	201 
438	52 
439	145 
440	2 125 167 178 
441	25 
442	175 
443	14 
444	66 71 176 185 
445	212 
446	133 
447	211 
448	49 
449	137 
450	121 
451	257 
452	107 
453	248 
454	193 
455	65 199 240 263 
456	206 
457	207 
458	266 
459	27 
460	123 166 238 241 
461	217 
462	123 
463	101 
464	69 
465	1 
466	101 
467	94 
468	13 84 229 240 
469	228 
470	72 
471	115 
472	90 
473	136 
474	166 
475	34 
476	100 
477	36 
478	38 59 70 118 
479	198 
480	51 
481	151 
482	44 
483	183 
484	13 
485	122 
486	211 
487	140 
488	7 
489	9 
490	221 
491	141 
492	13 128 129 131 
493	253 
494	219 
495	143 
496	241 
497	186 
498	16 
499	46 138 211 212 
500	141 
501	215 
502	85 119 180 260 
503	97 
504	122 
505	2 63 74 84 
506	63 
507	206 
508	85 129 190 264 
509	163 
510	154 
511	115 
512	7 
513	157 
514	154 
515	71 
516	164 
517	260 
518	159 
519	151 
520	235 
521	58 
522	125 
523	164 
524	142 
525	171 
526	30 
527	85 
528	206 
529	84 
530	183 
531	37 
532	177 
533	249 
534	165 
535	165 
536	31 
537	200 
538	172 
539	162 
540	179 
541	206 
542	34 
543	258 
544	64 
545	181 
546	56 
547	227 
548	266 
549	67 
550	78 
551	10 
552	140 
553	37 66 96 144 
554	181 
555	142 
556	262 
557	193 
558	164 
559	157 
560	1 
561	90 111 249 261 
562	216 
563	117 
564	17 131 221 239 
565	253 
566	130 
567	100 
568	166 
569	8 
570	12 
571	182 
572	55 
573	201 
574	68 
575	265 
576	47 158 192 206 
577	261 
578	201 
579	206 
580	87 
581	12 55 155 207 
582	180 
583	59 154 197 232 
584	71 
585	178 
586	9 162 171 213 
587	64 
588	141 
589	198 
590	55 
591	118 
592	151 
593	147 
594	165 
595	182 
596	235 
597	98 
598	102 
599	97 
600	205 
601	206 
602	117 
603	259 
604	49 
605	225 
606	171 
607	33 
608	139 
609	41 
610	16 
611	72 
612	118 
613	172 
614	221 
615	166 
616	190 
617	159 
618	113 
619	201 
620	214 
621	43 
622	44 
623	57 
624	214 
625	233 
626	21 48 105 226 
627	236 
628	57 
629	113 
630	72 
631	157 
632	81 
633	124 
634	138 
635	229 
636	240 
637	58 
638	32 
639	107 
640	111 
641	197 
642	38 169 192 237 
643	89 
644	252 
645	14 168 190 237 
646	161 
647	134 
648	217 
649	182 
650	157 
651	21 55 90 195 
652	213 
653	254 
654	257 
655	203 
656	112 
657	189 
658	17 150 204 253 
659	107 
660	166 
661	85 
662	169 
663	5 
664	82 
665	167 
666	248 
667	2 7 89 173 
668	201 
669	203 
670	197 
671	233 
672	15 
673	152 
674	219 
675	133 
676	91 
677	231 
678	32 
679	167 
680	55 
681	172 
682	11 
683	148 
684	59 
685	39 
686	15 
687	30 
688	262 
689	29 
690	92 
691	75 
692	80 
693	222 
694	242 
695	214 
696	12 
697	195 
698	129 
699	80 
700	229 
701	239 
702	117 
703	204 
704	234 
705	148 
706	118 
707	267 
708	69 
709	40 
710	213 
711	54 
712	49 
713	190 
714	152 
715	208 
716	70 
717	150 
718	26 
719	98 
720	245 
721	162 
722	232 
723	23 
724	214 
725	201 
726	30 
727	137 
728	263 
729	190 
730	149 
731	49 
732	167 
733	38 
734	87 
735	41 
736	173 
737	17 
738	12 
739	232 
740	166 
741	15 38 125 195 
742	268 
743	141 
744	238 
745	197 
746	10 
747	68 
748	146 
749	18 
750	115 121 152 162 
751	217 
752	212 
753	34 
754	214 
755	46 
756	6 
757	106 
758	41 
759	38 
760	196 
761	57 
762	33 210 221 226 
763	175 
764	83 
765	45 
766	139 
767	175 
768	13 63 81 222 
769	61 
770	41 
771	14 
772	200 
773	162 
774	188 
775	50 
776	183 
777	189 
778	52 
779	129 
780	153 
781	84 
782	115 
783	221 
784	13 
785	202 
786	203 
787	179 
788	90 
789	14 45 177 246 
790	205 
791	16 
792	43 
793	112 
794	257 
795	89 165 201 207 
796	137 
797	245 
798	248 
799	52 
800	95 
801	146 
802	70 
803	175 
804	198 
805	29 
806	13 
807	104 
808	253 
809	86 
810	26 
811	118 
812	172 
813	64 
814	17 
815	32 
816	225 
817	119 
818	95 
819	227 
820	244 
821	8 
822	231 
823	172 
824	53 
825	229 
826	58 
827	170 
828	258 
829	202 
830	25 
831	138 
832	54 
833	265 
834	221 
835	85 148 251 262 
836	132 
837	256 
838	112 
839	187 
840	110 
841	80 
842	74 
843	10 
844	61 
845	59 
846	183 
847	13 33 44 217 
848	40 115 194 248 
849	81 
850	19 154 258 259 
851	81 
852	212 
853	58 
854	125 
855	268 
856	183 
857	123 
858	199 
859	221 
860	183 
861	198 
862	73 
863	60 115 138 186 
864	235 
865	45 55 171 251 
866	52 
867	31 
868	50 
869	46 
870	203 
871	208 
872	27 
873	119 
874	16 
875	100 
876	253 
877	226 
878	59 
879	85 
880	233 
881	104 
882	199 
883	261 
884	170 
885	17 
886	216 
887	83 
888	153 
889	45 
890	140 
891	166 
892	110 
893	52 
894	28 
895	92 
896	3 
897	248 
898	190 201 225 241 
899	45 
900	214 
901	45 
902	76 
903	49 
904	4 
905	154 
906	227 
907	221 
908	137 
909	37 
910	136 
911	154 
912	89 
913	241 
914	180 
915	158 
916	185 
917	240 
918	261 
919	153 
920	258 
921	46 
922	41 
923	79 
924	56 
925	147 
926	248 
927	162 
928	81 
929	230 
930	34 
931	210 
932	110 
933	139 
934	38 
935	196 
936	73 
937	31 
938	102 
939	139 
940	259 
941	182 
942	15 
943	65 
944	49 
945	104 
946	223 
947	255 
948	141 
949	53 
950	17 
951	263 
952	5 
953	12 85 167 217 
954	142 
955	48 
956	172 
957	199 
958	218 
959	226 
960	96 
961	170 
962	18 
963	39 
964	141 
965	187 
966	240 
967	151 
968	118 
969	231 
970	35 
971	89 
972	207 
973	171 
974	50 122 164 243 
975	78 
976	36 
977	75 
978	258 
979	183 
980	223 
981	225 
982	15 
983	103 
984	81 
985	53 
986	42 
987	137 
988	16 
989	134 
990	104 
991	110 
992	91 
993	163 
994	250 
995	41 
996	5 
997	2 
998	138 
999	136 
1000	137 
1001	78 
1002	194 
1003	31 
1004	60 90 156 240 
1005	135 
1006	37 
1007	51 
1008	164 
1009	216 
1010	74 
1011	239 
1012	225 
1013	258 
1014	213 
1015	169 
1016	183 
1017	186 
1018	28 
1019	66 
1020	224 
1021	152 
1022	24 
1023	159 
1024	205 
1025	163 
1026	7 
1027	144 
1028	190 
1029	224 
1030	116 
1031	19 
1032	225 
1033	136 
1034	98 
1035	110 
1036	78 
1037	5 
1038	94 
1039	141 
1040	236 
1041	86 
1042	79 
1043	255 
1044	104 
1045	131 
1046	249 
1047	234 
1048	198 
1049	229 
1050	244 
1051	91 
1052	185 
1053	248 
1054	101 
1055	80 
1056	134 
1057	68 
1058	234 
1059	210 
1060	96 
1061	147 
1062	196 
1063	239 
1064	225 
1065	88 
1066	32 
1067	209 
1068	235 
1069	186 
1070	261 
1071	239 
1072	55 
1073	19 
1074	57 226 231 241 
1075	77 
1076	5 
1077	17 
1078	2 
1079	159 
1080	156 
1081	245 
1082	13 
1083	103 
1084	121 
1085	231 
1086	137 
1087	160 
1088	90 
1089	7 
1090	186 
1091	245 
1092	51 
1093	143 
1094	116 
1095	238 
1096	261 
1097	264 
1098	3 110 155 240 
1099	31 41 158 201 
1100	92 
1101	253 
1102	155 
1103	108 
1104	33 
1105	125 
1106	201 
1107	184 
1108	131 
1109	34 
1110	14 
1111	34 
1112	69 
1113	9 
1114	221 
1115	193 
1116	194 
1117	54 
1118	55 
1119	129 
1120	130 
1121	93 
1122	88 
1123	253 
1124	194 
1125	62 
1126	261 
1127	253 
1128	126 
1129	255 
1130	17 
1131	229 
1132	227 
1133	224 
1134	64 
1135	89 
1136	170 
1137	209 
1138	24 
1139	44 
1140	117 
1141	36 
1142	168 
1143	102 
1144	260 
1145	161 
1146	73 
1147	32 
1148	180 
1149	35 
1150	207 
1151	184 
1152	71 
1153	46 
1154	55 
1155	217 
1156	101 
1157	77 
1158	207 
1159	185 
1160	103 
1161	71 
1162	97 
1163	61 
1164	118 133 149 185 
1165	91 
1166	250 
1167	21 
1168	191 
1169	111 
1170	141 
1171	117 
1172	261 
1173	46 
1174	23 
1175	2 
1176	239 
1177	85 
1178	34 
1179	248 
1180	231 
1181	259 
1182	172 
1183	259 
1184	155 
1185	112 
1186	149 
1187	148 
1188	28 
1189	59 
1190	138 
1191	34 
1192	198 
1193	28 
1194	122 
1195	115 
1196	208 
1197	31 
1198	225 
1199	157 
1200	122 
1201	130 
1202	42 
1203	66 
1204	247 
1205	188 
1206	19 
1207	141 
1208	217 
1209	67 
1210	262 
1211	146 
1212	249 
1213	228 
1214	79 80 125 178 
1215	58 
1216	182 
1217	85 
1218	217 
1219	41 
1220	33 
1221	163 
1222	268 
1223	17 
1224	69 
1225	61 
1226	66 
1227	54 
1228	240 
1229	121 
1230	61 
1231	103 
1232	84 
1233	127 
1234	90 
1235	45 
1236	56 72 199 252 
1237	89 
1238	85 
1239	60 
1240	118 
1241	92 
1242	137 
1243	4 
1244	156 
1245	159 
1246	20 
1247	23 
1248	227 
1249	102 
1250	187 
1251	173 
1252	138 
1253	63 
1254	238 
1255	255 
1256	268 
1257	214 
1258	139 
1259	149 
1260	242 
1261	172 
1262	202 
1263	121 
1264	164 
1265	43 
1266	186 
1267	238 
1268	30 
1269	55 
1270	115 
1271	99 
1272	80 
1273	132 
1274	228 
1275	246 
1276	181 
1277	61 
1278	237 
1279	8 80 98 145 
1280	85 
1281	250 
1282	16 
1283	4 
1284	141 
1285	261 
1286	43 
1287	66 121 141 172 
1288	125 
1289	83 
1290	125 
1291	28 
1292	198 
1293	225 
1294	136 
1295	76 
1296	72 
1297	123 
1298	104 185 223 252 
1299	202 
1300	195 
1301	158 
1302	74 
1303	151 
1304	2 
1305	169 
1306	113 
1307	64 107 128 261 
1308	218 
1309	40 
1310	164 
1311	164 
1312	205 
1313	175 
1314	49 
1315	17 19 180 201 
1316	46 150 190 214 
1317	11 
1318	197 
1319	257 
1320	116 136 147 167 
1321	112 
1322	61 
1323	4 
1324	252 
1325	50 
1326	106 
1327	27 122 154 221 
1328	43 
1329	10 60 75 83 
1330	135 
1331	121 
1332	178 
1333	236 
1334	101 
1335	2 
1336	30 108 131 234 
1337	233 
1338	204 
1339	4 
1340	45 
1341	257 
1342	184 
1343	243 
1344	126 
1345	1 
1346	71 
1347	63 
1348	211 
1349	165 
1350	268 
1351	222 
1352	2 
1353	56 
1354	229 
1355	124 
1356	184 
1357	56 85 117 189 
1358	82 
1359	241 
1360	137 
1361	235 
1362	248 
1363	21 
1364	253 
1365	231 
1366	237 
1367	238 
1368	20 
1369	243 
1370	104 
1371	14 88 225 234 
1372	74 
1373	215 
1374	28 
1375	163 
1376	86 
1377	107 
1378	183 
1379	133 
1380	82 
1381	263 
1382	30 
1383	1 
1384	152 
1385	30 109 214 217 
1386	31 102 106 142 
1387	69 
1388	176 
1389	46 
1390	104 
1391	68 
1392	126 166 178 225 
1393	190 
1394	11 
1395	56 118 239 249 
1396	247 
1397	199 211 212 243 
1398	151 
1399	92 
1400	158 
1401	126 
1402	83 
1403	64 
1404	7 
1405	228 
1406	60 
1407	209 
1408	10 
1409	116 137 234 240 
1410	130 
1411	122 
1412	201 
1413	187 
1414	189 
1415	204 
1416	211 
1417	30 
1418	241 
1419	84 
1420	97 
1421	56 
1422	198 
1423	230 
1424	162 
1425	51 
1426	149 167 211 212 
1427	260 
1428	30 78 97 169 
1429	169 
1430	35 
1431	42 125 137 166 
1432	50 
1433	227 
1434	51 64 72 253 
1435	22 44 150 248 
1436	225 
1437	210 
1438	82 
1439	71 
1440	185 
1441	206 
1442	87 
1443	45 
1444	69 
1445	127 
1446	136 
1447	122 
1448	76 
1449	169 
1450	126 
1451	198 
1452	219 
1453	212 
1454	191 
1455	68 
1456	18 
1457	45 
1458	143 
1459	244 
1460	109 
1461	164 
1462	137 
1463	101 
1464	264 
1465	13 
1466	47 
1467	246 
1468	112 
1469	53 
1470	100 
1471	55 
1472	112 149 227 235 
1473	74 
1474	209 
1475	240 
1476	14 34 116 207 
1477	105 
1478	122 
1479	241 
1480	259 
1481	60 
1482	192 
1483	41 64 160 202 
1484	55 
1485	173 
1486	13 
1487	5 82 147 259 
1488	32 71 147 172 
1489	159 
1490	5 41 166 214 
1491	15 
1492	142 
1493	52 
1494	121 
1495	22 79 222 239 
1496	263 
1497	251 
1498	95 
1499	267 
1500	122 
1501	59 
1502	141 
1503	33 186 201 208 
1504	5 
1505	170 
1506	53 
1507	55 
1508	239 
1509	122 
1510	79 
1511	137 
1512	93 115 186 206 
1513	26 27 235 248 
1514	208 
1515	214 
1516	44 61 113 216 
1517	248 
1518	206 
1519	228 
1520	38 123 175 180 
1521	41 
1522	80 
1523	13 
1524	131 
1525	247 
1526	65 
1527	147 
1528	79 
1529	42 
1530	177 
1531	145 
1532	88 
1533	172 
1534	168 
1535	183 
1536	264 
1537	252 
1538	64 
1539	190 
1540	13 
1541	69 
1542	61 
1543	226 
1544	30 
1545	139 
1546	145 
1547	140 
1548	230 
1549	139 
1550	103 
1551	206 
1552	141 
1553	59 
1554	14 59 63 250 
1555	136 
1556	225 
1557	58 
1558	56 
1559	219 
1560	37 
1561	203 
1562	260 
1563	53 
1564	155 
1565	235 
1566	11 23 136 160 
1567	41 
1568	46 
1569	112 
1570	15 59 103 128 
1571	106 
1572	16 
1573	171 
1574	46 
1575	206 
1576	8 
1577	112 
1578	45 
1579	190 
1580	266 
1581	109 
1582	244 
1583	135 
1584	129 
1585	225 
1586	155 
1587	89 
1588	49 
1589	99 
1590	121 
1591	56 
1592	89 
1593	9 
1594	127 
1595	14 
1596	259 
1597	239 
1598	131 
1599	255 
1600	92 
1601	30 81 86 236 
1602	85 
1603	15 
1604	16 
1605	254 
1606	139 
1607	74 
1608	133 139 225 247 
1609	140 
1610	47 
1611	229 
1612	15 28 229 261 
1613	69 
1614	94 
1615	107 
1616	137 
1617	239 
1618	58 180 183 212 
1619	91 
1620	66 
1621	51 
1622	133 
1623	253 
1624	150 
1625	139 
1626	200 
1627	76 218 230 243 
1628	5 
1629	186 
1630	131 
1631	101 
1632	212 
1633	95 
1634	140 
1635	214 
1636	155 
1637	201 
1638	151 
1639	29 
1640	209 
1641	160 
1642	65 120 137 249 
1643	197 
1644	186 
1645	98 
1646	242 
1647	213 
1648	92 140 180 240 
1649	223 
1650	258 
1651	21 
1652	200 
1653	26 
1654	85 
1655	229 
1656	151 
1657	11 
1658	194 
1659	33 107 202 237 
1660	80 
1661	19 
1662	61 
1663	19 
1664	40 52 56 139 
1665	79 
1666	250 
1667	133 
1668	254 
1669	199 
1670	243 
1671	19 31 84 107 
1672	171 
1673	15 
1674	259 
1675	231 
1676	193 
1677	175 
1678	176 
1679	178 
1680	159 
1681	201 
1682	17 
1683	128 
1684	202 
1685	15 
1686	59 
1687	56 
1688	22 
1689	216 
1690	68 
1691	242 
1692	261 
1693	110 
1694	193 
1695	265 
1696	155 
1697	258 
1698	117 
1699	125 
1700	161 
1701	268 
1702	131 
1703	47 
1704	158 
1705	268 
1706	242 
1707	136 
1708	110 
1709	22 
1710	7 181 190 262 
1711	118 
1712	227 
1713	84 
1714	209 
1715	122 
1716	163 
1717	204 
1718	103 
1719	74 
1720	158 159 169 221 
1721	154 
1722	11 
1723	75 
1724	55 
1725	87 91 96 239 
1726	17 
1727	53 
1728	240 
1729	20 21 190 206 
1730	251 
1731	104 
1732	52 102 141 222 
1733	15 
1734	69 
1735	1 
1736	122 
1737	261 
1738	16 
1739	121 
1740	264 
1741	214 
1742	175 
1743	175 
1744	75 159 258 262 
1745	68 
1746	75 
1747	206 
1748	164 
1749	149 
1750	108 
1751	235 
1752	191 
1753	6 
1754	236 
1755	58 
1756	48 
1757	16 
1758	53 103 184 220 
1759	60 
1760	90 
1761	137 
1762	223 
1763	157 
1764	130 
1765	217 
1766	181 
1767	103 
1768	126 
1769	159 
1770	76 
1771	160 
1772	80 
1773	111 
1774	57 152 189 240 
1775	51 102 115 148 
1776	87 
1777	108 
1778	259 
1779	39 88 103 261 
1780	75 
1781	178 
1782	218 
1783	44 
1784	212 
1785	154 
1786	44 
1787	56 
1788	39 
1789	19 
1790	181 
1791	50 88 132 142 
1792	204 
1793	8 
1794	153 
1795	168 
1796	221 
1797	215 
1798	160 
1799	210 
1800	121 
1801	161 
1802	43 
1803	45 163 189 217 
1804	82 
1805	217 
1806	231 
1807	226 
1808	27 
1809	55 
1810	249 
1811	44 
1812	52 
1813	157 
1814	83 
1815	200 
1816	167 
1817	161 
1818	125 
1819	108 
1820	144 
1821	132 
1822	201 
1823	9 
1824	245 
1825	162 
1826	141 
1827	19 
1828	70 
1829	38 96 132 255 
1830	110 
1831	55 67 116 217 
1832	228 
1833	215 
1834	30 
1835	55 239 241 267 
1836	263 
1837	54 
1838	139 
1839	94 
1840	129 
1841	19 
1842	184 
1843	109 
1844	246 
1845	135 
1846	176 
1847	7 175 224 232 
1848	51 
1849	41 45 70 217 
1850	60 122 170 192 
1851	238 
1852	84 
1853	44 
1854	175 
1855	46 
1856	79 
1857	6 
1858	59 129 217 254 
1859	267 
1860	113 
1861	80 
1862	210 
1863	16 
1864	82 
1865	115 
1866	123 
1867	211 
1868	110 
1869	56 
1870	142 
1871	181 
1872	89 
1873	210 
1874	78 
1875	199 
1876	83 
1877	146 
1878	34 
1879	239 
1880	107 
1881	54 
1882	115 
1883	69 
1884	190 
1885	142 
1886	67 
1887	66 
1888	267 
1889	107 
1890	235 
1891	194 
1892	126 
1893	3 
1894	176 
1895	130 
1896	107 122 191 263 
1897	50 
1898	142 
1899	156 
1900	26 
1901	178 
1902	187 
1903	100 
1904	148 
1905	179 
1906	71 
1907	178 
1908	38 92 108 232 
1909	232 
1910	128 
1911	217 
1912	164 
1913	261 
1914	85 
1915	156 
1916	39 
1917	3 
1918	55 
1919	114 
1920	3 
1921	201 
1922	197 
1923	196 
1924	77 
1925	212 
1926	242 
1927	259 
1928	164 
1929	77 
1930	154 
1931	206 
1932	205 
1933	191 
1934	45 
1935	174 
1936	224 
1937	53 
1938	152 
1939	129 
1940	237 
1941	243 
1942	185 
1943	11 64 198 267 
1944	88 
1945	55 
1946	66 
1947	77 
1948	152 
1949	19 98 158 215 
1950	189 
1951	69 
1952	136 
1953	106 
1954	118 
1955	162 
1956	93 
1957	107 
1958	213 
1959	248 
1960	180 
1961	79 114 142 145 
1962	253 
1963	21 
1964	127 
1965	85 
1966	234 
1967	185 
1968	32 141 227 255 
1969	36 
1970	88 
1971	224 
1972	58 
1973	118 
1974	62 
1975	71 
1976	158 
1977	87 
1978	76 
1979	106 
1980	106 
1981	126 
1982	54 
1983	237 
1984	227 
1985	196 
1986	131 
1987	121 
1988	189 
1989	60 
1990	106 129 250 253 
1991	56 
1992	164 
1993	65 
1994	166 
1995	224 
1996	261 
1997	82 
1998	212 
1999	38 
2000	88 
2001	73 172 233 243 
2002	214 
2003	154 
2004	89 
2005	107 
2006	169 
2007	67 
2008	248 
2009	13 
2010	17 
2011	211 
2012	28 36 85 154 
2013	44 
2014	43 
2015	43 
2016	112 
2017	89 
2018	4 10 90 226 
2019	155 
2020	13 
2021	215 
2022	166 
2023	46 53 160 258 
2024	76 
2025	225 
2026	171 
2027	167 
2028	101 
2029	118 
2030	196 
2031	240 
2032	13 
2033	11 
2034	46 
2035	260 
2036	223 
2037	40 
2038	76 
2039	72 
2040	267 
2041	80 
2042	126 
2043	45 
2044	219 
2045	124 
2046	61 
2047	160 
2048	29 
2049	46 
2050	147 
2051	9 
2052	142 
2053	107 154 174 236 
2054	127 
2055	118 
2056	175 
2057	102 
2058	268 
2059	47 
2060	82 
2061	263 
2062	230 
2063	110 
2064	121 
2065	80 
2066	168 
2067	97 
2068	138 
2069	148 
2070	147 
2071	159 
2072	235 
2073	65 
2074	169 
2075	237 
2076	3 
2077	148 
2078	239 
2079	231 
2080	226 
2081	15 19 184 201 
2082	58 
2083	58 
2084	135 
2085	120 162 190 224 
2086	146 
2087	121 
2088	30 
2089	157 
2090	6 
2091	14 18 38 70 
2092	60 96 122 180 
2093	224 
2094	61 90 212 224 
2095	164 
2096	166 
2097	235 
2098	9 48 63 121 
2099	85 
2100	43 
2101	200 
2102	47 
2103	138 
2104	168 
2105	12 
2106	53 
2107	217 
2108	155 
2109	176 
2110	130 
2111	229 
2112	137 
2113	80 
2114	198 
2115	241 
2116	26 
2117	22 
2118	18 137 207 237 
2119	29 57 98 206 
2120	201 
2121	125 
2122	186 
2123	221 
2124	169 
2125	258 
2126	18 60 105 126 
2127	63 
2128	212 
2129	261 
2130	168 
2131	159 
2132	139 
2133	68 
2134	1 
2135	83 
2136	201 
2137	184 
2138	104 
2139	163 
2140	63 
2141	220 
2142	15 
2143	200 
2144	227 
2145	234 
2146	257 
2147	207 
2148	93 
2149	226 
2150	143 
2151	237 
2152	165 
2153	237 
2154	181 227 256 259 
2155	225 
2156	64 
2157	161 
2158	172 
2159	199 
2160	225 
2161	126 
2162	171 
2163	225 
2164	4 
2165	261 
2166	107 
2167	141 
2168	50 
2169	64 
2170	174 
2171	198 
2172	19 58 77 158 
2173	227 
2174	45 78 84 136 
2175	116 
2176	55 
2177	25 
2178	267 
2179	141 
2180	144 
2181	212 
2182	198 
2183	135 204 250 252 
2184	188 
2185	53 
2186	192 
2187	177 
2188	166 
2189	186 
2190	116 118 137 172 
2191	142 
2192	171 
2193	223 
2194	201 
2195	4 
2196	212 
2197	71 
2198	167 
2199	84 
2200	138 
2201	29 
2202	30 43 56 235 
2203	254 
2204	74 
2205	208 
2206	70 
2207	131 
2208	61 
2209	177 
2210	50 
2211	6 
2212	223 
2213	24 
2214	3 
2215	223 
2216	55 
2217	30 
2218	129 
2219	123 
2220	227 
2221	247 
2222	41 
2223	243 
2224	103 
2225	57 
2226	117 
2227	67 221 222 242 
2228	85 
2229	229 
2230	185 
2231	76 
2232	13 
2233	32 
2234	72 
2235	166 
2236	8 17 62 63 
2237	162 
2238	60 192 226 258 
2239	213 
2240	148 
2241	250 
2242	121 
2243	148 
2244	25 
2245	211 
2246	21 110 235 237 
2247	126 
2248	125 
2249	166 
2250	43 
2251	202 
2252	235 
2253	32 
2254	247 
2255	84 
2256	88 
2257	261 
2258	73 
2259	258 
2260	141 
2261	91 
2262	55 
2263	155 
2264	20 
2265	202 
2266	215 
2267	88 
2268	193 
2269	110 121 154 171 
2270	1 167 197 206 
2271	115 
2272	46 159 178 260 
2273	173 
2274	47 
2275	232 
2276	165 
2277	149 
2278	82 
2279	5 
2280	225 
2281	200 
2282	15 
2283	75 
2284	108 
2285	252 
2286	10 
2287	74 
2288	97 
2289	115 
2290	118 
2291	53 
2292	116 
2293	74 
2294	227 
2295	263 
2296	38 
2297	7 37 80 217 
2298	144 
2299	88 
2300	80 
2301	42 
2302	56 
2303	184 
2304	139 
2305	121 
2306	223 
2307	48 
2308	21 64 131 190 
2309	205 
2310	85 
2311	5 
2312	242 
2313	191 
2314	160 
2315	212 
2316	267 
2317	207 
2318	12 38 67 139 
2319	227 
2320	205 
2321	82 
2322	107 
2323	183 
2324	171 
2325	78 
2326	118 
2327	264 
2328	210 
2329	218 
2330	44 
2331	185 
2332	56 
2333	126 
2334	84 120 125 234 
2335	191 
2336	246 
2337	23 
2338	221 
2339	242 
2340	254 
2341	66 120 157 231 
2342	237 
2343	266 
2344	41 
2345	195 
2346	203 
2347	182 
2348	268 
2349	207 
2350	261 
2351	62 
2352	21 
2353	217 
2354	261 
2355	56 
2356	53 
2357	102 
2358	16 150 211 248 
2359	192 
2360	69 
2361	226 
2362	214 
2363	53 
2364	45 
2365	246 
2366	100 
2367	214 
2368	177 
2369	87 156 175 225 
2370	7 62 156 175 
2371	10 
2372	74 
2373	34 
2374	137 
2375	219 
2376	111 
2377	157 
2378	119 
2379	19 
2380	237 
2381	139 
2382	30 
2383	40 
2384	129 
2385	14 17 176 211 
2386	173 
2387	232 
2388	259 
2389	124 158 238 256 
2390	264 
2391	66 
2392	72 
2393	221 
2394	23 50 137 211 
2395	123 
2396	231 
2397	89 
2398	250 
2399	49 136 167 219 
2400	144 
2401	252 
2402	18 226 231 257 
2403	245 
2404	117 
2405	116 
2406	214 
2407	61 
2408	131 
2409	63 206 220 268 
2410	209 
2411	216 
2412	266 
2413	179 
2414	114 
2415	227 
2416	173 
2417	77 
2418	155 
2419	28 31 82 83 
2420	112 
2421	244 
2422	70 
2423	202 
2424	102 
2425	29 
2426	257 
2427	1 
2428	134 
2429	204 
2430	225 
2431	31 
2432	36 
2433	84 
2434	73 
2435	79 
2436	17 
2437	211 
2438	110 
2439	146 
2440	85 
2441	20 21 61 185 
2442	58 
2443	216 
2444	204 
2445	24 
2446	229 
2447	57 
2448	154 
2449	26 
2450	38 
2451	246 
2452	107 
2453	32 
2454	172 
2455	147 
2456	237 
2457	91 
2458	30 
2459	58 175 199 239 
2460	154 
2461	247 
2462	247 
2463	83 
2464	35 
2465	176 
2466	80 
2467	24 
2468	138 
2469	166 
2470	138 
2471	56 
2472	192 
2473	59 84 164 234 
2474	154 161 211 225 
2475	185 
2476	46 83 168 250 
2477	163 
2478	153 
2479	248 
2480	102 
2481	70 
2482	182 
2483	38 137 160 223 
2484	89 
2485	227 
2486	162 
2487	231 
2488	131 
2489	28 
2490	38 
2491	186 
2492	159 
2493	92 
2494	41 
2495	152 
2496	158 
2497	261 
2498	206 
2499	53 
2500	179 
2501	131 
2502	58 
2503	39 
2504	248 
2505	51 
2506	27 
2507	53 
2508	221 
2509	196 
2510	74 
2511	188 
2512	61 
2513	181 
2514	76 
2515	171 
2516	61 
2517	2 
2518	122 
2519	2 157 186 206 
2520	43 
2521	217 
2522	225 
2523	108 
2524	151 
2525	15 
2526	139 
2527	131 
2528	99 
2529	228 
2530	35 
2531	229 
2532	136 
2533	225 
2534	38 49 61 253 
2535	251 
2536	33 
2537	241 
2538	207 
2539	195 
2540	45 
2541	139 
2542	225 
2543	16 
2544	66 
2545	71 
2546	158 
2547	142 
2548	17 171 192 263 
2549	232 
2550	115 
2551	267 
2552	190 
2553	46 
2554	186 
2555	238 
2556	96 
2557	267 
2558	56 
2559	249 
2560	227 
2561	168 
2562	88 
2563	18 133 170 186 
2564	238 
2565	6 
2566	157 
2567	76 
2568	164 
2569	126 
2570	245 
2571	34 
2572	115 
2573	112 
2574	108 
2575	53 60 82 142 
2576	219 
2577	84 
2578	90 
2579	84 
2580	201 
2581	88 
2582	131 
2583	98 
2584	19 
2585	258 
2586	77 
2587	253 
2588	166 
2589	130 
2590	112 
2591	208 
2592	239 
2593	225 
2594	66 
2595	250 
2596	60 
2597	171 
2598	232 
2599	42 
2600	194 
2601	176 
2602	6 
2603	190 
2604	38 149 175 222 
2605	219 
2606	203 
2607	15 
2608	41 
2609	16 146 166 239 
2610	158 
2611	76 
2612	84 
2613	124 
2614	155 
2615	209 
2616	31 
2617	153 
2618	248 
2619	200 
2620	180 
2621	27 72 107 150 
2622	251 
2623	219 
2624	242 
2625	86 
2626	132 
2627	15 30 46 201 
2628	163 
2629	211 
2630	234 
2631	264 
2632	226 
2633	256 
2634	240 
2635	50 
2636	21 106 128 253 
2637	180 
2638	107 
2639	76 
2640	114 
2641	13 62 150 198 
2642	102 
2643	126 
2644	227 
2645	131 
2646	168 
2647	171 
2648	22 121 142 205 
2649	83 92 139 253 
2650	243 
2651	37 
2652	45 
2653	202 
2654	132 
2655	261 
2656	35 
2657	66 106 158 263 
2658	138 
2659	238 
2660	66 
2661	137 
2662	48 
2663	15 
2664	159 
2665	238 
2666	239 
2667	61 
2668	163 
2669	226 
2670	52 
2671	180 
2672	128 
2673	101 
2674	7 68 185 254 
2675	13 204 207 225 
2676	223 
2677	204 
2678	166 
2679	102 
2680	99 
2681	232 
2682	93 
2683	135 
2684	139 
2685	245 
2686	223 
2687	181 
2688	82 
2689	221 
2690	167 
2691	224 
2692	225 
2693	154 
2694	75 
2695	174 
2696	181 
2697	129 
2698	69 
2699	35 123 125 138 
2700	22 
2701	113 
2702	57 67 160 227 
2703	193 
2704	205 
2705	35 
2706	7 
2707	58 
2708	245 
2709	146 
2710	21 
2711	104 
2712	6 
2713	172 
2714	103 
2715	179 
2716	103 
2717	105 
2718	45 
2719	42 
2720	32 
2721	221 
2722	242 
2723	166 
2724	34 45 102 226 
2725	56 
2726	249 
2727	239 
2728	80 
2729	38 85 129 252 
2730	192 
2731	141 
2732	16 
2733	251 
2734	37 
2735	216 
2736	227 
2737	41 
2738	191 
2739	117 
2740	66 193 195 210 
2741	193 
2742	43 
2743	267 
2744	208 
2745	102 
2746	150 
2747	221 
2748	186 
2749	192 
2750	203 
2751	114 
2752	116 
2753	122 
2754	38 
2755	212 
2756	18 
2757	101 
2758	200 
2759	84 129 147 250 
2760	16 
2761	122 
2762	111 
2763	106 
2764	62 
2765	243 
2766	254 
2767	241 
2768	199 
2769	261 
2770	58 
2771	144 
2772	215 
2773	155 
2774	239 
2775	102 
2776	262 
2777	45 
2778	18 
2779	132 
2780	75 
2781	123 
2782	97 
2783	139 
2784	190 
2785	133 
2786	53 66 78 202 
2787	261 
2788	253 
2789	2 
2790	255 
2791	166 
2792	71 
2793	66 
2794	254 
2795	171 
2796	251 
2797	30 106 161 258 
2798	22 49 93 137 
2799	127 
2800	11 
2801	14 
2802	176 
2803	240 
2804	201 
2805	111 
2806	121 
2807	249 
2808	113 
2809	229 
2810	143 
2811	158 
2812	2 
2813	264 
2814	248 
2815	79 
2816	186 
2817	264 
2818	28 142 164 201 
2819	123 137 171 223 
2820	18 
2821	69 
2822	263 
2823	6 
2824	232 
2825	149 
2826	84 
2827	81 163 202 207 
2828	115 
2829	201 
2830	148 
2831	259 
2832	84 
2833	267 
2834	61 
2835	112 
2836	44 
2837	187 
2838	8 85 160 245 
2839	255 
2840	119 
2841	193 
2842	99 
2843	146 
2844	11 93 103 116 
2845	60 
2846	1 
2847	139 
2848	14 
2849	38 133 140 158 
2850	167 
2851	72 
2852	205 
2853	83 
2854	91 
2855	235 
2856	98 
2857	43 
2858	64 
2859	156 
2860	13 
2861	259 
2862	23 
2863	160 
2864	105 
2865	141 
2866	207 
2867	20 150 162 227 
2868	265 
2869	206 
2870	73 
2871	55 
2872	15 46 166 265 
2873	49 52 93 125 
2874	87 
2875	105 
2876	154 
2877	165 
2878	50 
2879	31 
2880	174 
2881	194 
2882	114 
2883	119 
2884	99 
2885	162 
2886	59 
2887	221 
2888	13 
2889	42 
2890	99 
2891	19 
2892	121 
2893	75 
2894	64 90 214 235 
2895	227 
2896	17 
2897	218 
2898	136 150 160 185 
2899	33 
2900	167 
2901	20 
2902	35 
2903	31 
2904	151 
2905	79 
2906	136 
2907	77 
2908	38 60 150 213 
2909	51 
2910	88 
2911	132 
2912	140 
2913	140 
2914	164 
2915	206 
2916	19 164 193 207 
2917	205 
2918	158 
2919	126 
2920	89 
2921	27 
2922	251 
2923	253 
2924	166 
2925	121 
2926	187 
2927	121 
2928	231 
2929	64 
2930	117 
2931	141 
2932	118 
2933	35 
2934	11 
2935	130 
2936	90 
2937	137 
2938	80 
2939	188 
2940	48 
2941	108 
2942	123 
2943	118 
2944	213 
2945	54 
2946	171 
2947	43 78 177 229 
2948	149 
2949	259 
2950	160 
2951	38 
2952	44 
2953	13 
2954	74 83 200 258 
2955	53 
2956	69 
2957	118 
2958	154 
2959	87 152 167 177 
2960	265 
2961	41 
2962	164 
2963	6 116 127 253 
2964	90 
2965	31 
2966	218 
2967	246 
2968	137 
2969	62 
2970	196 
2971	115 166 206 209 
2972	16 
2973	109 
2974	223 
2975	211 
2976	12 
2977	33 121 139 258 
2978	190 
2979	129 134 186 258 
2980	201 
2981	85 
2982	51 
2983	235 
2984	36 
2985	238 
2986	83 115 136 142 
2987	3 95 131 190 
2988	142 
2989	78 
2990	16 
2991	151 
2992	188 
2993	215 
2994	179 
2995	69 
2996	9 132 187 239 
2997	6 
2998	5 105 189 257 
2999	186 
3000	28 71 112 163 
3001	19 
3002	163 
3003	107 
3004	142 
3005	54 
3006	89 
3007	64 
3008	202 
3009	141 
3010	170 
3011	236 
3012	57 
3013	33 
3014	71 
3015	162 
3016	98 139 241 253 
3017	15 45 140 259 
3018	150 
3019	186 
3020	61 
3021	58 59 138 259 
3022	193 
3023	125 
3024	38 
3025	8 
3026	107 
3027	130 150 167 189 
3028	240 
3029	149 
3030	164 
3031	39 
3032	235 
3033	119 
3034	149 
3035	17 
3036	48 
3037	248 
3038	80 
3039	25 
3040	213 
3041	93 
3042	193 
3043	179 
3044	38 
3045	154 
3046	256 
3047	197 
3048	17 
3049	193 
3050	176 
3051	192 
3052	212 
3053	142 
3054	195 
3055	63 
3056	163 
3057	224 
3058	129 
3059	216 
3060	15 87 207 217 
3061	168 
3062	227 
3063	3 146 202 238 
3064	229 
3065	84 
3066	49 
3067	185 
3068	110 137 180 217 
3069	137 139 200 204 
3070	171 
3071	260 
3072	50 
3073	142 
3074	245 
3075	47 
3076	2 33 38 127 
3077	115 
3078	258 
3079	173 
3080	261 
3081	80 
3082	80 
3083	102 
3084	209 
3085	231 
3086	182 
3087	80 
3088	123 
3089	112 
3090	86 
3091	136 
3092	47 
3093	258 
3094	238 
3095	254 
3096	26 
3097	57 
3098	172 
3099	53 
3100	3 
3101	5 
3102	31 
3103	118 
3104	23 
3105	63 
3106	115 
3107	64 
3108	64 
3109	134 
3110	167 
3111	173 
3112	196 
3113	130 
3114	72 80 154 266 
3115	17 
3116	232 
3117	211 
3118	100 
3119	39 
3120	250 
3121	166 
3122	158 
3123	211 
3124	159 
3125	44 
3126	175 
3127	22 
3128	230 
3129	33 
3130	215 
3131	21 
3132	206 
3133	207 
3134	254 
3135	205 
3136	199 
3137	28 
3138	50 
3139	44 
3140	7 
3141	101 
3142	80 
3143	21 
3144	242 
3145	177 
3146	218 
3147	160 
3148	175 
3149	158 
3150	30 
3151	152 
3152	4 131 204 220 
3153	201 
3154	179 
3155	229 
3156	229 
3157	150 
3158	161 
3159	39 
3160	6 106 142 198 
3161	32 
3162	206 
3163	8 
3164	5 
3165	75 
3166	110 
3167	212 
3168	79 
3169	94 
3170	221 
3171	31 
3172	115 
3173	27 136 221 238 
3174	142 
3175	212 
3176	154 
3177	50 
3178	234 
3179	29 
3180	51 
3181	41 48 211 216 
3182	16 71 142 184 
3183	249 
3184	190 
3185	174 
3186	258 
3187	76 90 122 157 
3188	130 
3189	233 
3190	208 
3191	254 
3192	155 
3193	167 
3194	131 
3195	13 
3196	109 
3197	243 
3198	18 46 206 250 
3199	120 
3200	2 45 70 266 
3201	230 
3202	21 
3203	176 
3204	263 
3205	134 
3206	23 
3207	13 
3208	71 
3209	256 
3210	197 
3211	64 114 200 208 
3212	45 164 219 240 
3213	5 
3214	98 
3215	132 
3216	25 74 99 175 
3217	244 
3218	123 
3219	242 
3220	69 
3221	186 
3222	192 
3223	36 
3224	260 
3225	18 163 242 262 
3226	2 
3227	12 
3228	137 
3229	136 
3230	50 85 88 111 
3231	21 
3232	144 
3233	17 
3234	162 
3235	3 
3236	20 
3237	94 
3238	21 87 120 154 
3239	19 123 181 243 
3240	138 
3241	175 
3242	58 
3243	184 190 212 227 
3244	101 
3245	39 
3246	214 
3247	139 
3248	90 
3249	209 
3250	203 
3251	224 
3252	9 
3253	150 
3254	93 
3255	86 
3256	38 154 175 182 
3257	52 
3258	221 
3259	108 
3260	238 
3261	198 
3262	240 
3263	136 
3264	44 
3265	204 
3266	246 
3267	194 
3268	205 
3269	123 
3270	115 
3271	180 
3272	237 
3273	208 
3274	137 
3275	83 
3276	17 
3277	254 
3278	94 
3279	38 83 184 259 
3280	260 
3281	159 
3282	181 
3283	212 
3284	211 
3285	38 
3286	246 
3287	45 
3288	6 152 154 252 
3289	167 
3290	263 
3291	226 
3292	200 
3293	101 
3294	135 
3295	6 60 160 211 
3296	41 66 194 240 
3297	261 
3298	19 
3299	254 
3300	54 
3301	158 
3302	16 73 176 221 
3303	228 
3304	232 
3305	238 
3306	238 
3307	250 
3308	143 
3309	55 
3310	21 
3311	198 
3312	28 
3313	141 
3314	9 
3315	15 
3316	213 
3317	265 
3318	74 
3319	175 
3320	180 
3321	170 
3322	33 104 112 255 
3323	251 
3324	5 141 189 217 
3325	238 
3326	245 
3327	234 
3328	182 
3329	199 
3330	23 
3331	16 84 92 172 
3332	41 
3333	205 
3334	9 
3335	83 
3336	52 
3337	186 
3338	18 
3339	69 
3340	128 
3341	34 
3342	214 
3343	38 
3344	82 
3345	233 
3346	119 
3347	21 84 97 105 
3348	171 
3349	84 89 97 245 
3350	123 147 206 225 
3351	231 
3352	141 
3353	15 233 235 263 
3354	88 
3355	4 
3356	45 
3357	240 
3358	203 
3359	201 
3360	1 
3361	21 140 165 258 
3362	20 
3363	219 
3364	120 
3365	137 
3366	76 
3367	65 
3368	259 
3369	53 
3370	133 
3371	71 
3372	35 
3373	102 
3374	167 
3375	85 169 187 207 
3376	137 
3377	4 
3378	250 
3379	189 
3380	248 
3381	47 
3382	125 
3383	68 
3384	221 
3385	140 
3386	64 
3387	156 
3388	214 
3389	115 
3390	199 
3391	246 
3392	137 
3393	53 66 99 107 
3394	88 
3395	159 
3396	225 
3397	224 
3398	121 
3399	236 
3400	50 
3401	158 
3402	100 
3403	155 
3404	183 
3405	252 
3406	123 
3407	266 
3408	28 
3409	139 166 229 263 
3410	23 
3411	248 
3412	30 47 195 239 
3413	12 
3414	180 
3415	90 
3416	64 
3417	41 
3418	62 
3419	102 
3420	73 
3421	172 
3422	47 
3423	55 
3424	110 
3425	109 
3426	141 
3427	121 
3428	36 
3429	154 
3430	56 
3431	113 
3432	92 
3433	53 
3434	201 
3435	195 
3436	234 
3437	145 
3438	256 
3439	38 167 175 201 
3440	182 
3441	120 
3442	82 
3443	112 
3444	5 14 46 200 
3445	21 
3446	201 
3447	186 
3448	232 
3449	98 
3450	53 
3451	177 
3452	121 
3453	33 
3454	204 
3455	97 
3456	72 
3457	113 
3458	234 
3459	65 
3460	35 
3461	231 
3462	126 
3463	268 
3464	161 
3465	11 
3466	88 
3467	201 
3468	6 
3469	75 
3470	165 
3471	216 
3472	44 
3473	43 115 155 247 
3474	127 
3475	116 
3476	218 
3477	234 
3478	47 
3479	245 
3480	78 
3481	90 
3482	189 
3483	241 
3484	259 
3485	63 
3486	75 
3487	156 
3488	110 
3489	172 
3490	64 
3491	59 
3492	15 40 67 119 
3493	14 84 110 263 
3494	75 79 227 261 
3495	72 
3496	137 
3497	56 57 201 255 
3498	177 
3499	53 
3500	154 
3501	109 
3502	213 
3503	124 
3504	111 
3505	129 
3506	108 
3507	57 
3508	211 
3509	221 
3510	114 
3511	71 
3512	105 149 152 259 
3513	50 80 82 237 
3514	228 
3515	125 
3516	223 
3517	122 
3518	21 
3519	155 
3520	173 
3521	118 163 188 261 
3522	229 
3523	28 
3524	18 46 212 225 
3525	91 
3526	253 
3527	59 
3528	66 
3529	83 102 151 263 
3530	19 
3531	212 
3532	34 
3533	105 
3534	224 
3535	180 
3536	62 
3537	176 
3538	24 34 75 207 
3539	213 
3540	35 
3541	61 
3542	131 
3543	32 76 104 195 
3544	69 116 132 229 
3545	240 
3546	53 
3547	66 
3548	80 
3549	36 
3550	96 
3551	159 
3552	147 
3553	200 
3554	15 
3555	7 12 18 34 
3556	26 
3557	222 
3558	9 
3559	199 
3560	190 
3561	94 
3562	166 
3563	63 
3564	210 
3565	249 
3566	7 
3567	182 
3568	236 
3569	116 
3570	144 
3571	248 
3572	46 
3573	185 
3574	136 
3575	178 
3576	163 
3577	195 
3578	249 
3579	112 
3580	195 
3581	15 
3582	36 
3583	102 
3584	232 
3585	205 
3586	162 
3587	3 
3588	85 
3589	187 
3590	114 
3591	258 
3592	50 
3593	121 
3594	53 
3595	167 
3596	72 
3597	74 
3598	58 
3599	5 
3600	106 
3601	76 
3602	127 
3603	69 
3604	178 
3605	212 
3606	255 
3607	46 
3608	93 
3609	67 
3610	156 
3611	205 
3612	180 
3613	171 
3614	78 
3615	181 
3616	30 
3617	21 
3618	96 
3619	190 
3620	138 
3621	35 81 177 231 
3622	45 
3623	21 
3624	145 
3625	35 
3626	203 
3627	212 
3628	72 
3629	156 
3630	63 137 208 226 
3631	183 
3632	103 
3633	121 
3634	136 
3635	90 
3636	189 
3637	58 
3638	150 
3639	174 
3640	90 
3641	181 
3642	69 
3643	137 
3644	125 
3645	127 
3646	235 
3647	136 
3648	117 
3649	119 
3650	46 
3651	1 
3652	4 
3653	181 
3654	156 
3655	81 91 95 263 
3656	207 
3657	80 
3658	89 
3659	233 
3660	239 
3661	89 
3662	226 
3663	56 
3664	34 43 82 186 
3665	205 
3666	63 
3667	208 
3668	30 
3669	11 
3670	71 
3671	146 
3672	241 
3673	253 
3674	185 
3675	19 136 149 254 
3676	123 
3677	186 
3678	211 
3679	162 
3680	259 
3681	259 
3682	175 
3683	82 
3684	53 
3685	241 
3686	185 
3687	190 
3688	159 
3689	58 
3690	11 
3691	158 
3692	170 
3693	124 
3694	175 
3695	136 
3696	31 120 157 202 
3697	198 
3698	21 
3699	180 
3700	202 
3701	48 
3702	212 
3703	267 
3704	108 
3705	73 
3706	134 
3707	11 
3708	51 
3709	240 
3710	136 
3711	248 
3712	177 
3713	237 
3714	46 67 199 221 
3715	246 
3716	74 
3717	19 90 97 224 
3718	73 
3719	91 195 254 264 
3720	115 
3721	64 
3722	237 
3723	228 
3724	175 
3725	263 
3726	26 
3727	209 
3728	96 
3729	182 
3730	43 
3731	212 
3732	129 
3733	66 
3734	217 
3735	113 
3736	212 
3737	21 
3738	2 
3739	68 
3740	28 
3741	110 
3742	257 
3743	139 
3744	140 
3745	45 
3746	79 
3747	45 
3748	66 
3749	198 
3750	49 
3751	140 
3752	107 
3753	11 90 246 258 
3754	59 
3755	49 
3756	40 57 85 149 
3757	207 
3758	203 
3759	143 
3760	215 
3761	120 
3762	5 
3763	142 
3764	225 
3765	222 
3766	230 
3767	14 
3768	106 
3769	103 
3770	69 
3771	255 
3772	114 
3773	165 
3774	34 
3775	71 
3776	8 
3777	70 
3778	48 
3779	146 
3780	149 
3781	45 
3782	234 
3783	115 
3784	50 
3785	71 
3786	30 
3787	73 
3788	115 
3789	14 
3790	49 
3791	259 
3792	101 
3793	145 
3794	235 
3795	118 
3796	193 
3797	187 
3798	1 53 56 84 
3799	142 
3800	114 
3801	95 
3802	89 120 207 229 
3803	49 
3804	152 
3805	142 
3806	158 
3807	63 
3808	92 
3809	75 
3810	79 
3811	86 
3812	35 
3813	231 
3814	236 
3815	41 
3816	164 
3817	113 
3818	83 
3819	2 
3820	60 
3821	21 55 56 178 
3822	219 
3823	63 
3824	258 
3825	259 
3826	151 
3827	210 
3828	19 
3829	1 
3830	221 
3831	127 
3832	116 
3833	193 
3834	141 
3835	150 
3836	216 
3837	209 
3838	17 
3839	107 
3840	184 
3841	234 
3842	160 
3843	124 
3844	19 
3845	174 214 251 259 
3846	146 
3847	71 
3848	139 
3849	191 
3850	231 
3851	239 
3852	103 
3853	229 
3854	15 
3855	43 
3856	183 
3857	142 
3858	134 
3859	123 
3860	37 
3861	71 
3862	82 
3863	114 
3864	257 
3865	204 
3866	145 
3867	57 
3868	37 
3869	39 
3870	208 
3871	184 
3872	138 
3873	164 
3874	219 
3875	165 
3876	219 
3877	60 
3878	60 
3879	136 
3880	34 
3881	103 
3882	158 
3883	28 82 126 248 
3884	232 
3885	152 
3886	197 
3887	229 
3888	63 
3889	182 
3890	8 
3891	50 
3892	177 
3893	12 
3894	35 
3895	193 
3896	20 23 146 251 
3897	227 
3898	239 
3899	31 
3900	236 
3901	30 
3902	26 
3903	185 
3904	152 
3905	201 
3906	110 
3907	89 
3908	31 
3909	56 
3910	185 
3911	225 
3912	46 145 189 191 
3913	184 
3914	41 
3915	89 
3916	183 
3917	258 
3918	227 
3919	175 
3920	120 
3921	136 
3922	52 
3923	134 
3924	62 
3925	207 
3926	8 179 212 258 
3927	130 
3928	65 227 237 246 
3929	109 
3930	50 
3931	169 
3932	101 
3933	66 117 212 246 
3934	182 
3935	56 
3936	210 
3937	84 
3938	105 
3939	52 
3940	132 
3941	172 
3942	264 
3943	47 
3944	190 
3945	129 174 189 242 
3946	95 
3947	237 
3948	197 
3949	75 158 159 241 
3950	121 
3951	172 
3952	117 
3953	209 
3954	204 
3955	82 
3956	95 
3957	30 
3958	13 
3959	106 118 173 214 
3960	147 
3961	158 
3962	95 
3963	75 
3964	232 
3965	206 
3966	249 
3967	13 183 185 206 
3968	16 
3969	161 
3970	129 
3971	240 
3972	116 
3973	32 
3974	82 172 237 260 
3975	253 
3976	190 
3977	19 
3978	103 
3979	262 
3980	105 
3981	198 
3982	137 
3983	18 
3984	21 
3985	48 
3986	166 
3987	4 
3988	39 
3989	208 
3990	225 
3991	200 
3992	43 
3993	47 
3994	186 
3995	98 
3996	154 
3997	66 
3998	103 177 255 266 
3999	38 
4000	191 
4001	138 
4002	69 
4003	140 
4004	3 
4005	172 
4006	235 
4007	107 
4008	169 
4009	85 
4010	117 
4011	258 
4012	53 
4013	239 
4014	115 
4015	175 
4016	204 
4017	92 
4018	11 
4019	245 
4020	115 
4021	142 
4022	182 
4023	179 
4024	103 
4025	243 
4026	126 
4027	122 
4028	141 
4029	39 
4030	43 
4031	253 
4032	72 
4033	129 
4034	136 
4035	49 
4036	171 
4037	207 
4038	16 
4039	248 
4040	185 
4041	33 
4042	211 
4043	21 
4044	137 
4045	85 
4046	226 
4047	38 
4048	84 
4049	82 
4050	126 
4051	88 
4052	197 
4053	59 
4054	243 
4055	121 
4056	90 
4057	236 
4058	37 
4059	69 
4060	88 126 189 267 
4061	90 
4062	136 
4063	121 
4064	180 
4065	69 
4066	80 84 125 158 
4067	158 
4068	110 
4069	31 
4070	118 
4071	267 
4072	53 
4073	60 
4074	181 
4075	38 
4076	46 
4077	44 46 61 171 
4078	213 
4079	158 
4080	95 
4081	71 
4082	241 
4083	251 
4084	124 
4085	82 
4086	30 
4087	231 
4088	19 
4089	162 
4090	58 
4091	18 92 183 263 
4092	109 
4093	15 
4094	8 46 83 137 
4095	235 
4096	31 
4097	129 
4098	38 59 68 115 
4099	123 
4100	27 61 77 201 
4101	71 
4102	200 
4103	38 
4104	207 
4105	30 
4106	95 
4107	263 
4108	187 
4109	171 
4110	205 
4111	237 
4112	25 53 90 139 
4113	81 
4114	183 
4115	132 
4116	123 
4117	50 
4118	180 
4119	57 
4120	235 
4121	208 
4122	138 
4123	9 
4124	56 131 141 228 
4125	121 
4126	105 
4127	102 
4128	5 
4129	181 
4130	49 
4131	93 
4132	106 
4133	17 
4134	235 
4135	5 
4136	235 
4137	161 
4138	190 
4139	101 
4140	257 
4141	129 
4142	35 
4143	34 
4144	49 
4145	185 
4146	69 
4147	53 
4148	56 
4149	30 76 136 257 
4150	50 
4151	159 
4152	14 
4153	33 
4154	237 
4155	117 
4156	53 
4157	131 
4158	61 
4159	52 
4160	81 
4161	231 
4162	206 
4163	232 
4164	30 
4165	198 
4166	263 
4167	180 
4168	176 
4169	129 150 160 195 
4170	15 
4171	104 
4172	102 
4173	131 
4174	250 
4175	240 
4176	71 
4177	205 
4178	7 
4179	164 
4180	214 
4181	241 
4182	253 
4183	43 
4184	126 
4185	7 
4186	8 
4187	201 
4188	126 
4189	112 
4190	158 
4191	84 
4192	198 
4193	9 72 129 150 
4194	55 
4195	91 223 229 235 
4196	171 
4197	53 58 62 120 
4198	149 185 224 240 
4199	158 
4200	157 
4201	88 
4202	115 176 203 246 
4203	21 
4204	207 
4205	264 
4206	259 
4207	251 
4208	209 
4209	2 
4210	39 
4211	238 
4212	250 
4213	57 
4214	212 
4215	49 
4216	32 
4217	6 21 98 129 
4218	104 
4219	139 
4220	38 
4221	75 
4222	147 
4223	146 
4224	90 
4225	114 
4226	59 
4227	258 
4228	118 
4229	21 157 198 253 
4230	121 
4231	227 
4232	204 
4233	193 
4234	150 
4235	77 92 216 268 
4236	94 169 186 232 
4237	51 
4238	2 
4239	52 
4240	8 78 189 243 
4241	125 
4242	41 53 120 125 
4243	155 
4244	246 
4245	32 
4246	118 
4247	164 
4248	112 
4249	232 
4250	19 
4251	88 
4252	8 49 89 156 
4253	90 
4254	98 
4255	121 
4256	181 
4257	10 97 147 200 
4258	198 
4259	193 
4260	110 
4261	136 
4262	163 
4263	156 
4264	193 
4265	187 
4266	50 
4267	55 
4268	225 
4269	118 
4270	199 
4271	30 
4272	162 
4273	3 
4274	207 
4275	55 176 198 240 
4276	229 
4277	14 
4278	5 
4279	67 
4280	102 
4281	18 38 103 224 
4282	157 
4283	157 
4284	59 
4285	19 49 167 253 
4286	3 
4287	185 
4288	195 239 245 267 
4289	267 
4290	25 33 51 267 
4291	15 
4292	261 
4293	190 
4294	232 
4295	58 
4296	234 
4297	44 
4298	85 
4299	138 
4300	105 
4301	225 
4302	19 
4303	34 
4304	18 
4305	248 
4306	168 
4307	121 
4308	146 
4309	55 
4310	34 
4311	184 
4312	263 
4313	67 
4314	166 
4315	198 
4316	183 
4317	7 
4318	106 
4319	43 142 150 164 
4320	101 
4321	72 
4322	19 
4323	201 
4324	157 
4325	140 
4326	31 
4327	48 49 54 243 
4328	13 
4329	46 
4330	207 
4331	225 
4332	5 
4333	53 
4334	180 
4335	72 
4336	38 
4337	139 
4338	259 
4339	139 
4340	66 186 214 245 
4341	98 
4342	236 
4343	147 
4344	229 
4345	172 
4346	14 
4347	50 
4348	11 
4349	206 
4350	21 57 153 175 
4351	51 
4352	212 
4353	79 
4354	55 
4355	40 44 86 177 
4356	184 
4357	186 
4358	129 
4359	253 
4360	49 
4361	214 
4362	205 
4363	52 
4364	162 
4365	106 
4366	61 
4367	13 
4368	84 
4369	122 
4370	85 
4371	199 
4372	225 
4373	25 146 147 216 
4374	171 
4375	167 
4376	139 
4377	121 
4378	150 
4379	38 
4380	71 
4381	34 
4382	5 115 118 221 
4383	192 
4384	76 
4385	121 
4386	212 
4387	224 
4388	234 
4389	116 
4390	251 
4391	150 
4392	107 
4393	49 
4394	112 
4395	253 
4396	250 
4397	57 
4398	74 163 180 182 
4399	255 
4400	235 
4401	46 
4402	123 
4403	185 
4404	136 
4405	14 
4406	55 82 140 263 
4407	175 
4408	226 
4409	11 
4410	19 
4411	72 
4412	115 
4413	102 
4414	206 
4415	41 
4416	198 
4417	80 
4418	248 
4419	64 
4420	115 
4421	241 
4422	106 
4423	126 
4424	227 
4425	251 
4426	192 
4427	118 
4428	15 
4429	159 
4430	110 
4431	184 
4432	5 
4433	202 
4434	206 
4435	33 34 83 197 
4436	28 
4437	246 
4438	112 
4439	217 
4440	164 
4441	180 
4442	166 
4443	61 
4444	58 185 208 237 
4445	154 
4446	242 
4447	240 
4448	169 
4449	229 
4450	39 45 167 205 
4451	50 
4452	190 
4453	2 
4454	72 
4455	30 
4456	240 
4457	51 
4458	253 
4459	41 
4460	56 
4461	214 
4462	66 
4463	129 
4464	103 
4465	146 
4466	146 158 192 254 
4467	14 28 76 253 
4468	11 
4469	238 
4470	123 
4471	263 
4472	60 130 187 214 
4473	207 
4474	131 
4475	5 
4476	21 
4477	140 
4478	21 
4479	214 
4480	45 
4481	85 
4482	184 
4483	198 
4484	129 
4485	158 
4486	30 35 213 254 
4487	85 
4488	80 
4489	240 
4490	75 
4491	234 
4492	56 
4493	106 
4494	5 88 167 177 
4495	138 
4496	15 225 251 255 
4497	198 
4498	158 
4499	171 
4500	14 
4501	49 
4502	235 
4503	15 
4504	177 
4505	74 
4506	223 
4507	85 
4508	49 
4509	13 
4510	167 
4511	55 
4512	41 
4513	177 
4514	146 
4515	235 
4516	15 
4517	64 
4518	129 
4519	80 
4520	112 
4521	41 146 183 186 
4522	85 
4523	21 129 137 138 
4524	239 
4525	199 
4526	180 
4527	162 
4528	88 
4529	221 
4530	136 
4531	225 
4532	235 
4533	13 17 47 85 
4534	103 
4535	235 
4536	46 
4537	180 
4538	160 
4539	112 
4540	61 
4541	50 
4542	239 
4543	41 
4544	221 
4545	45 
4546	14 
4547	49 
4548	123 
4549	211 
4550	146 
4551	14 
4552	245 
4553	112 122 198 250 
4554	16 61 71 97 
4555	142 
4556	146 
4557	78 80 162 265 
4558	82 192 203 226 
4559	58 
4560	181 
4561	13 
4562	28 102 147 205 
4563	118 
4564	180 
4565	126 
4566	221 
4567	217 
4568	207 
4569	13 
4570	205 
4571	21 
4572	259 
4573	80 
4574	53 71 158 210 
4575	172 
4576	235 
4577	79 
4578	66 
4579	4 167 181 185 
4580	79 
4581	95 97 180 248 
4582	71 
4583	72 
4584	166 
4585	11 
4586	234 
4587	30 
4588	166 
4589	116 138 227 234 
4590	149 
4591	5 20 212 216 
4592	250 
4593	190 
4594	44 
4595	183 
4596	90 
4597	166 
4598	240 
4599	13 72 205 259 
4600	46 
4601	243 
4602	87 118 175 238 
4603	50 
4604	50 
4605	180 
4606	59 
4607	15 
4608	139 
4609	38 
4610	150 
4611	167 
4612	45 
4613	142 
4614	221 
4615	46 89 102 129 
4616	180 
4617	162 
4618	31 66 91 133 
4619	124 172 229 247 
4620	80 
4621	171 
4622	234 
4623	33 103 223 233 
4624	71 
4625	118 
4626	79 
4627	31 104 222 263 
4628	234 
4629	24 63 66 180 
4630	55 
4631	122 
4632	136 
4633	107 
4634	84 
4635	64 
4636	110 
4637	217 
4638	248 
4639	110 
4640	13 
4641	102 
4642	235 
4643	229 
4644	263 
4645	248 
4646	63 
4647	237 
4648	112 
4649	19 
4650	171 
4651	137 
4652	64 
4653	64 
4654	126 
4655	206 
4656	141 
4657	118 
4658	181 
4659	150 
4660	41 
4661	137 138 180 207 
4662	251 
4663	150 
4664	253 
4665	16 28 32 195 
4666	166 
4667	37 175 185 259 
4668	118 
4669	30 
4670	110 
4671	142 
4672	115 
4673	227 
4674	50 107 139 221 
4675	102 
4676	107 
4677	34 45 50 149 
4678	69 
4679	11 34 126 239 
4680	38 
4681	45 
4682	142 
4683	235 
4684	55 177 206 262 
4685	239 
4686	30 88 112 261 
4687	34 
4688	58 
4689	89 
4690	71 
4691	141 
4692	81 129 224 261 
4693	137 
4694	71 
4695	185 
4696	139 
4697	9 24 123 167 
4698	171 
4699	131 
4700	17 61 118 153 
4701	185 
4702	30 
4703	15 
4704	53 
4705	96 110 220 254 
4706	34 
4707	146 
4708	53 
4709	122 
4710	212 
4711	58 
4712	14 
4713	49 145 207 247 
4714	164 
4715	80 
4716	60 
4717	175 
4718	217 
4719	49 
4720	206 
4721	186 
4722	150 
4723	10 38 132 140 
4724	253 
4725	17 
4726	229 
4727	21 
4728	10 115 173 207 
4729	13 51 125 196 
4730	26 154 166 223 
4731	13 
4732	142 166 175 190 
4733	150 
4734	261 
4735	221 
4736	258 
4737	239 
4738	89 139 166 237 
4739	34 69 155 189 
4740	139 
4741	58 
4742	19 104 175 232 
4743	43 
4744	30 31 129 207 
4745	190 
4746	126 
4747	166 
4748	116 144 159 175 
4749	185 
4750	205 
4751	253 
4752	159 
4753	177 
4754	30 
4755	150 
4756	206 
4757	15 83 158 198 
4758	237 
4759	166 
4760	71 
4761	126 
4762	84 
4763	19 
4764	43 
4765	225 
4766	19 
4767	154 
4768	103 
4769	172 
4770	107 
4771	162 
4772	60 
4773	205 
4774	45 
4775	123 
4776	185 
4777	6 131 220 243 
4778	31 
4779	86 114 162 207 
4780	69 
4781	137 
4782	29 139 176 225 
4783	190 
4784	175 
4785	131 
4786	33 79 131 161 
4787	92 103 158 226 
4788	55 
4789	234 
4790	61 
4791	169 196 201 211 
4792	185 
4793	175 
4794	83 
4795	17 21 112 239 
4796	34 
4797	34 
4798	30 
4799	261 
4800	110 
4801	185 
4802	30 
4803	212 
4804	186 
4805	226 
4806	5 
4807	84 
4808	207 
4809	53 
4810	131 
4811	45 
4812	56 
4813	131 
4814	60 
4815	66 
4816	248 
4817	102 
4818	53 
4819	229 
4820	10 157 245 251 
4821	177 185 220 240 
4822	239 
4823	57 94 114 143 
4824	31 37 121 182 
4825	72 150 186 227 
4826	166 
4827	141 
4828	34 128 147 227 
4829	142 
4830	41 
4831	154 
4832	45 
4833	34 
4834	17 
4835	126 
4836	207 
4837	50 83 115 232 
4838	30 
4839	175 
4840	13 15 186 234 
4841	50 
4842	5 
4843	175 
4844	21 145 213 261 
4845	240 
4846	164 
4847	16 195 199 211 
4848	190 
4849	221 
4850	167 
4851	239 
4852	141 
4853	121 
4854	21 
4855	85 
4856	14 
4857	226 
4858	14 
4859	212 
4860	139 
4861	41 
4862	221 
4863	261 
4864	180 
4865	131 
4866	217 
4867	15 211 226 234 
4868	71 
4869	34 
4870	31 117 129 240 
4871	190 
4872	261 
4873	212 
4874	15 23 129 268 
4875	21 
4876	261 
4877	57 164 212 226 
4878	42 48 88 139 
4879	259 
4880	158 
4881	55 67 200 249 
4882	61 
4883	221 
4884	175 
4885	46 
4886	105 118 142 263 
4887	180 
4888	253 
4889	136 
4890	61 
4891	34 
4892	107 
4893	201 
4894	107 
4895	221 
4896	21 53 80 202 
4897	32 84 122 240 
4898	240 
4899	240 
4900	239 
4901	60 154 220 226 
4902	180 
4903	258 
4904	45 
4905	142 
4906	56 
4907	207 
4908	142 
4909	17 177 235 238 
4910	34 
4911	136 
4912	9 13 41 200 
4913	46 
4914	258 
4915	43 83 137 146 
4916	137 
4917	71 
4918	19 
4919	55 
4920	142 
4921	129 
4922	43 123 135 166 
4923	63 86 131 255 
4924	136 
4925	190 
4926	30 
4927	103 109 135 160 
4928	56 69 72 186 
4929	31 
4930	190 
4931	221 
4932	212 
4933	261 
4934	38 
4935	69 104 116 233 
4936	166 
4937	167 
4938	167 
4939	158 
4940	37 124 189 253 
4941	185 
4942	239 
4943	175 
4944	81 93 205 239 
4945	227 
4946	71 
4947	85 107 166 236 
4948	16 104 127 185 
4949	235 
4950	32 112 146 181 
4951	15 
4952	167 
4953	115 
4954	235 
4955	74 228 239 250 
4956	225 
4957	53 
4958	167 
4959	45 
4960	239 
4961	92 118 179 188 
4962	166 
4963	16 57 90 190 
4964	84 
4965	121 180 201 224 
4966	15 
4967	239 
4968	5 7 148 216 
4969	83 160 236 263 
4970	43 76 102 145 
4971	53 104 206 218 
4972	167 201 251 263 
4973	38 80 112 190 
4974	21 34 172 215 
4975	190 
4976	71 124 126 217 
4977	116 139 258 262 
4978	221 
4979	45 
4980	227 
4981	142 146 159 162 
4982	142 
4983	45 
4984	201 
4985	121 
4986	53 
4987	21 
4988	175 
4989	85 
4990	166 
4991	72 117 205 263 
4992	21 
4993	83 221 248 261 
4994	45 
4995	19 68 140 192 
4996	201 
4997	31 41 150 237 
4998	5 146 227 253 
4999	121 
5000	201 
