1 4294
2 4980
3 4448
4 4341
5 3780
6 3127
7 4126 4363 4595
8 4967
9 4894
10 2771
11 4958
12 3383
13 4426
14 4662
15 4921
16 2062 3010
17 4860
18 4279
19 4601
20 3639
21 4137
22 4662
23 4929
24 2719
25 4865
26 4966
27 2997
28 4078
29 2037
30 4595
31 4753
32 4709
33 4814
34 3811 4715
35 2467
36 4819
37 3811
38 4894
39 3127
40 4914
41 4495
42 2646
43 4479
44 4835
45 1933
46 4102
47 4967
48 4775
49 4929
50 4773
51 4601
52 4490
53 4890
54 4773 4914
55 3209
56 4982
57 4698
58 2467
59 3147
60 3826 3983
61 1933
62 4469
63 4601
64 4482
65 4906
66 4861
67 3858
68 5000
69 2782
70 2719
71 4966
72 4078
73 2874
74 1933
75 4216
76 4906 4964
77 4437 4866
78 3277
79 4914
80 1184 4384
81 4102
82 4907
83 4731
84 3039 3826
85 4108
86 4913
87 4549
88 4866
89 4865
90 4926
91 4549
92 3864
93 4397
94 3457 4142
95 4764
96 4978
97 4397 4698 4794
98 4468
99 4894
100 4982
101 2680
102 3418
103 4846
104 4879
105 4753
106 4980
107 4966
108 4113
109 4658
110 2948
111 4975
112 3985
113 4899
114 4916
115 4017
116 3367
117 4994
118 3219
119 4964
120 3209
121 2077
122 3577
123 4626
124 3968 4233 4506
125 4999
126 4583
127 4988
128 4084
129 4956
130 4858
131 4552
132 3118
133 3379
134 3209
135 4186
136 4834
137 4108 4658 4934
138 4941
139 4889
140 2646
141 2141
142 4208 4753
143 4126
144 4646
145 3858 4155
146 4483
147 3259
148 3639
149 4273
150 2997
151 4017
152 3294
153 1781
154 3127
155 4397
156 4929
157 4078
158 4857
159 4317
160 4208
161 4753
162 3557
163 4662
164 4648
165 3259
166 3379
167 4126
168 4715
169 3968
170 4980
171 2868 4804
172 2422
173 4711
174 3308 3577
175 4958
176 2997
177 4907
178 4606
179 3383
180 4780
181 4644
182 4153
183 4858
184 2062
185 4753
186 4477
187 4814
188 4131
189 2343
190 3577
191 4662
192 3224
193 2617
194 4816
195 4468 4780 4906
196 4814
197 4263
198 4939
199 4123
200 4865
201 3147
202 4216
203 2948
204 4857
205 4113
206 4879
207 4975
208 4817
209 4155
210 2141
211 4084
212 4858
213 4317 4907 4953
214 4171
215 1184
216 4707
217 4831
218 4711
219 3300
220 4389
221 4756
222 4852
223 4052
224 3367
225 3966
226 4468
227 4528
228 4092
229 1184
230 3219
231 4399
232 1459
233 3308
234 4437
235 4857
236 4525
237 4108
238 4834
239 4426
240 3942
241 4626 4711 4815
242 4186
243 1459 4343
244 4658
245 4890
246 3418
247 3370
248 4525
249 4023
250 4698 4939
251 4956
252 3300
253 3644
254 4755
255 4975
256 4910
257 4889
258 4939
259 4980
260 4078
261 4860
262 4648
263 4279
264 4814
265 4646
266 4102 4953
267 4986
268 4894
269 4989
270 4131
271 4421
272 4800
273 4907
274 4894
275 4958
276 4988
277 4780
278 2062
279 4934
280 2062
281 4698
282 1036
283 4023
284 4253
285 4906
286 3826 4102
287 4289
288 3118
289 4652
290 2617
291 4966
292 4771
293 4916
294 3942
295 4789
296 4780
297 4493
298 4906
299 4978
300 4907
301 4594
302 4233
303 4113
304 2771
305 3476
306 4941
307 4919
308 4889
309 4921
310 4966
311 4525
312 3367
313 4958
314 4980
315 4594
316 3330
317 4137 4866
318 4139
319 4956
320 4846
321 2874
322 4771
323 4753
324 2030 4652
325 4889
326 4583
327 4866
328 4648
329 4768
330 3644
331 4842
332 4773
333 4126
334 3514
335 4941
336 3219
337 4982
338 4113
339 4841
340 4879
341 4106
342 4999
343 3942 4399
344 2586
345 4752
346 4906
347 1459 4142
348 4814
349 4457
350 3773
351 2939
352 4967
353 5000
354 4552
355 4857
356 4858
357 2805
358 4831
359 4658
360 2646
361 4253
362 4253
363 4023
364 4342
365 4929
366 4914
367 4052
368 4962
369 4592
370 2646 3308 4279
371 4399
372 4929
373 4907
374 4437
375 4794
376 4958
377 4756
378 4933
379 4646
380 4137
381 5000
382 4506
383 3649
384 4956
385 3987
386 4126
387 4506
388 3979
389 4941
390 4490
391 4709
392 4800
393 3826
394 4964
395 3793
396 4490
397 4601 4753
398 3639
399 4964
400 4594 4831
401 4341
402 4626
403 3639
404 4860
405 2868
406 2771
407 4648
408 4913
409 4668
410 4363
411 2997
412 4448
413 4753
414 4975
415 4994
416 3179
417 4958
418 4858
419 2646
420 3983 4092 4495
421 4921
422 4989
423 4273
424 4528
425 4126 4142
426 4477
427 4752
428 3836
429 2939
430 4982
431 3874
432 1459
433 4794
434 3760
435 4495
436 2935
437 5000
438 4363
439 3793
440 1781 3644
441 3039
442 4988
443 4858
444 4168
445 4932
446 3370
447 4549
448 4719
449 4916
450 4999
451 3864
452 4894
453 4816
454 4233
455 3367 4525
456 4756
457 4907
458 2343
459 2506
460 4092 4469
461 4866
462 4775
463 4139
464 4780
465 3829
466 4139
467 3237
468 4888 4964
469 3514
470 4583
471 4953
472 4253
473 4889
474 4962
475 4910
476 3118
477 2984
478 2422 4606 4934
479 4483
480 4457
481 3826
482 4594
483 4595
484 4731
485 4709
486 4549
487 4477
488 4317
489 4123
490 4978
491 4852
492 3340
493 4888
494 3874
495 3308
496 4421
497 4804
498 3968
499 4495 4549
500 4852
501 3760
502 3224 3649
503 2782
504 4709
505 4453 4505
506 4646
507 4756
508 3942 4921
509 2668
510 4831
511 4953
512 4317
513 4283
514 4831
515 4946
516 4846
517 3224
518 4752
519 3826
520 4954
521 4711
522 3644
523 4846
524 4982
525 4698
526 4926
527 4989
528 4756
529 4964
530 4595
531 4058
532 4753
533 3966
534 3773
535 3773
536 4929
537 4102
538 4769
539 4771
540 4023
541 4756
542 4910
543 4914
544 4652
545 4658
546 4906
547 4980
548 2343
549 4279
550 1036
551 2371
552 4477
553 2771 3550
554 4658
555 4982
556 3979
557 4233
558 4846
559 4283
560 3829
561 2805 3966
562 3059
563 4155
564 4834
565 4888
566 2110
567 3118
568 4962
569 4186
570 3893
571 4022
572 4919
573 5000
574 3383
575 2868
576 3943 4426
577 4933
578 5000
579 4756
580 2874
581 1184 3893
582 4887
583 4052 4606
584 4946
585 1781
586 4078 4123
587 4652
588 4852
589 4483
590 4919
591 4668
592 3826
593 4343
594 3773
595 4022
596 4954
597 4341
598 4817
599 2782
600 4773
601 4756
602 4155
603 4879
604 4719
605 4956
606 4698
607 4153
608 4860
609 4861
610 3968
611 4583
612 4668
613 4769
614 4978
615 4962
616 4975
617 4752
618 3457
619 5000
620 4479
621 4764
622 4594
623 4397
624 4479
625 3659
626 3985 4126 4857 4914
627 4342
628 4397
629 3457
630 4583
631 4283
632 4113
633 4084
634 4495
635 4819
636 4899
637 4711
638 4216
639 4894
640 2805
641 4052
642 4426 4448
643 4689
644 1324
645 2646
646 4137
647 3858
648 4866
649 4022
650 4283
651 3577
652 4078
653 3277
654 3864
655 3626
656 4648
657 3379
658 4232 4834
659 4894
660 4962
661 4989
662 4448
663 4842
664 4049
665 4958
666 4816
667 4453
668 5000
669 3626
670 4052
671 3659
672 4966
673 3151
674 3874
675 3370
676 3525
677 4087
678 4216
679 4958
680 4919
681 4769
682 4468
683 2077
684 4606
685 4210
686 4966
687 4926
688 3979
689 3179
690 4017
691 4490
692 4715
693 3557
694 3219
695 4479
696 3893
697 3577
698 4921
699 4715
700 4819
701 4967
702 4155
703 4232
704 4789
705 2077
706 4668
707 4289
708 4780
709 2037
710 4078
711 3300
712 4719
713 4975
714 3151
715 4121
716 2422
717 4755
718 3902
719 4341
720 4552
721 4771
722 4294
723 3330
724 4479
725 5000
726 4926
727 4916
728 4644
729 4975
730 2948
731 4719
732 4958
733 4934
734 2874
735 4861
736 3079
737 4834
738 3893
739 4294
740 4962
741 3644 4495
742 3463
743 4852
744 4469
745 4052
746 2371
747 3383
748 4707
749 3983
750 3008 3151
751 4866
752 4932
753 4910
754 4479
755 4913
756 2997
757 4493
758 4861
759 4934
760 1923 2030
761 4397
762 3827 4153
763 4988
764 4794
765 4994
766 4860
767 4988
768 3557
769 4890
770 4861
771 4858
772 4102
773 4771
774 2939
775 4841
776 4595
777 3379
778 4363
779 4921
780 2617
781 4964
782 4953
783 4978
784 4731
785 3008
786 3626
787 4023
788 4253
789 4437 4753
790 4773
791 3968
792 4764
793 4648
794 3864
795 3773 4689
796 4916
797 4552
798 4816
799 4363
800 4106
801 4707
802 2422
803 4988
804 4483
805 3179
806 4731
807 4171
808 4888
809 3811
810 3902
811 4668
812 4769
813 4652
814 4834
815 4216
816 4956
817 3649
818 4106
819 4980
820 1459
821 4186
822 4087
823 4769
824 4986
825 4819
826 4711
827 3010
828 4914
829 3008
830 3039
831 4495
832 3300
833 2868
834 4978
835 3979 4662
836 3940
837 3209
838 4648
839 4108
840 4800
841 4715
842 4505
843 2371
844 4890
845 4606
846 4595
847 4153 4594
848 2881 4049
849 4113
850 4831 4852
851 4113
852 4932
853 4711
854 3644
855 3463
856 4595
857 4775
858 4525
859 4978
860 4595
861 4483
862 3787
863 4495 4804
864 4954
865 4662 4698
866 4363
867 4929
868 4841
869 4913
870 3626
871 4121
872 2506
873 3649
874 3968
875 3118
876 4888
877 4857
878 4606
879 4989
880 3659
881 4171
882 4525
883 4933
884 3010
885 4834
886 3059
887 4794
888 2617
889 4994
890 4477
891 4962
892 4800
893 4363
894 3740
895 4017
896 4273
897 4816
898 4956
899 4994
900 4479
901 4994
902 4384
903 4719
904 3987
905 4831
906 4980
907 4978
908 4916
909 4058
910 4889
911 4831
912 4689
913 4421
914 4887
915 4939
916 4941
917 4899
918 4933
919 2617
920 4914
921 4913
922 4861
923 4626
924 4906
925 4343
926 4816
927 4771
928 4113
929 2062
930 4910
931 3827
932 4800
933 4860
934 4934
935 1923
936 3787
937 4929
938 4817
939 4860
940 4879
941 4022
942 4966
943 3367
944 4719
945 4171
946 4506
947 4399
948 4852
949 4986
950 4834
951 4644
952 4842
953 3893
954 4982
955 3985
956 4769
957 4525
958 3476
959 4857
960 3550
961 3010
962 3983
963 4210
964 4852
965 4108
966 4899
967 3826
968 4668
969 4087
970 4142
971 4689
972 4907
973 4698
974 4601 4841
975 1036
976 2984
977 4490
978 4914
979 4595
980 4506
981 4956
982 4966
983 4768
984 4113
985 4986
986 2719
987 4916
988 3968
989 3858
990 4171
991 4800
992 3525
993 2668
994 4592
995 4861
996 4842
997 4453
998 4495
999 4889
1000 4916
1001 1036
1002 2881
1003 4929
1004 4253 4263
1005 3294
1006 4058
1007 4457
1008 4846
1009 3836
1010 4505
1011 4967
1012 4956
1013 4914
1014 4078
1015 4448
1016 4595
1017 4804
1018 3740
1019 4815
1020 4387
1021 3151
1022 2467
1023 4752
1024 4773
1025 2668
1026 4317
1027 2771
1028 4975
1029 4387
1030 4389
1031 4918
1032 4956
1033 4889
1034 4341
1035 4800
1036 1036
1037 4842
1038 3237
1039 4852
1040 4342
1041 3811
1042 4626
1043 4399
1044 4171
1045 4865
1046 3966
1047 4789
1048 4483
1049 4819
1050 1459
1051 3525
1052 4941
1053 4816
1054 4139
1055 4715
1056 3858
1057 3383
1058 4789
1059 3827
1060 3550
1061 4343
1062 1923
1063 4967
1064 4956
1065 4528
1066 4216
1067 4208
1068 4954
1069 4804
1070 4933
1071 4967
1072 4919
1073 4918
1074 4087
1075 2586
1076 4842
1077 4834
1078 4453
1079 4752
1080 4263
1081 4552
1082 4731
1083 4768
1084 4999
1085 4087
1086 4916
1087 3147
1088 4253
1089 4317
1090 4804
1091 4552
1092 4457
1093 3308
1094 4389
1095 4469
1096 4933
1097 3942
1098 1184
1099 4861 4929
1100 4017
1101 4888
1102 1184
1103 3259
1104 4153
1105 3644
1106 5000
1107 4482
1108 4865
1109 4910
1110 4858
1111 4910
1112 4780
1113 4123
1114 4978
1115 4233
1116 2881
1117 3300
1118 4919
1119 4921
1120 2110
1121 4131
1122 4528
1123 4888
1124 2881
1125 3418
1126 4933
1127 4888
1128 4835
1129 4399
1130 4834
1131 4819
1132 4980
1133 4387
1134 4652
1135 4689
1136 3010
1137 4208
1138 2467
1139 4594
1140 4155
1141 2984
1142 2646
1143 4817
1144 3224
1145 4137
1146 3787
1147 4216
1148 4887
1149 4142
1150 4907
1151 4482
1152 4946
1153 4913
1154 4919
1155 4866
1156 4139
1157 2586
1158 4907
1159 4941
1160 4768
1161 4946
1162 2782
1163 4890
1164 3370
1165 3525
1166 4592
1167 4987
1168 1933
1169 2805
1170 4852
1171 4155
1172 4933
1173 4913
1174 3330
1175 4453
1176 4967
1177 4989
1178 4910
1179 4816
1180 4087
1181 4879
1182 4769
1183 4879
1184 1184
1185 4648
1186 2948
1187 2077
1188 3740
1189 4606
1190 4495
1191 4910
1192 4483
1193 3740
1194 4709
1195 4953
1196 4121
1197 4929
1198 4956
1199 4283
1200 4709
1201 2935
1202 2719
1203 4815
1204 2461
1205 2939
1206 4918
1207 4852
1208 4866
1209 4279
1210 3979
1211 4707
1212 3966
1213 3514
1214 1781 2719
1215 4711
1216 4022
1217 4989
1218 4866
1219 4861
1220 4153
1221 4262
1222 3463
1223 4834
1224 4780
1225 4890
1226 4815
1227 3300
1228 4899
1229 4999
1230 4890
1231 4768
1232 4964
1233 3831
1234 4253
1235 4994
1236 1324
1237 4689
1238 4989
1239 4814
1240 4668
1241 4017
1242 4916
1243 3987
1244 4263
1245 4752
1246 3362
1247 3330
1248 4980
1249 4817
1250 4108
1251 3079
1252 4495
1253 4646
1254 4469
1255 4399
1256 3463
1257 4479
1258 4860
1259 2948
1260 3219
1261 4769
1262 3008
1263 4999
1264 4846
1265 4764
1266 4804
1267 4469
1268 4926
1269 4919
1270 4953
1271 2680
1272 4715
1273 3940
1274 3514
1275 4437
1276 4658
1277 4890
1278 4758
1279 4186
1280 4989
1281 4592
1282 3968
1283 3987
1284 4852
1285 4933
1286 4764
1287 4289 4815
1288 3644
1289 4794
1290 3644
1291 3740
1292 4483
1293 4956
1294 4889
1295 4384
1296 4583
1297 4775
1298 1324 4171 4506
1299 3008
1300 3577
1301 4939
1302 4505
1303 3826
1304 4453
1305 4448
1306 3457
1307 4652
1308 3476
1309 2037
1310 4846
1311 4846
1312 4773
1313 4988
1314 4719
1315 4058
1316 4913
1317 4468
1318 4052
1319 3864
1320 4389
1321 4648
1322 4890
1323 3987
1324 1324
1325 4841
1326 4493
1327 2506
1328 4764
1329 4468 4490 4794
1330 3294
1331 4999
1332 1781
1333 4342
1334 4139
1335 4453
1336 4926
1337 3659
1338 4232
1339 3987
1340 4994
1341 3864
1342 4482
1343 4601
1344 4835
1345 3829
1346 4946
1347 4646
1348 4549
1349 3773
1350 3463
1351 3557
1352 4453
1353 4906
1354 4819
1355 4084
1356 4482
1357 3379
1358 4049
1359 4421
1360 4916
1361 4954
1362 4816
1363 4987
1364 4888
1365 4087
1366 4758
1367 4469
1368 3362
1369 4601
1370 4171
1371 4858
1372 4505
1373 3760
1374 3740
1375 4262
1376 3811
1377 4894
1378 4595
1379 3370
1380 4049
1381 4644
1382 4926
1383 3829
1384 3151
1385 4926
1386 4929
1387 4780
1388 4168
1389 4913
1390 4171
1391 3383
1392 1781 4800
1393 4975
1394 4468
1395 3966 4668
1396 2461
1397 4525
1398 3826
1399 4017
1400 4939
1401 4835
1402 4794
1403 4652
1404 4317
1405 3514
1406 4814
1407 4208
1408 2371
1409 4389
1410 2110
1411 4709
1412 5000
1413 4108
1414 3379
1415 4232
1416 4549
1417 4926
1418 4421
1419 4964
1420 2782
1421 4906
1422 4483
1423 2062
1424 4771
1425 4457
1426 4549 4933
1427 3224
1428 2782 4926
1429 4448
1430 4142
1431 2719
1432 4841
1433 4980
1434 4457
1435 3127
1436 4956
1437 3827
1438 4049
1439 4946
1440 4941
1441 4756
1442 2874
1443 4994
1444 4780
1445 3831
1446 4889
1447 4709
1448 4384
1449 4448
1450 4835
1451 4483
1452 3874
1453 4932
1454 1933
1455 3383
1456 3983
1457 4994
1458 3308
1459 1459
1460 4092
1461 4846
1462 4916
1463 4139
1464 3942
1465 4731
1466 3943
1467 4437
1468 4648
1469 4986
1470 3118
1471 4919
1472 4648
1473 4505
1474 4208
1475 4899
1476 4389 4907
1477 4126
1478 4709
1479 4421
1480 4879
1481 4814
1482 4426
1483 3008 3147 4049
1484 4919
1485 3079
1486 4731
1487 4842
1488 4216 4343 4769
1489 4752
1490 4342 4479
1491 4966
1492 4982
1493 4363
1494 4999
1495 3127 3557 3940
1496 4644
1497 4662
1498 4106
1499 4289
1500 4709
1501 4606
1502 4852
1503 4121 4153
1504 4842
1505 3010
1506 4986
1507 4919
1508 4967
1509 4709
1510 4626
1511 4916
1512 4131
1513 2506 3902
1514 4121
1515 4479
1516 3836 3968
1517 4816
1518 4756
1519 3514
1520 4775 4934 4988
1521 4861
1522 4715
1523 4731
1524 4865
1525 2461
1526 3367
1527 4343
1528 4626
1529 2719
1530 4753
1531 3793
1532 4528
1533 4769
1534 2646
1535 4595
1536 3942
1537 1324
1538 4652
1539 4975
1540 4731
1541 4780
1542 4890
1543 4857
1544 4926
1545 4860
1546 3793
1547 4477
1548 2062
1549 4860
1550 4768
1551 4756
1552 4852
1553 4606
1554 4208 4646
1555 4889
1556 4956
1557 4711
1558 4906
1559 3874
1560 4058
1561 3626
1562 3224
1563 4986
1564 1184
1565 4954
1566 4468
1567 4861
1568 4913
1569 4648
1570 4966
1571 4493
1572 3968
1573 4698
1574 4913
1575 4756
1576 4186
1577 4648
1578 4994
1579 4975
1580 2343
1581 4092
1582 1459
1583 3294
1584 4921
1585 4956
1586 1184
1587 4689
1588 4719
1589 2680
1590 4999
1591 4906
1592 4689
1593 4123
1594 3831
1595 4858
1596 4879
1597 4967
1598 4865
1599 4399
1600 4017 4689
1601 4113 4648
1602 4989
1603 4966
1604 3968
1605 3277
1606 4860
1607 4505
1608 3370
1609 4477
1610 3943
1611 4819
1612 3740 4819
1613 4780
1614 3237
1615 4894
1616 4916
1617 4967
1618 4711
1619 3525
1620 4815
1621 4457
1622 3370
1623 4888
1624 4755
1625 4860
1626 4102
1627 4384
1628 4842
1629 4804
1630 4865
1631 4139
1632 4932
1633 4106
1634 4477
1635 4479
1636 1184
1637 5000
1638 3826
1639 3179
1640 4208
1641 3147
1642 3367 4289
1643 4052
1644 4804
1645 4341
1646 3219
1647 4078
1648 4017 4768
1649 4506
1650 4914
1651 4987
1652 4102
1653 3902
1654 4989
1655 4819
1656 3826
1657 4468
1658 2881
1659 4153
1660 4715
1661 4918
1662 4890
1663 4918
1664 2037
1665 4626
1666 4592
1667 3370
1668 3277
1669 4525
1670 4601
1671 4918
1672 4698
1673 4966
1674 4879
1675 4087
1676 4233
1677 4988
1678 4168
1679 1781
1680 4752
1681 5000
1682 4834
1683 3340
1684 3008
1685 4966
1686 4606
1687 4906
1688 3127
1689 3836
1690 3383
1691 3219
1692 4933
1693 4800
1694 4233
1695 2868
1696 1184
1697 4914
1698 4155
1699 3644
1700 4137
1701 3463
1702 4865
1703 3943
1704 4939
1705 3463
1706 3219
1707 4889
1708 4800
1709 3127
1710 3383 3979
1711 4668
1712 4980
1713 4964
1714 4208
1715 4709
1716 2628
1717 4232
1718 4768
1719 4505
1720 4939
1721 4831
1722 4468
1723 4490
1724 4919
1725 2874
1726 4834
1727 4986
1728 4899
1729 4755 4756 4987
1730 4662
1731 4171
1732 4363
1733 4966
1734 4780
1735 3829
1736 4709
1737 4933
1738 3968
1739 4999
1740 3942
1741 4479
1742 4988
1743 4988
1744 4490
1745 3383
1746 4490
1747 4756
1748 4846
1749 3780
1750 3259
1751 4954
1752 1933
1753 2997
1754 4342
1755 4711
1756 3985
1757 3968
1758 4986
1759 4814
1760 4253
1761 4916
1762 4506
1763 4283
1764 2110
1765 4866
1766 4658
1767 4768
1768 4835
1769 4752
1770 4384
1771 3147
1772 4715
1773 2805
1774 3151 3379
1775 3577 4457 4817
1776 2874
1777 3259
1778 4879
1779 4210
1780 4490
1781 1781
1782 3476
1783 4594
1784 4932
1785 4831
1786 4594
1787 4906
1788 4210
1789 4918
1790 4658
1791 3940 4583 4841
1792 4232
1793 4186
1794 2617
1795 2646
1796 4978
1797 3760
1798 3147
1799 3827
1800 4999
1801 4137
1802 4764
1803 3379
1804 4049
1805 4866
1806 4087
1807 4857
1808 2506
1809 4919
1810 3966
1811 4594
1812 4363
1813 4283
1814 4794
1815 4102
1816 4958
1817 4137
1818 3644
1819 3259
1820 2771
1821 3940
1822 5000
1823 4123
1824 4552
1825 4771
1826 4852
1827 4918
1828 2422
1829 3308 3550 4399
1830 4800
1831 4279
1832 3514
1833 3760
1834 4926
1835 4919
1836 4644
1837 3300
1838 4860
1839 3237
1840 4921
1841 4918
1842 4482
1843 4092
1844 4437
1845 3294
1846 4168
1847 4294 4387
1848 4457
1849 4861
1850 4814
1851 4469
1852 4964
1853 4594
1854 4988
1855 4913
1856 4626
1857 2997
1858 4606
1859 4289
1860 3457
1861 4715
1862 3827
1863 3968
1864 4049
1865 4953
1866 4775
1867 4549
1868 4800
1869 4906
1870 4982
1871 4658
1872 4689
1873 3827
1874 1036
1875 4525
1876 4794
1877 4707
1878 4910
1879 4967
1880 4894
1881 3300
1882 4953
1883 4780
1884 4975
1885 4982
1886 4279
1887 4815
1888 4289
1889 4894
1890 4954
1891 2881
1892 4835
1893 4273
1894 4168
1895 2110 2935
1896 4894
1897 4841
1898 4982
1899 4263
1900 3902
1901 1781
1902 4108
1903 3118
1904 2077
1905 4023
1906 4946
1907 1781
1908 4934
1909 4294
1910 3340
1911 4866
1912 4846
1913 4933
1914 4989
1915 4263
1916 4210
1917 4273
1918 4919
1919 4225
1920 4273
1921 5000
1922 4052
1923 1923
1924 2586
1925 4932
1926 3219
1927 4879
1928 4846
1929 2586
1930 4831
1931 4756
1932 4773
1933 1933
1934 4994
1935 3639
1936 4387
1937 4986
1938 3151
1939 4921
1940 4758
1941 4601
1942 4941
1943 4468
1944 4528
1945 4919
1946 4815
1947 2586
1948 3151
1949 4918
1950 3379
1951 4780
1952 4889
1953 4493
1954 4668
1955 4771
1956 4131
1957 4894
1958 4078
1959 4816
1960 4887
1961 4225 4626 4982
1962 4888
1963 4987
1964 3831
1965 4989
1966 4789
1967 4941
1968 4216
1969 2984
1970 4528
1971 4387
1972 4711
1973 4668
1974 3418
1975 4946
1976 4939
1977 2874
1978 4384
1979 4493
1980 4493
1981 4835
1982 3300
1983 4758
1984 4980
1985 1923
1986 4865
1987 4999
1988 3379
1989 4814
1990 4493
1991 4906
1992 4846
1993 3367
1994 4962
1995 4387
1996 4933
1997 4049
1998 4932
1999 4934
2000 4528
2001 3787 4769
2002 4479
2003 4831
2004 4689
2005 4894
2006 4448
2007 4279
2008 4816
2009 4731
2010 4834
2011 4549
2012 2984 3740
2013 4594
2014 4764
2015 4764
2016 4648
2017 4689
2018 3987 4253
2019 1184
2020 4731
2021 3760
2022 4962
2023 4913 4986
2024 4384
2025 4956
2026 4698
2027 4958
2028 4139
2029 4668
2030 1923 2030
2031 4899
2032 4731
2033 4468
2034 4913
2035 3224
2036 4506
2037 2037
2038 4384
2039 4583
2040 4289
2041 4715
2042 4835
2043 4994
2044 3874
2045 4084
2046 4890
2047 3147
2048 3179
2049 4913
2050 4343
2051 4123
2052 4982
2053 4894
2054 3831
2055 4668
2056 4988
2057 4817
2058 3463
2059 3943
2060 4049
2061 4644
2062 2062
2063 4800
2064 4999
2065 4715
2066 2646
2067 2782
2068 4495
2069 2077
2070 4343
2071 4752
2072 4954
2073 3367
2074 4448
2075 4758
2076 4273
2077 2077
2078 4967
2079 4087
2080 4857
2081 4966
2082 4711
2083 4711
2084 3294
2085 3920
2086 4707
2087 4999
2088 4926
2089 4283
2090 2997
2091 3370 4858
2092 4814
2093 4387
2094 4253 4890
2095 4846
2096 4962
2097 4954
2098 3985 4123
2099 4989
2100 4764
2101 4102
2102 3943
2103 4495
2104 2646
2105 3893
2106 4986
2107 4866
2108 1184
2109 4168
2110 2110
2111 4819
2112 4916
2113 4715
2114 4483
2115 4421
2116 3902
2117 3127
2118 3983
2119 3179
2120 5000
2121 3644
2122 4804
2123 4978
2124 4448
2125 4914
2126 3983
2127 4646
2128 4932
2129 4933
2130 2646
2131 4752
2132 4860
2133 3383
2134 3829
2135 4794
2136 5000
2137 4482
2138 3367 4171
2139 4262
2140 4646
2141 2141
2142 4966
2143 4102
2144 4980
2145 4789
2146 3864
2147 4907
2148 4131
2149 4857
2150 3308
2151 4758
2152 3773
2153 4758
2154 4658 4980
2155 4956
2156 4652
2157 4137
2158 4769
2159 4525
2160 4956
2161 4835
2162 4698
2163 4956
2164 3987
2165 4933
2166 4894
2167 4852
2168 4841
2169 4652
2170 3639
2171 4483
2172 4711 4918
2173 4980
2174 4994
2175 4389
2176 4919
2177 3039
2178 4289
2179 4852
2180 2771
2181 4932
2182 4483
2183 3294 4232
2184 2939
2185 4986
2186 4426
2187 4753
2188 4962
2189 4804
2190 4389
2191 4982
2192 4698
2193 4506
2194 5000
2195 3987
2196 4932
2197 4946
2198 4958
2199 4964
2200 4495
2201 3179
2202 4764 4926
2203 3277
2204 4505
2205 4121
2206 2422
2207 4865
2208 4890
2209 4753
2210 4841
2211 2997
2212 4506
2213 2467
2214 4273
2215 4506
2216 4919
2217 4926
2218 4921
2219 4775
2220 4980
2221 2461
2222 4861
2223 4601
2224 4768
2225 4397
2226 4155
2227 4279 4978
2228 4989
2229 4819
2230 4941
2231 4384
2232 4731
2233 4216
2234 4583
2235 4962
2236 4186 4834
2237 4771
2238 4814
2239 4078
2240 2077
2241 4592
2242 4999
2243 2077
2244 3039
2245 4549
2246 4800 4987
2247 4835
2248 3644
2249 4962
2250 4764
2251 3008
2252 4954
2253 4216
2254 2461
2255 4964
2256 4528
2257 4933
2258 3787
2259 4914
2260 4852
2261 3525
2262 4919
2263 1184
2264 3362
2265 3008
2266 3760
2267 4528
2268 4233
2269 4800 4999
2270 3829 4958
2271 4953
2272 4752 4913
2273 3079
2274 3943
2275 4294
2276 3773
2277 3780
2278 4049
2279 4842
2280 4956
2281 4102
2282 4966
2283 4490
2284 3259
2285 1324
2286 2371
2287 4505
2288 2782
2289 4953
2290 4668
2291 4986
2292 4389
2293 4505
2294 4980
2295 4644
2296 4934
2297 4317 4715
2298 2771
2299 4528
2300 4715
2301 2719
2302 4906
2303 4482
2304 4860
2305 4999
2306 4506
2307 3985
2308 4987
2309 4773
2310 4989
2311 4842
2312 3219
2313 1933
2314 3147
2315 4932
2316 4289
2317 4907
2318 3893
2319 4980
2320 4773
2321 4049
2322 4894
2323 4595
2324 4698
2325 1036
2326 4668
2327 3942
2328 3827
2329 3476
2330 4594
2331 4941
2332 4906
2333 4835
2334 3920 4964
2335 1933
2336 4437
2337 3330
2338 4978
2339 3219
2340 3277
2341 3920 4815
2342 4758
2343 2343
2344 4861
2345 3577
2346 3626
2347 4022
2348 3463
2349 4907
2350 4933
2351 3418
2352 4987
2353 4866
2354 4933
2355 4906
2356 4986
2357 4817
2358 3968 4755
2359 4426
2360 4780
2361 4857
2362 4479
2363 4986
2364 4994
2365 4437
2366 3118
2367 4479
2368 4753
2369 2874 4958
2370 4317
2371 2371
2372 4505
2373 4910
2374 4916
2375 3874
2376 2805
2377 4283
2378 3649
2379 4918
2380 4758
2381 4860
2382 4926
2383 2037
2384 4921
2385 4168 4858
2386 3079
2387 4294
2388 4879
2389 4084
2390 3942
2391 4815
2392 4583
2393 4978
2394 3330 4841
2395 4775
2396 4087
2397 4689
2398 4592
2399 4719
2400 2771
2401 1324
2402 3864 3983
2403 4552
2404 4155
2405 4389
2406 4479
2407 4890
2408 4865
2409 4646
2410 4208
2411 3836
2412 2343
2413 4023
2414 4225
2415 4980
2416 3079
2417 2586
2418 1184
2419 3740
2420 4648
2421 1459
2422 2422
2423 3008
2424 4817
2425 3179
2426 3864
2427 3829
2428 3858
2429 4232
2430 4956
2431 4929
2432 2984
2433 4964
2434 3787
2435 4626
2436 4834
2437 4549
2438 4800
2439 4707
2440 4989
2441 3362
2442 4711
2443 3836
2444 4232
2445 2467
2446 4819
2447 4397
2448 4831
2449 3902
2450 4934
2451 4437
2452 4894
2453 4216
2454 4769
2455 4343
2456 4758
2457 3525
2458 4926
2459 4711
2460 4831
2461 2461
2462 2461
2463 4794
2464 4142
2465 4168
2466 4715
2467 2467
2468 4495
2469 4962
2470 4495
2471 4906
2472 4426
2473 4606 4964
2474 4137 4831
2475 4941
2476 4913
2477 2628
2478 2617
2479 4816
2480 4817
2481 2422
2482 4022
2483 4916 4934
2484 4689
2485 4980
2486 4771
2487 4087
2488 4865
2489 3740
2490 4934
2491 4804
2492 4752
2493 4017
2494 4861
2495 3151
2496 4939
2497 4933
2498 4756
2499 4986
2500 4023
2501 4865
2502 4711
2503 4210
2504 4816
2505 4457
2506 2506
2507 4986
2508 4978
2509 1923 2030
2510 4505
2511 2939
2512 4890
2513 4658
2514 4384
2515 4698
2516 4890
2517 4453
2518 4709
2519 4453
2520 4764
2521 4866
2522 4956
2523 3259
2524 3826
2525 4966
2526 4860
2527 4865
2528 2680
2529 3514
2530 4142
2531 4819
2532 4889
2533 4956
2534 4719 4934
2535 4662
2536 4153
2537 4421
2538 4907
2539 3577
2540 4994
2541 4860
2542 4956
2543 3968
2544 4815
2545 4946
2546 4939
2547 4982
2548 4698 4834
2549 4294
2550 4953
2551 4289
2552 4975
2553 4913
2554 4804
2555 4469
2556 3550
2557 4289
2558 4906
2559 3966
2560 4980
2561 2646
2562 4528
2563 3370
2564 4469
2565 2997
2566 4283
2567 4384
2568 4846
2569 4835
2570 4552
2571 4910
2572 4953
2573 4648
2574 3259
2575 4814 4986
2576 3874
2577 4964
2578 4253
2579 4964
2580 5000
2581 4528
2582 4865
2583 4341
2584 4918
2585 4914
2586 2586
2587 4888
2588 4962
2589 2110
2590 4648
2591 4121
2592 4967
2593 4956
2594 4815
2595 4592
2596 4814
2597 4698
2598 4294
2599 2719
2600 2881
2601 4168
2602 2997
2603 4975
2604 4934
2605 3874
2606 3626
2607 4966
2608 4861
2609 3968 4707 4962
2610 4939
2611 4384
2612 4964
2613 4084
2614 1184
2615 4208
2616 4929
2617 2617
2618 4816
2619 4102
2620 4887
2621 2506
2622 4662
2623 3874
2624 3219
2625 3811
2626 3940
2627 4926 4966
2628 2628
2629 4549
2630 4789
2631 3942
2632 4857
2633 3209
2634 4899
2635 4841
2636 4493 4987
2637 4887
2638 4894
2639 4384
2640 4225
2641 3418 4731
2642 4817
2643 4835
2644 4980
2645 4865
2646 2646
2647 4698
2648 3127 4999
2649 4017 4794
2650 4601
2651 4058
2652 4994
2653 3008
2654 3940
2655 4933
2656 4142
2657 4493 4815
2658 4495
2659 4469
2660 4815
2661 4916
2662 3985
2663 4966
2664 4752
2665 4469
2666 4967
2667 4890
2668 2668 4262
2669 4857
2670 4363
2671 4887
2672 3340
2673 4139
2674 4317 4941
2675 4232 4731
2676 4506
2677 4232
2678 4962
2679 4817
2680 2680
2681 4294
2682 4131
2683 3294
2684 4860
2685 4552
2686 4506
2687 4658
2688 4049
2689 4978
2690 4958
2691 4387
2692 4956
2693 4831
2694 4490
2695 3639
2696 4658
2697 4921
2698 4780
2699 4142 4775
2700 3127
2701 3457
2702 4279 4397
2703 4233
2704 4773
2705 4142
2706 4317
2707 4711
2708 4552
2709 4707
2710 4987
2711 4171
2712 2997
2713 4769
2714 4768
2715 4023
2716 4768
2717 4126
2718 4994
2719 2719
2720 4216
2721 4978
2722 3219
2723 4962
2724 4910 4994
2725 4906
2726 3966
2727 4967
2728 4715
2729 4934 4989
2730 4426
2731 4852
2732 3968
2733 4662
2734 4058
2735 3836
2736 4980
2737 4861
2738 1933
2739 4155
2740 4233 4815
2741 4233
2742 4764
2743 4289
2744 4121
2745 4817
2746 4755
2747 4978
2748 4804
2749 4426
2750 3626
2751 4225
2752 4389
2753 4709
2754 4934
2755 4932
2756 3983
2757 4139
2758 4102
2759 4921 4964
2760 3968
2761 4709
2762 2805
2763 4493
2764 3418
2765 4601
2766 3277
2767 4421
2768 4525
2769 4933
2770 4711
2771 2771
2772 3760
2773 1184
2774 4967
2775 4817
2776 3979
2777 4994
2778 3983
2779 3940
2780 4490
2781 4775
2782 2782
2783 4860
2784 4975
2785 3370
2786 4815 4986
2787 4933
2788 4888
2789 4453
2790 4399
2791 4962
2792 4946
2793 4815
2794 3277
2795 4698
2796 4662
2797 4493 4926
2798 3127 4719
2799 3831
2800 4468
2801 4858
2802 4168
2803 4899
2804 5000
2805 2805
2806 4999
2807 3966
2808 3457
2809 4819
2810 3308
2811 4939
2812 4453
2813 3942
2814 4816
2815 4626
2816 4804
2817 3942
2818 3740 4982
2819 4775 4916
2820 3983
2821 4780
2822 4644
2823 2997
2824 4294
2825 2948
2826 4964
2827 2628
2828 4953
2829 5000
2830 2077
2831 4879
2832 4964
2833 4289
2834 4890
2835 4648
2836 4594
2837 4108
2838 4186 4989
2839 4399
2840 3649
2841 4233
2842 2680
2843 4707
2844 4131 4468
2845 4814
2846 3829
2847 4860
2848 4858
2849 3370 4934
2850 4958
2851 4583
2852 4773
2853 4794
2854 3525
2855 4954
2856 4341
2857 4764
2858 4652
2859 4263
2860 4731
2861 4879
2862 3330
2863 3147
2864 4126
2865 4852
2866 4907
2867 3362 4755
2868 2868
2869 4756
2870 3787
2871 4919
2872 4913 4962 4966
2873 4363 4719
2874 2874
2875 4126
2876 4831
2877 3773
2878 4841
2879 4929
2880 3639
2881 2881
2882 4225
2883 3649
2884 2680
2885 4771
2886 4606
2887 4978
2888 4731
2889 2719
2890 2680
2891 4918
2892 4999
2893 4490
2894 4253 4652
2895 4980
2896 4834
2897 3476
2898 4755 4889
2899 4153
2900 4958
2901 3362
2902 4142
2903 4929
2904 3826
2905 4626
2906 4889
2907 2586
2908 4755 4814 4934
2909 4457
2910 4528
2911 3940
2912 4477
2913 4477
2914 4846
2915 4756
2916 4233 4846 4918
2917 4773
2918 4939
2919 4835
2920 4689
2921 2506
2922 4662
2923 4888
2924 4962
2925 4999
2926 4108
2927 4999
2928 4087
2929 4652
2930 4155
2931 4852
2932 4668
2933 4142
2934 4468
2935 2110
2936 4253
2937 4916
2938 4715
2939 2939
2940 3985
2941 3259
2942 4775
2943 4668
2944 4078
2945 3300
2946 4698
2947 1036 4764
2948 2948
2949 4879
2950 3147
2951 4934
2952 4594
2953 4731
2954 4102 4505
2955 4986
2956 4780
2957 4668
2958 4831
2959 4958
2960 2868
2961 4861
2962 4846
2963 3831 4389
2964 4253
2965 4929
2966 3476
2967 4437
2968 4916
2969 3418
2970 1923
2971 4962
2972 3968
2973 4092
2974 4506
2975 4549
2976 3893
2977 4914 4999
2978 4975
2979 3858 4921
2980 5000
2981 4989
2982 4457
2983 4954
2984 2984
2985 4469
2986 4889 4953
2987 4273 4865 4975
2988 4982
2989 1036
2990 3968
2991 3826
2992 2939
2993 3760
2994 4023
2995 4780
2996 3940 4967
2997 2997
2998 3379 4126 4842
2999 4804
3000 3740 4648 4946
3001 4918
3002 2628 4262
3003 4894
3004 4982
3005 3300
3006 4689
3007 4652
3008 3008
3009 4852
3010 3010
3011 4342
3012 4397
3013 4153
3014 4946
3015 4771
3016 4341 4421 4888
3017 4477 4966 4994
3018 4755
3019 4804
3020 4890
3021 4495 4606 4711
3022 4233
3023 3644
3024 4934
3025 4186
3026 4894
3027 2110 4755 4958
3028 4899
3029 2948
3030 4846
3031 4210
3032 4954
3033 3649
3034 2948 3780
3035 4834
3036 3985
3037 4816
3038 4715
3039 3039
3040 4078
3041 4131
3042 4233
3043 4023
3044 4934
3045 4831
3046 3209
3047 4052
3048 4834
3049 4233
3050 4168
3051 4426
3052 4932
3053 4982
3054 3577
3055 4646
3056 2628 4262
3057 4387
3058 4921
3059 3059 3836
3060 2874 4907 4966
3061 2646
3062 4980
3063 3008 4273 4707
3064 4819
3065 4964
3066 4719
3067 4941
3068 4800 4887 4916
3069 4102 4860 4916
3070 4698
3071 3224
3072 4841
3073 4982
3074 4552
3075 3943
3076 4153 4453 4934
3077 4953
3078 4914
3079 3079
3080 4933
3081 4715
3082 4715
3083 4817
3084 4208
3085 4087
3086 4022
3087 4715
3088 4775
3089 4648
3090 3811
3091 4889
3092 3943
3093 4914
3094 4469
3095 3277
3096 3902
3097 4397
3098 4769
3099 4986
3100 4273
3101 4842
3102 4929
3103 4668
3104 3330
3105 4646
3106 4953
3107 4652
3108 4652
3109 3858
3110 4958
3111 3079
3112 1923
3113 2110
3114 4715 4831
3115 4834
3116 4294
3117 4549
3118 3118
3119 4210
3120 4592
3121 4962
3122 4939
3123 4549
3124 4752
3125 4594
3126 4988
3127 3127
3128 2062
3129 4153
3130 3760
3131 4987
3132 4756
3133 4907
3134 3277
3135 4773
3136 4525
3137 3740
3138 4841
3139 4594
3140 4317
3141 4139
3142 4715
3143 4987
3144 3219
3145 4753
3146 3476
3147 3147
3148 4988
3149 4939
3150 4926
3151 3151
3152 3987 4232 4865
3153 5000
3154 4023
3155 4819
3156 4819
3157 4755
3158 4137
3159 4210
3160 4483 4493 4982
3161 4216
3162 4756
3163 4186
3164 4842
3165 4490
3166 4800
3167 4932
3168 4626
3169 3237
3170 4978
3171 4929
3172 4953
3173 2506 4889 4978
3174 4982
3175 4932
3176 4831
3177 4841
3178 4789
3179 3179
3180 4457
3181 3985 4549 4861
3182 3968 4946 4982
3183 3966
3184 4975
3185 3639
3186 4914
3187 4253 4384
3188 2110
3189 3659
3190 4121
3191 3277
3192 1184
3193 4958
3194 4865
3195 4731
3196 4092
3197 4601
3198 3983 4592 4756 4913
3199 3920
3200 2343 2422 4453 4994
3201 2062
3202 4987
3203 4168
3204 4644
3205 3858
3206 3330
3207 4731
3208 4946
3209 3209
3210 4052
3211 4121 4225 4652
3212 3874 4846 4899 4994
3213 4842
3214 4341
3215 3940
3216 2680 3039 4505 4988
3217 1459
3218 4775
3219 3219
3220 4780
3221 4804
3222 4426
3223 2984
3224 3224
3225 3219 3979 3983
3226 4453
3227 3893
3228 4916
3229 4889
3230 2805 4841 4989
3231 4987
3232 2771
3233 4834
3234 4771
3235 4273
3236 3362
3237 3237
3238 3920 4831 4987
3239 4601 4658 4775
3240 4495
3241 4988
3242 4711
3243 4482 4932 4975 4980
3244 4139
3245 4210
3246 4479
3247 4860
3248 4253
3249 4208
3250 3626
3251 4387
3252 4123
3253 4755
3254 4131
3255 3811
3256 4022 4831 4934 4988
3257 4363
3258 4978
3259 3259
3260 4469
3261 4483
3262 4899
3263 4889
3264 4594
3265 4232
3266 4437
3267 2881
3268 4773
3269 4775
3270 4953
3271 4887
3272 4758
3273 4121
3274 4916
3275 4794
3276 4834
3277 3277
3278 3237
3279 4482 4879 4934
3280 3224
3281 4752
3282 4658
3283 4932
3284 4549
3285 4934
3286 4437
3287 4994
3288 1324 2997 3151
3289 4958
3290 4644
3291 4857
3292 4102
3293 4139
3294 3294
3295 2997 3147 4549 4814
3296 4861
3297 4933
3298 4918
3299 3277
3300 3300
3301 4939
3302 3787 4168 4978
3303 3514
3304 4294
3305 4469
3306 4469
3307 4592
3308 3308
3309 4919
3310 4987
3311 4483
3312 3740
3313 4852
3314 4123
3315 4966
3316 4078
3317 2868
3318 4505
3319 4988
3320 4887
3321 3010
3322 4153 4171 4648
3323 4662
3324 3379 4842 4852 4866
3325 4469
3326 4552
3327 4789
3328 4022
3329 4525
3330 3330
3331 4769 4964
3332 4861
3333 4773
3334 4123
3335 4794
3336 4363
3337 4804
3338 3983
3339 4780
3340 3340
3341 4910
3342 4479
3343 4934
3344 4049
3345 3659
3346 3649
3347 2782 4126 4964 4987
3348 4698
3349 4552 4689 4964
3350 4343 4756 4775 4956
3351 4087
3352 4852
3353 3659 4954 4966
3354 4528
3355 3987
3356 4994
3357 4899
3358 3626
3359 5000
3360 3829
3361 3773 4914 4987
3362 3362
3363 3874
3364 3920
3365 4916
3366 4384
3367 3367
3368 4879
3369 4986
3370 3370
3371 4946
3372 4142
3373 4817
3374 4958
3375 4108 4448 4989
3376 4916
3377 3987
3378 4592
3379 3379
3380 4816
3381 3943
3382 3644
3383 3383
3384 4978
3385 4477
3386 4652
3387 4263
3388 4479
3389 4953
3390 4525
3391 4437
3392 4916
3393 4986
3394 4528
3395 4752
3396 4956
3397 4387
3398 4999
3399 4342
3400 4841
3401 4939
3402 3118
3403 1184
3404 4595
3405 1324
3406 4775
3407 2343
3408 3740
3409 4819 4962
3410 3330
3411 4816
3412 3577 3943 4926 4967
3413 3893
3414 4887
3415 4253
3416 4652
3417 4861
3418 3418
3419 4817
3420 3787
3421 4769
3422 3943
3423 4919
3424 4800
3425 4092
3426 4852
3427 4999
3428 2984
3429 4831
3430 4906
3431 3457
3432 4017
3433 4986
3434 5000
3435 3577
3436 4789
3437 3793
3438 3209
3439 4934 4958 4988 5000
3440 4022
3441 3920
3442 4049
3443 4648
3444 4842 4913
3445 4987
3446 5000
3447 4804
3448 4294
3449 4341
3450 4986
3451 4753
3452 4999
3453 4153
3454 4232
3455 2782
3456 4583
3457 3457
3458 4789
3459 3367
3460 4142
3461 4087
3462 4835
3463 3463
3464 4137
3465 4468
3466 4528
3467 5000
3468 2997
3469 4490
3470 3773
3471 3836
3472 4594
3473 1184 2461 4764
3474 3831
3475 4389
3476 3476
3477 4789
3478 3943
3479 4552
3480 1036
3481 4253
3482 3379
3483 4421
3484 4879
3485 4646
3486 4490
3487 4263
3488 4800
3489 4769
3490 4652
3491 4606
3492 4279 4966
3493 4858
3494 4490 4980
3495 4583
3496 4916
3497 4399 4906 5000
3498 4753
3499 4986
3500 4831
3501 4092
3502 4078
3503 4084
3504 2805
3505 4921
3506 3259
3507 4397
3508 4549
3509 4978
3510 4225
3511 4946
3512 2948 4126 4879
3513 4715 4758 4841
3514 3514
3515 3644
3516 4506
3517 4709
3518 4987
3519 1184
3520 3079
3521 4262 4668 4933
3522 4819
3523 3740
3524 3983 4913 4932 4956
3525 3525
3526 4888
3527 4606
3528 4815
3529 3826 4794 4817
3530 4918
3531 4932
3532 4910
3533 4126
3534 4387
3535 4887
3536 3418
3537 4168
3538 2467 4910
3539 4078
3540 4142
3541 4890
3542 4865
3543 4171 4216 4384
3544 3940 4780 4819
3545 4899
3546 4986
3547 4815
3548 4715
3549 2984
3550 3550
3551 4752
3552 4343
3553 4102
3554 4966
3555 3983 4317 4910
3556 3902
3557 3557
3558 4123
3559 4525
3560 4975
3561 3237
3562 4962
3563 4646
3564 3827
3565 3966
3566 4317
3567 4022
3568 4342
3569 4389
3570 2771
3571 4816
3572 4913
3573 4941
3574 4889
3575 1781
3576 2628 2668 4262
3577 3577
3578 3966
3579 4648
3580 3577
3581 4966
3582 2984
3583 4817
3584 4294
3585 4773
3586 4771
3587 4273
3588 4989
3589 4108
3590 4225
3591 4914
3592 4841
3593 4999
3594 4986
3595 4958
3596 4583
3597 4505
3598 4711
3599 4842
3600 4493
3601 4384
3602 3831
3603 4780
3604 1781
3605 4932
3606 4399
3607 4913
3608 4131
3609 4279
3610 4263
3611 4773
3612 4887
3613 4698
3614 1036
3615 4658
3616 4926
3617 4987
3618 3550
3619 4975
3620 4495
3621 4113 4142
3622 4994
3623 4987
3624 3793
3625 4142
3626 3626
3627 4932
3628 4583
3629 4263
3630 4646 4857 4916
3631 4595
3632 4768
3633 4999
3634 4889
3635 4253
3636 3379
3637 4711
3638 4755
3639 3639
3640 4253
3641 4658
3642 4780
3643 4916
3644 3644
3645 3831
3646 4954
3647 4889
3648 4155
3649 3649
3650 4913
3651 3829
3652 3987
3653 4658
3654 4263
3655 3525 4106 4644
3656 4907
3657 4715
3658 4689
3659 3659
3660 4967
3661 4689
3662 4857
3663 4906
3664 4764 4804 4910
3665 4773
3666 4646
3667 4121
3668 4926
3669 4468
3670 4946
3671 4707
3672 4421
3673 4888
3674 4941
3675 3277 4889 4918
3676 4775
3677 4804
3678 4549
3679 4771
3680 4879
3681 4879
3682 4988
3683 4049
3684 4986
3685 4421
3686 4941
3687 4975
3688 4752
3689 4711
3690 4468
3691 4939
3692 3010
3693 4084
3694 4988
3695 4889
3696 3920 4929
3697 4483
3698 4987
3699 4887
3700 3008
3701 3985
3702 4932
3703 4289
3704 3259
3705 3787
3706 3858
3707 4468
3708 4457
3709 4899
3710 4889
3711 4816
3712 4753
3713 4758
3714 4279 4525 4913 4978
3715 4437
3716 4505
3717 4253 4918
3718 3787
3719 3277 3525 3577 3942
3720 4953
3721 4652
3722 4758
3723 3514
3724 4988
3725 4644
3726 3902
3727 4208
3728 3550
3729 4022
3730 4764
3731 4932
3732 4921
3733 4815
3734 4866
3735 3457
3736 4932
3737 4987
3738 4453
3739 3383
3740 3740
3741 4800
3742 3864
3743 4860
3744 4477
3745 4994
3746 4626
3747 4994
3748 4815
3749 4483
3750 4719
3751 4477
3752 4894
3753 4253 4468
3754 4606
3755 4719
3756 2037 4989
3757 4907
3758 3626
3759 3308
3760 3760
3761 3920
3762 4842
3763 4982
3764 4956
3765 3557
3766 2062
3767 4858
3768 4493
3769 4768
3770 4780
3771 4399
3772 4225
3773 3773
3774 4910
3775 4946
3776 4186
3777 2422
3778 3985
3779 4707
3780 2948 3780
3781 4994
3782 4789
3783 4953
3784 4841
3785 4946
3786 4926
3787 3787
3788 4953
3789 4858
3790 4719
3791 4879
3792 4139
3793 3793
3794 4954
3795 4668
3796 4233
3797 4108
3798 3829 4906
3799 4982
3800 4225
3801 4106
3802 3920 4689 4907
3803 4719
3804 3151
3805 4982
3806 4939
3807 4646
3808 4017
3809 4490
3810 4626
3811 3811
3812 4142
3813 4087
3814 4342
3815 4861
3816 4846
3817 3457
3818 4794
3819 4453
3820 4814
3821 4906 4919 4987
3822 3874
3823 4646
3824 4914
3825 4879
3826 3826
3827 3827
3828 4918
3829 3829
3830 4978
3831 3831
3832 4389
3833 4233
3834 4852
3835 4755
3836 3836
3837 4208
3838 4834
3839 4894
3840 4482
3841 4789
3842 3147
3843 4084
3844 4918
3845 3639 4479 4662
3846 4707
3847 4946
3848 4860
3849 1933
3850 4087
3851 4967
3852 4768
3853 4819
3854 4966
3855 4764
3856 4595
3857 4982
3858 3858
3859 4775
3860 4058
3861 4946
3862 4049
3863 4225
3864 3864
3865 4232
3866 3793
3867 4397
3868 4058
3869 4210
3870 4121
3871 4482
3872 4495
3873 4846
3874 3874
3875 3773
3876 3874
3877 4814
3878 4814
3879 4889
3880 4910
3881 4768
3882 4939
3883 3740 4049 4816 4835
3884 4294
3885 3151
3886 4052
3887 4819
3888 4646
3889 4022
3890 4186
3891 4841
3892 4753
3893 3893
3894 4142
3895 4233
3896 3330 3362 4662 4707
3897 4980
3898 4967
3899 4929
3900 4342
3901 4926
3902 3902
3903 4941
3904 3151
3905 5000
3906 4800
3907 4689
3908 4929
3909 4906
3910 4941
3911 4956
3912 1933 3379 3793 4913
3913 4482
3914 4861
3915 4689
3916 4595
3917 4914
3918 4980
3919 4988
3920 3920
3921 4889
3922 4363
3923 3858
3924 3418
3925 4907
3926 4023 4186 4914 4932
3927 2110
3928 3367 4437 4758 4980
3929 4092
3930 4841
3931 4448
3932 4139
3933 4155 4815 4932
3934 4022
3935 4906
3936 3827
3937 4964
3938 4126
3939 4363
3940 3940
3941 4769
3942 3942
3943 3943
3944 4975
3945 3219 3379 3639 4921
3946 4106
3947 4758
3948 4052
3949 4490 4752 4939
3950 4999
3951 4769
3952 4155
3953 4208
3954 4232
3955 4049
3956 4106
3957 4926
3958 4731
3959 3079 4479 4493 4668
3960 4343
3961 4939
3962 4106
3963 4490
3964 4294
3965 4756
3966 3966
3967 4595 4731 4941
3968 3968
3969 4137
3970 4921
3971 4899
3972 4389
3973 4216
3974 4049 4758 4769
3975 4888
3976 4975
3977 4918
3978 4768
3979 3979
3980 4126
3981 4483
3982 4916
3983 3983
3984 4987
3985 3985
3986 4962
3987 3987
3988 4210
3989 4121
3990 4956
3991 4102
3992 4764
3993 3943
3994 4804
3995 4341
3996 4831
3997 4815
3998 2343 4399 4753 4768
3999 4934
4000 1933
4001 4495
4002 4780
4003 4477
4004 4273
4005 4769
4006 4954
4007 4894
4008 4448
4009 4989
4010 4155
4011 4914
4012 4986
4013 4967
4014 4953
4015 4988
4016 4232
4017 4017
4018 4468
4019 4552
4020 4953
4021 4982
4022 4022
4023 4023
4024 4768
4025 4601
4026 4835
4027 4709
4028 4852
4029 4210
4030 4764
4031 4888
4032 4583
4033 4921
4034 4889
4035 4719
4036 4698
4037 4907
4038 3968
4039 4816
4040 4941
4041 4153
4042 4549
4043 4987
4044 4916
4045 4989
4046 4857
4047 4934
4048 4964
4049 4049
4050 4835
4051 4528
4052 4052
4053 4606
4054 4601
4055 4999
4056 4253
4057 4342
4058 4058
4059 4780
4060 4289 4528 4835
4061 4253
4062 4889
4063 4999
4064 4887
4065 4780
4066 4715 4939 4964
4067 4939
4068 4800
4069 4929
4070 4668
4071 4289
4072 4986
4073 4814
4074 4658
4075 4934
4076 4913
4077 4594 4890 4913
4078 4078
4079 4939
4080 4106
4081 4946
4082 4421
4083 4662
4084 4084
4085 4049
4086 4926
4087 4087
4088 4918
4089 4771
4090 4711
4091 3983 4017 4644
4092 4092
4093 4966
4094 4186 4913 4916
4095 4954
4096 4929
4097 4921
4098 3383 4606 4934 4953
4099 4775
4100 2506 4890 5000
4101 4946
4102 4102
4103 4934
4104 4907
4105 4926
4106 4106
4107 4644
4108 4108
4109 4698
4110 4773
4111 4758
4112 3039 4253 4860 4986
4113 4113
4114 4595
4115 3940
4116 4775
4117 4841
4118 4887
4119 4397
4120 4954
4121 4121
4122 4495
4123 4123
4124 4852 4865 4906
4125 4999
4126 4126
4127 4817
4128 4842
4129 4658
4130 4719
4131 4131
4132 4493
4133 4834
4134 4954
4135 4842
4136 4954
4137 4137
4138 4975
4139 4139
4140 3864
4141 4921
4142 4142
4143 4910
4144 4719
4145 4941
4146 4780
4147 4986
4148 4906
4149 3864 4384 4889 4926
4150 4841
4151 4752
4152 4858
4153 4153
4154 4758
4155 4155
4156 4986
4157 4865
4158 4890
4159 4363
4160 4113
4161 4087
4162 4756
4163 4294
4164 4926
4165 4483
4166 4644
4167 4887
4168 4168
4169 3147 4755 4921
4170 4966
4171 4171
4172 4817
4173 4865
4174 4592
4175 4899
4176 4946
4177 4773
4178 4317
4179 4846
4180 4479
4181 4421
4182 4888
4183 4764
4184 4835
4185 4317
4186 4186
4187 5000
4188 4835
4189 4648
4190 4939
4191 4964
4192 4483
4193 4123 4583 4755 4921
4194 4919
4195 3525 4506 4819 4954
4196 4698
4197 3418 3920 4711 4986
4198 2948 4387 4899 4941
4199 4939
4200 4283
4201 4528
4202 3626 4168 4437 4953
4203 4987
4204 4907
4205 3942
4206 4879
4207 4662
4208 4208
4209 4453
4210 4210
4211 4469
4212 4592
4213 4397
4214 4932
4215 4719
4216 4216
4217 2997 4341 4921 4987
4218 4171
4219 4860
4220 4934
4221 4490
4222 4343
4223 4707
4224 4253
4225 4225
4226 4606
4227 4914
4228 4668
4229 4283 4888 4987
4230 4999
4231 4980
4232 4232
4233 4233
4234 4755
4235 2586 3463 3836 4017
4236 3237 4448 4804
4237 4457
4238 4453
4239 4363
4240 3379 4186 4601
4241 3644
4242 3920 4861 4986
4243 1184
4244 4437
4245 4216
4246 4668
4247 4846
4248 4648
4249 4294
4250 4918
4251 4528
4252 4263 4689 4719
4253 4253
4254 4341
4255 4999
4256 4658
4257 2371 2782 4102 4343
4258 4483
4259 4233
4260 4800
4261 4889
4262 2628 2668
4263 4263
4264 4233
4265 4108
4266 4841
4267 4919
4268 4956
4269 4668
4270 4525
4271 4926
4272 4771
4273 4273
4274 4907
4275 4168 4483 4899 4919
4276 4819
4277 4858
4278 4842
4279 4279
4280 4817
4281 3983 4768 4934
4282 4283
4283 4283
4284 4606
4285 4719 4888 4918 4958
4286 4273
4287 4941
4288 3577 4289 4552 4967
4289 4289
4290 3039 4153 4289 4457
4291 4966
4292 4933
4293 4975
4294 4294
4295 4711
4296 4789
4297 4594
4298 4989
4299 4495
4300 4126
4301 4956
4302 4918
4303 4910
4304 3983
4305 4816
4306 2646
4307 4999
4308 4707
4309 4919
4310 4910
4311 4482
4312 4644
4313 4279
4314 4962
4315 4483
4316 4595
4317 4317
4318 4493
4319 4755 4764 4982
4320 4139
4321 4583
4322 4918
4323 5000
4324 4283
4325 4477
4326 4929
4327 3300 3985 4601 4719
4328 4731
4329 4913
4330 4907
4331 4956
4332 4842
4333 4986
4334 4887
4335 4583
4336 4934
4337 4860
4338 4879
4339 4860
4340 4479 4552 4804 4815
4341 4341
4342 4342
4343 4343
4344 4819
4345 4769
4346 4858
4347 4841
4348 4468
4349 4756
4350 2617 4397 4987 4988
4351 4457
4352 4932
4353 4626
4354 4919
4355 2037 3811 4594 4753
4356 4482
4357 4804
4358 4921
4359 4888
4360 4719
4361 4479
4362 4773
4363 4363
4364 4771
4365 4493
4366 4890
4367 4731
4368 4964
4369 4709
4370 4989
4371 4525
4372 4956
4373 3039 3836 4343 4707
4374 4698
4375 4958
4376 4860
4377 4999
4378 4755
4379 4934
4380 4946
4381 4910
4382 4668 4842 4953 4978
4383 4426
4384 4384
4385 4999
4386 4932
4387 4387
4388 4789
4389 4389
4390 4662
4391 4755
4392 4894
4393 4719
4394 4648
4395 4888
4396 4592
4397 4397
4398 2628 4022 4505 4887
4399 4399
4400 4954
4401 4913
4402 4775
4403 4941
4404 4889
4405 4858
4406 4049 4477 4644 4919
4407 4988
4408 4857
4409 4468
4410 4918
4411 4583
4412 4953
4413 4817
4414 4756
4415 4861
4416 4483
4417 4715
4418 4816
4419 4652
4420 4953
4421 4421
4422 4493
4423 4835
4424 4980
4425 4662
4426 4426
4427 4668
4428 4966
4429 4752
4430 4800
4431 4482
4432 4842
4433 3008
4434 4756
4435 4052 4153 4794 4910
4436 3740
4437 4437
4438 4648
4439 4866
4440 4846
4441 4887
4442 4962
4443 4890
4444 4121 4711 4758 4941
4445 4831
4446 3219
4447 4899
4448 4448
4449 4819
4450 4210 4773 4958 4994
4451 4841
4452 4975
4453 4453
4454 4583
4455 4926
4456 4899
4457 4457
4458 4888
4459 4861
4460 4906
4461 4479
4462 4815
4463 4921
4464 4768
4465 4707
4466 3277 4426 4707 4939
4467 3740 4384 4858 4888
4468 4468
4469 4469
4470 4775
4471 4644
4472 2110 4108 4479 4814
4473 4907
4474 4865
4475 4842
4476 4987
4477 4477
4478 4987
4479 4479
4480 4994
4481 4989
4482 4482
4483 4483
4484 4921
4485 4939
4486 4078 4142 4926
4487 4989
4488 4715
4489 4899
4490 4490
4491 4789
4492 4906
4493 4493
4494 4528 4753 4842 4958
4495 4495
4496 4399 4662 4956 4966
4497 4483
4498 4939
4499 4698
4500 4858
4501 4719
4502 4954
4503 4966
4504 4753
4505 4505
4506 4506
4507 4989
4508 4719
4509 4731
4510 4958
4511 4919
4512 4861
4513 4753
4514 4707
4515 4954
4516 4966
4517 4652
4518 4921
4519 4715
4520 4648
4521 4595 4707 4804 4861
4522 4989
4523 4495 4916 4921 4987
4524 4967
4525 4525
4526 4887
4527 4771
4528 4528
4529 4978
4530 4889
4531 4956
4532 4954
4533 3943 4731 4834 4989
4534 4768
4535 4954
4536 4913
4537 4887
4538 3147
4539 4648
4540 4890
4541 4841
4542 4967
4543 4861
4544 4978
4545 4994
4546 4858
4547 4719
4548 4775
4549 4549
4550 4707
4551 4858
4552 4552
4553 4483 4592 4648 4709
4554 2782 3968 4890 4946
4555 4982
4556 4707
4557 1036 2868 4715 4771
4558 3626 4049 4426 4857
4559 4711
4560 4658
4561 4731
4562 3740 4343 4773 4817
4563 4668
4564 4887
4565 4835
4566 4978
4567 4866
4568 4907
4569 4731
4570 4773
4571 4987
4572 4879
4573 4715
4574 3827 4946 4986
4575 4769
4576 4954
4577 4626
4578 4815
4579 3987 4941 4958
4580 4626
4581 2782 4106 4816 4887
4582 4946
4583 4583
4584 4962
4585 4468
4586 4789
4587 4926
4588 4962
4589 4389 4495 4789 4980
4590 2948 3780
4591 3362 3836 4842 4932
4592 4592
4593 4975
4594 4594
4595 4595
4596 4253
4597 4962
4598 4899
4599 4583 4731 4773 4879
4600 4913
4601 4601
4602 2874 4469 4668 4988
4603 4841
4604 4841
4605 4887
4606 4606
4607 4966
4608 4860
4609 4934
4610 4755
4611 4958
4612 4994
4613 4982
4614 4978
4615 4689 4817 4913 4921
4616 4887
4617 4771
4618 3370 3525 4815 4929
4619 2461 4084 4769 4819
4620 4715
4621 4698
4622 4789
4623 3659 4153 4506 4768
4624 4946
4625 4668
4626 4626
4627 3557 4171 4644 4929
4628 4789
4629 2467 4646 4815 4887
4630 4919
4631 4709
4632 4889
4633 4894
4634 4964
4635 4652
4636 4800
4637 4866
4638 4816
4639 4800
4640 4731
4641 4817
4642 4954
4643 4819
4644 4644
4645 4816
4646 4646
4647 4758
4648 4648
4649 4918
4650 4698
4651 4916
4652 4652
4653 4652
4654 4835
4655 4756
4656 4852
4657 4668
4658 4658
4659 4755
4660 4861
4661 4495 4887 4907 4916
4662 4662
4663 4755
4664 4888
4665 3577 3740 3968 4216
4666 4962
4667 4058 4879 4941 4988
4668 4668
4669 4926
4670 4800
4671 4982
4672 4953
4673 4980
4674 4841 4894 4978
4675 4817
4676 4894
4677 2948 4841 4910 4994
4678 4780
4679 4468 4835 4910 4967
4680 4934
4681 4994
4682 4982
4683 4954
4684 3979 4753 4756 4919
4685 4967
4686 4528 4648 4926 4933
4687 4910
4688 4711
4689 4689
4690 4946
4691 4852
4692 4113 4387 4921 4933
4693 4916
4694 4946
4695 4941
4696 4860
4697 2467 4123 4775 4958
4698 4698
4699 4865
4700 2617 4668 4834 4890
4701 4941
4702 4926
4703 4966
4704 4986
4705 2141 3277 3550 4800
4706 4910
4707 4707
4708 4986
4709 4709
4710 4932
4711 4711
4712 4858
4713 2461 3793 4719 4907
4714 4846
4715 4715
4716 4814
4717 4988
4718 4866
4719 4719
4720 4756
4721 4804
4722 4755
4723 2371 3940 4477 4934
4724 4888
4725 4834
4726 4819
4727 4987
4728 2371 3079 4907 4953
4729 1923 3644 4457 4731
4730 3902 4506 4831 4962
4731 4731
4732 4962 4975 4982 4988
4733 4755
4734 4933
4735 4978
4736 4914
4737 4967
4738 4689 4758 4860 4962
4739 1184 4780 4910
4740 4860
4741 4711
4742 4171 4294 4918 4988
4743 4764
4744 4907 4921 4926 4929
4745 4975
4746 4835
4747 4962
4748 2771 4389 4752 4988
4749 4941
4750 4773
4751 4888
4752 4752
4753 4753
4754 4926
4755 4755
4756 4756
4757 4483 4794 4939 4966
4758 4758
4759 4962
4760 4946
4761 4835
4762 4964
4763 4918
4764 4764
4765 4956
4766 4918
4767 4831
4768 4768
4769 4769
4770 4894
4771 4771
4772 4814
4773 4773
4774 4994
4775 4775
4776 4941
4777 2141 2997 4601 4865
4778 4929
4779 3811 4225 4771 4907
4780 4780
4781 4916
4782 3179 4168 4860 4956
4783 4975
4784 4988
4785 4865
4786 4137 4153 4626 4865
4787 4017 4768 4857 4939
4788 4919
4789 4789
4790 4890
4791 1923 4448 4549 5000
4792 4941
4793 4988
4794 4794
4795 4648 4834 4967 4987
4796 4910
4797 4910
4798 4926
4799 4933
4800 4800
4801 4941
4802 4926
4803 4932
4804 4804
4805 4857
4806 4842
4807 4964
4808 4907
4809 4986
4810 4865
4811 4994
4812 4906
4813 4865
4814 4814
4815 4815
4816 4816
4817 4817
4818 4986
4819 4819
4820 2371 4283 4552 4662
4821 4753 4899 4941
4822 4967
4823 3237 3308 4225 4397
4824 4022 4058 4929 4999
4825 4583 4755 4804 4980
4826 4962
4827 4852
4828 3340 4343 4910 4980
4829 4982
4830 4861
4831 4831
4832 4994
4833 4910
4834 4834
4835 4835
4836 4907
4837 4294 4794 4841 4953
4838 4926
4839 4988
4840 4731 4789 4804 4966
4841 4841
4842 4842
4843 4988
4844 3793 4078 4933 4987
4845 4899
4846 4846
4847 3577 3968 4525 4549
4848 4975
4849 4978
4850 4958
4851 4967
4852 4852
4853 4999
4854 4987
4855 4989
4856 4858
4857 4857
4858 4858
4859 4932
4860 4860
4861 4861
4862 4978
4863 4933
4864 4887
4865 4865
4866 4866
4867 4549 4789 4857 4966
4868 4946
4869 4910
4870 4155 4899 4921 4929
4871 4975
4872 4933
4873 4932
4874 3330 3463 4921 4966
4875 4987
4876 4933
4877 4397 4846 4857 4932
4878 2719 3985 4528 4860
4879 4879
4880 4939
4881 3966 4102 4279 4919
4882 4890
4883 4978
4884 4988
4885 4913
4886 4126 4644 4668 4982
4887 4887
4888 4888
4889 4889
4890 4890
4891 4910
4892 4894
4893 5000
4894 4894
4895 4978
4896 3008 4715 4986 4987
4897 4216 4709 4899 4964
4898 4899
4899 4899
4900 4967
4901 2141 4814 4831 4857
4902 4887
4903 4914
4904 4994
4905 4982
4906 4906
4907 4907
4908 4982
4909 4469 4753 4834 4954
4910 4910
4911 4889
4912 4102 4123 4731 4861
4913 4913
4914 4914
4915 4707 4764 4794 4916
4916 4916
4917 4946
4918 4918
4919 4919
4920 4982
4921 4921
4922 3294 4764 4775 4962
4923 3811 4399 4646 4865
4924 4889
4925 4975
4926 4926
4927 3147 3294 4092 4768
4928 4583 4780 4804 4906
4929 4929
4930 4975
4931 4978
4932 4932
4933 4933
4934 4934
4935 3659 4171 4389 4780
4936 4962
4937 4958
4938 4958
4939 4939
4940 3379 4058 4084 4888
4941 4941
4942 4967
4943 4988
4944 4113 4131 4773 4967
4945 4980
4946 4946
4947 4342 4894 4962 4989
4948 3831 3968 4171 4941
4949 4954
4950 4216 4648 4658 4707
4951 4966
4952 4958
4953 4953
4954 4954
4955 3514 4505 4592 4967
4956 4956
4957 4986
4958 4958
4959 4994
4960 4967
4961 2939 4017 4023 4668
4962 4962
4963 3968 4253 4397 4975
4964 4964
4965 4387 4887 4999 5000
4966 4966
4967 4967
4968 2077 3836 4317 4842
4969 3147 4342 4644 4794
4970 3793 4384 4764 4817
4971 3476 4171 4756 4986
4972 4644 4662 4958 5000
4973 4648 4715 4934 4975
4974 3760 4769 4910 4987
4975 4975
4976 4084 4835 4866 4946
4977 3979 4389 4860 4914
4978 4978
4979 4994
4980 4980
4981 4707 4752 4771 4982
4982 4982
4983 4994
4984 5000
4985 4999
4986 4986
4987 4987
4988 4988
4989 4989
4990 4962
4991 4155 4583 4644 4773
4992 4987
4993 4794 4816 4933 4978
4994 4994
4995 3383 4426 4477 4918
4996 5000
4997 4755 4758 4861 4929
4998 4707 4842 4888 4980
4999 4999
5000 5000
