1	285 
2	303 
3	184 
4	220 
5	297 
6	70 
7	156 
8	388 
9	114 
10	249 
11	67 160 203 
12	72 
13	70 
14	396 
15	113 186 437 
16	434 
17	359 
18	277 
19	127 183 188 
20	441 
21	414 
22	163 
23	177 
24	180 
25	38 122 414 
26	427 
27	323 
28	198 
29	244 
30	323 
31	17 
32	281 
33	17 
34	235 
35	433 
36	147 
37	286 311 440 
38	267 
39	17 
40	65 210 374 
41	75 
42	366 
43	177 
44	64 
45	199 
46	98 
47	426 
48	186 
49	77 
50	82 
51	60 
52	375 
53	238 
54	382 
55	262 
56	228 
57	240 
58	93 
59	33 
60	247 
61	80 
62	100 348 414 
63	148 
64	123 
65	123 
66	299 
67	36 
68	147 
69	428 
70	69 
71	132 
72	330 
73	148 
74	230 
75	2 
76	194 
77	88 
78	160 
79	305 
80	157 
81	230 
82	74 
83	293 
84	422 
85	19 113 430 
86	30 
87	133 
88	32 
89	122 
90	59 
91	29 221 373 
92	206 
93	324 
94	333 
95	160 
96	203 
97	331 
98	72 
99	177 
100	187 
101	287 
102	406 
103	214 
104	169 
105	375 
106	251 
107	163 240 358 
108	297 
109	43 
110	119 
111	298 
112	304 
113	146 
114	241 
115	47 
116	127 
117	215 
118	221 
119	68 96 358 
120	373 
121	241 
122	441 
123	155 
124	403 
125	288 
126	100 
127	315 
128	277 
129	240 
130	221 
131	355 
132	247 
133	115 
134	250 
135	67 
136	165 
137	296 
138	40 
139	80 
140	189 
141	419 
142	427 
143	217 
144	175 
145	135 
146	301 
147	40 101 399 
148	139 
149	249 
150	155 
151	76 
152	169 
153	370 
154	71 
155	56 
156	264 
157	377 
158	126 
159	336 
160	406 
161	337 
162	267 
163	257 
164	120 
165	299 
166	25 32 81 
167	40 
168	68 277 385 
169	365 
170	316 
171	227 
172	275 
173	96 223 341 
174	106 
175	294 
176	289 
177	114 
178	310 
179	93 
180	250 
181	437 
182	343 
183	23 
184	2 
185	382 
186	333 
187	426 
188	80 
189	325 
190	349 
191	122 
192	190 
193	99 
194	399 
195	435 
196	131 
197	2 
198	61 
199	380 
200	54 
201	14 281 325 
202	303 
203	173 
204	88 
205	277 
206	137 
207	73 
208	200 
209	340 
210	109 
211	140 
212	236 
213	127 213 400 
214	226 
215	344 
216	159 198 231 
217	380 
218	79 
219	227 
220	84 
221	349 
222	144 
223	291 
224	358 
225	232 
226	100 
227	236 
228	290 
229	366 
230	406 
231	187 
232	40 
233	23 
234	235 
235	317 
236	119 
237	236 
238	413 
239	63 
240	311 
241	285 
242	204 
243	15 
244	296 
245	383 
246	396 
247	323 
248	293 
249	384 
250	192 
251	354 
252	59 139 258 
253	69 129 169 
254	267 
255	251 
256	285 
257	90 
258	205 
259	203 
260	137 
261	165 
262	407 
263	44 
264	157 
265	257 
266	437 
267	319 
268	433 
269	102 
270	310 
271	96 
272	144 
273	46 107 338 
274	344 
275	80 
276	328 
277	434 
278	105 
279	312 
280	6 
281	44 
282	305 
283	412 
284	27 
285	80 
286	69 
287	389 
288	52 
289	7 
290	14 321 386 
291	9 
292	121 402 423 
293	348 
294	127 
295	198 
296	167 
297	42 
298	99 
299	430 
300	174 
301	176 
302	328 
303	47 
304	391 
305	225 
306	131 
307	332 
308	39 
309	294 
310	219 
311	272 
312	241 
313	151 
314	291 
315	349 
316	164 
317	111 
318	140 
319	286 
320	179 
321	79 
322	238 
323	27 
324	407 
325	165 
326	419 
327	257 
328	263 
329	256 
330	222 344 365 
331	433 
332	272 
333	120 393 403 
334	134 
335	441 
336	364 
337	3 323 339 
338	280 
339	126 
340	389 
341	351 
342	401 
343	205 
344	432 
345	90 104 142 
346	197 
347	97 
348	152 
349	366 
350	25 56 200 
351	364 
352	220 
353	310 
354	262 
355	406 
356	358 
357	328 
358	177 
359	19 
360	45 
361	338 
362	185 
363	292 
364	390 
365	99 
366	138 
367	399 
368	304 
369	288 
370	241 
371	411 
372	403 
373	349 
374	294 
375	338 
376	308 
377	424 
378	222 
379	49 69 250 
380	101 
381	16 
382	183 
383	267 
384	132 
385	171 
386	298 
387	261 
388	224 
389	47 
390	121 
391	298 
392	345 
393	285 
394	271 
395	146 
396	103 172 182 
397	192 
398	40 122 426 
399	421 
400	294 
401	258 
402	250 
403	243 
404	278 
405	29 
406	61 
407	32 202 272 
408	339 
409	282 
410	337 
411	209 
412	57 
413	269 
414	105 
415	82 
416	268 
417	115 
418	441 
419	207 
420	146 
421	422 
422	119 
423	42 
424	403 
425	111 
426	59 
427	91 108 334 
428	81 
429	278 
430	103 
431	178 
432	357 
433	235 
434	414 
435	174 
436	312 
437	250 
438	398 
439	353 
440	111 
441	132 
442	391 
443	304 
444	82 
445	168 
446	313 
447	69 
448	90 
449	16 
450	177 
451	108 
452	103 252 415 
453	261 
454	157 
455	156 262 346 
456	139 
457	37 179 373 
458	19 
459	390 
460	139 
461	337 
462	410 
463	196 
464	149 
465	25 245 384 
466	418 
467	67 
468	391 
469	139 269 425 
470	306 
471	9 85 134 
472	104 
473	391 
474	19 75 235 
475	397 
476	241 
477	116 
478	207 317 393 
479	257 
480	324 
481	106 
482	281 
483	382 
484	199 245 269 
485	436 
486	13 
487	105 
488	319 
489	173 
490	104 
491	183 
492	386 
493	308 
494	101 
495	441 
496	117 
497	167 
498	441 
499	322 
500	31 
501	254 
502	111 
503	388 
504	185 
505	388 
506	407 
507	58 70 205 
508	13 
509	383 
510	270 
511	42 
512	262 
513	39 
514	290 
515	359 
516	127 
517	332 
518	139 
519	63 
520	249 
521	169 
522	57 
523	40 
524	158 
525	318 
526	410 
527	322 
528	19 
529	215 
530	44 
531	280 
532	170 
533	229 
534	256 
535	19 
536	144 
537	431 
538	305 
539	108 
540	336 
541	87 
542	351 
543	157 
544	440 
545	289 
546	227 
547	25 
548	252 
549	437 
550	17 
551	2 
552	275 
553	407 
554	171 
555	227 
556	201 
557	112 
558	3 
559	187 
560	94 
561	96 
562	388 
563	192 
564	232 
565	162 
566	11 221 338 
567	14 
568	360 
569	336 
570	47 243 423 
571	334 
572	172 
573	217 
574	357 
575	401 
576	216 
577	432 
578	206 
579	300 
580	136 
581	2 167 318 
582	173 
583	148 
584	311 
585	31 
586	133 
587	168 
588	330 
589	336 
590	110 159 179 
591	112 
592	355 
593	106 
594	19 
595	283 
596	42 
597	1 
598	314 
599	432 
600	340 
601	18 
602	185 305 387 
603	355 
604	194 
605	344 
606	86 184 332 
607	420 
608	15 
609	326 
610	375 
611	420 
612	65 
613	400 
614	31 
615	103 
616	276 
617	272 
618	162 
619	165 
620	179 
621	144 
622	291 
623	21 235 252 
624	139 
625	344 
626	88 
627	106 
628	127 
629	18 
630	251 
631	166 
632	10 
633	146 
634	38 
635	175 
636	62 229 361 
637	183 
638	105 
639	336 
640	119 
641	165 
642	158 
643	158 
644	303 
645	320 365 441 
646	378 
647	118 
648	114 
649	111 217 375 
650	400 
651	103 122 210 
652	138 158 434 
653	410 
654	24 
655	410 
656	227 
657	386 
658	326 
659	439 
660	285 
661	106 
662	408 
663	79 
664	18 
665	293 
666	69 
667	21 
668	135 
669	307 
670	147 
671	61 
672	377 
673	283 
674	186 
675	164 
676	393 
677	226 
678	273 
679	336 
680	344 
681	310 
682	434 
683	34 
684	407 
685	5 
686	22 
687	80 
688	408 
689	53 
690	315 
691	376 
692	217 219 232 
693	201 280 286 
694	350 
695	104 245 377 
696	122 
697	196 
698	156 
699	390 
700	282 
701	429 
702	300 
703	242 
704	239 
705	284 
706	289 
707	112 
708	115 258 387 
709	172 
710	196 
711	311 
712	394 
713	67 
714	8 
715	16 
716	104 
717	286 
718	331 
719	155 
720	273 
721	69 139 397 
722	429 
723	367 
724	53 
725	418 
726	131 
727	414 
728	358 
729	98 
730	85 
731	139 
732	234 
733	14 
734	197 227 291 
735	158 
736	379 
737	209 
738	236 
739	251 
740	196 
741	140 
742	294 
743	33 
744	88 
745	361 
746	415 
747	22 382 411 
748	166 
749	58 
750	178 
751	72 
752	373 
753	374 
754	313 
755	391 
756	159 
757	158 
758	334 
759	407 
760	358 
761	408 
762	318 
763	335 
764	283 
765	64 110 163 
766	432 
767	349 
768	285 
769	10 
770	370 
771	90 
772	165 
773	112 
774	329 
775	136 
776	131 
777	16 
778	392 
779	9 
780	207 
781	434 
782	222 
783	185 
784	331 
785	77 
786	94 
787	133 
788	55 
789	267 
790	13 
791	255 
792	412 
793	390 
794	364 
795	376 
796	150 
797	190 
798	426 
799	357 
800	302 
801	342 
802	52 
803	111 365 373 
804	222 
805	310 
806	338 
807	236 
808	357 
809	205 
810	379 
811	162 199 334 
812	236 
813	318 
814	190 204 304 
815	45 
816	145 
817	401 
818	174 
819	339 
820	93 
821	296 
822	267 
823	411 
824	6 
825	242 
826	253 
827	155 
828	311 
829	432 
830	78 364 414 
831	239 
832	108 172 239 
833	307 
834	218 
835	373 
836	134 
837	435 
838	304 
839	129 
840	126 
841	393 
842	168 
843	159 
844	51 
845	206 
846	111 245 301 
847	91 
848	215 
849	208 409 423 
850	123 
851	243 
852	257 
853	421 
854	424 
855	163 
856	340 
857	222 
858	439 
859	224 
860	306 
861	253 
862	282 
863	275 
864	215 
865	358 
866	269 
867	389 
868	38 57 381 
869	439 
870	334 
871	339 
872	108 
873	323 
874	378 
875	393 
876	62 
877	38 
878	74 
879	76 147 269 
880	290 
881	192 
882	283 
883	395 
884	100 
885	283 
886	434 
887	42 
888	150 
889	440 
890	344 
891	166 187 259 
892	39 
893	243 
894	147 
895	301 
896	40 
897	302 
898	50 
899	27 
900	239 
901	369 
902	344 
903	333 
904	433 
905	436 
906	271 
907	68 
908	148 
909	318 
910	13 
911	192 
912	333 
913	306 
914	252 
915	181 
916	338 
917	237 
918	17 128 139 
919	88 
920	3 105 217 
921	343 
922	294 
923	266 
924	432 
925	273 
926	338 
927	323 
928	224 
929	79 
930	125 
931	366 
932	368 
933	190 
934	175 
935	76 
936	202 
937	109 
938	394 
939	104 
940	272 
941	83 
942	433 
943	419 
944	225 
945	413 
946	64 
947	256 
948	24 
949	157 
950	211 
951	336 
952	22 
953	121 187 429 
954	294 
955	163 
956	282 
957	3 
958	15 82 129 
959	108 
960	187 
961	419 
962	77 
963	258 396 407 
964	427 
965	105 
966	226 
967	338 
968	423 
969	183 
970	192 
971	219 
972	48 
973	126 
974	153 
975	269 287 305 
976	407 
977	250 
978	205 
979	64 
980	120 
981	100 
982	93 
983	338 
984	416 
985	373 
986	213 
987	289 
988	381 
989	234 
990	432 
991	135 
992	278 
993	404 
994	161 
995	157 
996	289 
997	155 
998	364 
999	440 
1000	305 
1001	332 
1002	152 
1003	153 302 407 
1004	301 
1005	85 
1006	80 
1007	135 
1008	63 
1009	439 
1010	327 
1011	229 
1012	396 
1013	249 
1014	187 
1015	192 
1016	62 167 345 
1017	396 
1018	426 
1019	3 
1020	361 
1021	375 
1022	54 56 388 
1023	146 
1024	385 
1025	324 
1026	210 
1027	62 
1028	387 
1029	16 103 191 
1030	86 365 379 
1031	275 
1032	345 
1033	213 
1034	328 
1035	26 
1036	192 
1037	144 
1038	16 229 389 
1039	325 
1040	99 
1041	243 278 362 
1042	111 
1043	126 
1044	366 
1045	79 
1046	415 
1047	188 
1048	186 
1049	48 
1050	38 
1051	345 
1052	235 
1053	269 
1054	415 
1055	109 159 161 
1056	221 
1057	391 
1058	382 
1059	346 
1060	55 
1061	283 
1062	227 
1063	421 
1064	387 
1065	48 
1066	245 
1067	26 217 364 
1068	243 
1069	172 
1070	93 
1071	165 
1072	403 
1073	47 
1074	433 
1075	426 
1076	263 
1077	414 
1078	105 312 417 
1079	170 
1080	238 
1081	284 
1082	268 
1083	223 
1084	9 
1085	89 
1086	316 
1087	335 
1088	223 
1089	71 
1090	235 
1091	212 
1092	440 
1093	219 
1094	334 
1095	105 
1096	110 
1097	331 
1098	321 
1099	219 
1100	36 
1101	408 
1102	47 
1103	350 
1104	381 
1105	88 
1106	188 
1107	385 
1108	292 
1109	65 
1110	232 
1111	258 
1112	344 
1113	285 
1114	394 
1115	188 
1116	149 
1117	424 
1118	391 
1119	142 
1120	248 
1121	25 133 154 
1122	437 
1123	434 
1124	222 
1125	296 
1126	328 
1127	96 
1128	357 
1129	320 
1130	38 
1131	130 
1132	220 
1133	293 
1134	299 
1135	209 
1136	321 
1137	274 
1138	297 
1139	48 
1140	263 
1141	51 
1142	271 
1143	409 
1144	316 
1145	299 
1146	68 
1147	212 
1148	304 
1149	266 
1150	277 
1151	129 
1152	390 
1153	284 
1154	350 
1155	243 
1156	48 
1157	4 
1158	434 
1159	204 
1160	156 
1161	61 
1162	310 
1163	366 
1164	131 
1165	36 
1166	277 
1167	48 
1168	183 
1169	61 
1170	243 
1171	84 
1172	122 
1173	208 
1174	184 
1175	56 
1176	71 
1177	127 
1178	307 
1179	28 215 274 
1180	6 
1181	132 
1182	104 
1183	106 
1184	67 317 326 
1185	167 
1186	80 
1187	68 
1188	184 
1189	33 
1190	131 
1191	409 
1192	171 
1193	156 379 395 
1194	434 
1195	14 
1196	211 
1197	173 
1198	121 
1199	1 
1200	419 
1201	110 
1202	139 
1203	26 46 267 
1204	412 
1205	262 
1206	268 
1207	381 
1208	2 184 223 
1209	354 
1210	221 
1211	358 
1212	245 
1213	29 
1214	160 
1215	257 
1216	278 
1217	396 401 426 
1218	58 289 314 
1219	426 
1220	336 
1221	240 
1222	348 
1223	26 43 431 
1224	18 
1225	228 
1226	61 162 286 
1227	67 
1228	227 
1229	164 
1230	96 
1231	435 
1232	12 
1233	314 
1234	127 
1235	72 
1236	414 
1237	104 
1238	364 
1239	245 
1240	236 
1241	97 
1242	110 
1243	200 
1244	439 
1245	243 
1246	408 
1247	238 
1248	206 
1249	127 
1250	3 
1251	52 
1252	407 
1253	231 
1254	373 
1255	135 
1256	368 
1257	105 
1258	54 
1259	229 
1260	53 
1261	393 
1262	275 
1263	154 
1264	5 
1265	346 
1266	69 
1267	45 
1268	378 
1269	67 
1270	242 
1271	391 
1272	243 
1273	57 
1274	192 
1275	331 
1276	278 
1277	96 
1278	217 
1279	278 
1280	291 
1281	16 
1282	86 
1283	121 
1284	3 57 310 
1285	203 
1286	2 
1287	344 
1288	213 
1289	312 
1290	344 
1291	300 
1292	336 
1293	358 
1294	72 
1295	411 
1296	65 
1297	348 
1298	394 
1299	47 
1300	144 
1301	252 293 341 
1302	388 
1303	236 
1304	208 
1305	187 
1306	372 426 441 
1307	123 
1308	49 
1309	327 
1310	211 
1311	420 
1312	362 
1313	236 
1314	299 
1315	84 282 296 
1316	357 
1317	160 
1318	263 
1319	168 
1320	263 
1321	243 
1322	216 
1323	2 28 297 
1324	248 
1325	425 
1326	295 
1327	221 
1328	326 
1329	377 
1330	398 
1331	185 
1332	229 
1333	184 
1334	435 
1335	38 138 214 
1336	155 
1337	245 
1338	348 
1339	144 
1340	111 
1341	22 
1342	33 
1343	265 
1344	15 49 360 
1345	316 
1346	85 
1347	24 
1348	37 
1349	55 
1350	153 
1351	37 
1352	249 
1353	99 
1354	40 
1355	142 
1356	52 
1357	13 
1358	325 
1359	96 
1360	110 
1361	304 
1362	376 
1363	181 
1364	299 
1365	79 
1366	110 140 393 
1367	224 
1368	351 
1369	127 
1370	244 
1371	211 
1372	159 
1373	412 
1374	198 207 407 
1375	193 
1376	413 
1377	225 
1378	104 
1379	84 
1380	133 
1381	290 
1382	175 
1383	336 413 414 
1384	186 
1385	214 
1386	171 
1387	106 
1388	295 
1389	398 
1390	291 
1391	57 
1392	179 277 309 
1393	13 81 409 
1394	411 
1395	173 183 225 
1396	322 
1397	386 
1398	69 
1399	84 
1400	67 291 414 
1401	429 
1402	248 
1403	225 
1404	64 
1405	195 
1406	76 
1407	300 
1408	54 
1409	241 
1410	113 192 387 
1411	21 
1412	136 
1413	311 
1414	141 
1415	100 304 431 
1416	406 
1417	414 
1418	5 
1419	13 
1420	223 
1421	122 
1422	358 
1423	310 
1424	62 
1425	169 
1426	308 396 433 
1427	88 
1428	41 
1429	420 
1430	61 267 300 
1431	201 
1432	327 
1433	84 
1434	84 167 197 
1435	152 
1436	22 255 310 
1437	377 
1438	71 318 422 
1439	430 
1440	88 
1441	291 
1442	40 
1443	380 
1444	196 
1445	333 
1446	13 
1447	391 
1448	239 
1449	310 
1450	378 
1451	395 
1452	37 
1453	404 
1454	336 
1455	81 
1456	67 
1457	148 
1458	61 
1459	382 
1460	225 377 419 
1461	162 
1462	16 178 193 
1463	106 
1464	176 
1465	161 
1466	109 
1467	273 
1468	277 
1469	231 
1470	119 301 365 
1471	368 
1472	51 
1473	83 263 391 
1474	380 
1475	320 
1476	183 
1477	205 
1478	70 
1479	220 
1480	402 
1481	394 
1482	48 
1483	290 
1484	64 305 381 
1485	404 
1486	190 
1487	133 
1488	260 
1489	85 
1490	411 
1491	167 
1492	121 
1493	437 
1494	389 
1495	390 
1496	400 
1497	32 
1498	395 
1499	48 
1500	333 
1501	121 
1502	429 
1503	57 150 217 
1504	153 
1505	28 
1506	283 
1507	136 
1508	50 
1509	310 
1510	91 
1511	150 
1512	80 
1513	425 
1514	204 346 428 
1515	153 
1516	214 
1517	150 
1518	189 
1519	113 
1520	400 
1521	403 
1522	139 
1523	379 
1524	208 
1525	282 
1526	61 115 433 
1527	199 
1528	285 
1529	101 
1530	408 
1531	325 
1532	375 
1533	299 
1534	206 
1535	152 
1536	142 
1537	64 
1538	193 
1539	281 
1540	148 
1541	376 
1542	138 
1543	266 
1544	203 
1545	297 
1546	47 266 423 
1547	426 
1548	192 
1549	150 
1550	168 
1551	159 
1552	181 
1553	46 
1554	373 
1555	307 
1556	286 
1557	53 
1558	140 
1559	140 
1560	389 
1561	127 
1562	203 
1563	132 
1564	140 
1565	101 
1566	69 
1567	95 
1568	350 
1569	309 
1570	422 
1571	142 
1572	223 
1573	118 
1574	269 
1575	194 
1576	245 
1577	412 
1578	169 
1579	104 
1580	270 
1581	204 
1582	389 
1583	127 
1584	349 
1585	67 
1586	252 
1587	389 
1588	76 
1589	13 
1590	26 81 251 
1591	2 
1592	148 
1593	318 375 388 
1594	108 
1595	224 
1596	370 
1597	392 
1598	291 
1599	252 278 283 
1600	163 
1601	134 
1602	416 
1603	11 
1604	36 
1605	209 
1606	40 
1607	77 
1608	291 
1609	248 
1610	273 
1611	354 
1612	254 
1613	417 
1614	211 
1615	413 
1616	360 
1617	199 
1618	354 
1619	119 
1620	310 
1621	158 
1622	346 
1623	434 
1624	364 
1625	195 
1626	38 
1627	112 
1628	270 
1629	140 
1630	56 
1631	423 
1632	392 
1633	305 
1634	333 
1635	408 
1636	196 
1637	79 
1638	10 
1639	200 
1640	370 
1641	39 
1642	351 
1643	333 
1644	64 
1645	203 
1646	391 
1647	375 
1648	44 
1649	77 
1650	186 
1651	86 
1652	280 
1653	432 
1654	138 159 243 
1655	240 
1656	256 
1657	208 
1658	256 
1659	246 313 323 
1660	178 
1661	167 
1662	437 
1663	376 
1664	253 
1665	138 
1666	137 
1667	181 
1668	403 
1669	61 
1670	59 
1671	348 
1672	182 
1673	149 
1674	173 207 366 
1675	93 
1676	63 278 365 
1677	336 
1678	344 
1679	160 272 316 
1680	122 
1681	431 
1682	287 
1683	268 
1684	181 
1685	9 139 382 
1686	267 
1687	14 
1688	136 
1689	50 
1690	121 
1691	286 
1692	413 
1693	411 
1694	430 
1695	197 
1696	25 
1697	424 
1698	104 
1699	6 
1700	35 
1701	419 
1702	20 
1703	110 
1704	96 
1705	320 
1706	167 
1707	417 
1708	207 
1709	302 
1710	394 
1711	12 159 344 
1712	136 
1713	40 
1714	328 
1715	7 
1716	16 
1717	124 
1718	412 
1719	254 
1720	400 
1721	105 321 388 
1722	13 
1723	163 
1724	191 
1725	325 
1726	424 
1727	293 
1728	134 
1729	356 
1730	323 
1731	69 
1732	106 
1733	366 
1734	401 
1735	438 
1736	97 
1737	243 
1738	2 
1739	264 
1740	357 
1741	165 
1742	38 
1743	316 
1744	268 
1745	27 
1746	99 
1747	397 
1748	54 
1749	68 
1750	48 
1751	122 367 430 
1752	358 
1753	242 
1754	114 
1755	433 
1756	81 
1757	27 
1758	334 
1759	53 129 245 
1760	305 
1761	212 
1762	294 
1763	131 
1764	144 
1765	278 
1766	186 211 301 
1767	328 
1768	367 
1769	59 
1770	410 
1771	121 248 394 
1772	75 
1773	82 
1774	183 
1775	316 
1776	176 
1777	433 
1778	323 
1779	30 
1780	427 
1781	358 
1782	319 
1783	162 
1784	27 
1785	269 
1786	326 
1787	261 
1788	233 
1789	69 
1790	273 
1791	349 
1792	22 143 412 
1793	6 
1794	150 
1795	355 
1796	309 
1797	200 
1798	306 
1799	191 
1800	61 
1801	191 
1802	255 
1803	288 
1804	32 
1805	100 
1806	42 129 183 
1807	406 
1808	400 
1809	40 
1810	391 
1811	234 
1812	111 
1813	45 
1814	334 
1815	6 
1816	396 
1817	59 144 409 
1818	123 
1819	140 
1820	294 
1821	291 
1822	84 
1823	418 
1824	234 
1825	166 292 389 
1826	119 
1827	148 
1828	260 
1829	316 
1830	43 
1831	97 
1832	297 409 439 
1833	7 
1834	135 
1835	249 282 430 
1836	345 
1837	126 
1838	92 
1839	416 
1840	138 
1841	161 
1842	121 
1843	113 
1844	174 
1845	417 
1846	140 
1847	89 
1848	373 
1849	88 
1850	159 
1851	151 
1852	208 
1853	276 
1854	300 
1855	143 
1856	344 
1857	300 
1858	264 
1859	82 
1860	423 
1861	375 
1862	431 
1863	423 
1864	172 
1865	120 
1866	276 
1867	173 
1868	105 135 268 
1869	14 88 278 
1870	57 
1871	24 
1872	136 
1873	84 
1874	376 
1875	69 
1876	274 330 380 
1877	391 
1878	138 
1879	225 
1880	205 
1881	128 221 303 
1882	130 
1883	82 252 299 
1884	135 
1885	209 
1886	347 
1887	295 
1888	120 
1889	421 
1890	33 
1891	412 
1892	161 
1893	198 
1894	158 
1895	98 
1896	32 
1897	438 
1898	2 
1899	415 
1900	314 
1901	340 
1902	6 
1903	190 
1904	181 
1905	58 
1906	203 
1907	232 
1908	416 
1909	289 
1910	425 
1911	172 
1912	282 
1913	111 
1914	217 
1915	424 
1916	268 
1917	37 
1918	150 
1919	409 
1920	106 
1921	320 
1922	400 
1923	183 
1924	329 
1925	268 
1926	434 
1927	284 
1928	147 
1929	189 302 362 
1930	17 
1931	185 
1932	270 
1933	347 
1934	310 
1935	441 
1936	251 342 414 
1937	243 
1938	157 
1939	42 
1940	409 
1941	261 
1942	407 
1943	173 
1944	311 
1945	124 
1946	2 
1947	44 
1948	101 
1949	229 
1950	205 
1951	359 
1952	396 
1953	254 
1954	428 
1955	61 
1956	175 
1957	92 
1958	206 
1959	290 
1960	154 
1961	29 
1962	99 
1963	166 
1964	350 
1965	228 
1966	28 222 257 
1967	154 
1968	200 
1969	291 
1970	96 
1971	224 
1972	359 
1973	364 
1974	331 
1975	189 
1976	130 
1977	385 
1978	291 
1979	159 
1980	205 
1981	280 
1982	93 
1983	215 
1984	79 123 165 
1985	96 97 336 
1986	72 
1987	301 
1988	63 
1989	311 
1990	54 
1991	198 
1992	257 322 357 
1993	193 
1994	211 212 395 
1995	157 204 311 
1996	232 
1997	379 
1998	242 
1999	118 
2000	216 
2001	201 248 325 
2002	429 
2003	178 352 356 
2004	340 
2005	93 159 405 
2006	364 
2007	179 
2008	260 
2009	152 
2010	49 
2011	141 225 371 
2012	241 
2013	204 
2014	133 
2015	111 
2016	249 
2017	267 
2018	215 
2019	282 
2020	375 
2021	411 
2022	214 
2023	416 
2024	43 
2025	357 
2026	109 
2027	175 
2028	389 
2029	206 
2030	73 280 285 
2031	84 
2032	82 
2033	208 
2034	127 199 250 
2035	429 
2036	122 163 308 
2037	84 
2038	139 389 401 
2039	95 
2040	142 
2041	100 
2042	378 
2043	222 
2044	318 
2045	432 
2046	228 
2047	144 380 400 
2048	366 
2049	18 
2050	378 
2051	48 
2052	108 
2053	416 
2054	236 285 309 
2055	275 347 407 
2056	199 
2057	267 
2058	241 
2059	57 
2060	405 
2061	306 
2062	137 
2063	217 
2064	186 
2065	245 317 345 
2066	388 
2067	139 
2068	22 352 414 
2069	165 
2070	157 
2071	225 
2072	219 
2073	315 
2074	348 
2075	22 
2076	71 
2077	14 374 382 
2078	239 400 423 
2079	139 
2080	359 
2081	318 
2082	422 
2083	166 
2084	241 
2085	381 
2086	34 
2087	140 
2088	5 
2089	21 
2090	193 
2091	328 
2092	44 357 396 
2093	407 
2094	209 
2095	46 
2096	299 
2097	411 
2098	304 
2099	229 
2100	57 
2101	48 
2102	201 
2103	110 
2104	142 
2105	156 292 363 
2106	11 
2107	137 
2108	227 
2109	236 
2110	329 
2111	155 
2112	183 
2113	302 
2114	275 
2115	312 
2116	108 
2117	390 
2118	176 
2119	232 
2120	252 
2121	99 
2122	343 
2123	385 
2124	232 
2125	183 
2126	122 
2127	26 340 387 
2128	316 
2129	12 
2130	194 
2131	14 
2132	311 
2133	391 
2134	269 
2135	26 
2136	390 
2137	407 
2138	121 
2139	327 
2140	22 
2141	301 
2142	400 
2143	220 
2144	229 
2145	339 
2146	429 
2147	238 
2148	422 
2149	269 
2150	241 
2151	53 
2152	76 
2153	299 
2154	438 
2155	122 
2156	110 
2157	163 
2158	31 
2159	401 
2160	310 
2161	167 
2162	102 
2163	58 
2164	400 
2165	38 66 113 
2166	91 
2167	217 
2168	172 
2169	261 
2170	362 
2171	292 
2172	394 
2173	265 
2174	119 
2175	8 
2176	81 
2177	259 
2178	192 
2179	368 
2180	132 
2181	68 
2182	61 
2183	9 
2184	17 
2185	144 
2186	65 291 396 
2187	319 
2188	346 
2189	211 
2190	296 
2191	396 
2192	74 
2193	186 
2194	20 
2195	326 
2196	146 
2197	65 349 378 
2198	2 
2199	15 210 229 
2200	127 
2201	111 
2202	382 
2203	68 
2204	416 
2205	341 
2206	163 
2207	216 
2208	86 369 410 
2209	376 
2210	87 410 433 
2211	178 
2212	138 
2213	317 
2214	57 
2215	74 
2216	381 
2217	229 
2218	139 
2219	279 
2220	440 
2221	129 
2222	185 
2223	146 
2224	338 
2225	52 
2226	441 
2227	33 
2228	268 
2229	224 
2230	394 
2231	157 
2232	377 
2233	5 
2234	370 
2235	125 
2236	166 
2237	119 
2238	278 321 401 
2239	183 
2240	279 
2241	159 
2242	404 
2243	166 
2244	336 
2245	131 
2246	258 
2247	157 
2248	354 
2249	69 
2250	436 
2251	365 
2252	428 
2253	118 
2254	430 
2255	186 
2256	245 
2257	409 
2258	245 
2259	212 
2260	112 
2261	151 
2262	138 
2263	6 
2264	321 
2265	168 
2266	299 
2267	382 
2268	58 
2269	432 
2270	434 
2271	316 
2272	114 
2273	167 
2274	167 
2275	379 
2276	94 
2277	414 
2278	133 
2279	187 251 368 
2280	160 
2281	358 
2282	348 
2283	328 
2284	183 221 235 
2285	277 
2286	426 
2287	261 
2288	150 
2289	197 
2290	374 
2291	243 
2292	286 
2293	370 
2294	301 
2295	353 
2296	189 191 322 
2297	39 
2298	224 
2299	294 
2300	212 
2301	286 
2302	115 
2303	356 
2304	114 
2305	310 
2306	62 
2307	180 
2308	313 
2309	284 
2310	356 
2311	374 
2312	9 232 380 
2313	334 
2314	52 
2315	7 
2316	266 
2317	332 
2318	111 
2319	25 
2320	108 
2321	375 
2322	73 
2323	339 
2324	304 
2325	48 
2326	396 
2327	140 
2328	282 
2329	399 
2330	71 280 358 
2331	131 
2332	285 
2333	76 
2334	125 
2335	423 
2336	43 
2337	237 
2338	405 
2339	47 
2340	196 
2341	433 
2342	53 
2343	123 
2344	45 
2345	372 
2346	229 
2347	204 
2348	57 133 391 
2349	16 190 283 
2350	81 
2351	138 
2352	375 
2353	376 
2354	44 
2355	179 
2356	439 
2357	365 
2358	13 19 329 
2359	38 
2360	356 
2361	57 
2362	167 
2363	282 
2364	182 
2365	178 
2366	75 
2367	302 315 408 
2368	265 
2369	141 
2370	141 
2371	395 
2372	96 
2373	41 
2374	418 
2375	137 
2376	36 
2377	134 
2378	5 
2379	346 
2380	369 
2381	140 
2382	287 
2383	312 
2384	377 
2385	211 
2386	233 
2387	258 
2388	246 
2389	373 
2390	428 
2391	41 283 415 
2392	285 
2393	278 305 437 
2394	323 365 407 
2395	441 
2396	165 
2397	104 
2398	304 
2399	60 
2400	19 
2401	326 
2402	395 
2403	205 
2404	226 
2405	238 
2406	241 
2407	356 
2408	271 
2409	251 
2410	372 
2411	34 
2412	373 
2413	87 
2414	86 
2415	100 138 410 
2416	131 
2417	57 73 176 
2418	285 
2419	33 
2420	121 
2421	425 
2422	126 128 146 
2423	48 
2424	67 381 431 
2425	425 
2426	222 
2427	78 
2428	131 331 349 
2429	106 
2430	25 
2431	395 
2432	193 
2433	307 
2434	235 
2435	16 
2436	293 
2437	130 
2438	91 
2439	35 
2440	89 
2441	67 
2442	352 
2443	221 
2444	84 
2445	96 254 408 
2446	102 
2447	422 
2448	229 
2449	231 
2450	268 
2451	212 331 359 
2452	86 
2453	137 
2454	338 
2455	156 
2456	417 428 433 
2457	320 
2458	142 
2459	93 
2460	350 
2461	368 
2462	388 
2463	384 
2464	388 
2465	3 
2466	28 
2467	132 
2468	269 
2469	185 
2470	226 
2471	172 
2472	386 
2473	395 
2474	67 
2475	207 273 280 
2476	163 305 327 
2477	396 
2478	88 240 373 
2479	241 
2480	346 
2481	38 50 52 
2482	338 
2483	28 
2484	353 
2485	38 
2486	222 
2487	336 
2488	59 
2489	225 349 375 
2490	116 
2491	65 
2492	305 
2493	122 
2494	25 
2495	289 
2496	288 
2497	201 
2498	284 
2499	346 
2500	114 235 245 
2501	169 
2502	152 
2503	355 
2504	215 
2505	110 
2506	179 187 280 
2507	204 316 423 
2508	273 
2509	153 
2510	210 
2511	200 
2512	198 264 437 
2513	405 
2514	180 
2515	427 
2516	10 
2517	77 
2518	70 232 327 
2519	372 
2520	27 
2521	52 
2522	20 
2523	213 
2524	340 
2525	3 
2526	373 
2527	317 
2528	7 21 345 
2529	400 
2530	424 
2531	6 
2532	163 
2533	336 
2534	216 
2535	305 
2536	83 
2537	50 
2538	232 
2539	65 
2540	241 
2541	400 
2542	398 
2543	258 
2544	264 
2545	142 
2546	316 388 409 
2547	113 
2548	127 
2549	342 
2550	419 
2551	82 
2552	140 
2553	330 
2554	249 
2555	81 91 377 
2556	52 
2557	164 
2558	272 
2559	410 
2560	386 
2561	382 
2562	197 
2563	374 
2564	316 
2565	401 
2566	271 
2567	128 
2568	71 
2569	20 
2570	153 
2571	50 
2572	333 
2573	35 
2574	229 
2575	318 
2576	359 
2577	270 
2578	285 
2579	180 
2580	40 321 441 
2581	372 
2582	85 
2583	356 
2584	50 
2585	221 
2586	409 
2587	202 
2588	410 
2589	183 
2590	193 
2591	248 
2592	283 
2593	127 
2594	44 
2595	226 
2596	389 
2597	102 
2598	171 
2599	76 
2600	166 
2601	144 
2602	303 
2603	371 
2604	56 
2605	263 
2606	175 
2607	182 358 378 
2608	407 
2609	165 
2610	241 
2611	104 
2612	409 
2613	27 
2614	114 
2615	436 
2616	398 
2617	389 
2618	301 
2619	157 
2620	125 
2621	153 
2622	432 
2623	193 
2624	229 
2625	394 
2626	391 
2627	251 
2628	175 
2629	273 
2630	161 
2631	94 
2632	305 
2633	441 
2634	252 
2635	86 
2636	245 
2637	62 114 428 
2638	239 
2639	217 250 383 
2640	338 
2641	204 
2642	26 117 280 
2643	109 139 320 
2644	117 
2645	299 
2646	388 
2647	164 
2648	209 
2649	237 
2650	403 
2651	48 
2652	202 
2653	59 241 430 
2654	332 
2655	409 
2656	85 
2657	186 
2658	165 
2659	80 
2660	81 
2661	286 
2662	72 
2663	184 
2664	145 
2665	305 
2666	56 
2667	288 
2668	22 
2669	427 
2670	58 
2671	34 
2672	329 
2673	381 
2674	207 
2675	235 
2676	123 
2677	45 
2678	423 
2679	12 
2680	431 
2681	262 
2682	220 
2683	429 
2684	300 
2685	163 
2686	378 
2687	219 
2688	330 
2689	211 
2690	156 
2691	128 
2692	139 
2693	237 
2694	30 
2695	428 
2696	113 
2697	393 
2698	170 
2699	61 
2700	227 
2701	362 
2702	76 
2703	150 
2704	2 
2705	78 
2706	53 
2707	89 144 156 
2708	391 
2709	369 
2710	12 
2711	113 
2712	172 
2713	296 
2714	330 
2715	235 
2716	144 
2717	181 
2718	250 
2719	430 
2720	105 
2721	266 
2722	418 
2723	285 
2724	37 
2725	137 
2726	264 
2727	251 
2728	14 19 419 
2729	175 
2730	356 
2731	436 
2732	379 
2733	196 
2734	424 
2735	162 
2736	183 
2737	402 
2738	23 
2739	272 
2740	203 251 257 
2741	38 
2742	393 
2743	83 
2744	200 
2745	206 208 388 
2746	414 
2747	76 
2748	65 
2749	276 302 371 
2750	394 
2751	419 
2752	388 
2753	158 
2754	103 248 352 
2755	101 
2756	148 
2757	400 
2758	183 
2759	165 
2760	155 200 339 
2761	277 
2762	121 
2763	124 
2764	123 
2765	238 
2766	330 
2767	55 
2768	239 
2769	393 
2770	324 
2771	108 
2772	75 
2773	24 
2774	74 
2775	64 232 294 
2776	318 
2777	200 
2778	273 
2779	311 
2780	318 
2781	278 
2782	2 
2783	162 
2784	82 
2785	114 
2786	151 
2787	72 187 433 
2788	198 
2789	441 
2790	292 
2791	108 
2792	137 
2793	433 
2794	211 
2795	27 
2796	90 
2797	3 
2798	269 
2799	426 
2800	433 
2801	336 
2802	191 
2803	138 
2804	374 
2805	198 375 409 
2806	111 
2807	311 
2808	186 
2809	368 
2810	258 
2811	349 
2812	213 
2813	312 
2814	389 
2815	432 
2816	20 
2817	361 
2818	216 
2819	388 
2820	215 
2821	348 
2822	109 
2823	362 
2824	31 
2825	108 
2826	430 
2827	288 
2828	166 
2829	273 
2830	241 
2831	360 
2832	212 
2833	114 125 150 
2834	80 
2835	145 
2836	314 
2837	297 
2838	133 
2839	290 
2840	436 
2841	362 
2842	22 
2843	239 
2844	393 
2845	387 
2846	385 
2847	7 
2848	165 
2849	81 
2850	1 
2851	416 
2852	220 284 362 
2853	62 
2854	410 
2855	176 
2856	211 
2857	107 
2858	178 
2859	420 
2860	353 
2861	273 
2862	430 
2863	133 
2864	62 
2865	375 
2866	403 
2867	288 
2868	94 
2869	260 
2870	242 
2871	23 
2872	146 
2873	84 
2874	208 
2875	312 
2876	91 
2877	121 
2878	143 
2879	129 
2880	425 
2881	213 
2882	373 
2883	112 
2884	365 
2885	103 
2886	204 
2887	168 175 402 
2888	370 
2889	203 
2890	148 305 330 
2891	126 
2892	342 
2893	263 
2894	438 
2895	127 
2896	239 
2897	59 
2898	297 
2899	412 
2900	318 
2901	26 275 325 
2902	295 346 407 
2903	362 
2904	196 
2905	217 
2906	261 
2907	273 
2908	26 
2909	163 224 249 
2910	98 
2911	356 
2912	159 
2913	208 
2914	340 
2915	93 
2916	84 
2917	192 
2918	366 
2919	301 
2920	339 
2921	18 126 266 
2922	161 
2923	137 144 156 
2924	305 
2925	50 
2926	136 194 237 
2927	278 
2928	4 
2929	80 302 379 
2930	241 
2931	47 
2932	90 
2933	273 
2934	116 
2935	414 
2936	104 264 412 
2937	77 
2938	44 
2939	40 
2940	338 
2941	440 
2942	236 
2943	365 
2944	102 
2945	401 
2946	31 
2947	422 
2948	69 
2949	207 
2950	403 
2951	230 
2952	185 
2953	60 
2954	365 
2955	334 
2956	339 
2957	216 
2958	185 232 350 
2959	203 
2960	179 
2961	328 419 441 
2962	16 146 291 
2963	326 
2964	121 
2965	325 
2966	404 
2967	67 
2968	214 
2969	186 
2970	46 222 258 
2971	272 
2972	19 
2973	193 
2974	299 
2975	134 250 283 
2976	243 
2977	92 
2978	386 
2979	239 
2980	148 
2981	364 
2982	205 
2983	362 
2984	403 
2985	123 
2986	66 
2987	149 
2988	87 
2989	93 111 268 
2990	38 
2991	360 
2992	311 
2993	81 300 322 
2994	299 
2995	286 
2996	146 
2997	193 
2998	59 
2999	122 
3000	45 
3001	135 
3002	373 
3003	281 340 433 
3004	273 
3005	246 
3006	422 
3007	185 
3008	172 
3009	170 
3010	383 
3011	166 
3012	302 
3013	268 
3014	308 
3015	167 284 393 
3016	123 
3017	154 
3018	73 
3019	54 
3020	141 301 381 
3021	344 374 437 
3022	48 
3023	284 
3024	59 
3025	185 
3026	254 
3027	36 
3028	375 
3029	184 
3030	283 
3031	396 
3032	28 
3033	263 
3034	8 
3035	119 139 350 
3036	213 
3037	336 
3038	205 
3039	432 
3040	81 
3041	390 
3042	270 
3043	273 
3044	11 
3045	225 
3046	163 
3047	253 
3048	215 
3049	257 
3050	16 
3051	196 
3052	170 
3053	221 
3054	238 
3055	171 
3056	144 
3057	111 
3058	314 
3059	289 
3060	249 269 322 
3061	199 
3062	338 
3063	99 
3064	303 
3065	396 
3066	16 
3067	247 
3068	186 
3069	91 
3070	76 
3071	325 
3072	94 
3073	274 
3074	260 
3075	71 
3076	309 
3077	314 
3078	260 
3079	325 
3080	169 
3081	273 
3082	129 
3083	169 
3084	11 
3085	68 
3086	434 
3087	80 
3088	143 
3089	400 
3090	153 310 419 
3091	186 
3092	122 
3093	135 
3094	381 
3095	333 
3096	136 284 320 
3097	26 
3098	301 
3099	93 
3100	50 
3101	136 
3102	97 
3103	255 
3104	370 
3105	428 
3106	88 
3107	87 
3108	185 
3109	131 
3110	4 222 273 
3111	83 
3112	17 
3113	69 
3114	69 
3115	70 
3116	289 
3117	394 
3118	371 
3119	137 
3120	118 415 418 
3121	263 
3122	17 
3123	99 
3124	421 
3125	22 103 285 
3126	220 
3127	283 
3128	280 
3129	192 
3130	300 
3131	269 
3132	285 
3133	407 
3134	260 333 409 
3135	344 
3136	10 
3137	41 
3138	17 
3139	51 
3140	131 
3141	250 
3142	72 
3143	363 
3144	292 
3145	407 
3146	225 
3147	382 
3148	299 
3149	336 
3150	54 
3151	373 
3152	352 
3153	146 
3154	53 186 285 
3155	58 
3156	156 
3157	123 
3158	287 
3159	427 
3160	148 
3161	355 
3162	111 
3163	222 
3164	410 
3165	60 99 327 
3166	165 166 351 
3167	102 
3168	97 138 227 
3169	55 359 368 
3170	20 
3171	291 
3172	371 
3173	369 
3174	122 
3175	290 
3176	42 227 247 
3177	374 
3178	110 
3179	378 
3180	437 
3181	245 
3182	339 
3183	67 163 416 
3184	10 235 340 
3185	166 
3186	325 
3187	247 
3188	10 
3189	22 
3190	21 
3191	236 
3192	411 
3193	173 
3194	268 
3195	40 
3196	3 
3197	132 
3198	39 
3199	126 401 428 
3200	61 
3201	184 
3202	2 
3203	150 
3204	234 
3205	287 
3206	154 
3207	183 
3208	51 
3209	236 
3210	287 
3211	181 
3212	210 
3213	224 
3214	222 
3215	392 
3216	318 
3217	302 
3218	409 
3219	78 
3220	258 
3221	57 
3222	46 
3223	112 
3224	284 
3225	57 
3226	188 208 320 
3227	33 
3228	150 
3229	103 
3230	200 
3231	18 
3232	271 
3233	244 
3234	381 
3235	349 
3236	346 
3237	13 
3238	316 
3239	391 
3240	419 
3241	365 
3242	85 
3243	432 
3244	23 
3245	26 
3246	244 
3247	172 
3248	225 
3249	425 
3250	232 
3251	352 
3252	33 
3253	58 
3254	57 297 396 
3255	304 
3256	182 
3257	175 
3258	185 
3259	46 
3260	206 
3261	236 
3262	240 
3263	94 
3264	431 
3265	376 
3266	340 418 441 
3267	238 
3268	148 
3269	99 
3270	29 
3271	164 
3272	414 
3273	398 
3274	95 150 333 
3275	200 210 381 
3276	301 
3277	24 183 202 
3278	67 
3279	72 
3280	406 
3281	166 
3282	287 
3283	46 87 395 
3284	399 
3285	414 
3286	157 
3287	128 
3288	250 
3289	23 
3290	326 338 361 
3291	201 
3292	136 
3293	180 
3294	367 
3295	255 
3296	38 
3297	433 
3298	168 
3299	240 
3300	247 
3301	336 
3302	37 
3303	22 
3304	92 
3305	127 
3306	169 
3307	18 
3308	102 
3309	98 
3310	134 
3311	344 
3312	188 
3313	31 69 96 
3314	10 
3315	95 
3316	386 
3317	59 
3318	108 
3319	243 
3320	157 
3321	200 
3322	21 
3323	80 
3324	230 
3325	104 
3326	246 
3327	302 
3328	395 
3329	407 
3330	424 
3331	234 
3332	279 
3333	341 
3334	223 
3335	160 
3336	275 
3337	275 
3338	316 
3339	198 
3340	257 
3341	306 
3342	413 
3343	75 
3344	153 
3345	202 
3346	348 
3347	31 50 253 
3348	297 
3349	158 
3350	372 
3351	232 
3352	332 
3353	351 
3354	258 
3355	18 
3356	281 
3357	249 
3358	320 
3359	49 
3360	221 
3361	116 
3362	151 
3363	128 
3364	145 
3365	330 365 430 
3366	103 
3367	288 
3368	332 
3369	292 
3370	416 
3371	131 
3372	373 
3373	4 
3374	388 
3375	359 
3376	301 
3377	266 
3378	406 
3379	173 268 301 
3380	407 
3381	222 
3382	245 
3383	260 
3384	229 
3385	230 
3386	370 
3387	338 
3388	131 235 239 
3389	421 
3390	221 
3391	399 
3392	259 
3393	204 
3394	123 
3395	168 
3396	196 
3397	93 
3398	328 
3399	232 
3400	18 
3401	192 
3402	208 
3403	275 
3404	224 
3405	61 
3406	168 
3407	56 
3408	296 
3409	212 
3410	53 
3411	126 284 379 
3412	219 
3413	295 
3414	299 
3415	24 
3416	323 
3417	210 
3418	189 
3419	133 
3420	374 
3421	404 
3422	250 
3423	278 
3424	249 
3425	24 
3426	280 
3427	29 
3428	291 
3429	196 
3430	367 
3431	389 
3432	296 
3433	395 
3434	69 
3435	224 
3436	159 
3437	189 415 426 
3438	266 
3439	98 
3440	353 
3441	86 
3442	391 
3443	45 318 337 
3444	430 
3445	26 
3446	105 
3447	402 
3448	105 231 289 
3449	203 
3450	20 
3451	124 
3452	27 
3453	85 89 394 
3454	371 
3455	27 
3456	187 
3457	263 
3458	194 
3459	61 
3460	235 
3461	403 
3462	127 
3463	10 
3464	260 339 369 
3465	25 
3466	11 
3467	171 
3468	239 
3469	44 
3470	45 
3471	363 
3472	25 
3473	96 
3474	410 
3475	235 
3476	104 
3477	72 
3478	73 
3479	313 
3480	18 
3481	441 
3482	325 
3483	321 
3484	133 
3485	311 
3486	82 
3487	59 
3488	246 
3489	6 
3490	309 
3491	174 383 391 
3492	244 
3493	440 
3494	57 
3495	336 
3496	133 
3497	194 
3498	414 
3499	176 
3500	139 
3501	283 
3502	346 
3503	323 
3504	294 381 429 
3505	6 
3506	53 257 416 
3507	162 
3508	368 
3509	122 
3510	214 
3511	25 
3512	133 331 334 
3513	434 
3514	141 
3515	72 119 396 
3516	353 
3517	151 162 264 
3518	176 
3519	119 
3520	85 216 225 
3521	83 
3522	224 
3523	40 
3524	201 
3525	98 
3526	217 
3527	276 
3528	413 
3529	364 
3530	276 
3531	310 
3532	303 
3533	199 
3534	53 72 319 
3535	239 
3536	196 
3537	183 211 308 
3538	405 
3539	335 
3540	291 
3541	55 
3542	210 
3543	42 
3544	266 
3545	74 
3546	78 
3547	134 
3548	212 
3549	415 
3550	113 
3551	224 
3552	159 
3553	136 
3554	13 
3555	123 
3556	149 
3557	199 
3558	130 
3559	178 
3560	316 
3561	367 
3562	3 126 434 
3563	89 
3564	152 
3565	396 
3566	147 
3567	437 
3568	416 
3569	312 
3570	25 
3571	376 
3572	142 
3573	119 
3574	36 88 255 
3575	6 
3576	232 
3577	156 
3578	10 104 390 
3579	92 194 357 
3580	218 
3581	319 
3582	280 
3583	84 126 196 
3584	131 
3585	66 
3586	143 
3587	322 
3588	259 
3589	150 
3590	28 
3591	409 
3592	286 
3593	431 
3594	336 
3595	138 
3596	67 
3597	68 138 238 
3598	200 
3599	407 
3600	230 
3601	296 
3602	374 
3603	415 
3604	97 
3605	178 
3606	381 
3607	437 
3608	58 92 283 
3609	292 
3610	49 59 328 
3611	20 423 432 
3612	228 
3613	254 
3614	280 
3615	111 245 310 
3616	139 
3617	136 
3618	208 
3619	364 
3620	243 
3621	140 154 241 
3622	216 
3623	134 
3624	200 
3625	247 
3626	393 
3627	396 
3628	183 
3629	316 
3630	423 
3631	250 
3632	432 
3633	440 
3634	409 
3635	216 
3636	36 
3637	361 
3638	213 
3639	75 
3640	344 
3641	435 
3642	424 
3643	105 
3644	28 
3645	252 
3646	128 226 421 
3647	406 
3648	26 
3649	407 
3650	247 
3651	238 
3652	157 
3653	281 
3654	266 
3655	205 
3656	211 
3657	358 
3658	11 
3659	347 
3660	52 
3661	204 
3662	441 
3663	249 
3664	133 
3665	224 
3666	438 
3667	195 
3668	74 
3669	342 
3670	124 
3671	302 
3672	311 
3673	235 
3674	257 
3675	24 286 431 
3676	180 
3677	23 
3678	391 
3679	418 
3680	372 
3681	204 
3682	362 
3683	303 
3684	148 
3685	68 
3686	138 
3687	397 
3688	106 
3689	432 
3690	165 
3691	133 
3692	22 336 379 
3693	438 
3694	198 
3695	117 
3696	218 
3697	40 
3698	119 
3699	384 
3700	422 
3701	378 
3702	41 
3703	279 
3704	340 
3705	38 
3706	41 
3707	107 
3708	146 
3709	75 
3710	56 
3711	153 274 373 
3712	201 
3713	24 
3714	149 
3715	159 
3716	121 
3717	17 
3718	180 
3719	236 
3720	221 
3721	310 
3722	112 
3723	15 57 396 
3724	67 
3725	269 
3726	285 
3727	3 
3728	146 
3729	200 
3730	355 
3731	308 
3732	16 
3733	131 
3734	133 
3735	366 
3736	364 
3737	57 
3738	384 
3739	194 
3740	80 
3741	190 
3742	358 368 373 
3743	352 
3744	35 105 332 
3745	170 
3746	81 127 415 
3747	96 
3748	343 
3749	379 
3750	45 88 333 
3751	221 
3752	65 
3753	6 
3754	164 
3755	222 
3756	374 
3757	185 204 384 
3758	187 
3759	149 239 317 
3760	57 
3761	149 
3762	142 
3763	27 
3764	225 
3765	232 
3766	127 
3767	373 
3768	327 
3769	377 
3770	276 
3771	88 
3772	278 
3773	93 
3774	234 
3775	15 
3776	127 
3777	286 
3778	426 
3779	159 
3780	394 
3781	84 
3782	265 
3783	235 
3784	257 
3785	266 
3786	87 236 343 
3787	248 
3788	412 
3789	379 
3790	55 
3791	77 
3792	405 
3793	22 
3794	6 
3795	60 
3796	133 159 168 
3797	133 
3798	91 
3799	16 
3800	105 
3801	415 
3802	346 
3803	402 
3804	289 
3805	176 
3806	2 
3807	76 
3808	352 
3809	177 
3810	225 
3811	263 
3812	219 
3813	53 
3814	136 
3815	79 
3816	396 
3817	28 
3818	233 
3819	227 
3820	3 
3821	66 
3822	56 169 374 
3823	430 
3824	382 
3825	245 
3826	96 
3827	258 
3828	273 
3829	117 
3830	217 
3831	257 
3832	179 
3833	157 
3834	419 
3835	64 
3836	324 
3837	422 
3838	187 
3839	264 
3840	310 
3841	93 
3842	111 
3843	110 191 441 
3844	347 
3845	26 226 339 
3846	5 139 334 
3847	360 
3848	227 
3849	423 
3850	231 
3851	331 
3852	185 
3853	227 
3854	199 
3855	117 
3856	22 
3857	36 
3858	120 
3859	344 
3860	258 
3861	130 
3862	46 
3863	243 
3864	124 
3865	4 
3866	393 
3867	169 
3868	168 
3869	221 
3870	148 
3871	414 
3872	219 391 432 
3873	191 
3874	52 
3875	207 
3876	224 
3877	27 
3878	213 
3879	80 
3880	304 
3881	324 
3882	132 
3883	391 
3884	258 
3885	334 
3886	86 
3887	404 
3888	360 
3889	9 
3890	131 
3891	433 
3892	389 
3893	50 
3894	322 
3895	302 
3896	18 
3897	315 
3898	432 
3899	169 
3900	135 
3901	93 100 321 
3902	376 
3903	423 
3904	201 
3905	54 
3906	120 331 382 
3907	69 207 357 
3908	171 250 305 
3909	259 
3910	61 
3911	269 
3912	114 362 364 
3913	40 
3914	343 
3915	421 
3916	425 
3917	67 
3918	319 
3919	258 
3920	74 
3921	10 
3922	346 
3923	297 
3924	27 
3925	65 
3926	222 
3927	393 
3928	202 
3929	400 
3930	161 
3931	373 
3932	90 
3933	109 
3934	333 
3935	219 
3936	428 
3937	153 
3938	14 
3939	137 
3940	22 
3941	429 
3942	27 
3943	19 
3944	297 
3945	376 
3946	195 292 375 
3947	104 
3948	137 
3949	156 
3950	318 
3951	194 
3952	146 
3953	272 
3954	438 
3955	321 
3956	13 
3957	379 
3958	6 
3959	195 
3960	21 184 251 
3961	231 
3962	437 
3963	89 
3964	192 
3965	286 
3966	412 
3967	117 
3968	379 
3969	432 
3970	303 
3971	116 286 306 
3972	166 
3973	251 
3974	263 
3975	343 
3976	375 
3977	353 
3978	57 
3979	45 
3980	175 
3981	148 241 288 
3982	375 
3983	433 
3984	417 
3985	189 
3986	170 
3987	364 
3988	114 
3989	6 
3990	292 
3991	143 
3992	346 
3993	240 
3994	30 
3995	433 
3996	3 
3997	331 
3998	121 
3999	409 
4000	47 
4001	178 186 329 
4002	9 
4003	213 
4004	19 
4005	290 
4006	165 187 323 
4007	13 140 385 
4008	230 
4009	169 
4010	329 
4011	413 
4012	412 
4013	204 
4014	87 
4015	428 
4016	115 131 164 
4017	330 
4018	413 
4019	50 
4020	300 
4021	191 
4022	84 
4023	264 
4024	131 
4025	103 
4026	224 370 381 
4027	300 
4028	201 
4029	5 61 441 
4030	291 
4031	40 
4032	335 
4033	69 122 393 
4034	358 
4035	257 
4036	346 
4037	400 
4038	200 
4039	369 
4040	135 175 178 
4041	136 
4042	136 
4043	123 
4044	23 
4045	329 
4046	406 
4047	156 
4048	130 
4049	282 
4050	215 
4051	152 
4052	142 
4053	333 
4054	138 
4055	87 
4056	220 
4057	344 
4058	189 
4059	298 
4060	429 
4061	202 
4062	357 
4063	274 
4064	104 
4065	100 
4066	412 
4067	67 
4068	311 
4069	327 
4070	119 
4071	37 
4072	53 
4073	106 
4074	322 
4075	349 
4076	107 
4077	256 
4078	352 
4079	305 
4080	432 
4081	414 
4082	401 
4083	243 
4084	373 
4085	24 382 414 
4086	6 104 166 
4087	53 
4088	113 
4089	49 436 438 
4090	270 
4091	32 
4092	206 
4093	417 
4094	228 
4095	219 
4096	99 
4097	409 
4098	300 
4099	81 
4100	358 
4101	273 
4102	35 
4103	334 
4104	157 
4105	37 
4106	328 
4107	236 
4108	2 
4109	296 
4110	135 
4111	419 
4112	295 
4113	269 
4114	208 
4115	271 
4116	239 
4117	330 
4118	38 
4119	167 
4120	264 
4121	7 
4122	238 
4123	54 
4124	369 
4125	115 
4126	167 
4127	246 
4128	315 
4129	205 
4130	311 
4131	6 100 228 
4132	249 296 434 
4133	222 
4134	369 
4135	16 
4136	96 
4137	105 
4138	157 
4139	146 
4140	391 
4141	66 359 403 
4142	96 
4143	263 
4144	254 
4145	426 
4146	212 
4147	356 
4148	82 
4149	180 
4150	219 
4151	43 
4152	305 
4153	282 
4154	59 295 323 
4155	29 
4156	331 
4157	396 
4158	337 
4159	3 
4160	40 
4161	117 
4162	268 
4163	387 
4164	83 
4165	263 
4166	313 
4167	252 296 400 
4168	346 
4169	240 
4170	103 
4171	430 
4172	185 229 268 
4173	101 235 353 
4174	122 
4175	110 
4176	268 387 408 
4177	211 
4178	331 
4179	306 
4180	225 
4181	75 
4182	43 
4183	52 
4184	188 
4185	57 
4186	419 
4187	278 
4188	185 268 311 
4189	137 
4190	331 
4191	242 
4192	220 
4193	202 
4194	42 86 378 
4195	261 
4196	383 
4197	133 
4198	413 
4199	245 278 414 
4200	432 
4201	166 
4202	255 
4203	367 
4204	102 
4205	52 
4206	111 
4207	105 
4208	161 
4209	266 
4210	367 
4211	49 
4212	29 221 229 
4213	186 
4214	104 
4215	392 
4216	221 
4217	186 
4218	59 
4219	132 
4220	45 
4221	318 
4222	331 
4223	346 
4224	14 
4225	236 
4226	396 
4227	285 
4228	129 
4229	321 
4230	346 
4231	384 
4232	43 201 237 
4233	429 
4234	58 
4235	272 
4236	318 
4237	138 
4238	213 
4239	242 
4240	51 258 311 
4241	57 
4242	301 
4243	221 
4244	3 
4245	96 
4246	137 
4247	224 
4248	151 
4249	173 
4250	345 
4251	61 
4252	64 160 177 
4253	165 
4254	234 
4255	269 
4256	12 133 233 
4257	145 185 292 
4258	256 367 375 
4259	225 
4260	222 
4261	347 
4262	261 
4263	103 
4264	388 
4265	177 
4266	253 
4267	57 
4268	86 
4269	5 
4270	196 
4271	423 
4272	5 
4273	350 
4274	272 
4275	384 
4276	272 
4277	301 
4278	328 
4279	208 
4280	98 
4281	59 135 142 
4282	273 
4283	419 
4284	307 
4285	148 
4286	128 
4287	61 
4288	250 
4289	305 
4290	376 
4291	331 
4292	105 
4293	195 
4294	340 
4295	237 
4296	292 
4297	363 
4298	102 
4299	58 278 285 
4300	104 
4301	218 219 415 
4302	220 357 400 
4303	26 
4304	38 
4305	184 
4306	407 
4307	93 
4308	188 
4309	71 
4310	350 
4311	409 
4312	110 
4313	388 
4314	313 
4315	437 
4316	2 
4317	258 
4318	237 388 430 
4319	412 
4320	166 
4321	419 
4322	169 
4323	232 
4324	45 
4325	422 
4326	28 
4327	103 407 429 
4328	101 
4329	285 
4330	427 
4331	99 
4332	284 
4333	104 
4334	320 
4335	97 
4336	66 
4337	310 
4338	53 
4339	417 
4340	87 
4341	22 69 122 
4342	237 
4343	210 
4344	25 95 321 
4345	54 
4346	373 
4347	341 
4348	200 
4349	219 320 441 
4350	80 
4351	286 
4352	39 137 342 
4353	180 
4354	329 
4355	167 
4356	411 
4357	284 
4358	316 
4359	178 
4360	267 
4361	259 277 401 
4362	11 
4363	352 
4364	377 
4365	244 
4366	29 
4367	255 
4368	132 
4369	208 
4370	124 
4371	186 
4372	170 
4373	54 
4374	165 
4375	81 
4376	183 
4377	95 
4378	101 266 377 
4379	328 
4380	393 
4381	3 312 396 
4382	49 
4383	177 
4384	190 
4385	374 
4386	122 
4387	272 
4388	236 
4389	117 232 288 
4390	67 400 404 
4391	303 
4392	65 211 440 
4393	387 
4394	392 
4395	169 
4396	375 
4397	76 
4398	139 
4399	67 216 289 
4400	362 
4401	111 
4402	346 
4403	330 
4404	387 
4405	127 291 437 
4406	214 
4407	156 
4408	251 
4409	204 
4410	103 372 379 
4411	407 
4412	316 
4413	422 
4414	43 
4415	314 
4416	301 
4417	369 
4418	302 
4419	119 
4420	257 
4421	50 127 339 
4422	263 
4423	201 
4424	135 
4425	404 
4426	96 
4427	410 
4428	408 
4429	68 
4430	67 
4431	58 122 287 
4432	284 
4433	385 
4434	344 
4435	66 
4436	331 
4437	37 
4438	156 
4439	311 
4440	23 
4441	86 
4442	39 
4443	392 
4444	382 
4445	226 
4446	334 
4447	405 
4448	328 
4449	408 
4450	123 
4451	439 
4452	376 
4453	342 
4454	308 
4455	56 
4456	325 
4457	245 
4458	366 
4459	265 
4460	323 
4461	292 
4462	146 
4463	139 
4464	239 
4465	258 
4466	70 
4467	125 
4468	308 
4469	102 
4470	179 
4471	189 
4472	139 
4473	91 103 241 
4474	47 
4475	12 
4476	82 
4477	74 
4478	281 
4479	217 
4480	382 
4481	370 
4482	221 
4483	158 
4484	197 
4485	241 
4486	43 
4487	381 
4488	340 
4489	122 
4490	375 
4491	168 
4492	416 
4493	344 
4494	139 
4495	148 
4496	124 
4497	315 
4498	195 
4499	341 
4500	387 
4501	120 
4502	167 350 402 
4503	22 138 261 
4504	281 
4505	434 
4506	364 
4507	232 
4508	207 
4509	318 
4510	364 
4511	223 
4512	53 
4513	14 163 382 
4514	170 
4515	105 
4516	382 
4517	130 257 320 
4518	213 
4519	234 
4520	379 
4521	92 
4522	131 
4523	95 
4524	307 
4525	74 
4526	358 
4527	58 
4528	389 
4529	171 
4530	252 
4531	410 
4532	116 
4533	287 
4534	113 
4535	250 301 373 
4536	105 
4537	392 
4538	17 
4539	302 
4540	222 
4541	440 
4542	363 
4543	173 
4544	291 
4545	401 
4546	311 
4547	192 
4548	81 
4549	331 
4550	30 
4551	96 
4552	129 
4553	84 
4554	174 
4555	75 
4556	106 
4557	333 
4558	183 
4559	239 
4560	185 
4561	393 
4562	121 
4563	12 
4564	198 
4565	401 
4566	119 
4567	346 
4568	409 
4569	29 
4570	126 
4571	113 
4572	266 290 370 
4573	191 
4574	254 
4575	152 
4576	195 
4577	381 
4578	434 
4579	416 
4580	135 
4581	9 
4582	334 
4583	40 
4584	223 
4585	222 
4586	127 159 166 
4587	210 
4588	379 
4589	123 277 363 
4590	72 
4591	121 
4592	308 
4593	414 
4594	263 
4595	95 
4596	220 273 295 
4597	178 
4598	250 
4599	187 260 433 
4600	295 
4601	376 
4602	245 
4603	64 
4604	424 
4605	49 
4606	379 
4607	357 
4608	187 
4609	385 
4610	409 
4611	274 
4612	268 
4613	27 
4614	355 
4615	25 
4616	36 
4617	145 
4618	142 
4619	138 
4620	77 
4621	268 
4622	227 
4623	69 269 323 
4624	378 
4625	161 
4626	24 
4627	165 
4628	416 
4629	284 
4630	64 
4631	351 
4632	414 
4633	275 
4634	301 
4635	241 
4636	269 
4637	131 
4638	400 
4639	4 
4640	297 
4641	152 
4642	107 
4643	275 
4644	148 
4645	105 
4646	167 
4647	12 220 379 
4648	362 
4649	331 
4650	416 
4651	88 122 203 
4652	157 
4653	264 
4654	16 29 273 
4655	1 
4656	316 
4657	54 
4658	135 
4659	323 
4660	22 225 381 
4661	360 
4662	282 
4663	135 
4664	266 
4665	357 
4666	26 104 211 
4667	241 
4668	87 
4669	286 
4670	26 
4671	210 
4672	187 
4673	147 
4674	17 
4675	284 
4676	111 
4677	207 
4678	51 
4679	284 
4680	437 
4681	3 
4682	431 
4683	332 
4684	123 340 378 
4685	81 294 378 
4686	21 
4687	265 
4688	432 
4689	22 
4690	106 
4691	46 227 292 
4692	432 
4693	304 
4694	384 
4695	239 
4696	257 
4697	188 
4698	18 
4699	96 
4700	432 
4701	274 
4702	70 
4703	118 
4704	440 
4705	344 
4706	250 
4707	301 
4708	409 
4709	241 
4710	103 
4711	64 
4712	25 
4713	137 
4714	105 
4715	410 
4716	148 
4717	185 
4718	286 
4719	311 
4720	410 
4721	428 
4722	344 
4723	3 
4724	105 
4725	201 
4726	305 
4727	236 
4728	357 
4729	133 
4730	54 
4731	149 
4732	87 
4733	217 266 395 
4734	181 
4735	360 
4736	220 
4737	104 
4738	250 
4739	36 
4740	396 
4741	62 
4742	69 133 256 
4743	365 
4744	258 
4745	61 
4746	437 
4747	410 
4748	401 
4749	60 
4750	229 
4751	430 
4752	304 
4753	400 
4754	307 
4755	76 
4756	89 
4757	149 
4758	155 
4759	66 
4760	385 
4761	57 
4762	300 
4763	400 
4764	315 
4765	83 
4766	321 
4767	196 
4768	81 
4769	126 
4770	251 
4771	143 
4772	383 
4773	389 
4774	320 
4775	300 
4776	272 
4777	320 
4778	195 
4779	47 212 218 
4780	151 
4781	108 
4782	225 
4783	391 
4784	40 224 258 
4785	340 
4786	219 237 245 
4787	293 
4788	339 
4789	357 
4790	234 
4791	60 
4792	305 
4793	183 
4794	52 
4795	430 
4796	123 
4797	339 
4798	26 
4799	236 
4800	96 246 336 
4801	150 
4802	228 
4803	9 
4804	201 
4805	247 
4806	187 
4807	159 
4808	434 
4809	194 
4810	19 
4811	160 
4812	224 
4813	302 
4814	235 
4815	419 
4816	179 
4817	125 
4818	251 
4819	399 
4820	269 
4821	221 
4822	70 77 256 
4823	25 
4824	364 
4825	302 
4826	66 
4827	386 
4828	225 
4829	190 
4830	365 
4831	253 341 435 
4832	285 
4833	318 
4834	208 
4835	40 
4836	236 
4837	244 
4838	138 
4839	416 
4840	435 
4841	136 
4842	294 
4843	114 
4844	260 
4845	60 
4846	6 
4847	388 
4848	174 
4849	437 
4850	235 
4851	53 72 374 
4852	205 
4853	146 
4854	150 
4855	101 
4856	300 
4857	275 
4858	373 
4859	429 
4860	233 
4861	113 
4862	294 
4863	24 
4864	300 
4865	283 
4866	62 
4867	294 
4868	114 
4869	3 
4870	120 
4871	426 
4872	182 
4873	280 
4874	73 
4875	127 
4876	64 
4877	111 
4878	218 249 261 
4879	415 
4880	253 
4881	184 
4882	137 
4883	23 
4884	92 234 380 
4885	341 
4886	245 
4887	24 
4888	280 
4889	202 
4890	16 
4891	118 
4892	227 
4893	75 
4894	272 
4895	409 
4896	377 
4897	156 
4898	67 
4899	358 382 389 
4900	417 
4901	80 
4902	56 
4903	86 
4904	221 
4905	221 
4906	227 
4907	305 
4908	196 
4909	87 
4910	96 
4911	337 
4912	222 
4913	78 
4914	346 
4915	240 
4916	45 
4917	237 
4918	70 
4919	415 
4920	250 
4921	406 
4922	136 
4923	139 
4924	211 
4925	76 
4926	411 
4927	370 
4928	290 
4929	81 
4930	110 
4931	147 
4932	28 66 140 
4933	37 
4934	42 187 388 
4935	17 
4936	89 
4937	425 
4938	140 219 229 
4939	27 
4940	1 
4941	131 315 429 
4942	35 
4943	183 
4944	325 
4945	428 
4946	51 
4947	382 
4948	428 
4949	87 136 414 
4950	440 
4951	61 81 221 
4952	12 
4953	249 
4954	22 
4955	141 
4956	434 
4957	365 
4958	163 
4959	22 
4960	414 
4961	38 
4962	104 
4963	183 
4964	40 292 428 
4965	369 
4966	113 
4967	365 
4968	96 
4969	138 
4970	72 
4971	256 
4972	216 
4973	420 
4974	316 
4975	334 
4976	112 258 423 
4977	275 
4978	262 
4979	371 
4980	263 265 340 
4981	441 
4982	425 
4983	127 
4984	197 
4985	229 
4986	48 
4987	162 
4988	181 
4989	29 
4990	302 
4991	27 
4992	11 
4993	280 
4994	59 
4995	270 
4996	41 
4997	213 
4998	33 
4999	115 
5000	352 
5001	332 
5002	138 
5003	260 
5004	267 
5005	253 
5006	56 
5007	61 
5008	102 
5009	188 
5010	49 
5011	400 
5012	430 
5013	183 
5014	369 
5015	200 
5016	50 
5017	266 
5018	175 
5019	37 
5020	80 
5021	11 
5022	398 
5023	235 
5024	124 
5025	23 
5026	241 
5027	133 
5028	402 
5029	91 
5030	372 
5031	68 
5032	429 
5033	81 
5034	364 
5035	146 
5036	224 
5037	241 
5038	387 
5039	149 
5040	260 
5041	360 
5042	438 
5043	339 
5044	81 135 315 
5045	292 
5046	368 
5047	66 
5048	205 221 292 
5049	348 
5050	20 
5051	306 
5052	428 
5053	262 
5054	121 
5055	328 
5056	357 
5057	32 
5058	307 
5059	433 
5060	116 
5061	411 
5062	295 
5063	332 
5064	53 
5065	81 
5066	72 
5067	263 
5068	426 
5069	194 
5070	373 
5071	87 
5072	211 
5073	149 
5074	25 
5075	25 340 350 
5076	314 
5077	401 
5078	189 
5079	418 
5080	354 
5081	14 
5082	284 
5083	398 
5084	117 
5085	356 
5086	188 
5087	20 368 416 
5088	77 
5089	127 
5090	76 
5091	225 
5092	290 
5093	358 
5094	74 239 402 
5095	380 
5096	209 
5097	46 116 373 
5098	53 258 361 
5099	64 135 432 
5100	377 
5101	207 
5102	284 
5103	430 
5104	400 
5105	379 
5106	70 
5107	407 
5108	46 
5109	122 
5110	399 
5111	291 
5112	239 
5113	363 
5114	105 
5115	380 
5116	372 
5117	208 
5118	234 
5119	384 
5120	384 
5121	401 
5122	312 
5123	341 
5124	439 
5125	216 
5126	338 
5127	240 
5128	243 
5129	4 103 183 
5130	341 
5131	245 
5132	3 
5133	206 
5134	96 
5135	58 95 127 
5136	305 
5137	243 
5138	150 
5139	97 
5140	331 
5141	425 
5142	336 
5143	416 
5144	123 
5145	410 
5146	317 
5147	11 
5148	57 
5149	266 
5150	216 
5151	269 
5152	255 
5153	85 
5154	123 
5155	414 
5156	363 
5157	174 
5158	58 
5159	301 
5160	410 
5161	161 
5162	267 
5163	110 302 425 
5164	182 
5165	131 143 280 
5166	40 234 284 
5167	84 
5168	148 153 276 
5169	256 
5170	129 
5171	111 
5172	172 
5173	40 
5174	218 
5175	28 268 434 
5176	139 
5177	181 
5178	131 
5179	269 
5180	240 
5181	242 
5182	34 
5183	24 
5184	229 
5185	225 
5186	55 
5187	275 
5188	16 
5189	408 
5190	441 
5191	296 
5192	416 
5193	374 
5194	401 
5195	18 
5196	114 224 340 
5197	148 
5198	250 
5199	282 
5200	90 
5201	405 
5202	317 
5203	340 
5204	239 
5205	126 
5206	154 166 330 
5207	163 
5208	21 
5209	217 
5210	329 
5211	306 
5212	393 
5213	285 
5214	346 
5215	73 
5216	157 
5217	222 
5218	106 125 232 
5219	225 
5220	50 
5221	187 
5222	413 
5223	421 
5224	217 
5225	224 
5226	122 
5227	136 
5228	341 
5229	163 
5230	150 
5231	44 
5232	194 
5233	188 
5234	378 
5235	232 
5236	154 
5237	157 
5238	387 
5239	344 
5240	234 
5241	269 
5242	394 
5243	27 
5244	3 
5245	340 
5246	225 
5247	44 
5248	201 
5249	285 
5250	292 
5251	103 
5252	155 
5253	276 
5254	52 
5255	121 
5256	255 
5257	397 
5258	45 
5259	127 
5260	236 
5261	64 
5262	427 
5263	410 
5264	416 
5265	132 
5266	119 
5267	138 
5268	20 103 388 
5269	247 
5270	166 
5271	200 
5272	10 
5273	119 
5274	409 
5275	54 204 415 
5276	34 
5277	141 394 420 
5278	146 
5279	215 
5280	29 
5281	414 
5282	384 
5283	196 
5284	107 
5285	327 
5286	207 
5287	305 
5288	301 
5289	49 
5290	338 
5291	138 
5292	62 
5293	268 
5294	7 163 307 
5295	358 
5296	409 
5297	171 
5298	29 
5299	76 282 419 
5300	309 
5301	340 
5302	323 
5303	139 
5304	400 
5305	436 
5306	111 
5307	369 
5308	413 
5309	77 
5310	170 
5311	357 
5312	17 
5313	34 
5314	334 
5315	139 
5316	408 
5317	111 
5318	36 138 414 
5319	144 
5320	362 
5321	139 
5322	121 
5323	192 
5324	250 
5325	77 305 379 
5326	426 
5327	78 
5328	70 109 311 
5329	82 
5330	104 
5331	159 
5332	156 
5333	170 
5334	237 
5335	245 
5336	345 
5337	298 
5338	235 
5339	334 
5340	257 
5341	25 
5342	415 
5343	103 
5344	182 
5345	334 
5346	274 
5347	123 187 317 
5348	56 
5349	166 
5350	364 
5351	311 
5352	385 
5353	242 
5354	200 
5355	48 
5356	88 
5357	62 
5358	376 
5359	331 
5360	196 
5361	97 
5362	277 
5363	152 253 410 
5364	269 
5365	183 
5366	377 
5367	39 
5368	43 158 334 
5369	381 
5370	358 
5371	254 
5372	163 
5373	250 
5374	252 
5375	28 
5376	229 
5377	274 
5378	150 
5379	393 
5380	96 99 336 
5381	372 
5382	287 
5383	113 
5384	139 
5385	352 
5386	184 
5387	19 67 235 
5388	29 
5389	117 
5390	309 
5391	78 
5392	423 
5393	365 
5394	433 
5395	29 
5396	423 
5397	235 
5398	143 
5399	25 
5400	429 
5401	432 
5402	257 
5403	299 
5404	54 187 328 
5405	390 
5406	374 
5407	120 
5408	395 
5409	269 
5410	183 
5411	249 
5412	116 
5413	141 
5414	89 251 316 
5415	242 
5416	217 
5417	232 
5418	245 273 392 
5419	261 
5420	220 
5421	101 121 397 
5422	312 
5423	118 
5424	305 
5425	203 
5426	2 
5427	111 
5428	97 
5429	72 244 363 
5430	363 
5431	131 
5432	285 
5433	15 
5434	81 
5435	339 
5436	304 
5437	264 
5438	441 
5439	317 
5440	227 
5441	211 
5442	200 
5443	128 
5444	354 
5445	1 
5446	21 157 331 
5447	365 
5448	367 
5449	342 
5450	157 
5451	152 
5452	2 
5453	154 
5454	83 
5455	144 
5456	195 400 432 
5457	261 
5458	22 167 180 
5459	110 266 268 
5460	29 
5461	103 
5462	385 
5463	428 
5464	90 
5465	159 
5466	305 
5467	245 
5468	54 
5469	75 
5470	366 
5471	348 
5472	28 93 333 
5473	119 
5474	398 
5475	361 
5476	267 
5477	394 
5478	101 
5479	57 
5480	17 
5481	210 
5482	237 
5483	16 171 375 
5484	312 
5485	259 
5486	63 232 272 
5487	273 
5488	196 
5489	21 
5490	229 
5491	335 
5492	33 
5493	361 
5494	346 
5495	328 
5496	436 
5497	80 
5498	126 
5499	203 
5500	51 
5501	300 
5502	278 
5503	31 
5504	253 
5505	438 
5506	61 
5507	424 
5508	414 
5509	239 
5510	88 99 342 
5511	353 
5512	335 
5513	170 
5514	200 
5515	348 
5516	57 
5517	425 
5518	221 
5519	28 152 433 
5520	111 
5521	392 
5522	147 364 392 
5523	336 
5524	103 
5525	184 
5526	299 
5527	412 
5528	325 
5529	214 
5530	1 
5531	273 
5532	156 
5533	423 
5534	226 
5535	187 
5536	220 
5537	133 
5538	275 
5539	154 
5540	376 
5541	14 
5542	310 
5543	230 
5544	159 
5545	106 
5546	44 
5547	179 
5548	373 
5549	167 
5550	199 
5551	136 
5552	105 
5553	233 
5554	258 
5555	67 310 312 
5556	437 
5557	118 215 433 
5558	357 
5559	191 
5560	259 
5561	169 
5562	85 
5563	103 124 359 
5564	11 
5565	105 
5566	90 150 294 
5567	377 
5568	255 
5569	139 
5570	93 
5571	93 
5572	4 
5573	419 
5574	397 
5575	7 
5576	304 
5577	311 
5578	92 
5579	400 
5580	3 
5581	291 
5582	415 
5583	91 
5584	126 
5585	364 
5586	408 
5587	246 
5588	18 208 396 
5589	417 
5590	76 
5591	375 
5592	381 
5593	36 
5594	99 
5595	310 
5596	181 
5597	438 
5598	25 
5599	75 
5600	295 
5601	203 255 292 
5602	75 
5603	183 
5604	13 147 407 
5605	272 
5606	381 
5607	15 
5608	203 
5609	209 
5610	45 
5611	139 249 390 
5612	155 
5613	195 
5614	221 
5615	72 
5616	158 
5617	118 
5618	51 
5619	127 
5620	374 
5621	172 
5622	410 
5623	96 
5624	63 
5625	76 
5626	197 
5627	81 
5628	284 
5629	109 
5630	169 
5631	125 346 390 
5632	235 
5633	159 
5634	67 
5635	299 
5636	424 
5637	93 
5638	17 
5639	97 320 325 
5640	123 
5641	271 
5642	422 
5643	274 
5644	117 
5645	400 
5646	305 
5647	235 
5648	54 
5649	421 
5650	32 
5651	274 
5652	397 
5653	59 
5654	301 
5655	403 
5656	78 
5657	274 
5658	22 157 220 
5659	83 
5660	30 
5661	282 
5662	301 
5663	104 
5664	305 
5665	378 
5666	162 171 234 
5667	369 
5668	357 
5669	25 
5670	58 
5671	110 
5672	53 
5673	204 
5674	339 
5675	34 
5676	67 227 359 
5677	106 
5678	324 
5679	430 
5680	72 137 328 
5681	386 
5682	96 
5683	53 228 373 
5684	274 
5685	337 
5686	114 
5687	335 
5688	208 
5689	369 
5690	137 
5691	379 
5692	375 
5693	267 
5694	385 
5695	178 258 313 
5696	146 
5697	133 
5698	8 
5699	116 
5700	170 
5701	345 
5702	236 
5703	220 
5704	50 
5705	117 
5706	145 
5707	428 
5708	225 
5709	53 201 226 
5710	65 
5711	89 126 179 
5712	352 
5713	227 
5714	311 
5715	103 
5716	296 
5717	144 
5718	74 
5719	244 
5720	58 
5721	264 
5722	113 262 408 
5723	179 
5724	131 
5725	40 251 319 
5726	173 
5727	425 
5728	227 284 406 
5729	388 
5730	79 
5731	118 
5732	186 
5733	299 
5734	16 
5735	350 
5736	215 
5737	133 153 238 
5738	340 
5739	223 
5740	116 167 293 
5741	224 361 415 
5742	149 
5743	176 
5744	357 
5745	365 
5746	320 
5747	292 
5748	67 
5749	110 
5750	225 
5751	100 
5752	403 
5753	227 284 346 
5754	15 
5755	427 
5756	54 
5757	334 
5758	186 
5759	7 
5760	358 
5761	337 
5762	350 
5763	124 
5764	280 
5765	80 
5766	237 
5767	313 
5768	433 
5769	311 
5770	395 
5771	302 
5772	65 
5773	374 
5774	92 
5775	170 
5776	422 
5777	258 
5778	170 
5779	408 
5780	441 
5781	198 
5782	188 
5783	178 
5784	326 
5785	133 269 377 
5786	19 
5787	4 64 382 
5788	73 356 398 
5789	176 
5790	295 
5791	86 
5792	292 
5793	150 
5794	42 
5795	200 
5796	279 
5797	375 
5798	64 84 224 
5799	175 217 331 
5800	346 
5801	344 
5802	27 
5803	284 
5804	92 
5805	297 
5806	98 
5807	84 
5808	119 
5809	172 
5810	56 
5811	410 
5812	411 
5813	434 
5814	178 
5815	276 
5816	279 
5817	350 
5818	250 
5819	13 
5820	290 
5821	346 
5822	254 
5823	123 
5824	319 
5825	50 
5826	224 
5827	29 
5828	78 
5829	251 
5830	68 
5831	295 
5832	123 
5833	336 
5834	328 
5835	425 
5836	206 
5837	217 
5838	107 
5839	187 
5840	121 
5841	12 288 395 
5842	248 
5843	104 
5844	141 316 386 
5845	61 
5846	250 
5847	220 254 406 
5848	10 
5849	402 
5850	31 
5851	50 280 402 
5852	356 
5853	233 
5854	46 
5855	8 
5856	302 
5857	392 
5858	305 
5859	334 
5860	293 
5861	408 
5862	15 
5863	296 
5864	27 
5865	52 69 192 
5866	40 
5867	340 
5868	435 
5869	35 
5870	344 
5871	93 340 362 
5872	417 
5873	384 
5874	59 
5875	38 
5876	296 
5877	126 
5878	334 
5879	120 
5880	65 90 185 
5881	333 
5882	116 
5883	320 
5884	310 
5885	385 
5886	365 
5887	122 
5888	239 
5889	380 
5890	268 
5891	8 18 99 
5892	208 
5893	142 
5894	145 
5895	301 
5896	410 
5897	61 
5898	229 
5899	64 
5900	14 
5901	147 
5902	185 
5903	283 
5904	155 
5905	293 
5906	192 
5907	6 50 61 
5908	140 389 403 
5909	99 
5910	417 
5911	334 
5912	415 
5913	414 
5914	21 
5915	364 
5916	137 
5917	214 
5918	381 
5919	59 
5920	290 
5921	308 
5922	179 
5923	122 
5924	275 
5925	419 
5926	69 103 282 
5927	382 
5928	405 
5929	25 
5930	62 
5931	183 
5932	46 
5933	211 
5934	328 
5935	41 
5936	173 
5937	209 300 395 
5938	122 143 419 
5939	202 234 346 
5940	51 
5941	395 
5942	292 
5943	56 
5944	191 
5945	74 
5946	277 
5947	272 
5948	96 
5949	206 
5950	414 
5951	168 
5952	388 
5953	216 
5954	99 
5955	110 
5956	359 
5957	284 
5958	165 
5959	386 
5960	286 295 374 
5961	38 
5962	354 
5963	117 
5964	253 
5965	36 
5966	76 
5967	219 
5968	326 
5969	1 
5970	40 
5971	305 
5972	54 
5973	378 
5974	220 
5975	192 
5976	205 
5977	232 
5978	265 
5979	22 
5980	376 
5981	196 
5982	281 
5983	167 
5984	209 
5985	162 
5986	221 
5987	393 
5988	142 
5989	220 
5990	136 
5991	116 
5992	187 
5993	336 
5994	245 
5995	124 
5996	64 
5997	173 
5998	340 
5999	237 
6000	9 84 127 
6001	54 
6002	21 
6003	374 
6004	227 
6005	213 
6006	69 
6007	185 
6008	432 
6009	285 
6010	282 
6011	433 
6012	34 
6013	334 
6014	95 165 305 
6015	340 
6016	348 
6017	329 
6018	192 393 420 
6019	222 
6020	50 
6021	406 
6022	204 
6023	42 
6024	183 
6025	441 
6026	364 
6027	107 
6028	138 
6029	184 
6030	88 
6031	140 
6032	334 
6033	121 
6034	392 
6035	107 
6036	318 
6037	157 
6038	335 
6039	440 
6040	384 
6041	114 
6042	201 
6043	415 
6044	39 
6045	47 118 139 
6046	89 310 396 
6047	284 
6048	340 
6049	269 
6050	87 155 305 
6051	310 
6052	68 325 344 
6053	393 
6054	418 
6055	304 
6056	146 
6057	59 
6058	279 
6059	111 
6060	438 
6061	139 
6062	230 
6063	53 229 302 
6064	45 
6065	152 
6066	312 
6067	263 
6068	250 
6069	93 238 269 
6070	171 
6071	54 
6072	2 
6073	115 
6074	318 
6075	391 
6076	35 
6077	315 
6078	92 
6079	48 175 301 
6080	282 
6081	179 
6082	258 
6083	265 
6084	311 
6085	115 
6086	269 
6087	407 
6088	178 
6089	119 
6090	178 
6091	280 
6092	58 
6093	158 
6094	414 
6095	328 
6096	22 
6097	67 127 237 
6098	69 
6099	357 
6100	398 
6101	7 
6102	8 
6103	403 
6104	198 
6105	97 
6106	308 
6107	243 
6108	401 
6109	212 299 334 
6110	335 
6111	190 
6112	250 
6113	326 
6114	271 
6115	110 
6116	53 
6117	370 
6118	48 
6119	53 
6120	423 
6121	107 
6122	27 
6123	86 213 343 
6124	147 
6125	404 
6126	45 88 110 
6127	155 
6128	94 
6129	219 399 419 
6130	385 
6131	275 
6132	119 
6133	6 119 402 
6134	159 
6135	166 
6136	165 
6137	251 
6138	28 
6139	58 
6140	284 
6141	313 
6142	344 
6143	11 
6144	228 
6145	146 
6146	327 
6147	252 
6148	50 169 215 
6149	390 
6150	195 
6151	375 
6152	408 
6153	220 
6154	2 
6155	107 
6156	126 
6157	218 
6158	240 339 424 
6159	250 
6160	133 
6161	169 
6162	34 
6163	174 
6164	4 
6165	77 
6166	285 
6167	272 
6168	96 
6169	125 
6170	408 
6171	124 
6172	84 
6173	344 
6174	62 
6175	365 388 426 
6176	323 
6177	340 
6178	46 
6179	226 
6180	422 
6181	189 
6182	157 
6183	68 
6184	333 
6185	105 
6186	30 
6187	10 
6188	86 199 424 
6189	60 
6190	153 
6191	302 
6192	390 
6193	211 
6194	140 
6195	348 
6196	126 
6197	54 225 416 
6198	283 
6199	317 
6200	405 
6201	171 
6202	159 
6203	429 
6204	408 
6205	170 
6206	211 
6207	211 
6208	438 
6209	126 
6210	69 
6211	87 
6212	194 
6213	25 
6214	307 
6215	375 
6216	74 
6217	6 
6218	164 
6219	245 
6220	210 
6221	275 
6222	317 
6223	32 
6224	6 
6225	298 
6226	233 
6227	2 
6228	286 
6229	269 
6230	99 
6231	348 
6232	170 
6233	65 
6234	16 
6235	314 
6236	387 
6237	284 
6238	302 
6239	251 278 284 
6240	32 
6241	144 
6242	352 
6243	238 
6244	54 
6245	92 
6246	279 
6247	25 
6248	20 
6249	131 
6250	286 392 393 
6251	59 
6252	434 
6253	220 
6254	194 
6255	8 
6256	146 
6257	381 
6258	45 
6259	47 
6260	250 
6261	431 
6262	144 
6263	203 245 282 
6264	372 
6265	183 
6266	379 
6267	121 160 230 
6268	14 
6269	270 
6270	175 
6271	150 
6272	126 
6273	86 
6274	415 
6275	35 110 163 
6276	290 
6277	387 
6278	388 
6279	323 
6280	121 
6281	320 
6282	425 
6283	376 
6284	106 320 381 
6285	61 119 417 
6286	434 
6287	343 
6288	125 
6289	40 
6290	219 
6291	139 
6292	67 
6293	319 
6294	121 
6295	19 
6296	415 
6297	200 
6298	277 321 416 
6299	169 
6300	150 
6301	88 310 374 
6302	298 
6303	123 
6304	277 
6305	311 
6306	356 
6307	392 
6308	216 
6309	188 
6310	169 389 411 
6311	224 
6312	98 
6313	38 
6314	263 
6315	2 
6316	165 
6317	125 
6318	200 
6319	29 
6320	291 305 337 
6321	186 
6322	21 
6323	364 
6324	396 
6325	315 
6326	47 
6327	280 351 358 
6328	168 
6329	244 
6330	340 
6331	3 6 266 
6332	253 
6333	151 
6334	57 
6335	241 
6336	409 
6337	286 
6338	13 
6339	417 
6340	412 
6341	365 
6342	27 
6343	224 
6344	100 
6345	20 
6346	240 
6347	388 
6348	394 
6349	231 
6350	288 
6351	342 
6352	212 
6353	57 
6354	158 
6355	310 
6356	325 
6357	310 
6358	227 
6359	228 
6360	166 
6361	94 
6362	74 
6363	37 119 373 
6364	99 
6365	192 
6366	258 
6367	129 
6368	102 
6369	434 
6370	134 
6371	88 
6372	403 
6373	25 199 396 
6374	285 
6375	327 
6376	356 
6377	386 
6378	388 
6379	251 
6380	196 
6381	111 
6382	212 
6383	243 
6384	88 
6385	201 
6386	61 
6387	400 
6388	136 312 397 
6389	26 
6390	242 
6391	325 
6392	430 
6393	436 
6394	360 
6395	314 
6396	68 
6397	233 
6398	221 
6399	28 
6400	350 
6401	118 146 413 
6402	348 
6403	95 
6404	336 
6405	153 
6406	41 136 316 
6407	418 
6408	321 
6409	280 
6410	20 
6411	268 
6412	369 
6413	168 
6414	93 
6415	288 
6416	11 
6417	317 
6418	54 
6419	105 
6420	48 
6421	386 
6422	103 
6423	370 
6424	373 
6425	262 
6426	299 
6427	72 
6428	320 
6429	441 
6430	269 
6431	257 
6432	119 
6433	98 
6434	249 
6435	272 
6436	334 
6437	79 146 421 
6438	22 
6439	400 
6440	203 298 426 
6441	47 268 433 
6442	67 
6443	197 
6444	286 
6445	285 
6446	351 
6447	103 
6448	126 
6449	181 
6450	243 
6451	127 
6452	88 
6453	24 
6454	246 
6455	272 
6456	324 
6457	428 
6458	234 
6459	221 
6460	141 
6461	48 
6462	122 
6463	423 
6464	39 
6465	196 
6466	416 
6467	219 
6468	286 
6469	357 
6470	124 
6471	382 
6472	87 
6473	99 
6474	349 
6475	139 
6476	266 
6477	278 
6478	218 
6479	432 
6480	298 
6481	165 
6482	259 
6483	183 
6484	334 
6485	375 
6486	248 
6487	7 
6488	297 
6489	311 
6490	7 
6491	201 
6492	144 
6493	437 
6494	358 
6495	209 
6496	126 
6497	2 
6498	30 
6499	58 
6500	433 
6501	222 
6502	26 
6503	224 284 365 
6504	220 
6505	104 
6506	59 204 225 
6507	334 
6508	417 
6509	107 
6510	93 
6511	245 
6512	437 
6513	180 
6514	328 
6515	334 
6516	364 
6517	430 
6518	297 
6519	324 
6520	88 136 157 
6521	327 
6522	175 
6523	121 144 182 
6524	211 
6525	93 
6526	162 
6527	430 
6528	278 
6529	106 
6530	167 
6531	42 
6532	209 
6533	143 
6534	333 
6535	257 
6536	320 
6537	393 
6538	301 
6539	287 
6540	415 
6541	57 
6542	53 
6543	347 
6544	404 
6545	208 
6546	436 
6547	189 
6548	431 
6549	19 265 267 
6550	348 
6551	374 
6552	30 
6553	428 
6554	175 
6555	439 
6556	11 
6557	26 
6558	165 
6559	323 
6560	117 
6561	3 
6562	126 
6563	146 
6564	268 
6565	263 
6566	46 
6567	227 232 328 
6568	362 
6569	178 
6570	428 
6571	391 
6572	170 
6573	388 
6574	280 
6575	28 121 269 
6576	126 279 289 
6577	8 
6578	358 
6579	302 
6580	68 182 357 
6581	88 
6582	333 
6583	179 
6584	291 411 441 
6585	356 
6586	222 
6587	404 
6588	419 
6589	157 
6590	356 
6591	221 
6592	367 
6593	246 
6594	202 
6595	28 
6596	215 
6597	25 
6598	88 
6599	283 
6600	121 
6601	255 
6602	125 
6603	365 
6604	207 
6605	402 
6606	225 
6607	233 
6608	22 
6609	180 278 393 
6610	435 
6611	59 
6612	62 
6613	304 
6614	32 
6615	127 
6616	103 
6617	16 
6618	258 
6619	6 
6620	434 
6621	104 
6622	440 
6623	411 
6624	214 
6625	103 
6626	278 
6627	157 
6628	84 96 364 
6629	97 
6630	389 
6631	21 
6632	317 
6633	86 
6634	220 310 441 
6635	252 
6636	343 
6637	30 
6638	175 
6639	157 
6640	196 
6641	104 
6642	321 
6643	245 
6644	372 
6645	80 
6646	416 
6647	415 
6648	220 
6649	137 
6650	333 
6651	8 
6652	240 
6653	417 
6654	134 287 393 
6655	27 
6656	57 
6657	433 
6658	3 
6659	410 
6660	215 
6661	284 
6662	274 
6663	297 
6664	251 257 318 
6665	109 
6666	319 
6667	53 
6668	271 
6669	184 
6670	300 
6671	231 
6672	292 
6673	193 
6674	157 
6675	328 
6676	324 
6677	209 
6678	45 106 401 
6679	16 131 305 
6680	207 
6681	146 
6682	6 
6683	271 
6684	160 
6685	152 
6686	10 
6687	210 
6688	328 
6689	113 
6690	245 
6691	416 
6692	310 
6693	229 
6694	337 
6695	69 210 285 
6696	243 
6697	164 
6698	130 
6699	102 
6700	119 
6701	139 
6702	276 
6703	145 
6704	202 
6705	56 
6706	110 
6707	61 188 250 
6708	305 
6709	282 
6710	340 
6711	278 
6712	304 
6713	246 
6714	347 
6715	96 
6716	227 
6717	166 
6718	264 
6719	264 
6720	364 
6721	304 
6722	318 
6723	257 302 440 
6724	14 
6725	16 
6726	26 351 409 
6727	328 
6728	80 
6729	267 
6730	292 
6731	313 
6732	211 
6733	165 
6734	156 
6735	27 
6736	92 
6737	163 
6738	47 337 383 
6739	334 
6740	366 
6741	317 
6742	36 
6743	145 
6744	217 
6745	16 295 333 
6746	238 
6747	123 
6748	235 
6749	441 
6750	24 
6751	98 
6752	344 
6753	364 
6754	320 
6755	41 
6756	433 
6757	58 
6758	1 
6759	3 
6760	194 
6761	282 
6762	116 
6763	111 153 313 
6764	257 
6765	112 374 379 
6766	320 
6767	100 
6768	291 
6769	252 
6770	29 
6771	163 
6772	216 
6773	144 
6774	389 
6775	433 
6776	137 
6777	59 
6778	45 121 441 
6779	99 
6780	232 
6781	204 
6782	40 
6783	403 
6784	50 
6785	84 
6786	148 337 430 
6787	310 
6788	176 
6789	338 
6790	410 
6791	372 
6792	74 
6793	164 
6794	67 
6795	329 
6796	68 
6797	320 
6798	3 220 401 
6799	92 
6800	357 
6801	84 
6802	383 
6803	89 
6804	373 
6805	235 
6806	196 
6807	66 301 394 
6808	134 150 354 
6809	142 
6810	64 
6811	407 
6812	393 
6813	94 
6814	438 
6815	396 
6816	174 
6817	408 
6818	320 
6819	52 
6820	58 
6821	409 
6822	314 
6823	366 
6824	179 
6825	280 
6826	164 
6827	304 
6828	278 
6829	186 
6830	148 
6831	343 
6832	168 233 344 
6833	183 
6834	400 
6835	157 
6836	52 
6837	409 
6838	332 
6839	410 
6840	156 
6841	357 
6842	378 
6843	280 
6844	194 
6845	386 
6846	155 
6847	420 
6848	143 
6849	229 
6850	69 
6851	312 
6852	23 
6853	388 
6854	252 381 404 
6855	138 
6856	88 254 394 
6857	288 
6858	179 
6859	395 
6860	218 
6861	220 
6862	235 
6863	61 
6864	321 
6865	180 
6866	181 
6867	425 
6868	127 
6869	342 
6870	233 
6871	213 
6872	36 
6873	44 
6874	136 
6875	192 
6876	194 
6877	291 
6878	428 
6879	217 
6880	134 
6881	174 
6882	25 
6883	84 
6884	43 
6885	301 
6886	315 
6887	104 
6888	38 
6889	302 
6890	307 
6891	159 198 392 
6892	314 
6893	364 
6894	391 
6895	59 
6896	260 
6897	138 200 358 
6898	72 
6899	66 
6900	411 
6901	59 121 325 
6902	334 
6903	374 
6904	80 
6905	98 
6906	27 239 353 
6907	163 310 420 
6908	67 
6909	32 
6910	243 
6911	28 
6912	64 
6913	334 
6914	130 
6915	249 
6916	369 
6917	117 
6918	26 
6919	105 
6920	388 
6921	311 
6922	236 
6923	283 
6924	349 
6925	105 
6926	22 
6927	289 
6928	225 
6929	102 
6930	44 
6931	345 
6932	319 
6933	311 
6934	6 
6935	402 
6936	191 301 418 
6937	266 
6938	229 
6939	289 
6940	74 
6941	311 
6942	6 
6943	284 
6944	162 
6945	320 
6946	287 
6947	392 
6948	238 291 394 
6949	47 
6950	233 
6951	76 
6952	94 
6953	301 
6954	357 
6955	289 
6956	114 
6957	22 
6958	134 
6959	54 
6960	312 
6961	192 
6962	45 
6963	365 
6964	194 
6965	62 138 354 
6966	134 
6967	22 382 388 
6968	389 
6969	276 
6970	387 
6971	326 340 429 
6972	133 
6973	88 
6974	125 
6975	146 
6976	181 
6977	4 
6978	207 
6979	278 
6980	392 
6981	364 
6982	310 
6983	219 
6984	53 
6985	82 
6986	289 
6987	35 
6988	29 
6989	423 
6990	414 
6991	429 
6992	275 
6993	199 
6994	267 
6995	79 
6996	346 
6997	233 
6998	434 
6999	426 
7000	91 
7001	138 
7002	423 
7003	251 
7004	186 
7005	94 117 282 
7006	311 
7007	324 
7008	103 
7009	203 346 361 
7010	147 
7011	225 
7012	25 
7013	245 
7014	85 334 375 
7015	410 
7016	22 
7017	308 
7018	423 
7019	279 
7020	441 
7021	64 
7022	93 159 178 
7023	432 
7024	166 228 379 
7025	162 
7026	221 
7027	388 
7028	340 
7029	316 
7030	119 
7031	59 92 305 
7032	26 
7033	86 
7034	429 
7035	114 
7036	171 
7037	21 320 331 
7038	25 
7039	147 
7040	133 
7041	117 
7042	225 
7043	79 207 215 
7044	81 
7045	316 
7046	45 
7047	310 
7048	39 
7049	431 
7050	81 
7051	111 
7052	121 
7053	127 146 428 
7054	324 
7055	289 
7056	58 
7057	386 
7058	172 
7059	234 
7060	302 
7061	81 
7062	84 
7063	197 
7064	129 
7065	401 
7066	365 
7067	153 
7068	160 
7069	58 
7070	238 416 429 
7071	362 
7072	81 
7073	152 
7074	236 
7075	72 
7076	334 
7077	22 
7078	154 
7079	434 
7080	195 
7081	131 
7082	360 
7083	14 
7084	243 327 396 
7085	238 
7086	21 
7087	141 
7088	340 
7089	441 
7090	432 
7091	123 
7092	13 
7093	89 
7094	233 
7095	257 
7096	64 
7097	174 
7098	387 
7099	423 
7100	431 
7101	41 
7102	314 
7103	440 
7104	220 
7105	215 
7106	430 
7107	28 
7108	311 
7109	239 
7110	414 
7111	318 
7112	320 
7113	101 243 297 
7114	256 
7115	193 
7116	294 
7117	136 
7118	123 
7119	187 
7120	84 183 236 
7121	340 
7122	418 
7123	317 
7124	438 
7125	94 95 133 
7126	161 
7127	204 
7128	95 
7129	381 
7130	357 
7131	43 
7132	328 
7133	19 
7134	311 
7135	401 
7136	178 
7137	16 
7138	304 
7139	344 
7140	200 
7141	19 
7142	59 
7143	160 
7144	187 
7145	423 
7146	316 
7147	67 
7148	87 
7149	358 
7150	316 
7151	437 
7152	275 
7153	316 
7154	301 
7155	11 
7156	207 
7157	55 195 355 
7158	315 
7159	157 
7160	157 183 296 
7161	348 
7162	336 
7163	373 
7164	268 269 347 
7165	200 
7166	416 
7167	409 
7168	405 
7169	25 146 152 
7170	4 
7171	194 
7172	272 
7173	179 
7174	265 
7175	401 
7176	321 
7177	379 
7178	157 
7179	258 274 349 
7180	375 
7181	347 
7182	393 
7183	341 373 432 
7184	136 
7185	391 
7186	358 
7187	108 
7188	269 
7189	87 
7190	382 
7191	138 
7192	281 
7193	163 
7194	381 
7195	391 
7196	177 
7197	204 
7198	321 
7199	438 
7200	400 
7201	86 
7202	88 239 407 
7203	238 
7204	311 
7205	318 
7206	181 
7207	336 
7208	149 
7209	278 
7210	280 
7211	73 171 216 
7212	438 
7213	407 
7214	277 
7215	382 
7216	119 
7217	334 
7218	67 
7219	62 
7220	393 
7221	107 
7222	76 
7223	13 
7224	339 
7225	88 
7226	332 
7227	104 
7228	26 
7229	99 237 438 
7230	389 
7231	210 
7232	104 
7233	280 
7234	257 
7235	349 
7236	346 
7237	336 
7238	278 
7239	233 
7240	371 
7241	46 
7242	150 
7243	61 
7244	187 
7245	54 188 393 
7246	132 
7247	267 
7248	208 
7249	432 
7250	305 
7251	245 
7252	301 
7253	103 
7254	333 
7255	127 
7256	382 
7257	176 
7258	291 
7259	81 
7260	85 
7261	148 
7262	14 
7263	104 
7264	422 
7265	317 
7266	133 
7267	87 
7268	107 
7269	286 
7270	440 
7271	41 
7272	187 
7273	18 
7274	396 
7275	187 
7276	3 
7277	134 
7278	280 
7279	196 
7280	412 
7281	138 
7282	97 
7283	163 
7284	119 
7285	139 407 411 
7286	346 
7287	396 
7288	22 
7289	139 
7290	181 
7291	350 
7292	137 
7293	336 
7294	317 
7295	126 
7296	256 
7297	422 
7298	95 228 426 
7299	258 281 396 
7300	46 
7301	394 
7302	370 
7303	371 
7304	20 
7305	408 
7306	163 
7307	226 
7308	394 
7309	321 
7310	408 
7311	225 414 432 
7312	40 
7313	147 
7314	105 
7315	365 
7316	210 
7317	36 
7318	249 
7319	105 
7320	268 
7321	269 
7322	375 
7323	84 
7324	382 
7325	296 
7326	110 
7327	54 
7328	433 
7329	294 295 311 
7330	379 
7331	278 
7332	430 
7333	289 
7334	411 
7335	388 
7336	400 
7337	401 
7338	119 
7339	417 
7340	92 
7341	316 
7342	47 
7343	357 
7344	318 
7345	238 
7346	419 
7347	310 
7348	48 
7349	321 
7350	182 
7351	264 
7352	116 
7353	117 
7354	194 
7355	325 
7356	285 
7357	364 
7358	279 
7359	286 
7360	129 
7361	384 
7362	148 
7363	375 
7364	386 
7365	388 
7366	122 
7367	243 
7368	146 
7369	416 
7370	346 
7371	310 
7372	1 28 111 
7373	381 
7374	45 
7375	219 
7376	409 
7377	294 
7378	171 
7379	281 
7380	116 
7381	10 122 283 
7382	29 
7383	62 
7384	297 
7385	84 171 388 
7386	255 
7387	385 
7388	419 
7389	305 
7390	44 
7391	64 
7392	372 
7393	60 170 314 
7394	50 
7395	195 
7396	16 
7397	93 
7398	59 
7399	116 291 358 
7400	385 
7401	226 
7402	438 
7403	323 
7404	19 
7405	326 
7406	156 
7407	160 311 329 
7408	88 
7409	101 298 375 
7410	107 
7411	359 
7412	104 
7413	349 
7414	185 
7415	310 
7416	441 
7417	304 
7418	279 
7419	10 
7420	300 
7421	82 
7422	391 
7423	252 
7424	59 
7425	232 
7426	388 
7427	172 
7428	160 
7429	127 
7430	356 
7431	233 
7432	255 
7433	173 
7434	249 
7435	374 
7436	122 
7437	426 
7438	100 
7439	336 
7440	149 
7441	281 
7442	233 
7443	20 63 80 
7444	86 
7445	97 
7446	120 
7447	336 
7448	50 
7449	80 
7450	88 
7451	410 
7452	204 
7453	265 
7454	251 
7455	366 
7456	438 
7457	432 
7458	386 
7459	232 
7460	404 
7461	336 
7462	127 
7463	357 
7464	193 
7465	88 
7466	418 
7467	154 206 286 
7468	62 
7469	74 
7470	346 
7471	441 
7472	175 
7473	365 
7474	388 
7475	245 
7476	287 
7477	105 
7478	35 415 440 
7479	182 
7480	120 
7481	299 
7482	291 331 376 
7483	328 
7484	388 
7485	87 
7486	75 
7487	300 
7488	370 
7489	407 
7490	10 
7491	265 
7492	375 
7493	96 402 420 
7494	175 
7495	74 
7496	228 
7497	59 
7498	104 
7499	155 
7500	291 
7501	437 
7502	408 
7503	146 
7504	308 
7505	317 
7506	251 
7507	394 
7508	79 
7509	301 
7510	59 
7511	433 
7512	178 
7513	3 
7514	120 
7515	42 
7516	28 
7517	389 
7518	278 
7519	224 
7520	29 137 403 
7521	194 
7522	61 84 374 
7523	297 
7524	62 294 339 
7525	292 
7526	376 
7527	42 
7528	165 
7529	103 
7530	239 
7531	179 
7532	292 
7533	110 
7534	59 
7535	179 
7536	105 
7537	344 
7538	331 
7539	301 
7540	229 361 407 
7541	321 
7542	395 
7543	401 
7544	168 
7545	192 
7546	275 298 389 
7547	409 
7548	255 
7549	415 
7550	441 
7551	107 148 321 
7552	40 
7553	441 
7554	236 
7555	413 
7556	42 
7557	176 281 300 
7558	316 
7559	115 121 309 
7560	17 18 111 
7561	219 
7562	301 
7563	310 
7564	251 
7565	13 276 310 
7566	415 
7567	170 
7568	333 346 385 
7569	220 
7570	67 
7571	366 
7572	28 
7573	187 
7574	199 
7575	326 
7576	28 
7577	16 
7578	18 
7579	106 
7580	424 
7581	205 
7582	121 236 396 
7583	162 
7584	57 
7585	166 
7586	396 
7587	339 
7588	425 
7589	359 
7590	291 
7591	211 
7592	331 
7593	134 
7594	123 
7595	432 
7596	97 
7597	142 256 420 
7598	379 
7599	158 
7600	13 
7601	431 
7602	431 
7603	184 331 392 
7604	356 
7605	375 
7606	414 
7607	92 
7608	169 
7609	396 
7610	386 
7611	340 
7612	428 
7613	423 
7614	384 
7615	36 
7616	257 
7617	204 
7618	22 
7619	57 316 357 
7620	184 
7621	47 
7622	204 
7623	220 
7624	105 
7625	56 
7626	216 
7627	257 
7628	16 
7629	144 
7630	310 
7631	240 
7632	392 
7633	318 
7634	225 
7635	365 
7636	122 392 397 
7637	181 
7638	334 
7639	393 
7640	162 
7641	76 126 130 
7642	267 
7643	440 
7644	198 
7645	390 
7646	228 
7647	372 
7648	365 
7649	88 
7650	391 
7651	400 
7652	217 
7653	58 
7654	110 
7655	302 
7656	184 
7657	200 
7658	156 
7659	407 
7660	331 
7661	286 
7662	325 
7663	256 263 426 
7664	142 
7665	87 
7666	326 
7667	251 
7668	138 
7669	26 
7670	377 
7671	204 
7672	216 
7673	22 
7674	106 
7675	182 373 401 
7676	99 206 358 
7677	61 
7678	90 
7679	138 
7680	268 
7681	6 
7682	80 280 420 
7683	386 
7684	57 
7685	99 
7686	37 239 393 
7687	57 
7688	338 
7689	415 
7690	352 
7691	209 348 403 
7692	210 
7693	301 
7694	224 
7695	81 
7696	280 
7697	3 
7698	407 
7699	103 
7700	220 
7701	305 
7702	2 
7703	50 
7704	131 165 409 
7705	16 
7706	277 289 395 
7707	26 
7708	3 
7709	434 
7710	42 
7711	194 
7712	103 
7713	107 272 285 
7714	159 
7715	358 
7716	225 280 371 
7717	287 
7718	148 
7719	316 
7720	409 
7721	117 
7722	205 206 251 
7723	401 
7724	136 
7725	172 347 433 
7726	156 
7727	274 309 414 
7728	207 
7729	16 
7730	175 
7731	425 
7732	283 
7733	423 
7734	415 
7735	235 
7736	105 
7737	266 
7738	75 
7739	376 
7740	154 
7741	268 
7742	170 
7743	27 54 355 
7744	336 
7745	135 
7746	40 
7747	25 
7748	175 
7749	358 
7750	54 62 239 
7751	249 
7752	412 
7753	208 
7754	150 
7755	272 
7756	104 
7757	25 
7758	123 
7759	232 
7760	57 
7761	219 
7762	73 325 426 
7763	148 
7764	409 
7765	65 
7766	216 
7767	199 
7768	181 
7769	80 
7770	286 
7771	254 
7772	226 
7773	201 
7774	400 
7775	232 
7776	250 
7777	430 
7778	103 
7779	50 92 265 
7780	237 
7781	311 
7782	251 
7783	126 
7784	414 
7785	229 
7786	428 
7787	321 
7788	431 
7789	392 
7790	25 
7791	87 
7792	205 
7793	208 
7794	437 
7795	379 
7796	238 
7797	152 
7798	12 67 346 
7799	292 
7800	297 
7801	381 
7802	257 304 349 
7803	291 
7804	349 
7805	103 
7806	78 285 433 
7807	312 
7808	146 
7809	387 
7810	364 
7811	418 
7812	212 
7813	113 
7814	50 53 415 
7815	402 
7816	92 
7817	392 
7818	106 
7819	323 
7820	410 
7821	105 
7822	423 
7823	119 
7824	6 
7825	221 231 401 
7826	59 171 301 
7827	375 
7828	44 
7829	295 
7830	255 
7831	22 
7832	19 
7833	349 
7834	19 301 358 
7835	392 
7836	260 
7837	2 46 177 
7838	216 
7839	348 
7840	222 
7841	12 344 396 
7842	204 
7843	146 183 198 
7844	257 
7845	58 
7846	263 
7847	140 
7848	232 
7849	236 
7850	407 
7851	96 
7852	17 
7853	429 
7854	292 
7855	275 316 324 
7856	106 
7857	297 
7858	114 167 339 
7859	80 159 348 
7860	76 
7861	419 
7862	111 252 348 
7863	378 
7864	430 
7865	122 
7866	346 
7867	65 
7868	18 133 157 
7869	416 
7870	316 
7871	114 
7872	304 320 438 
7873	119 
7874	415 
7875	25 
7876	331 
7877	220 
7878	81 
7879	196 
7880	177 275 387 
7881	297 
7882	45 
7883	121 
7884	344 
7885	236 
7886	245 
7887	185 
7888	395 
7889	61 296 428 
7890	226 316 346 
7891	158 
7892	2 
7893	423 
7894	61 
7895	212 
7896	169 
7897	282 
7898	59 
7899	62 68 336 
7900	414 
7901	432 
7902	401 
7903	227 
7904	264 
7905	208 
7906	61 
7907	311 
7908	198 204 344 
7909	121 130 386 
7910	302 
7911	238 
7912	159 
7913	156 
7914	239 
7915	391 
7916	377 
7917	304 
7918	100 304 440 
7919	150 
7920	336 
7921	385 
7922	375 
7923	393 
7924	21 
7925	86 
7926	225 
7927	266 
7928	316 
7929	364 
7930	90 171 320 
7931	267 
7932	238 
7933	87 
7934	28 
7935	243 
7936	114 
7937	138 388 404 
7938	86 
7939	131 
7940	264 
7941	144 
7942	50 
7943	213 
7944	196 
7945	289 
7946	13 
7947	183 
7948	100 
7949	175 
7950	160 322 331 
7951	36 
7952	103 136 427 
7953	133 161 285 
7954	226 297 334 
7955	255 
7956	159 
7957	29 
7958	216 
7959	122 
7960	48 
7961	226 
7962	441 
7963	393 
7964	28 126 305 
7965	25 
7966	269 
7967	178 
7968	392 
7969	142 
7970	254 
7971	437 
7972	24 
7973	40 
7974	26 
7975	40 
7976	401 
7977	364 
7978	56 
7979	64 
7980	146 
7981	3 
7982	41 284 320 
7983	99 
7984	430 
7985	338 
7986	238 
7987	166 
7988	254 
7989	379 
7990	268 
7991	278 
7992	437 
7993	391 
7994	184 
7995	430 
7996	14 
7997	254 
7998	312 
7999	45 
8000	152 
8001	243 
8002	103 
8003	107 
8004	263 
8005	47 
8006	219 
8007	346 
8008	285 
8009	379 
8010	221 
8011	216 
8012	334 
8013	241 
8014	376 
8015	48 187 286 
8016	65 165 438 
8017	280 
8018	235 
8019	266 
8020	126 
8021	184 
8022	27 
8023	74 138 259 
8024	323 
8025	226 264 343 
8026	346 
8027	169 
8028	159 
8029	142 
8030	13 
8031	131 
8032	212 
8033	264 
8034	103 256 402 
8035	225 
8036	46 56 372 
8037	166 
8038	289 
8039	81 166 264 
8040	339 
8041	56 
8042	412 
8043	148 
8044	416 
8045	394 
8046	192 
8047	105 
8048	72 
8049	208 
8050	391 
8051	184 
8052	19 
8053	400 
8054	131 
8055	222 
8056	432 
8057	263 
8058	151 159 163 
8059	373 
8060	110 
8061	205 
8062	237 
8063	114 
8064	93 
8065	364 
8066	396 
8067	432 
8068	136 
8069	167 
8070	245 
8071	374 
8072	21 63 318 
8073	165 
8074	387 
8075	403 
8076	203 
8077	378 
8078	106 
8079	316 
8080	35 260 342 
8081	89 335 383 
8082	429 
8083	302 
8084	181 
8085	373 
8086	339 
8087	61 379 437 
8088	77 126 172 
8089	88 362 419 
8090	210 
8091	192 
8092	133 
8093	430 
8094	26 215 375 
8095	111 
8096	131 
8097	100 
8098	403 
8099	47 
8100	74 
8101	21 
8102	336 
8103	153 
8104	376 
8105	407 
8106	379 
8107	184 
8108	267 
8109	241 
8110	179 
8111	193 210 229 
8112	137 342 406 
8113	381 
8114	54 
8115	238 
8116	395 
8117	65 
8118	200 
8119	220 
8120	219 
8121	54 
8122	127 
8123	17 138 263 
8124	69 
8125	58 
8126	243 
8127	407 
8128	229 
8129	46 256 262 
8130	116 136 273 
8131	183 
8132	386 
8133	410 
8134	336 
8135	316 
8136	84 
8137	317 
8138	296 
8139	26 
8140	137 
8141	310 
8142	25 157 395 
8143	204 
8144	40 
8145	224 
8146	266 295 378 
8147	219 
8148	388 
8149	312 
8150	17 272 289 
8151	61 
8152	241 
8153	157 
8154	1 38 111 
8155	414 
8156	61 
8157	122 
8158	224 
8159	340 
8160	194 
8161	227 
8162	61 285 296 
8163	93 
8164	268 
8165	229 
8166	76 
8167	181 
8168	229 
8169	24 
8170	25 158 177 
8171	69 
8172	416 
8173	121 
8174	96 
8175	320 
8176	13 71 320 
8177	72 
8178	44 126 301 
8179	221 
8180	117 
8181	357 
8182	205 
8183	285 
8184	318 
8185	320 
8186	238 
8187	434 
8188	438 
8189	302 
8190	135 
8191	119 279 359 
8192	282 
8193	325 
8194	297 
8195	110 
8196	184 
8197	57 
8198	311 
8199	239 
8200	373 
8201	171 
8202	321 
8203	165 
8204	64 
8205	407 
8206	56 
8207	222 
8208	27 
8209	318 
8210	428 
8211	165 
8212	393 
8213	76 
8214	391 
8215	301 
8216	40 
8217	17 
8218	205 
8219	207 
8220	6 
8221	331 
8222	432 
8223	267 
8224	229 
8225	131 
8226	280 323 357 
8227	283 
8228	239 
8229	67 
8230	373 
8231	349 
8232	400 
8233	93 
8234	312 
8235	26 
8236	346 
8237	163 
8238	38 
8239	171 
8240	137 
8241	389 
8242	186 
8243	38 
8244	333 
8245	203 
8246	75 114 201 
8247	77 131 316 
8248	282 
8249	278 
8250	163 
8251	3 
8252	243 
8253	185 
8254	30 134 155 
8255	40 
8256	293 357 424 
8257	67 
8258	305 
8259	14 
8260	205 
8261	106 
8262	273 
8263	316 
8264	126 
8265	105 
8266	62 114 165 
8267	301 
8268	264 
8269	14 
8270	16 
8271	423 
8272	316 
8273	133 
8274	348 
8275	269 
8276	167 201 209 
8277	89 376 401 
8278	243 
8279	311 
8280	296 
8281	419 
8282	268 
8283	157 
8284	320 
8285	159 253 385 
8286	178 
8287	251 
8288	340 
8289	22 
8290	88 
8291	122 309 440 
8292	175 214 419 
8293	273 
8294	150 
8295	157 
8296	25 
8297	76 
8298	396 
8299	291 
8300	300 
8301	415 
8302	28 
8303	389 
8304	175 
8305	170 
8306	222 
8307	257 
8308	304 
8309	430 
8310	340 
8311	224 
8312	201 
8313	213 225 304 
8314	302 
8315	111 
8316	358 
8317	206 243 252 
8318	54 
8319	392 
8320	249 
8321	358 
8322	249 
8323	133 
8324	13 
8325	126 
8326	136 
8327	441 
8328	301 
8329	396 
8330	131 
8331	207 
8332	243 
8333	258 
8334	87 
8335	391 
8336	268 
8337	93 
8338	374 
8339	186 
8340	396 
8341	70 134 318 
8342	15 386 417 
8343	394 
8344	311 
8345	62 
8346	96 
8347	175 
8348	423 
8349	27 
8350	93 
8351	87 
8352	192 
8353	208 
8354	296 
8355	280 
8356	245 
8357	263 
8358	284 
8359	232 241 435 
8360	224 
8361	238 
8362	32 174 225 
8363	323 
8364	170 
8365	296 
8366	61 
8367	57 
8368	159 
8369	241 
8370	227 
8371	426 
8372	249 
8373	184 
8374	334 
8375	291 
8376	183 251 425 
8377	137 
8378	121 
8379	137 216 344 
8380	123 
8381	227 
8382	28 72 142 
8383	113 238 264 
8384	26 
8385	249 254 405 
8386	123 
8387	275 
8388	111 
8389	289 
8390	69 
8391	30 41 401 
8392	227 
8393	16 
8394	49 80 387 
8395	26 
8396	62 
8397	47 
8398	373 
8399	207 358 429 
8400	282 
8401	93 
8402	423 
8403	110 
8404	201 280 285 
8405	280 
8406	105 229 419 
8407	76 
8408	104 
8409	26 
8410	166 
8411	241 
8412	67 
8413	80 
8414	40 
8415	50 163 415 
8416	358 
8417	339 
8418	69 
8419	323 
8420	122 
8421	178 286 331 
8422	184 
8423	221 
8424	401 
8425	263 
8426	344 
8427	320 
8428	268 
8429	415 
8430	104 
8431	146 
8432	286 
8433	296 
8434	126 
8435	267 
8436	178 
8437	111 
8438	216 394 412 
8439	333 
8440	280 343 382 
8441	150 
8442	236 
8443	29 
8444	22 
8445	166 
8446	64 301 364 
8447	401 
8448	179 
8449	243 
8450	381 
8451	38 
8452	53 
8453	156 
8454	267 
8455	437 
8456	166 
8457	194 
8458	408 
8459	229 
8460	211 
8461	22 
8462	291 
8463	179 
8464	145 269 410 
8465	42 50 179 
8466	194 
8467	47 113 347 
8468	133 141 279 
8469	104 
8470	236 
8471	357 
8472	21 258 267 
8473	245 
8474	26 80 257 
8475	430 
8476	323 
8477	321 
8478	104 
8479	258 
8480	267 
8481	28 
8482	146 
8483	96 
8484	79 97 187 
8485	269 
8486	339 
8487	426 
8488	381 
8489	137 
8490	437 
8491	328 
8492	183 
8493	13 
8494	138 
8495	323 
8496	245 
8497	183 
8498	220 
8499	25 
8500	165 
8501	305 
8502	323 
8503	241 
8504	339 
8505	197 264 390 
8506	323 
8507	258 
8508	331 
8509	84 
8510	110 
8511	408 
8512	40 111 408 
8513	75 149 175 
8514	407 
8515	221 
8516	251 362 413 
8517	328 
8518	26 
8519	358 
8520	224 
8521	310 
8522	344 
8523	364 
8524	69 
8525	138 
8526	96 
8527	320 
8528	336 
8529	432 
8530	291 
8531	282 
8532	133 154 322 
8533	391 
8534	243 
8535	119 
8536	16 159 203 
8537	184 
8538	364 
8539	320 
8540	104 
8541	103 
8542	391 
8543	201 
8544	416 
8545	318 
8546	382 
8547	291 
8548	429 
8549	194 
8550	80 
8551	80 156 201 
8552	304 
8553	225 
8554	375 
8555	123 
8556	96 
8557	289 
8558	219 
8559	416 
8560	357 
8561	110 
8562	258 
8563	76 
8564	407 
8565	64 152 395 
8566	166 238 263 
8567	63 280 374 
8568	196 
8569	96 
8570	365 
8571	196 
8572	291 
8573	99 
8574	340 
8575	133 
8576	340 
8577	58 
8578	235 
8579	28 
8580	53 
8581	243 
8582	65 241 289 
8583	250 
8584	441 
8585	257 
8586	393 
8587	419 
8588	232 
8589	137 200 394 
8590	408 
8591	289 
8592	67 125 249 
8593	278 
8594	99 267 391 
8595	285 
8596	374 
8597	64 
8598	409 
8599	389 
8600	192 
8601	198 224 235 
8602	269 
8603	382 
8604	213 249 295 
8605	167 
8606	434 
8607	400 
8608	204 
8609	165 
8610	6 
8611	211 
8612	110 243 383 
8613	229 
8614	375 
8615	310 
8616	394 
8617	179 
8618	198 221 255 
8619	227 
8620	177 189 289 
8621	27 
8622	416 
8623	258 
8624	414 
8625	59 
8626	2 45 99 
8627	414 
8628	282 
8629	138 
8630	59 
8631	320 
8632	400 
8633	432 
8634	328 
8635	256 347 395 
8636	194 251 357 
8637	59 
8638	54 94 215 
8639	133 
8640	286 
8641	166 
8642	121 
8643	119 
8644	292 
8645	68 231 409 
8646	423 
8647	393 
8648	84 
8649	238 
8650	81 
8651	183 
8652	66 334 375 
8653	263 
8654	150 
8655	269 
8656	165 
8657	67 
8658	318 
8659	388 
8660	196 
8661	243 
8662	163 
8663	26 
8664	81 
8665	243 352 364 
8666	139 317 373 
8667	148 
8668	388 
8669	292 
8670	229 
8671	267 
8672	268 
8673	16 
8674	249 
8675	111 
8676	243 250 357 
8677	2 88 127 
8678	391 
8679	69 
8680	430 
8681	423 
8682	400 
8683	373 
8684	99 
8685	120 225 350 
8686	379 
8687	374 
8688	39 137 147 
8689	374 
8690	6 
8691	243 
8692	407 
8693	3 58 409 
8694	396 
8695	2 
8696	311 
8697	119 
8698	219 
8699	409 
8700	80 
8701	301 
8702	222 372 379 
8703	419 
8704	2 
8705	88 
8706	423 
8707	280 
8708	204 
8709	84 113 302 
8710	196 
8711	278 
8712	111 
8713	373 
8714	389 
8715	133 
8716	241 
8717	175 316 421 
8718	268 
8719	61 
8720	225 407 425 
8721	373 
8722	64 
8723	389 
8724	323 
8725	280 
8726	414 
8727	340 
8728	305 
8729	331 
8730	165 
8731	126 
8732	22 
8733	107 266 336 
8734	57 85 301 
8735	269 
8736	320 
8737	267 388 423 
8738	103 
8739	70 117 138 
8740	291 
8741	2 
8742	64 174 236 
8743	131 
8744	434 
8745	239 
8746	331 
8747	419 
8748	258 
8749	270 330 344 
8750	114 139 416 
8751	391 
8752	163 
8753	200 
8754	60 61 419 
8755	131 
8756	57 
8757	388 
8758	441 
8759	229 
8760	229 
8761	84 
8762	227 
8763	364 
8764	69 
8765	357 
8766	105 
8767	157 
8768	227 
8769	365 
8770	358 
8771	220 
8772	441 
8773	409 
8774	146 
8775	265 273 416 
8776	239 
8777	432 
8778	302 
8779	25 40 282 
8780	61 275 303 
8781	105 
8782	409 
8783	432 
8784	389 
8785	419 
8786	111 
8787	220 
8788	241 
8789	328 
8790	93 216 359 
8791	430 
8792	127 
8793	407 
8794	165 224 285 
8795	35 377 400 
8796	111 
8797	280 
8798	269 
8799	430 
8800	2 
8801	257 
8802	258 
8803	423 
8804	40 
8805	167 257 347 
8806	409 
8807	269 
8808	26 44 110 
8809	81 
8810	183 
8811	432 
8812	88 157 349 
8813	379 
8814	38 122 312 
8815	84 
8816	81 
8817	126 
8818	133 
8819	225 
8820	357 
8821	232 
8822	183 
8823	57 
8824	310 
8825	121 
8826	344 
8827	81 
8828	316 
8829	396 
8830	126 
8831	146 
8832	67 
8833	159 
8834	72 73 121 
8835	365 
8836	111 126 282 
8837	400 
8838	224 
8839	123 
8840	243 
8841	227 
8842	409 
8843	121 132 357 
8844	430 
8845	365 
8846	364 
8847	138 
8848	5 90 272 
8849	364 
8850	227 
8851	373 
8852	31 108 418 
8853	67 
8854	127 
8855	111 
8856	220 
8857	59 
8858	179 188 389 
8859	346 
8860	61 
8861	88 104 348 
8862	69 
8863	67 
8864	49 69 366 
8865	409 
8866	220 
8867	183 
8868	88 200 227 
8869	227 
8870	123 301 334 
8871	69 94 414 
8872	310 
8873	241 
8874	119 
8875	76 320 364 
8876	42 371 418 
8877	26 
8878	103 249 339 
8879	1 250 434 
8880	88 
8881	105 
8882	121 369 370 
8883	58 109 200 
8884	391 
8885	103 
8886	61 
8887	364 
8888	61 
8889	127 
8890	84 
8891	224 
8892	138 
8893	419 
8894	104 
8895	144 239 263 
8896	419 
8897	430 
8898	227 
8899	103 
8900	67 
8901	88 
8902	124 216 441 
8903	224 
8904	441 
8905	119 183 371 
8906	251 340 407 
8907	266 292 430 
8908	239 292 308 
8909	419 
8910	57 100 186 
8911	375 
8912	423 
8913	157 
8914	258 
8915	96 
8916	258 
8917	373 
8918	119 
8919	358 
8920	131 
8921	285 
8922	159 185 284 
8923	243 
8924	414 
8925	432 
8926	157 
8927	105 170 260 
8928	126 206 258 
8929	285 
8930	286 399 425 
8931	323 346 350 
8932	139 
8933	105 
8934	68 69 379 
8935	117 134 198 
8936	68 186 267 
8937	76 153 240 
8938	340 
8939	69 72 142 
8940	88 
8941	225 
8942	168 290 423 
8943	316 
8944	373 
8945	358 
8946	105 
8947	358 
8948	96 
8949	396 
8950	358 
8951	157 
8952	218 226 423 
8953	414 
8954	101 409 416 
8955	229 
8956	119 
8957	237 243 321 
8958	301 
8959	22 
8960	45 254 279 
8961	396 
8962	60 371 391 
8963	119 258 275 
8964	103 
8965	2 127 207 
8966	61 123 219 
8967	154 311 312 
8968	336 
8969	22 125 418 
8970	441 
8971	396 
8972	133 
8973	364 
8974	47 182 328 
8975	88 
8976	8 225 270 
8977	358 
8978	32 239 322 
8979	111 
8980	104 133 233 
8981	407 
8982	94 128 316 
8983	114 126 131 
8984	55 103 295 
8985	76 389 439 
8986	24 90 310 
8987	144 219 430 
8988	93 340 364 
8989	154 313 437 
8990	364 
8991	358 
8992	26 90 250 
8993	414 
8994	88 216 349 
8995	310 
8996	110 272 275 
8997	396 
8998	336 
8999	432 
9000	212 283 401 
