1000
5066
1	15
1	747
1	970
1	1000
2	488
2	607
2	779
2	952
3	331
3	687
3	704
3	899
4	612
4	781
4	922
4	943
5	804
5	859
5	938
5	991
6	126
6	592
6	698
6	772
7	722
7	871
7	978
7	997
8	95
8	712
8	721
8	931
9	548
9	960
9	997
9	998
10	720
10	935
10	938
10	940
11	118
11	204
11	721
11	878
12	555
12	563
12	601
12	709
13	664
13	966
13	970
13	977
14	440
14	661
14	672
14	693
15	1
15	232
15	634
15	975
16	18
16	681
16	716
16	799
17	587
17	681
17	872
17	899
18	16
18	75
18	942
18	977
19	564
19	860
19	943
19	968
20	803
20	840
20	894
20	956
21	863
21	918
21	969
21	978
22	800
22	931
22	959
22	995
23	522
23	672
23	765
23	957
24	494
24	640
24	860
24	992
25	376
25	736
25	845
25	922
26	721
26	854
26	902
26	909
27	200
27	507
27	898
27	949
28	259
28	954
28	987
28	999
29	893
29	909
29	914
29	947
29	990
30	839
30	945
30	946
30	948
31	962
31	971
31	974
31	994
32	338
32	582
32	592
32	645
33	305
33	473
33	585
33	705
34	385
34	653
34	895
34	991
35	342
35	402
35	804
35	869
36	774
36	884
36	920
36	989
37	569
37	830
37	835
37	984
38	342
38	981
38	987
38	999
39	64
39	857
39	997
39	998
40	406
40	845
40	913
40	922
41	826
41	960
41	997
41	998
42	585
42	673
42	969
42	971
43	441
43	653
43	838
43	853
44	526
44	873
44	918
44	978
45	919
45	930
45	938
45	940
46	118
46	761
46	806
46	898
47	368
47	966
47	970
47	1000
48	99
48	818
48	826
48	935
49	445
49	797
49	923
49	974
50	572
50	648
50	886
50	906
51	711
51	879
51	903
51	996
52	676
52	901
52	974
52	985
53	532
53	707
53	765
53	967
54	472
54	555
54	852
54	894
55	70
55	825
55	972
55	994
56	799
56	853
56	952
56	958
57	481
57	579
57	721
57	878
58	569
58	704
58	983
58	984
59	852
59	853
59	899
59	952
60	860
60	882
60	932
60	984
61	310
61	623
61	913
61	964
62	66
62	762
62	885
62	917
63	690
63	917
63	976
63	996
64	39
64	699
64	819
64	837
65	146
65	726
65	749
65	878
66	62
66	90
66	917
66	919
67	801
67	845
67	897
67	912
68	789
68	844
68	869
68	891
69	373
69	540
69	649
69	775
70	55
70	377
70	657
70	996
71	535
71	644
71	683
71	935
72	536
72	589
72	813
72	914
73	402
73	415
73	707
73	804
74	223
74	533
74	966
74	1000
75	18
75	451
75	697
75	946
76	683
76	685
76	911
76	942
77	458
77	960
77	997
77	998
78	683
78	832
78	891
78	974
79	591
79	947
79	992
79	995
80	489
80	841
80	894
80	956
81	368
81	563
81	898
81	975
82	925
82	944
82	949
82	953
83	290
83	298
83	835
83	984
84	539
84	856
84	968
84	979
85	444
85	907
85	926
85	980
86	937
86	963
86	973
86	974
87	151
87	809
87	825
87	998
88	769
88	805
88	877
88	881
89	110
89	941
89	988
89	1000
90	66
90	787
90	976
91	667
91	690
91	810
91	919
92	296
92	753
92	838
92	882
93	612
93	901
93	930
93	963
94	864
94	921
94	945
94	948
95	8
95	204
95	806
95	931
96	266
96	546
96	989
96	991
97	807
97	818
97	826
97	935
98	212
98	713
98	876
98	879
99	48
99	813
99	930
99	938
100	813
100	847
100	854
100	902
101	839
101	848
101	895
101	915
102	920
102	935
102	992
102	998
103	432
103	945
103	960
103	965
104	612
104	674
104	886
104	922
105	679
105	924
105	926
105	980
106	461
106	779
106	799
106	912
107	233
107	632
107	776
107	972
108	768
108	816
108	944
108	953
109	518
109	803
109	841
109	956
110	89
110	907
110	926
110	980
111	652
111	737
111	878
111	968
112	573
112	798
112	937
112	978
113	292
113	459
113	489
113	1000
114	828
114	854
114	860
114	909
115	556
115	798
115	942
115	1000
116	334
116	755
116	759
116	992
117	664
117	864
117	954
117	987
118	11
118	46
118	898
118	949
119	571
119	790
119	943
119	968
120	148
120	897
120	909
120	970
121	578
121	786
121	944
121	972
122	265
122	383
122	934
122	998
123	572
123	949
123	955
123	979
124	612
124	855
124	979
124	994
125	847
125	886
125	954
125	981
126	6
126	552
126	611
126	986
127	747
127	970
127	993
127	1000
128	603
128	862
128	887
128	959
129	439
129	893
129	903
129	913
130	553
130	751
130	756
130	865
131	916
131	922
131	972
131	994
132	310
132	687
132	904
132	989
133	706
133	826
133	861
133	935
134	174
134	248
134	310
134	602
135	715
135	922
135	937
135	951
136	572
136	853
136	913
136	976
137	322
137	865
137	983
137	984
138	634
138	768
138	903
138	966
139	373
139	722
139	775
139	884
140	155
140	759
140	842
140	978
141	504
141	513
141	691
141	969
142	518
142	595
142	764
142	915
143	849
143	911
143	928
143	977
144	270
144	878
144	953
144	964
145	276
145	682
145	730
145	949
146	65
146	569
146	863
146	984
147	413
147	617
147	805
147	942
148	120
148	738
148	767
148	783
149	871
149	948
149	989
149	991
150	188
150	786
150	972
150	996
151	87
151	867
151	887
151	972
152	570
152	841
152	894
152	912
153	814
153	880
153	989
153	996
154	916
154	944
154	953
154	960
155	140
155	839
155	895
155	915
156	341
156	580
156	855
156	938
157	741
157	939
157	951
157	982
158	528
158	963
158	973
158	974
159	393
159	883
159	897
159	947
160	295
160	639
160	955
160	992
161	600
161	701
161	867
161	972
162	732
162	924
162	953
162	980
163	485
163	690
163	919
163	977
164	518
164	849
164	910
164	919
165	966
165	977
165	997
165	1000
166	966
166	977
166	984
166	1000
167	214
167	249
167	879
167	964
168	700
168	779
168	869
168	886
169	280
169	398
169	932
169	964
170	681
170	881
170	950
170	987
171	706
171	860
171	930
171	980
172	729
172	786
172	903
172	964
173	564
173	696
173	896
173	930
174	134
174	394
174	799
174	952
175	481
175	936
175	958
175	994
176	488
176	492
176	853
176	952
177	912
177	959
177	989
177	994
178	641
178	801
178	897
178	912
179	890
179	894
179	962
179	986
180	658
180	861
180	943
180	968
181	630
181	862
181	887
181	998
182	883
182	979
182	986
182	999
183	614
183	880
183	947
183	996
184	321
184	924
184	926
184	980
185	407
185	538
185	896
185	938
186	810
186	864
186	895
186	950
187	549
187	625
187	707
187	793
188	150
188	675
188	882
188	952
189	685
189	845
189	874
189	942
190	291
190	618
190	903
190	918
191	545
191	813
191	959
191	965
192	962
192	966
192	977
192	1000
193	502
193	596
193	886
193	934
194	326
194	693
194	881
194	950
195	617
195	957
195	967
195	982
196	678
196	697
196	777
196	898
197	750
197	774
197	928
197	970
198	877
198	970
198	977
198	1000
199	756
199	865
199	947
199	983
200	27
200	954
200	959
200	999
201	356
201	433
201	745
201	932
202	237
202	254
202	835
202	984
203	245
203	702
203	919
203	949
204	11
204	95
204	722
204	775
205	900
205	901
205	972
205	1000
206	792
206	864
206	876
206	982
207	281
207	514
207	579
207	979
208	255
208	342
208	402
208	449
209	215
209	954
209	987
209	999
210	794
210	838
210	900
210	995
211	861
211	881
211	983
211	999
212	98
212	264
212	930
212	940
213	743
213	799
213	886
213	930
214	167
214	875
214	985
214	989
215	209
215	945
215	946
215	948
216	259
216	469
216	911
216	985
217	236
217	901
217	920
217	959
218	496
218	884
218	961
218	1000
219	301
219	407
219	415
219	563
220	249
220	297
220	854
220	892
221	741
221	913
221	975
221	988
222	678
222	969
222	978
222	997
223	74
223	552
223	963
223	989
224	762
224	877
224	926
224	942
225	799
225	839
225	895
225	915
226	743
226	825
226	827
226	952
227	944
227	980
227	990
227	995
228	929
228	947
228	968
228	993
229	252
229	988
229	990
229	993
230	478
230	627
230	757
230	859
230	938
231	759
231	856
231	903
231	955
231	986
232	15
232	777
232	879
232	913
232	964
233	107
233	584
233	677
233	910
233	992
234	497
234	654
234	787
234	889
234	976
235	559
235	868
235	877
235	880
235	947
236	217
236	844
236	900
236	926
236	938
237	202
237	720
237	734
237	824
237	979
238	403
238	761
238	778
238	898
238	949
239	482
239	805
239	856
239	942
239	969
240	307
240	619
240	857
240	965
240	998
241	771
241	908
241	975
241	988
241	990
242	243
242	720
242	731
242	824
242	979
243	242
243	397
243	602
243	631
243	793
244	255
244	557
244	598
244	819
244	931
245	203
245	388
245	464
245	512
245	947
246	654
246	787
246	958
246	976
246	979
247	790
247	923
247	951
247	952
247	967
248	134
248	576
248	631
248	710
248	997
249	167
249	220
249	710
249	861
249	932
250	313
250	670
250	717
250	818
250	935
251	900
251	901
251	940
251	959
251	983
252	229
252	464
252	846
252	851
252	992
253	817
253	933
253	945
253	946
253	948
254	202
254	485
254	835
254	896
254	984
255	208
255	244
255	469
255	563
255	609
256	519
256	533
256	587
256	863
256	984
257	571
257	652
257	751
257	760
257	883
258	647
258	916
258	933
258	937
258	978
259	28
259	216
259	383
259	911
259	991
260	262
260	497
260	654
260	787
260	976
261	433
261	472
261	531
261	663
261	894
262	260
262	756
262	865
262	917
262	983
263	834
263	849
263	928
263	964
263	970
264	212
264	592
264	620
264	645
264	772
265	122
265	781
265	891
265	957
265	982
266	96
266	985
266	991
266	995
266	999
267	500
267	625
267	888
267	988
267	990
268	804
268	936
268	958
268	962
268	994
269	274
269	871
269	985
269	991
269	1000
270	144
270	446
270	739
270	971
270	988
271	397
271	782
271	939
271	967
271	982
272	936
272	943
272	958
272	962
272	969
273	376
273	420
273	818
273	935
273	941
274	269
274	862
274	922
274	982
274	998
275	827
275	853
275	882
275	975
275	988
276	145
276	369
276	889
276	949
276	979
277	479
277	904
277	961
277	965
277	997
278	753
278	867
278	903
278	966
278	972
279	437
279	658
279	985
279	989
279	991
280	169
280	433
280	546
280	913
280	964
281	207
281	339
281	602
281	709
281	793
282	733
282	778
282	894
282	963
282	973
283	668
283	687
283	872
283	899
283	959
284	597
284	809
284	825
284	841
284	972
285	712
285	748
285	806
285	814
285	995
286	791
286	862
286	975
286	988
286	990
287	884
287	966
287	971
287	977
287	1000
288	704
288	833
288	888
288	946
288	990
289	856
289	866
289	893
289	976
289	992
290	83
290	684
290	865
290	969
290	980
291	190
291	933
291	937
291	955
291	978
292	113
292	814
292	883
292	947
292	990
293	435
293	950
293	966
293	970
293	977
294	764
294	789
294	830
294	862
294	887
295	160
295	856
295	916
295	917
295	955
296	92
296	416
296	838
296	928
296	970
297	220
297	439
297	672
297	903
297	932
298	83
298	451
298	474
298	780
298	984
299	351
299	409
299	423
299	916
299	955
300	303
300	697
300	836
300	914
300	973
301	219
301	413
301	425
301	609
301	762
302	382
302	428
302	536
302	654
302	914
303	300
303	428
303	836
303	914
303	962
304	879
304	950
304	954
304	981
304	999
305	33
305	651
305	843
305	878
305	963
306	528
306	822
306	934
306	982
306	992
307	240
307	988
307	990
307	993
307	996
308	436
308	508
308	722
308	775
308	997
309	608
309	661
309	935
309	941
309	942
310	61
310	132
310	134
310	415
310	994
311	442
311	890
311	973
311	974
311	975
312	799
312	831
312	858
312	966
312	972
313	250
313	346
313	961
313	965
313	998
314	833
314	907
314	958
314	962
314	994
315	547
315	955
315	983
315	992
315	999
316	830
316	859
316	862
316	887
316	941
317	354
317	963
317	973
317	975
317	997
318	660
318	668
318	669
318	872
318	899
319	621
319	894
319	960
319	997
319	998
320	748
320	796
320	873
320	876
320	967
321	184
321	737
321	860
321	968
321	993
322	137
322	769
322	862
322	865
322	983
323	557
323	835
323	863
323	982
323	984
324	469
324	583
324	703
324	757
324	859
325	649
325	790
325	876
325	939
325	982
326	194
326	616
326	750
326	835
326	921
327	762
327	861
327	883
327	987
327	999
328	720
328	824
328	870
328	922
328	979
329	538
329	891
329	959
329	970
329	982
330	351
330	650
330	839
330	895
330	915
331	3
331	818
331	826
331	939
331	941
332	447
332	698
332	738
332	752
332	783
333	523
333	845
333	921
333	945
333	992
334	116
334	759
334	854
334	859
334	992
335	813
335	901
335	930
335	959
335	965
336	480
336	687
336	872
336	895
336	899
337	822
337	923
337	951
337	963
337	974
338	32
338	910
338	945
338	946
338	948
339	281
339	576
339	742
339	793
339	880
340	847
340	902
340	909
340	970
340	986
341	156
341	620
341	713
341	940
341	959
342	35
342	38
342	208
342	415
342	804
343	491
343	844
343	878
343	915
343	984
344	906
344	925
344	944
344	953
344	992
345	884
345	928
345	977
345	998
345	1000
346	313
346	719
346	822
346	930
346	973
347	708
347	875
347	928
347	985
347	991
348	772
348	834
348	915
348	931
348	988
349	555
349	811
349	895
349	951
349	968
350	861
350	916
350	955
350	983
350	985
351	299
351	330
351	866
351	955
351	992
352	703
352	776
352	786
352	972
352	996
353	768
353	794
353	842
353	933
353	937
354	317
354	622
354	897
354	922
354	980
355	659
355	908
355	941
355	988
355	990
356	201
356	892
356	950
356	981
356	999
357	362
357	492
357	614
357	684
357	992
358	733
358	819
358	923
358	927
358	974
359	573
359	634
359	797
359	893
359	927
360	400
360	758
360	766
360	936
360	994
361	527
361	794
361	835
361	863
361	984
362	357
362	488
362	506
362	513
362	852
363	526
363	714
363	959
363	968
363	987
364	500
364	730
364	756
364	865
364	983
365	584
365	730
365	762
365	910
365	919
366	757
366	844
366	859
366	937
366	990
367	746
367	886
367	931
367	964
367	995
368	47
368	81
368	601
368	609
368	954
369	276
369	678
369	791
369	884
369	949
370	795
370	931
370	985
370	991
370	999
371	814
371	880
371	947
371	981
371	993
372	629
372	691
372	749
372	855
372	990
373	69
373	139
373	722
373	761
373	775
374	565
374	780
374	784
374	897
374	912
375	454
375	935
375	972
375	979
375	985
376	25
376	273
376	598
376	845
376	922
377	70
377	809
377	909
377	958
377	972
378	591
378	844
378	981
378	987
378	999
379	436
379	522
379	672
379	765
379	917
380	708
380	810
380	920
380	987
380	999
381	828
381	847
381	902
381	909
381	991
382	302
382	743
382	924
382	926
382	980
383	122
383	259
383	482
383	876
383	957
383	967
384	672
384	857
384	896
384	901
384	938
384	940
385	34
385	844
385	871
385	985
385	989
385	991
386	573
386	751
386	969
386	978
386	986
386	999
387	577
387	789
387	830
387	862
387	887
387	912
388	245
388	529
388	729
388	920
388	985
388	991
389	805
389	839
389	895
389	915
389	960
389	976
390	732
390	832
390	892
390	933
390	969
390	986
391	426
391	785
391	874
391	961
391	965
391	998
392	603
392	630
392	789
392	862
392	929
392	934
393	159
393	785
393	814
393	868
393	947
393	973
394	174
394	558
394	852
394	853
394	952
394	983
395	417
395	660
395	819
395	872
395	899
395	964
396	469
396	486
396	627
396	757
396	859
396	996
397	243
397	271
397	549
397	631
397	793
397	993
398	169
398	628
398	820
398	954
398	987
398	999
399	663
399	804
399	866
399	971
399	989
399	991
400	360
400	443
400	444
400	776
400	825
400	867
401	448
401	624
401	694
401	819
401	837
401	984
402	35
402	73
402	208
402	765
402	804
402	930
403	238
403	431
403	548
403	589
403	697
403	967
404	617
404	676
404	685
404	811
404	832
404	877
405	490
405	629
405	889
405	914
405	953
405	999
406	40
406	918
406	933
406	937
406	978
406	998
407	185
407	219
407	564
407	930
407	955
407	959
408	488
408	699
408	743
408	827
408	852
408	952
409	299
409	477
409	774
409	840
409	989
409	991
410	448
410	711
410	837
410	846
410	931
410	948
411	520
411	614
411	662
411	805
411	836
411	914
412	464
412	674
412	907
412	924
412	926
412	980
413	147
413	301
413	563
413	593
413	609
413	804
414	425
414	671
414	721
414	726
414	958
414	999
415	73
415	219
415	310
415	342
415	712
415	965
416	296
416	423
416	586
416	868
416	916
416	955
417	395
417	537
417	687
417	704
417	875
417	915
418	609
418	948
418	960
418	961
418	997
418	998
419	496
419	727
419	747
419	768
419	969
419	978
420	273
420	668
420	704
420	846
420	872
420	899
421	805
421	857
421	888
421	965
421	997
421	998
422	743
422	828
422	847
422	902
422	909
422	911
423	299
423	416
423	769
423	916
423	963
423	983
424	443
424	505
424	732
424	969
424	978
424	986
425	301
425	414
425	577
425	721
425	726
425	878
426	391
426	605
426	810
426	861
426	981
426	999
427	562
427	733
427	817
427	927
427	973
427	974
428	302
428	303
428	662
428	791
428	836
428	962
429	698
429	752
429	767
429	783
429	918
429	940
430	773
430	927
430	963
430	973
430	974
430	989
431	403
431	483
431	751
431	898
431	949
431	979
432	103
432	484
432	887
432	910
432	917
432	976
433	201
433	261
433	280
433	623
433	818
433	964
434	755
434	802
434	821
434	826
434	958
434	994
435	293
435	455
435	770
435	928
435	970
435	1000
436	308
436	379
436	864
436	950
436	981
436	987
437	279
437	471
437	760
437	811
437	860
437	968
438	649
438	684
438	727
438	907
438	924
438	980
439	129
439	297
439	776
439	903
439	932
439	960
440	14
440	672
440	707
440	765
440	777
440	978
441	43
441	774
441	786
441	911
441	985
441	991
442	311
442	788
442	856
442	870
442	896
442	906
443	400
443	424
443	496
443	719
443	937
443	978
444	85
444	400
444	690
444	753
444	809
444	972
445	49
445	750
445	863
445	932
445	983
445	984
446	270
446	640
446	750
446	916
446	992
446	995
447	332
447	487
447	661
447	670
447	826
447	935
448	401
448	410
448	635
448	749
448	819
448	931
449	208
449	849
449	919
449	946
449	948
449	972
450	768
450	933
450	961
450	969
450	978
450	979
451	75
451	298
451	595
451	750
451	863
451	984
452	607
452	853
452	882
452	899
452	925
452	952
453	640
453	708
453	981
453	987
453	991
453	999
454	375
454	521
454	723
454	801
454	897
454	912
455	435
455	725
455	775
455	972
455	988
455	990
456	906
456	912
456	925
456	943
456	944
456	953
457	752
457	849
457	875
457	928
457	966
457	1000
458	77
458	586
458	846
458	870
458	954
458	995
459	113
459	796
459	921
459	945
459	946
459	948
460	834
460	889
460	906
460	924
460	925
460	953
461	106
461	463
461	744
461	773
461	920
461	989
462	698
462	717
462	959
462	966
462	984
462	1000
463	461
463	907
463	924
463	939
463	980
463	986
464	245
464	252
464	412
464	689
464	868
464	883
465	471
465	577
465	904
465	961
465	997
465	998
466	911
466	918
466	921
466	945
466	946
466	948
467	531
467	909
467	936
467	962
467	971
467	994
468	936
468	958
468	962
468	971
468	975
468	994
469	216
469	255
469	324
469	396
469	757
469	859
470	790
470	834
470	934
470	939
470	982
470	984
471	437
471	465
471	492
471	955
471	992
471	995
472	54
472	261
472	841
472	887
472	894
472	986
473	33
473	506
473	546
473	681
473	827
473	838
474	298
474	493
474	604
474	844
474	943
474	984
475	553
475	756
475	865
475	983
475	985
475	997
476	787
476	911
476	985
476	989
476	991
476	999
477	409
477	675
477	869
477	886
477	925
477	942
478	230
478	583
478	757
478	859
478	930
478	961
479	277
479	881
479	965
479	981
479	987
479	999
480	336
480	668
480	731
480	872
480	899
480	982
481	57
481	175
481	625
481	721
481	726
481	878
482	239
482	383
482	498
482	877
482	942
482	960
483	431
483	639
483	648
483	678
483	952
483	982
484	432
484	702
484	847
484	910
484	917
484	961
485	163
485	254
485	844
485	927
485	983
485	984
486	396
486	583
486	627
486	779
486	859
486	983
487	447
487	731
487	802
487	936
487	962
487	971
487	994
488	2
488	176
488	362
488	408
488	506
488	585
488	692
489	80
489	113
489	676
489	928
489	970
489	977
489	1000
490	405
490	598
490	612
490	624
490	845
490	922
490	990
491	343
491	550
491	595
491	807
491	844
491	983
491	998
492	176
492	357
492	471
492	931
492	955
492	983
492	992
493	474
493	647
493	884
493	977
493	998
493	999
493	1000
494	24
494	702
494	733
494	846
494	870
494	983
494	992
495	517
495	665
495	785
495	814
495	868
495	936
495	947
496	218
496	419
496	443
496	778
496	937
496	976
496	978
497	234
497	260
497	654
497	787
497	942
497	976
497	986
498	482
498	505
498	805
498	830
498	832
498	879
498	942
499	500
499	525
499	748
499	888
499	988
499	990
499	991
500	267
500	364
500	499
500	671
500	908
500	988
500	990
501	808
501	866
501	916
501	918
501	951
501	955
501	992
502	193
502	649
502	886
502	891
502	957
502	972
502	982
503	619
503	666
503	847
503	901
503	938
503	940
503	959
504	141
504	764
504	915
504	942
504	952
504	969
504	979
505	424
505	498
505	675
505	686
505	701
505	832
505	869
506	362
506	473
506	488
506	584
506	597
506	827
506	872
507	27
507	572
507	678
507	898
507	947
507	949
507	978
508	308
508	540
508	590
508	722
508	775
508	835
508	917
509	535
509	556
509	675
509	779
509	820
509	870
509	877
510	723
510	780
510	892
510	897
510	912
510	964
510	996
511	854
511	866
511	921
511	945
511	946
511	948
512	245
512	680
512	814
512	868
512	880
512	947
512	956
513	141
513	362
513	732
513	850
513	918
513	932
513	937
514	207
514	796
514	851
514	936
514	962
514	971
514	994
515	660
515	771
515	871
515	960
515	961
515	997
515	998
516	644
516	685
516	779
516	832
516	838
516	869
516	918
517	495
517	521
517	559
517	868
517	883
517	978
517	996
518	109
518	142
518	164
518	677
518	762
518	910
518	917
519	256
519	814
519	882
519	968
519	975
519	984
519	993
520	411
520	662
520	836
520	905
520	914
520	922
520	979
521	454
521	517
521	654
521	780
521	801
521	897
521	912
522	23
522	379
522	532
522	567
522	613
522	707
522	947
523	333
523	652
523	676
523	781
523	907
523	926
523	980
524	582
524	592
524	622
524	645
524	772
524	836
524	932
525	499
525	669
525	733
525	808
525	842
525	988
525	990
526	44
526	363
526	618
526	715
526	876
526	933
526	978
527	361
527	763
527	775
527	849
527	863
527	980
527	984
528	158
528	306
528	532
528	875
528	977
528	982
528	1000
529	388
529	804
529	872
529	899
529	936
529	971
529	989
530	776
530	778
530	822
530	915
530	923
530	963
530	973
531	261
531	467
531	555
531	635
531	646
531	705
531	841
532	53
532	522
532	528
532	613
532	641
532	707
532	840
533	74
533	256
533	770
533	795
533	928
533	966
533	1000
534	725
534	939
534	958
534	962
534	971
534	988
534	994
535	71
535	509
535	675
535	753
535	869
535	942
535	997
536	72
536	302
536	662
536	824
536	836
536	914
536	946
537	417
537	624
537	663
537	788
537	803
537	899
537	997
538	185
538	329
538	543
538	694
538	748
538	957
538	967
539	84
539	725
539	948
539	958
539	962
539	971
539	994
540	69
540	508
540	711
540	722
540	775
540	840
540	982
541	828
541	847
541	854
541	902
541	909
541	933
541	992
542	697
542	740
542	834
542	907
542	924
542	926
542	980
543	538
543	876
543	954
543	956
543	957
543	967
543	982
544	626
544	764
544	905
544	929
544	965
544	967
544	982
545	191
545	741
545	885
545	896
545	938
545	940
545	965
546	96
546	280
546	473
546	558
546	852
546	882
546	952
547	315
547	623
547	831
547	903
547	921
547	964
547	975
548	9
548	403
548	625
548	906
548	949
548	979
548	987
549	187
549	397
549	576
549	793
549	926
549	940
549	990
550	491
550	755
550	771
550	936
550	962
550	971
550	994
551	689
551	873
551	960
551	965
551	997
551	998
551	1000
552	126
552	223
552	582
552	611
552	622
552	693
552	699
553	130
553	475
553	608
553	739
553	756
553	865
553	983
554	574
554	586
554	881
554	950
554	981
554	987
554	999
555	12
555	54
555	349
555	531
555	841
555	894
555	986
556	115
556	509
556	644
556	683
556	914
556	942
556	947
557	244
557	323
557	712
557	734
557	949
557	977
557	1000
558	394
558	546
558	789
558	815
558	827
558	952
558	978
559	235
559	517
559	774
559	873
559	883
559	947
559	996
560	649
560	744
560	775
560	781
560	907
560	924
560	926
560	980
561	798
561	820
561	823
561	925
561	944
561	953
561	966
561	972
562	427
562	577
562	603
562	672
562	700
562	789
562	872
562	887
563	12
563	81
563	219
563	255
563	413
563	581
563	804
563	957
564	19
564	173
564	407
564	900
564	930
564	940
564	959
564	979
565	374
565	576
565	581
565	665
565	723
565	801
565	912
565	940
566	692
566	811
566	828
566	847
566	854
566	879
566	902
566	909
567	522
567	724
567	758
567	800
567	921
567	945
567	946
567	948
568	579
568	664
568	680
568	738
568	752
568	767
568	783
568	989
569	37
569	58
569	146
569	808
569	827
569	848
569	983
569	984
570	152
570	623
570	635
570	663
570	841
570	894
570	936
570	986
571	119
571	257
571	656
571	849
571	943
571	968
571	979
571	994
572	50
572	123
572	136
572	507
572	679
572	898
572	923
572	949
573	112
573	359
573	386
573	703
573	851
573	969
573	977
573	978
574	554
574	622
574	819
574	902
574	909
574	920
574	989
574	995
575	754
575	848
575	880
575	881
575	950
575	981
575	987
575	999
576	248
576	339
576	549
576	565
576	602
576	742
576	793
576	901
577	387
577	425
577	465
577	562
577	789
577	830
577	887
577	995
578	121
578	620
578	718
578	873
578	939
578	957
578	969
578	982
579	57
579	207
579	568
579	720
579	731
579	824
579	973
579	979
580	156
580	896
580	901
580	917
580	930
580	938
580	940
580	959
581	563
581	565
581	653
581	655
581	839
581	895
581	915
581	976
582	32
582	524
582	552
582	611
582	622
582	645
582	901
582	988
583	324
583	478
583	486
583	595
583	627
583	757
583	859
583	875
584	233
584	365
584	506
584	677
584	736
584	780
584	910
584	917
585	33
585	42
585	488
585	621
585	703
585	705
585	923
585	937
586	416
586	458
586	554
586	615
586	856
586	955
586	992
586	995
587	17
587	256
587	696
587	753
587	792
587	919
587	972
587	984
588	667
588	684
588	745
588	913
588	928
588	932
588	954
588	964
589	72
589	403
589	730
589	828
589	847
589	854
589	902
589	909
590	508
590	831
590	947
590	964
590	983
590	988
590	993
590	996
591	79
591	378
591	652
591	808
591	866
591	897
591	955
591	992
592	6
592	32
592	264
592	524
592	622
592	772
592	944
592	957
593	413
593	690
593	708
593	861
593	950
593	954
593	981
593	999
594	770
594	774
594	884
594	902
594	966
594	970
594	977
594	1000
595	142
595	451
595	491
595	583
595	859
595	939
595	957
595	998
596	193
596	637
596	667
596	919
596	922
596	932
596	963
596	973
597	284
597	506
597	607
597	743
597	753
597	799
597	852
597	882
598	244
598	376
598	490
598	624
598	845
598	919
598	922
598	948
599	780
599	820
599	889
599	906
599	908
599	925
599	944
599	953
600	161
600	644
600	726
600	731
600	824
600	878
600	958
600	962
601	12
601	368
601	836
601	850
601	897
601	912
601	914
601	956
602	134
602	243
602	281
602	576
602	631
602	793
602	877
602	935
603	128
603	392
603	562
603	830
603	862
603	887
603	888
603	986
604	474
604	624
604	634
604	678
604	845
604	958
604	984
604	994
605	426
605	904
605	913
605	960
605	965
605	982
605	997
605	998
606	661
606	670
606	717
606	818
606	902
606	935
606	941
606	986
607	2
607	452
607	597
607	743
607	750
607	776
607	838
607	952
608	309
608	553
608	717
608	818
608	826
608	848
608	935
608	995
609	255
609	301
609	368
609	413
609	418
609	685
609	742
609	992
610	801
610	834
610	873
610	891
610	930
610	934
610	957
610	967
611	126
611	552
611	582
611	622
611	645
611	708
611	772
611	854
612	4
612	93
612	104
612	124
612	490
612	845
612	886
612	922
613	522
613	532
613	642
613	672
613	707
613	726
613	765
613	804
614	183
614	357
614	411
614	866
614	870
614	916
614	918
614	992
615	586
615	896
615	900
615	905
615	930
615	940
615	959
615	980
616	326
616	750
616	798
616	835
616	844
616	852
616	863
616	984
617	147
617	195
617	404
617	675
617	685
617	779
617	899
617	942
618	190
618	526
618	673
618	737
618	768
618	933
618	978
618	983
619	240
619	503
619	896
619	900
619	901
619	938
619	955
619	959
620	264
620	341
620	578
620	836
620	914
620	961
620	982
620	997
621	319
621	585
621	766
621	802
621	936
621	958
621	971
621	994
622	354
622	524
622	552
622	574
622	582
622	592
622	611
622	761
622	772
623	61
623	433
623	547
623	570
623	879
623	913
623	933
623	955
623	964
624	401
624	490
624	537
624	598
624	604
624	845
624	886
624	922
624	977
625	187
625	267
625	481
625	548
625	834
625	878
625	949
625	967
625	972
626	544
626	736
626	834
626	848
626	858
626	931
626	934
626	939
626	982
627	230
627	396
627	486
627	583
627	757
627	764
627	859
627	950
627	979
628	398
628	748
628	791
628	950
628	952
628	954
628	981
628	987
628	999
629	372
629	405
629	666
629	833
629	888
629	931
629	945
629	988
629	990
630	181
630	392
630	700
630	717
630	830
630	862
630	887
630	983
630	985
631	243
631	248
631	397
631	602
631	729
631	742
631	793
631	938
631	944
632	107
632	633
632	784
632	842
632	908
632	972
632	975
632	988
632	990
633	632
633	640
633	666
633	809
633	908
633	988
633	990
633	993
633	996
634	15
634	138
634	359
634	604
634	745
634	932
634	955
634	964
634	975
635	448
635	531
635	570
635	646
635	803
635	845
635	902
635	956
635	986
636	744
636	875
636	911
636	949
636	983
636	985
636	989
636	991
636	992
637	596
637	745
637	880
637	883
637	936
637	947
637	984
637	993
637	996
638	641
638	722
638	777
638	910
638	921
638	945
638	946
638	948
638	995
639	160
639	483
639	667
639	679
639	761
639	898
639	949
639	979
639	1000
640	24
640	446
640	453
640	633
640	866
640	916
640	956
640	992
640	995
641	178
641	532
641	638
641	777
641	921
641	935
641	945
641	946
641	948
642	613
642	723
642	780
642	801
642	828
642	885
642	897
642	912
642	985
643	697
643	714
643	751
643	811
643	860
643	930
643	955
643	968
643	993
644	71
644	516
644	556
644	600
644	701
644	805
644	830
644	877
644	942
645	32
645	264
645	524
645	582
645	611
645	772
645	965
645	976
645	998
646	531
646	635
646	728
646	803
646	841
646	894
646	956
646	969
646	986
647	258
647	493
647	831
647	849
647	928
647	966
647	970
647	977
647	1000
648	50
648	483
648	679
648	697
648	898
648	938
648	949
648	961
648	996
649	69
649	325
649	438
649	502
649	560
649	763
649	843
649	926
649	980
650	330
650	677
650	709
650	764
650	839
650	895
650	915
650	958
650	976
651	305
651	716
651	783
651	838
651	852
651	882
651	896
651	943
651	952
652	111
652	257
652	523
652	591
652	714
652	760
652	811
652	860
652	951
653	34
653	43
653	581
653	656
653	764
653	839
653	895
653	915
653	976
654	234
654	246
654	260
654	302
654	497
654	521
654	787
654	942
654	976
655	581
655	708
655	787
655	809
655	910
655	917
655	970
655	976
655	1000
656	571
656	653
656	675
656	751
656	787
656	943
656	968
656	979
656	993
657	70
657	732
657	812
657	871
657	911
657	929
657	985
657	989
657	991
658	180
658	279
658	836
658	873
658	914
658	937
658	968
658	973
658	974
659	355
659	700
659	813
659	874
659	887
659	906
659	938
659	978
659	997
660	318
660	395
660	515
660	668
660	704
660	803
660	872
660	899
660	980
661	14
661	309
661	447
661	606
661	706
661	724
661	826
661	935
661	942
662	411
662	428
662	520
662	536
662	746
662	837
662	905
662	914
662	972
663	261
663	399
663	537
663	570
663	841
663	894
663	927
663	982
663	986
664	13
664	117
664	568
664	698
664	738
664	752
664	767
664	783
664	984
665	495
665	565
665	811
665	825
665	867
665	897
665	916
665	971
665	994
666	503
666	629
666	633
666	721
666	741
666	841
666	855
666	988
666	990
667	91
667	588
667	596
667	639
667	879
667	903
667	913
667	932
667	955
668	283
668	318
668	420
668	480
668	660
668	872
668	899
668	914
668	977
668	987
669	318
669	525
669	739
669	757
669	842
669	855
669	908
669	988
669	990
669	996
670	250
670	447
670	606
670	706
670	717
670	758
670	848
670	854
670	917
670	935
671	414
671	500
671	795
671	832
671	878
671	921
671	928
671	946
671	948
671	977
672	14
672	23
672	297
672	379
672	384
672	440
672	562
672	613
672	707
672	765
673	42
673	618
673	732
673	794
673	827
673	933
673	937
673	963
673	969
673	991
674	104
674	412
674	815
674	874
674	904
674	929
674	961
674	965
674	997
674	998
675	188
675	477
675	505
675	509
675	535
675	617
675	656
675	779
675	805
675	867
676	52
676	404
676	489
676	523
676	823
676	843
676	869
676	945
676	946
676	948
677	233
677	518
677	584
677	650
677	696
677	742
677	890
677	919
677	926
677	976
678	196
678	222
678	369
678	483
678	507
678	604
678	679
678	761
678	848
678	949
679	105
679	572
679	639
679	648
679	678
679	758
679	829
679	898
679	949
679	977
680	512
680	568
680	724
680	758
680	777
680	897
680	921
680	945
680	946
680	948
681	16
681	17
681	170
681	473
681	743
681	759
681	827
681	838
681	852
681	952
682	145
682	720
682	731
682	732
682	824
682	827
682	845
682	866
682	922
682	937
683	71
683	76
683	78
683	556
683	816
683	869
683	877
683	942
683	948
683	972
684	290
684	357
684	438
684	588
684	710
684	879
684	971
684	981
684	987
684	994
685	76
685	189
685	404
685	516
685	609
685	617
685	746
685	877
685	942
685	956
686	505
686	867
686	874
686	893
686	904
686	960
686	965
686	973
686	997
686	998
687	3
687	132
687	283
687	336
687	417
687	704
687	870
687	872
687	899
687	975
688	712
688	714
688	861
688	864
688	950
688	951
688	954
688	960
688	981
688	999
689	464
689	551
689	785
689	880
689	883
689	904
689	946
689	947
689	993
689	996
690	63
690	91
690	163
690	444
690	593
690	699
690	910
690	917
690	919
690	976
691	141
691	372
691	703
691	756
691	784
691	855
691	888
691	941
691	990
691	996
692	488
692	566
692	768
692	776
692	786
692	809
692	825
692	867
692	972
692	996
693	14
693	194
693	552
693	861
693	950
693	954
693	981
693	987
693	990
693	999
694	401
694	538
694	749
694	800
694	806
694	819
694	837
694	866
694	931
694	993
695	733
695	778
695	797
695	887
695	923
695	927
695	946
695	973
695	974
695	981
696	173
696	587
696	677
696	702
696	814
696	890
696	910
696	913
696	917
696	919
697	75
697	196
697	300
697	403
697	542
697	643
697	648
697	761
697	791
697	949
698	6
698	332
698	429
698	462
698	664
698	738
698	752
698	767
698	783
698	953
699	64
699	408
699	552
699	690
699	746
699	806
699	819
699	837
699	931
699	995
700	168
700	562
700	630
700	659
700	788
700	789
700	830
700	862
700	887
700	944
701	161
701	505
701	644
701	745
701	805
701	832
701	869
701	877
701	895
701	942
702	203
702	484
702	494
702	696
702	837
702	910
702	917
702	919
702	959
702	976
703	324
703	352
703	573
703	585
703	691
703	768
703	918
703	933
703	937
703	969
704	3
704	58
704	288
704	417
704	420
704	660
704	687
704	872
704	899
704	987
705	33
705	531
705	585
705	751
705	794
705	905
705	918
705	951
705	969
705	978
706	133
706	171
706	661
706	670
706	717
706	818
706	935
706	941
706	971
706	979
707	53
707	73
707	187
707	440
707	522
707	532
707	613
707	672
707	765
707	932
708	347
708	380
708	453
708	593
708	611
708	655
708	954
708	981
708	987
708	999
709	12
709	281
709	650
709	731
709	804
709	824
709	889
709	979
709	997
709	998
710	248
710	249
710	684
710	711
710	745
710	879
710	881
710	900
710	932
710	964
711	51
711	410
711	540
711	710
711	831
711	874
711	879
711	903
711	913
711	932
711	964
712	8
712	285
712	415
712	557
712	688
712	800
712	806
712	819
712	837
712	931
712	950
713	98
713	341
713	746
713	816
713	900
713	901
713	930
713	938
713	940
713	959
713	989
714	363
714	643
714	652
714	688
714	737
714	751
714	860
714	882
714	968
714	989
714	993
715	135
715	526
715	742
715	760
715	768
715	835
715	918
715	937
715	956
715	969
715	986
716	16
716	651
716	743
716	827
716	835
716	838
716	853
716	882
716	952
716	980
716	987
717	250
717	462
717	606
717	608
717	630
717	670
717	706
717	818
717	826
717	923
717	935
718	578
718	724
718	748
718	858
718	863
718	873
718	890
718	939
718	943
718	957
718	967
719	346
719	443
719	817
719	822
719	919
719	923
719	927
719	958
719	963
719	973
719	974
720	10
720	237
720	242
720	328
720	579
720	682
720	731
720	762
720	769
720	824
720	979
721	8
721	11
721	26
721	57
721	414
721	425
721	481
721	666
721	726
721	735
721	878
722	7
722	139
722	204
722	308
722	373
722	508
722	540
722	638
722	775
722	894
722	979
723	454
723	510
723	565
723	642
723	780
723	885
723	897
723	910
723	912
723	934
723	976
724	567
724	661
724	680
724	718
724	758
724	777
724	860
724	921
724	945
724	946
724	948
725	455
725	534
725	539
725	736
725	778
725	958
725	961
725	962
725	971
725	994
725	995
726	65
726	414
726	425
726	481
726	600
726	613
726	721
726	735
726	816
726	878
726	959
727	419
727	438
727	781
727	843
727	876
727	898
727	907
727	924
727	926
727	980
727	986
728	646
728	812
728	825
728	840
728	871
728	875
728	911
728	920
728	923
728	989
728	991
729	172
729	388
729	631
729	792
729	819
729	889
729	913
729	944
729	953
729	985
729	991
730	145
730	364
730	365
730	589
730	828
730	847
730	854
730	902
730	909
730	953
731	242
731	480
731	487
731	579
731	600
731	682
731	709
731	720
731	824
731	934
731	979
732	162
732	390
732	424
732	513
732	657
732	673
732	682
732	918
732	933
732	969
732	986
733	282
733	358
733	427
733	494
733	525
733	695
733	817
733	923
733	927
733	963
733	982
734	237
734	557
734	782
734	807
734	817
734	923
734	927
734	936
734	963
734	973
734	974
735	721
735	726
735	746
735	878
735	931
735	935
735	948
735	967
735	982
735	987
735	989
736	25
736	584
736	626
736	725
736	796
736	936
736	958
736	962
736	971
736	973
736	994
737	111
737	321
737	618
737	714
737	751
737	760
737	811
737	941
737	968
737	979
737	983
738	148
738	332
738	568
738	664
738	698
738	752
738	767
738	783
738	784
738	830
738	929
739	270
739	553
739	669
739	792
739	893
739	960
739	961
739	965
739	997
739	998
739	1000
740	542
740	763
740	843
740	907
740	920
740	924
740	926
740	980
740	986
740	995
740	1000
741	157
741	221
741	545
741	666
741	833
741	888
741	908
741	922
741	988
741	990
741	993
742	339
742	576
742	609
742	631
742	677
742	715
742	924
742	933
742	969
742	987
742	993
743	213
743	226
743	382
743	408
743	422
743	597
743	607
743	681
743	716
743	981
743	995
744	461
744	560
744	636
744	911
744	920
744	925
744	980
744	985
744	989
744	991
744	995
745	201
745	588
745	634
745	637
745	701
745	710
745	892
745	903
745	913
745	932
745	964
745	982
746	367
746	662
746	685
746	699
746	713
746	735
746	800
746	806
746	819
746	837
746	931
746	995
747	1
747	127
747	419
747	884
747	925
747	928
747	941
747	966
747	977
747	980
747	995
747	1000
748	285
748	320
748	499
748	538
748	628
748	718
748	807
748	816
748	876
748	939
748	967
748	982
749	65
749	372
749	448
749	694
749	778
749	793
749	895
749	915
749	923
749	927
749	931
749	976
750	197
750	326
750	445
750	446
750	451
750	607
750	616
750	807
750	844
750	849
750	863
750	984
751	130
751	257
751	386
751	431
751	643
751	656
751	705
751	714
751	737
751	811
751	968
751	979
752	332
752	429
752	457
752	568
752	664
752	698
752	738
752	767
752	783
752	785
752	892
752	936
753	92
753	278
753	444
753	535
753	587
753	597
753	825
753	850
753	867
753	939
753	972
753	996
754	575
754	792
754	857
754	893
754	904
754	937
754	960
754	961
754	963
754	965
754	997
754	998
755	116
755	434
755	550
755	791
755	796
755	802
755	936
755	958
755	962
755	971
755	993
755	994
756	130
756	199
756	262
756	364
756	475
756	553
756	691
756	863
756	865
756	911
756	969
756	983
757	230
757	324
757	366
757	396
757	469
757	478
757	583
757	627
757	669
757	772
757	859
757	894
758	360
758	567
758	670
758	679
758	680
758	724
758	777
758	851
758	921
758	945
758	946
758	948
759	116
759	140
759	231
759	334
759	681
759	870
759	881
759	885
759	954
759	955
759	956
759	992
760	257
760	437
760	652
760	715
760	737
760	860
760	863
760	886
760	951
760	956
760	968
760	993
761	46
761	238
761	373
761	622
761	639
761	678
761	697
761	829
761	898
761	929
761	949
761	960
762	62
762	224
762	301
762	327
762	365
762	518
762	720
762	807
762	910
762	917
762	919
762	976
763	527
763	649
763	740
763	781
763	843
763	879
763	924
763	926
763	959
763	980
763	986
763	996
764	142
764	294
764	504
764	544
764	627
764	650
764	653
764	839
764	845
764	895
764	915
764	976
765	23
765	53
765	379
765	402
765	440
765	613
765	672
765	707
765	812
765	868
765	923
765	948
766	360
766	621
766	769
766	796
766	828
766	936
766	938
766	958
766	962
766	971
766	987
766	994
767	148
767	429
767	568
767	664
767	698
767	738
767	752
767	783
767	870
767	970
767	977
767	984
768	108
768	138
768	353
768	419
768	450
768	618
768	692
768	703
768	715
768	918
768	933
768	969
769	88
769	322
769	423
769	720
769	766
769	865
769	877
769	978
769	981
769	983
769	987
769	999
770	435
770	533
770	594
770	849
770	904
770	928
770	966
770	970
770	977
770	981
770	998
770	1000
771	241
771	515
771	550
771	831
771	857
771	893
771	904
771	960
771	961
771	965
771	997
771	998
772	6
772	264
772	348
772	524
772	592
772	611
772	622
772	645
772	757
772	898
772	974
772	992
773	430
773	461
773	795
773	812
773	875
773	890
773	911
773	920
773	943
773	970
773	985
773	989
773	991
774	36
774	197
774	409
774	441
774	559
774	594
774	795
774	920
774	929
774	943
774	989
774	991
774	995
775	69
775	139
775	204
775	308
775	373
775	455
775	508
775	527
775	540
775	560
775	722
775	831
775	974
776	107
776	352
776	400
776	439
776	530
776	607
776	692
776	786
776	825
776	850
776	867
776	996
776	997
777	196
777	232
777	440
777	638
777	641
777	680
777	724
777	758
777	797
777	921
777	945
777	946
777	948
778	238
778	282
778	496
778	530
778	695
778	725
778	749
778	782
778	797
778	927
778	973
778	974
778	994
779	2
779	106
779	168
779	486
779	509
779	516
779	617
779	675
779	869
779	877
779	919
779	942
779	966
780	298
780	374
780	510
780	521
780	584
780	599
780	642
780	723
780	801
780	892
780	897
780	912
780	992
781	4
781	265
781	523
781	560
781	727
781	763
781	843
781	884
781	907
781	924
781	926
781	980
781	986
782	271
782	734
782	778
782	797
782	883
782	890
782	923
782	927
782	963
782	973
782	974
782	975
782	997
783	148
783	332
783	429
783	568
783	651
783	664
783	698
783	738
783	752
783	767
783	921
783	966
783	970
784	374
784	632
784	691
784	738
784	828
784	833
784	842
784	855
784	888
784	908
784	990
784	996
784	1000
785	391
785	393
785	495
785	689
785	752
785	868
785	880
785	883
785	944
785	947
785	964
785	993
785	996
786	121
786	150
786	172
786	352
786	441
786	692
786	776
786	809
786	867
786	895
786	934
786	972
786	996
787	90
787	234
787	246
787	260
787	476
787	497
787	654
787	655
787	656
787	890
787	953
787	976
788	442
788	537
788	700
788	798
788	820
788	823
788	889
788	906
788	925
788	944
788	953
788	973
788	977
789	68
789	294
789	387
789	392
789	558
789	562
789	577
789	700
789	830
789	862
789	887
789	943
789	983
790	119
790	247
790	325
790	470
790	844
790	858
790	873
790	891
790	934
790	939
790	957
790	965
790	989
791	286
791	369
791	428
791	628
791	697
791	755
791	894
791	898
791	905
791	914
791	923
791	973
791	974
792	206
792	587
792	729
792	739
792	754
792	874
792	893
792	939
792	960
792	961
792	965
792	997
792	998
793	187
793	243
793	281
793	339
793	397
793	549
793	576
793	602
793	631
793	749
793	852
793	888
793	978
794	210
794	353
794	361
794	673
794	705
794	821
794	835
794	850
794	951
794	969
794	976
794	978
794	986
795	370
795	533
795	671
795	773
795	774
795	816
795	840
795	871
795	893
795	911
795	985
795	991
795	995
796	320
796	459
796	514
796	736
796	755
796	766
796	899
796	943
796	958
796	962
796	971
796	994
796	998
797	49
797	359
797	695
797	777
797	778
797	782
797	839
797	860
797	896
797	927
797	963
797	973
797	974
798	112
798	115
798	561
798	616
798	788
798	815
798	823
798	889
798	906
798	925
798	944
798	953
798	967
799	16
799	56
799	106
799	174
799	213
799	225
799	312
799	597
799	827
799	877
799	882
799	952
799	997
800	22
800	567
800	694
800	712
800	746
800	806
800	837
800	846
800	905
800	914
800	931
800	975
800	995
801	67
801	178
801	454
801	521
801	565
801	610
801	642
801	780
801	885
801	912
801	915
801	925
801	934
802	434
802	487
802	621
802	755
802	896
802	936
802	937
802	958
802	962
802	971
802	989
802	994
802	997
803	20
803	109
803	537
803	635
803	646
803	660
803	841
803	894
803	956
803	967
803	971
803	977
803	986
804	5
804	35
804	73
804	268
804	342
804	399
804	402
804	413
804	529
804	563
804	613
804	709
804	897
804	902
805	88
805	147
805	239
805	389
805	411
805	421
805	498
805	644
805	675
805	701
805	832
805	871
805	886
805	942
806	46
806	95
806	285
806	694
806	699
806	712
806	746
806	800
806	808
806	824
806	837
806	887
806	931
806	995
807	97
807	491
807	734
807	748
807	750
807	762
807	851
807	910
807	917
807	958
807	963
807	974
807	975
807	984
808	501
808	525
808	569
808	591
808	806
808	844
808	856
808	866
808	870
808	916
808	955
808	956
808	962
808	992
809	87
809	284
809	377
809	444
809	633
809	655
809	692
809	786
809	822
809	850
809	878
809	972
809	990
809	996
810	91
810	186
810	380
810	426
810	822
810	881
810	905
810	945
810	949
810	950
810	954
810	981
810	987
810	999
811	349
811	404
811	437
811	566
811	643
811	652
811	665
811	737
811	751
811	855
811	943
811	968
811	981
811	993
812	657
812	728
812	765
812	773
812	840
812	846
812	871
812	908
812	911
812	920
812	983
812	985
812	991
812	995
813	72
813	99
813	100
813	191
813	335
813	659
813	896
813	900
813	930
813	938
813	940
813	954
813	955
813	959
814	153
814	285
814	292
814	371
814	393
814	495
814	512
814	519
814	696
814	868
814	880
814	883
814	910
814	947
815	558
815	674
815	798
815	820
815	823
815	863
815	889
815	906
815	925
815	942
815	944
815	953
815	956
815	981
816	108
816	683
816	713
816	726
816	748
816	795
816	868
816	875
816	925
816	943
816	944
816	953
816	957
816	989
817	253
817	427
817	719
817	733
817	734
817	831
817	890
817	922
817	923
817	927
817	963
817	973
817	974
817	979
818	48
818	97
818	250
818	273
818	331
818	433
818	606
818	608
818	706
818	717
818	826
818	839
818	935
818	966
818	969
819	64
819	244
819	358
819	395
819	401
819	448
819	574
819	694
819	699
819	712
819	729
819	746
819	846
819	931
819	954
820	398
820	509
820	561
820	599
820	788
820	815
820	823
820	889
820	896
820	906
820	925
820	944
820	949
820	953
820	956
821	434
821	794
821	873
821	889
821	933
821	940
821	943
821	951
821	957
821	961
821	963
821	976
821	978
821	997
821	998
822	306
822	337
822	346
822	530
822	719
822	809
822	810
822	923
822	927
822	963
822	964
822	966
822	973
822	974
822	975
823	561
823	676
823	788
823	798
823	815
823	820
823	889
823	904
823	906
823	925
823	932
823	944
823	953
823	956
823	970
824	237
824	242
824	328
824	536
824	579
824	600
824	682
824	709
824	720
824	731
824	806
824	891
824	892
824	939
824	979
825	55
825	87
825	226
825	284
825	400
825	665
825	692
825	728
825	753
825	776
825	867
825	901
825	938
825	972
825	996
826	41
826	48
826	97
826	133
826	331
826	434
826	447
826	608
826	661
826	717
826	818
826	848
826	897
826	935
826	989
827	226
827	275
827	408
827	473
827	506
827	558
827	569
827	673
827	681
827	682
827	716
827	799
827	852
827	952
827	987
828	114
828	381
828	422
828	541
828	566
828	589
828	642
828	730
828	766
828	784
828	847
828	854
828	902
828	909
828	962
829	679
829	761
829	843
829	907
829	943
829	945
829	949
829	959
829	961
829	962
829	966
829	970
829	977
829	980
829	1000
830	37
830	294
830	316
830	387
830	498
830	577
830	603
830	630
830	644
830	700
830	738
830	789
830	832
830	862
830	887
831	312
831	547
831	590
831	647
831	711
831	771
831	775
831	817
831	879
831	903
831	913
831	932
831	964
831	975
831	984
832	78
832	390
832	404
832	498
832	505
832	516
832	671
832	701
832	805
832	830
832	869
832	877
832	886
832	942
832	949
833	288
833	314
833	629
833	741
833	784
833	842
833	855
833	866
833	888
833	901
833	908
833	931
833	988
833	993
833	996
834	263
834	348
834	460
834	470
834	542
834	610
834	625
834	626
834	891
834	898
834	934
834	939
834	951
834	957
834	967
834	982
835	37
835	83
835	202
835	254
835	323
835	326
835	361
835	508
835	616
835	715
835	716
835	794
835	844
835	863
835	984
835	985
836	300
836	303
836	411
836	428
836	520
836	524
836	536
836	601
836	620
836	658
836	905
836	914
836	940
836	963
836	994
836	996
837	64
837	401
837	410
837	662
837	694
837	699
837	702
837	712
837	746
837	800
837	806
837	871
837	921
837	931
837	994
837	995
838	43
838	92
838	210
838	296
838	473
838	516
838	607
838	651
838	681
838	716
838	853
838	874
838	881
838	882
838	952
838	985
839	30
839	101
839	155
839	225
839	330
839	389
839	581
839	650
839	653
839	764
839	797
839	818
839	882
839	895
839	915
839	976
840	20
840	409
840	532
840	540
840	728
840	795
840	812
840	871
840	911
840	920
840	933
840	985
840	988
840	989
840	991
840	995
841	80
841	109
841	152
841	284
841	472
841	531
841	555
841	570
841	646
841	663
841	666
841	803
841	872
841	894
841	986
841	990
842	140
842	353
842	525
842	632
842	669
842	784
842	833
842	855
842	888
842	899
842	908
842	910
842	942
842	988
842	990
842	996
843	305
843	649
843	676
843	727
843	740
843	763
843	781
843	829
843	907
843	924
843	926
843	973
843	980
843	986
843	990
843	995
844	68
844	236
844	343
844	366
844	378
844	385
844	474
844	485
844	491
844	616
844	750
844	790
844	808
844	835
844	848
844	983
844	984
845	25
845	40
845	67
845	189
845	333
845	376
845	490
845	598
845	604
845	612
845	624
845	635
845	682
845	764
845	886
845	922
845	952
846	252
846	410
846	420
846	458
846	494
846	800
846	812
846	819
846	927
846	931
846	936
846	950
846	954
846	973
846	987
846	992
846	999
847	100
847	125
847	340
847	381
847	422
847	484
847	503
847	541
847	566
847	589
847	730
847	828
847	854
847	874
847	902
847	909
847	940
848	101
848	569
848	575
848	608
848	626
848	670
848	678
848	826
848	844
848	869
848	935
848	954
848	978
848	981
848	983
848	984
848	999
849	143
849	164
849	263
849	449
849	457
849	527
849	571
849	647
849	750
849	770
849	884
849	890
849	928
849	966
849	970
849	977
849	1000
850	513
850	601
850	753
850	776
850	794
850	809
850	887
850	893
850	914
850	918
850	945
850	949
850	960
850	972
850	986
850	997
850	998
851	252
851	514
851	573
851	758
851	807
851	866
851	870
851	874
851	950
851	951
851	954
851	961
851	963
851	981
851	992
851	997
851	998
852	54
852	59
852	362
852	394
852	408
852	546
852	597
852	616
852	651
852	681
852	793
852	827
852	853
852	882
852	945
852	952
852	953
853	43
853	56
853	59
853	136
853	176
853	275
853	394
853	452
853	716
853	838
853	852
853	941
853	952
853	964
853	974
853	992
853	993
854	26
854	100
854	114
854	220
854	334
854	511
854	541
854	566
854	589
854	611
854	670
854	730
854	828
854	847
854	902
854	909
854	946
855	124
855	156
855	372
855	666
855	669
855	691
855	784
855	811
855	833
855	842
855	872
855	888
855	908
855	932
855	988
855	990
855	993
856	84
856	231
856	239
856	289
856	295
856	442
856	586
856	808
856	859
856	870
856	916
856	921
856	955
856	956
856	957
856	992
856	995
857	39
857	240
857	384
857	421
857	754
857	771
857	893
857	904
857	913
857	920
857	960
857	961
857	965
857	971
857	995
857	997
857	998
858	312
858	626
858	718
858	790
858	873
858	876
858	885
858	886
858	891
858	934
858	939
858	943
858	957
858	967
858	976
858	979
858	996
859	5
859	230
859	316
859	324
859	334
859	366
859	396
859	469
859	478
859	486
859	583
859	595
859	627
859	757
859	856
859	906
859	951
860	19
860	24
860	60
860	114
860	171
860	321
860	437
860	643
860	652
860	714
860	724
860	760
860	797
860	941
860	951
860	968
860	993
861	133
861	180
861	211
861	249
861	327
861	350
861	426
861	593
861	688
861	693
861	864
861	881
861	950
861	981
861	987
861	991
861	994
861	999
862	128
862	181
862	274
862	286
862	294
862	316
862	322
862	387
862	392
862	603
862	630
862	700
862	789
862	830
862	876
862	884
862	887
862	975
863	21
863	146
863	256
863	323
863	361
863	445
863	451
863	527
863	616
863	718
863	750
863	756
863	760
863	815
863	835
863	926
863	983
863	984
864	94
864	117
864	186
864	206
864	436
864	688
864	861
864	881
864	905
864	930
864	932
864	945
864	950
864	954
864	980
864	981
864	987
864	999
865	130
865	137
865	199
865	262
865	290
865	322
865	364
865	475
865	553
865	756
865	769
865	869
865	877
865	908
865	910
865	929
865	967
865	983
866	289
866	351
866	399
866	501
866	511
866	591
866	614
866	640
866	682
866	694
866	808
866	833
866	851
866	870
866	955
866	983
866	992
866	995
867	151
867	161
867	278
867	400
867	665
867	675
867	686
867	692
867	753
867	776
867	786
867	825
867	923
867	929
867	951
867	956
867	972
867	996
868	235
868	393
868	416
868	464
868	495
868	512
868	517
868	765
868	785
868	814
868	816
868	880
868	883
868	947
868	976
868	984
868	993
868	996
869	35
869	68
869	168
869	477
869	505
869	516
869	535
869	676
869	683
869	701
869	779
869	832
869	848
869	865
869	877
869	928
869	964
869	980
870	328
870	442
870	458
870	494
870	509
870	614
870	687
870	759
870	767
870	808
870	851
870	856
870	866
870	916
870	934
870	955
870	956
870	983
870	992
871	7
871	149
871	269
871	385
871	515
871	657
871	728
871	795
871	805
871	812
871	837
871	840
871	875
871	917
871	920
871	954
871	985
871	989
871	991
872	17
872	283
872	318
872	336
872	395
872	420
872	480
872	506
872	529
872	562
872	660
872	668
872	687
872	704
872	841
872	855
872	899
872	915
872	986
873	44
873	320
873	551
873	559
873	578
873	610
873	658
873	718
873	790
873	821
873	858
873	891
873	934
873	939
873	957
873	967
873	975
873	980
873	982
874	189
874	391
874	659
874	674
874	686
874	711
874	792
874	838
874	847
874	851
874	892
874	893
874	928
874	960
874	961
874	965
874	995
874	997
874	998
875	214
875	347
875	417
875	457
875	528
875	583
875	636
875	728
875	773
875	816
875	871
875	911
875	920
875	929
875	968
875	985
875	989
875	991
875	996
876	98
876	206
876	320
876	325
876	383
876	526
876	543
876	727
876	748
876	858
876	862
876	905
876	906
876	929
876	934
876	935
876	939
876	967
876	982
877	88
877	198
877	224
877	235
877	404
877	482
877	509
877	602
877	644
877	683
877	685
877	701
877	769
877	779
877	799
877	832
877	865
877	869
877	931
878	11
878	57
878	65
878	111
878	144
878	305
878	343
878	425
878	481
878	600
878	625
878	671
878	721
878	726
878	735
878	809
878	883
878	941
878	994
879	51
879	98
879	167
879	232
879	304
879	498
879	566
879	623
879	667
879	684
879	710
879	711
879	763
879	831
879	892
879	894
879	932
879	964
879	975
880	153
880	183
880	235
880	339
880	371
880	512
880	575
880	637
880	689
880	785
880	814
880	868
880	883
880	924
880	926
880	947
880	957
880	993
880	996
881	88
881	170
881	194
881	211
881	479
881	554
881	575
881	710
881	759
881	810
881	838
881	861
881	864
881	908
881	939
881	954
881	981
881	987
881	999
882	60
882	92
882	188
882	275
882	452
882	519
882	546
882	597
882	651
882	714
882	716
882	799
882	838
882	839
882	852
882	913
882	918
882	922
882	952
883	159
883	182
883	257
883	292
883	327
883	464
883	517
883	559
883	637
883	689
883	782
883	785
883	814
883	868
883	878
883	880
883	904
883	914
883	947
884	36
884	139
884	218
884	287
884	345
884	369
884	493
884	594
884	747
884	781
884	849
884	862
884	928
884	941
884	966
884	970
884	977
884	993
884	1000
885	62
885	545
885	642
885	723
885	759
885	801
885	858
885	897
885	912
885	929
885	934
885	938
885	940
885	950
885	954
885	959
885	981
885	987
885	1000
886	50
886	104
886	125
886	168
886	193
886	213
886	367
886	477
886	502
886	612
886	624
886	760
886	805
886	832
886	845
886	858
886	891
886	912
886	922
886	982
887	128
887	151
887	181
887	294
887	316
887	387
887	432
887	472
887	562
887	577
887	603
887	630
887	659
887	695
887	700
887	789
887	806
887	830
887	850
887	862
888	267
888	288
888	421
888	499
888	603
888	629
888	691
888	741
888	784
888	793
888	833
888	842
888	855
888	908
888	924
888	988
888	990
888	991
888	993
888	1000
889	234
889	276
889	405
889	460
889	599
889	709
889	729
889	788
889	798
889	815
889	820
889	821
889	823
889	906
889	924
889	925
889	944
889	953
889	956
889	995
890	179
890	311
890	677
890	696
890	718
890	773
890	782
890	787
890	817
890	849
890	910
890	917
890	928
890	938
890	963
890	966
890	974
890	977
890	997
890	1000
891	68
891	78
891	265
891	329
891	502
891	610
891	790
891	824
891	834
891	858
891	873
891	886
891	905
891	928
891	932
891	934
891	951
891	967
891	985
891	990
892	220
892	356
892	390
892	510
892	745
892	752
892	780
892	824
892	874
892	879
892	897
892	904
892	912
892	913
892	929
892	961
892	964
892	965
892	988
892	994
893	29
893	129
893	289
893	359
893	686
893	739
893	754
893	771
893	792
893	795
893	850
893	857
893	874
893	904
893	950
893	960
893	965
893	997
893	998
893	999
894	20
894	54
894	80
894	152
894	179
894	261
894	282
894	319
894	472
894	555
894	570
894	646
894	663
894	722
894	757
894	791
894	803
894	841
894	879
894	956
895	34
895	101
895	155
895	186
895	225
895	330
895	336
895	349
895	389
895	581
895	650
895	653
895	701
895	749
895	764
895	786
895	839
895	915
895	976
895	986
896	173
896	185
896	254
896	384
896	442
896	545
896	580
896	615
896	619
896	651
896	797
896	802
896	813
896	820
896	900
896	901
896	912
896	930
896	940
896	959
897	67
897	120
897	159
897	178
897	354
897	374
897	454
897	510
897	521
897	591
897	601
897	642
897	665
897	680
897	723
897	780
897	804
897	826
897	885
897	892
897	912
898	27
898	46
898	81
898	118
898	196
898	238
898	431
898	507
898	572
898	639
898	648
898	679
898	727
898	761
898	772
898	791
898	834
898	946
898	949
898	977
898	979
899	3
899	17
899	59
899	283
899	318
899	336
899	395
899	420
899	452
899	480
899	529
899	537
899	617
899	660
899	668
899	687
899	704
899	796
899	842
899	872
899	973
900	205
900	210
900	236
900	251
900	564
900	615
900	619
900	710
900	713
900	813
900	896
900	901
900	903
900	909
900	927
900	930
900	938
900	940
900	948
900	959
900	961
901	52
901	93
901	205
901	217
901	251
901	335
901	384
901	503
901	576
901	580
901	582
901	619
901	713
901	825
901	833
901	896
901	900
901	930
901	940
901	959
901	981
902	26
902	100
902	340
902	381
902	422
902	541
902	566
902	574
902	589
902	594
902	606
902	635
902	730
902	804
902	828
902	847
902	854
902	909
902	933
902	948
902	995
903	51
903	129
903	138
903	172
903	190
903	231
903	278
903	297
903	439
903	547
903	667
903	711
903	745
903	831
903	900
903	913
903	932
903	944
903	964
903	975
903	989
904	132
904	277
904	465
904	605
904	674
904	686
904	689
904	754
904	770
904	771
904	823
904	857
904	883
904	892
904	893
904	929
904	960
904	961
904	965
904	990
904	997
904	998
905	520
905	544
905	615
905	662
905	705
905	791
905	800
905	810
905	836
905	864
905	876
905	891
905	914
905	925
905	939
905	957
905	976
905	981
905	982
905	987
905	999
905	1000
906	50
906	344
906	442
906	456
906	460
906	548
906	599
906	659
906	788
906	798
906	815
906	820
906	823
906	859
906	876
906	889
906	925
906	944
906	953
906	956
906	971
906	992
907	85
907	110
907	314
907	412
907	438
907	463
907	523
907	542
907	560
907	727
907	740
907	781
907	829
907	843
907	924
907	926
907	927
907	956
907	967
907	980
907	985
907	987
908	241
908	355
908	500
908	599
908	632
908	633
908	669
908	741
908	784
908	812
908	833
908	842
908	855
908	865
908	881
908	888
908	941
908	950
908	958
908	975
908	988
908	990
909	26
909	29
909	114
909	120
909	340
909	377
909	381
909	422
909	467
909	541
909	566
909	574
909	589
909	730
909	828
909	847
909	854
909	900
909	902
909	925
909	950
909	961
909	975
910	164
910	233
910	338
910	365
910	432
910	484
910	518
910	584
910	638
910	655
910	690
910	696
910	702
910	723
910	762
910	807
910	814
910	842
910	865
910	890
910	919
910	946
910	976
911	76
911	143
911	216
911	259
911	422
911	441
911	466
911	476
911	636
911	657
911	728
911	744
911	756
911	773
911	795
911	812
911	840
911	875
911	921
911	985
911	989
911	991
911	996
912	67
912	106
912	152
912	177
912	178
912	374
912	387
912	454
912	456
912	510
912	521
912	565
912	601
912	642
912	723
912	780
912	801
912	885
912	886
912	892
912	896
912	897
912	937
913	40
913	61
913	129
913	136
913	221
913	232
913	280
913	588
913	605
913	623
913	667
913	696
913	711
913	729
913	745
913	831
913	857
913	882
913	892
913	903
913	932
913	964
913	975
914	29
914	72
914	300
914	302
914	303
914	405
914	411
914	520
914	536
914	556
914	601
914	620
914	658
914	662
914	668
914	791
914	800
914	836
914	850
914	883
914	905
914	995
914	999
915	101
915	142
915	155
915	225
915	330
915	343
915	348
915	389
915	417
915	504
915	530
915	581
915	650
915	653
915	749
915	764
915	801
915	839
915	872
915	895
915	969
915	976
915	985
916	131
916	154
916	258
916	295
916	299
916	350
916	416
916	423
916	446
916	501
916	614
916	640
916	665
916	808
916	856
916	870
916	924
916	955
916	956
916	980
916	983
916	992
916	993
917	62
917	63
917	66
917	262
917	295
917	379
917	432
917	484
917	508
917	518
917	580
917	584
917	655
917	670
917	690
917	696
917	702
917	762
917	807
917	871
917	890
917	919
917	976
918	21
918	44
918	190
918	406
918	429
918	466
918	501
918	513
918	516
918	614
918	703
918	705
918	715
918	732
918	768
918	850
918	882
918	928
918	933
918	937
918	951
918	969
918	978
919	45
919	66
919	91
919	163
919	164
919	203
919	365
919	449
919	587
919	596
919	598
919	677
919	690
919	696
919	702
919	719
919	762
919	779
919	910
919	917
919	941
919	957
919	976
920	36
920	102
920	217
920	380
920	388
920	461
920	574
920	728
920	740
920	744
920	773
920	774
920	812
920	840
920	857
920	871
920	875
920	951
920	985
920	989
920	991
920	994
920	995
920	997
921	94
921	326
921	333
921	459
921	466
921	511
921	547
921	567
921	638
921	641
921	671
921	680
921	724
921	758
921	777
921	783
921	837
921	856
921	911
921	945
921	946
921	948
921	989
922	4
922	25
922	40
922	104
922	131
922	135
922	274
922	328
922	354
922	376
922	490
922	520
922	596
922	598
922	612
922	624
922	682
922	741
922	817
922	845
922	882
922	886
922	946
922	980
923	49
923	247
923	337
923	358
923	530
923	572
923	585
923	695
923	717
923	719
923	728
923	733
923	734
923	749
923	765
923	782
923	791
923	817
923	822
923	867
923	927
923	963
923	973
923	974
924	105
924	162
924	184
924	382
924	412
924	438
924	460
924	463
924	542
924	560
924	727
924	740
924	742
924	763
924	781
924	843
924	880
924	888
924	889
924	907
924	916
924	926
924	980
924	986
924	999
925	82
925	344
925	452
925	456
925	460
925	477
925	561
925	599
925	744
925	747
925	788
925	798
925	801
925	815
925	816
925	820
925	823
925	889
925	905
925	906
925	909
925	944
925	952
925	953
925	956
926	85
926	105
926	110
926	184
926	224
926	236
926	382
926	412
926	523
926	542
926	549
926	560
926	649
926	677
926	727
926	740
926	763
926	781
926	843
926	863
926	880
926	907
926	924
926	942
926	949
926	980
927	358
927	359
927	427
927	430
927	485
927	663
927	695
927	719
927	733
927	734
927	749
927	778
927	782
927	797
927	817
927	822
927	846
927	900
927	907
927	923
927	963
927	969
927	973
927	974
927	975
927	987
928	143
928	197
928	263
928	296
928	345
928	347
928	435
928	457
928	489
928	533
928	588
928	647
928	671
928	747
928	770
928	849
928	869
928	874
928	884
928	890
928	891
928	918
928	970
928	972
928	981
928	1000
929	228
929	392
929	544
929	657
929	674
929	738
929	761
929	774
929	865
929	867
929	875
929	876
929	885
929	892
929	904
929	934
929	939
929	960
929	961
929	965
929	967
929	982
929	985
929	989
929	994
929	995
929	998
930	45
930	93
930	99
930	171
930	173
930	212
930	213
930	335
930	346
930	402
930	407
930	478
930	564
930	580
930	610
930	615
930	643
930	713
930	813
930	864
930	896
930	900
930	901
930	938
930	940
930	949
930	959
931	8
931	22
931	95
931	244
931	348
931	367
931	370
931	410
931	448
931	492
931	626
931	629
931	694
931	699
931	712
931	735
931	746
931	749
931	800
931	806
931	819
931	833
931	837
931	846
931	877
931	974
931	995
932	60
932	169
932	201
932	249
932	297
932	439
932	445
932	513
932	524
932	588
932	596
932	634
932	667
932	707
932	710
932	711
932	745
932	823
932	831
932	855
932	864
932	879
932	891
932	903
932	913
932	964
932	975
933	253
933	258
933	291
933	353
933	390
933	406
933	450
933	526
933	541
933	618
933	623
933	673
933	703
933	732
933	742
933	768
933	821
933	840
933	902
933	918
933	937
933	961
933	968
933	969
933	976
933	978
933	986
934	122
934	193
934	306
934	392
934	470
934	610
934	626
934	723
934	731
934	786
934	790
934	801
934	834
934	858
934	870
934	873
934	876
934	885
934	891
934	929
934	939
934	943
934	951
934	957
934	967
934	972
934	982
934	991
935	10
935	48
935	71
935	97
935	102
935	133
935	250
935	273
935	309
935	375
935	447
935	602
935	606
935	608
935	641
935	661
935	670
935	706
935	717
935	735
935	818
935	826
935	848
935	876
935	938
935	941
935	945
935	1000
936	175
936	268
936	272
936	360
936	467
936	468
936	487
936	495
936	514
936	529
936	550
936	570
936	621
936	637
936	734
936	736
936	752
936	755
936	766
936	802
936	846
936	942
936	943
936	958
936	960
936	962
936	971
936	994
937	86
937	112
937	135
937	258
937	291
937	353
937	366
937	406
937	443
937	496
937	513
937	585
937	658
937	673
937	682
937	703
937	715
937	754
937	802
937	912
937	918
937	933
937	951
937	969
937	978
937	985
937	986
937	998
938	5
938	10
938	45
938	99
938	156
938	185
938	230
938	236
938	384
938	503
938	545
938	580
938	619
938	631
938	648
938	659
938	713
938	766
938	813
938	825
938	885
938	890
938	900
938	930
938	935
938	940
938	959
938	971
939	157
939	271
939	325
939	331
939	463
939	470
939	534
939	578
939	595
939	626
939	718
939	748
939	753
939	790
939	792
939	824
939	834
939	858
939	873
939	876
939	881
939	905
939	929
939	934
939	957
939	967
939	982
939	996
940	10
940	45
940	212
940	251
940	341
940	384
940	429
940	503
940	545
940	549
940	564
940	565
940	580
940	615
940	713
940	813
940	821
940	836
940	847
940	885
940	896
940	900
940	901
940	930
940	938
940	959
940	964
940	985
941	89
941	273
941	309
941	316
941	331
941	355
941	606
941	691
941	706
941	737
941	747
941	853
941	860
941	878
941	884
941	908
941	919
941	935
941	947
941	966
941	970
941	977
941	984
941	988
941	990
941	993
941	996
941	1000
942	18
942	76
942	115
942	147
942	189
942	224
942	239
942	309
942	477
942	482
942	497
942	498
942	504
942	535
942	556
942	617
942	644
942	654
942	661
942	683
942	685
942	701
942	779
942	805
942	815
942	832
942	842
942	926
942	936
943	4
943	19
943	119
943	180
943	272
943	456
943	474
943	571
943	651
943	656
943	718
943	773
943	774
943	789
943	796
943	811
943	816
943	821
943	829
943	858
943	934
943	936
943	957
943	958
943	962
943	967
943	968
943	985
943	994
944	82
944	108
944	121
944	154
944	227
944	344
944	456
944	561
944	592
944	599
944	631
944	700
944	729
944	785
944	788
944	798
944	815
944	816
944	820
944	823
944	889
944	903
944	906
944	925
944	953
944	956
944	976
944	978
944	980
945	30
945	94
945	103
945	215
945	253
945	333
945	338
945	459
945	466
945	511
945	567
945	629
945	638
945	641
945	676
945	680
945	724
945	758
945	777
945	810
945	829
945	850
945	852
945	864
945	921
945	935
945	946
945	948
945	962
946	30
946	75
946	215
946	253
946	288
946	338
946	449
946	459
946	466
946	511
946	536
946	567
946	638
946	641
946	671
946	676
946	680
946	689
946	695
946	724
946	758
946	777
946	854
946	898
946	910
946	921
946	922
946	945
946	948
946	994
947	29
947	79
947	159
947	183
947	199
947	228
947	235
947	245
947	292
947	371
947	393
947	495
947	507
947	512
947	522
947	556
947	559
947	590
947	637
947	689
947	785
947	814
947	868
947	880
947	883
947	941
947	965
947	974
947	993
947	996
948	30
948	94
948	149
948	215
948	253
948	338
948	410
948	418
948	449
948	459
948	466
948	511
948	539
948	567
948	598
948	638
948	641
948	671
948	676
948	680
948	683
948	724
948	735
948	758
948	765
948	777
948	900
948	902
948	921
948	945
948	946
949	27
949	82
949	118
949	123
949	145
949	203
949	238
949	276
949	369
949	431
949	507
949	548
949	557
949	572
949	625
949	636
949	639
949	648
949	678
949	679
949	697
949	761
949	810
949	820
949	829
949	832
949	850
949	898
949	926
949	930
949	979
950	170
950	186
950	194
950	293
950	304
950	356
950	436
950	554
950	575
950	593
950	627
950	628
950	688
950	693
950	712
950	810
950	846
950	851
950	861
950	864
950	885
950	893
950	908
950	909
950	954
950	968
950	977
950	981
950	987
950	990
950	999
951	135
951	157
951	247
951	337
951	349
951	501
951	652
951	688
951	705
951	760
951	794
951	821
951	834
951	851
951	859
951	860
951	867
951	891
951	918
951	920
951	934
951	937
951	955
951	957
951	968
951	969
951	978
951	979
951	982
951	983
951	993
952	2
952	56
952	59
952	174
952	176
952	188
952	226
952	247
952	394
952	408
952	452
952	483
952	504
952	546
952	558
952	607
952	628
952	651
952	681
952	716
952	799
952	827
952	838
952	845
952	852
952	853
952	882
952	925
952	960
952	986
952	994
953	82
953	108
953	144
953	154
953	162
953	344
953	405
953	456
953	460
953	561
953	599
953	698
953	729
953	730
953	787
953	788
953	798
953	815
953	816
953	820
953	823
953	852
953	889
953	906
953	925
953	944
953	956
953	957
953	978
953	982
953	988
953	991
954	28
954	117
954	125
954	200
954	209
954	304
954	368
954	398
954	458
954	543
954	588
954	593
954	628
954	688
954	693
954	708
954	759
954	810
954	813
954	819
954	846
954	848
954	851
954	864
954	871
954	881
954	885
954	950
954	968
954	974
954	987
954	999
955	123
955	160
955	231
955	291
955	295
955	299
955	315
955	350
955	351
955	407
955	416
955	471
955	492
955	501
955	586
955	591
955	619
955	623
955	634
955	643
955	667
955	759
955	808
955	813
955	856
955	866
955	870
955	916
955	951
955	983
955	992
955	995
956	20
956	80
956	109
956	512
956	543
956	601
956	635
956	640
956	646
956	685
956	715
956	759
956	760
956	803
956	808
956	815
956	820
956	823
956	856
956	867
956	870
956	889
956	894
956	906
956	907
956	916
956	925
956	944
956	953
956	979
956	986
956	992
957	23
957	195
957	265
957	383
957	502
957	538
957	543
957	563
957	578
957	592
957	595
957	610
957	718
957	790
957	816
957	821
957	834
957	856
957	858
957	873
957	880
957	905
957	919
957	934
957	939
957	943
957	951
957	953
957	967
957	970
957	982
957	999
958	56
958	175
958	246
958	268
958	272
958	314
958	377
958	414
958	434
958	468
958	534
958	539
958	600
958	604
958	621
958	650
958	719
958	725
958	736
958	755
958	766
958	796
958	802
958	807
958	908
958	936
958	943
958	962
958	971
958	976
958	982
958	994
959	22
959	128
959	177
959	191
959	200
959	217
959	251
959	283
959	329
959	335
959	341
959	363
959	407
959	462
959	503
959	564
959	580
959	615
959	619
959	702
959	713
959	726
959	763
959	813
959	829
959	885
959	896
959	900
959	901
959	930
959	938
959	940
959	968
960	9
960	41
960	77
960	103
960	154
960	319
960	389
960	418
960	439
960	482
960	515
960	551
960	605
960	686
960	688
960	739
960	754
960	761
960	771
960	792
960	850
960	857
960	874
960	893
960	904
960	929
960	936
960	952
960	961
960	965
960	989
960	997
960	998
961	218
961	277
961	313
961	391
961	418
961	450
961	465
961	478
961	484
961	515
961	620
961	648
961	674
961	725
961	739
961	754
961	771
961	792
961	821
961	829
961	851
961	857
961	874
961	892
961	900
961	904
961	909
961	929
961	933
961	960
961	965
961	997
961	998
962	31
962	179
962	192
962	268
962	272
962	303
962	314
962	428
962	467
962	468
962	487
962	514
962	534
962	539
962	550
962	600
962	725
962	736
962	755
962	766
962	796
962	802
962	808
962	828
962	829
962	936
962	943
962	945
962	958
962	971
962	975
962	988
962	994
963	86
963	93
963	158
963	223
963	282
963	305
963	317
963	337
963	423
963	430
963	530
963	596
963	673
963	719
963	733
963	734
963	754
963	782
963	797
963	807
963	817
963	821
963	822
963	836
963	851
963	890
963	923
963	927
963	973
963	974
963	975
963	988
963	992
964	61
964	144
964	167
964	169
964	172
964	232
964	263
964	280
964	367
964	395
964	433
964	510
964	547
964	588
964	590
964	623
964	634
964	710
964	711
964	745
964	785
964	822
964	831
964	853
964	869
964	879
964	892
964	903
964	913
964	932
964	940
964	971
964	975
964	979
965	103
965	191
965	240
965	277
965	313
965	335
965	391
965	415
965	421
965	479
965	544
965	545
965	551
965	605
965	645
965	674
965	686
965	739
965	754
965	771
965	790
965	792
965	857
965	874
965	892
965	893
965	904
965	929
965	947
965	960
965	961
965	986
965	997
965	998
966	13
966	47
966	74
966	138
966	165
966	166
966	192
966	278
966	287
966	293
966	312
966	457
966	462
966	533
966	561
966	594
966	647
966	747
966	770
966	779
966	783
966	818
966	822
966	829
966	849
966	884
966	890
966	941
966	968
966	969
966	970
966	977
966	985
966	1000
967	53
967	195
967	247
967	271
967	320
967	383
967	403
967	538
967	543
967	544
967	610
967	625
967	718
967	735
967	748
967	798
967	803
967	834
967	858
967	865
967	873
967	876
967	891
967	907
967	929
967	934
967	939
967	943
967	957
967	982
967	994
967	995
967	998
967	1000
968	19
968	84
968	111
968	119
968	180
968	228
968	321
968	349
968	363
968	437
968	519
968	571
968	643
968	656
968	658
968	714
968	737
968	751
968	760
968	811
968	860
968	875
968	933
968	943
968	950
968	951
968	954
968	959
968	966
968	971
968	973
968	979
968	981
968	993
969	21
969	42
969	141
969	222
969	239
969	272
969	290
969	386
969	390
969	419
969	424
969	450
969	504
969	573
969	578
969	646
969	673
969	703
969	705
969	715
969	732
969	742
969	756
969	768
969	794
969	818
969	915
969	918
969	927
969	933
969	937
969	951
969	966
969	978
969	981
970	1
970	13
970	47
970	120
970	127
970	197
970	198
970	263
970	293
970	296
970	329
970	340
970	435
970	489
970	594
970	647
970	655
970	767
970	770
970	773
970	783
970	823
970	829
970	849
970	884
970	928
970	941
970	957
970	966
970	977
970	990
970	991
970	993
970	996
970	1000
971	31
971	42
971	270
971	287
971	399
971	467
971	468
971	487
971	514
971	529
971	534
971	539
971	550
971	621
971	665
971	684
971	706
971	725
971	736
971	755
971	766
971	796
971	802
971	803
971	857
971	906
971	936
971	938
971	958
971	962
971	964
971	968
971	993
971	994
971	999
972	55
972	107
972	121
972	131
972	150
972	151
972	161
972	205
972	278
972	284
972	312
972	352
972	375
972	377
972	444
972	449
972	455
972	502
972	561
972	587
972	625
972	632
972	662
972	683
972	692
972	753
972	786
972	809
972	825
972	850
972	867
972	928
972	934
972	975
972	988
972	996
973	86
973	158
973	282
973	300
973	311
973	317
973	346
973	393
973	427
973	430
973	530
973	579
973	596
973	658
973	686
973	695
973	719
973	734
973	736
973	778
973	782
973	788
973	791
973	797
973	817
973	822
973	843
973	846
973	899
973	923
973	927
973	963
973	968
973	974
973	975
973	988
974	31
974	49
974	52
974	78
974	86
974	158
974	311
974	337
974	358
974	427
974	430
974	658
974	695
974	719
974	734
974	772
974	775
974	778
974	782
974	791
974	797
974	807
974	817
974	822
974	853
974	890
974	923
974	927
974	931
974	947
974	954
974	963
974	973
974	975
974	981
974	987
974	991
975	15
975	81
975	221
975	241
975	275
975	286
975	311
975	317
975	468
975	519
975	547
975	632
975	634
975	687
975	782
975	800
975	807
975	822
975	831
975	862
975	873
975	879
975	903
975	908
975	909
975	913
975	927
975	932
975	962
975	963
975	964
975	972
975	973
975	974
975	988
975	990
975	993
975	996
976	63
976	90
976	136
976	234
976	246
976	260
976	289
976	389
976	432
976	496
976	497
976	581
976	645
976	650
976	653
976	654
976	655
976	677
976	690
976	702
976	723
976	749
976	762
976	764
976	787
976	794
976	821
976	839
976	858
976	868
976	895
976	905
976	910
976	915
976	917
976	919
976	933
976	944
976	958
977	13
977	18
977	143
977	163
977	165
977	166
977	192
977	198
977	287
977	293
977	345
977	489
977	493
977	528
977	557
977	573
977	594
977	624
977	647
977	668
977	671
977	679
977	747
977	767
977	770
977	788
977	803
977	829
977	849
977	884
977	890
977	898
977	941
977	950
977	966
977	970
977	992
977	998
977	1000
978	7
978	21
978	44
978	112
978	140
978	222
978	258
978	291
978	386
978	406
978	419
978	424
978	440
978	443
978	450
978	496
978	507
978	517
978	526
978	558
978	573
978	618
978	659
978	705
978	769
978	793
978	794
978	821
978	848
978	918
978	933
978	937
978	944
978	951
978	953
978	969
978	984
978	986
978	991
979	84
979	123
979	124
979	182
979	207
979	237
979	242
979	246
979	276
979	328
979	375
979	431
979	450
979	504
979	520
979	548
979	564
979	571
979	579
979	627
979	639
979	656
979	706
979	709
979	720
979	722
979	731
979	737
979	751
979	817
979	824
979	858
979	898
979	949
979	951
979	956
979	964
979	968
979	993
980	85
980	105
980	110
980	162
980	171
980	184
980	227
980	290
980	354
980	382
980	412
980	438
980	463
980	523
980	527
980	542
980	560
980	615
980	649
980	660
980	716
980	727
980	740
980	744
980	747
980	763
980	781
980	829
980	843
980	864
980	869
980	873
980	907
980	916
980	922
980	924
980	926
980	944
980	986
980	989
981	38
981	125
981	304
981	356
981	371
981	378
981	426
981	436
981	453
981	479
981	554
981	575
981	593
981	628
981	684
981	688
981	693
981	695
981	708
981	743
981	769
981	770
981	810
981	811
981	815
981	848
981	851
981	861
981	864
981	881
981	885
981	901
981	905
981	928
981	950
981	968
981	969
981	974
981	987
981	990
981	999
982	157
982	195
982	206
982	265
982	271
982	274
982	306
982	323
982	325
982	329
982	470
982	480
982	483
982	502
982	528
982	540
982	543
982	544
982	578
982	605
982	620
982	626
982	663
982	733
982	735
982	745
982	748
982	834
982	873
982	876
982	886
982	905
982	929
982	934
982	939
982	951
982	953
982	957
982	958
982	967
982	997
983	58
983	137
983	199
983	211
983	251
983	262
983	315
983	322
983	350
983	364
983	394
983	423
983	445
983	475
983	485
983	486
983	491
983	492
983	494
983	553
983	569
983	590
983	618
983	630
983	636
983	737
983	756
983	769
983	789
983	812
983	844
983	848
983	863
983	865
983	866
983	870
983	916
983	951
983	955
983	984
983	996
984	37
984	58
984	60
984	83
984	137
984	146
984	166
984	202
984	254
984	256
984	298
984	323
984	343
984	361
984	401
984	445
984	451
984	462
984	470
984	474
984	485
984	519
984	527
984	569
984	587
984	604
984	616
984	637
984	664
984	750
984	767
984	807
984	831
984	835
984	844
984	848
984	863
984	868
984	941
984	978
984	983
984	996
985	52
985	214
985	216
985	266
985	269
985	279
985	347
985	350
985	370
985	375
985	385
985	388
985	441
985	475
985	476
985	630
985	636
985	642
985	657
985	729
985	744
985	773
985	795
985	812
985	835
985	838
985	840
985	871
985	875
985	891
985	907
985	911
985	915
985	920
985	929
985	937
985	940
985	943
985	966
985	989
985	991
985	995
986	126
986	179
986	182
986	231
986	340
986	386
986	390
986	424
986	463
986	472
986	497
986	555
986	570
986	603
986	606
986	635
986	646
986	663
986	715
986	727
986	732
986	740
986	763
986	781
986	794
986	803
986	841
986	843
986	850
986	872
986	895
986	924
986	933
986	937
986	952
986	956
986	965
986	978
986	980
986	990
986	992
986	999
987	28
987	38
987	117
987	170
987	209
987	327
987	363
987	378
987	380
987	398
987	436
987	453
987	479
987	548
987	554
987	575
987	628
987	668
987	684
987	693
987	704
987	708
987	716
987	735
987	742
987	766
987	769
987	810
987	827
987	846
987	861
987	864
987	881
987	885
987	905
987	907
987	927
987	950
987	954
987	974
987	981
987	999
987	1000
988	89
988	221
988	229
988	241
988	267
988	270
988	275
988	286
988	307
988	348
988	355
988	455
988	499
988	500
988	525
988	534
988	582
988	590
988	629
988	632
988	633
988	666
988	669
988	741
988	833
988	840
988	842
988	855
988	888
988	892
988	908
988	941
988	953
988	962
988	963
988	972
988	973
988	975
988	990
988	991
988	993
988	996
988	999
989	36
989	96
989	132
989	149
989	153
989	177
989	214
989	223
989	279
989	385
989	399
989	409
989	430
989	461
989	476
989	529
989	568
989	574
989	636
989	657
989	713
989	714
989	728
989	735
989	744
989	773
989	774
989	790
989	802
989	816
989	826
989	840
989	871
989	875
989	903
989	911
989	920
989	921
989	929
989	960
989	980
989	985
989	991
989	995
990	29
990	227
990	229
990	241
990	267
990	286
990	288
990	292
990	307
990	355
990	366
990	372
990	455
990	490
990	499
990	500
990	525
990	549
990	629
990	632
990	633
990	666
990	669
990	691
990	693
990	741
990	784
990	809
990	841
990	842
990	843
990	855
990	888
990	891
990	904
990	908
990	941
990	950
990	970
990	975
990	981
990	986
990	988
990	993
990	996
991	5
991	34
991	96
991	149
991	259
991	266
991	269
991	279
991	347
991	370
991	381
991	385
991	388
991	399
991	409
991	441
991	453
991	476
991	499
991	636
991	657
991	673
991	728
991	729
991	744
991	773
991	774
991	795
991	812
991	840
991	861
991	871
991	875
991	888
991	911
991	920
991	934
991	953
991	970
991	974
991	978
991	985
991	988
991	989
991	995
992	24
992	79
992	102
992	116
992	160
992	233
992	252
992	289
992	306
992	315
992	333
992	334
992	344
992	351
992	357
992	446
992	471
992	492
992	494
992	501
992	541
992	586
992	591
992	609
992	614
992	636
992	640
992	759
992	772
992	780
992	808
992	846
992	851
992	853
992	856
992	866
992	870
992	906
992	916
992	955
992	956
992	963
992	977
992	986
992	995
993	127
993	228
993	229
993	307
993	321
993	371
993	397
993	519
993	590
993	633
993	637
993	643
993	656
993	689
993	694
993	714
993	741
993	742
993	755
993	760
993	785
993	811
993	833
993	853
993	855
993	860
993	868
993	880
993	884
993	888
993	916
993	941
993	947
993	951
993	968
993	970
993	971
993	975
993	979
993	988
993	990
993	994
993	996
993	997
993	1000
994	31
994	55
994	124
994	131
994	175
994	177
994	268
994	310
994	314
994	360
994	434
994	467
994	468
994	487
994	514
994	534
994	539
994	550
994	571
994	604
994	621
994	665
994	684
994	725
994	736
994	755
994	766
994	778
994	796
994	802
994	836
994	837
994	861
994	878
994	892
994	920
994	929
994	936
994	943
994	946
994	952
994	958
994	962
994	967
994	971
994	993
995	22
995	79
995	210
995	227
995	266
995	285
995	367
995	446
995	458
995	471
995	574
995	577
995	586
995	608
995	638
995	640
995	699
995	725
995	740
995	743
995	744
995	746
995	747
995	774
995	795
995	800
995	806
995	812
995	837
995	840
995	843
995	856
995	857
995	866
995	874
995	889
995	902
995	914
995	920
995	929
995	931
995	955
995	967
995	985
995	989
995	991
995	992
996	51
996	63
996	70
996	150
996	153
996	183
996	307
996	352
996	396
996	510
996	517
996	559
996	590
996	633
996	637
996	648
996	669
996	689
996	691
996	692
996	753
996	763
996	776
996	784
996	785
996	786
996	809
996	825
996	833
996	836
996	842
996	858
996	867
996	868
996	875
996	880
996	911
996	939
996	941
996	947
996	970
996	972
996	975
996	983
996	984
996	988
996	990
996	993
997	7
997	9
997	39
997	41
997	77
997	165
997	222
997	248
997	277
997	308
997	317
997	319
997	418
997	421
997	465
997	475
997	515
997	535
997	537
997	551
997	605
997	620
997	659
997	674
997	686
997	709
997	739
997	754
997	771
997	776
997	782
997	792
997	799
997	802
997	821
997	850
997	851
997	857
997	874
997	890
997	893
997	904
997	920
997	960
997	961
997	965
997	982
997	993
997	998
998	9
998	39
998	41
998	77
998	87
998	102
998	122
998	181
998	240
998	274
998	313
998	319
998	345
998	391
998	406
998	418
998	421
998	465
998	491
998	493
998	515
998	551
998	595
998	605
998	645
998	674
998	686
998	709
998	739
998	754
998	770
998	771
998	792
998	796
998	821
998	850
998	851
998	857
998	874
998	893
998	904
998	929
998	937
998	960
998	961
998	965
998	967
998	977
998	997
999	28
999	38
999	182
999	200
999	209
999	211
999	266
999	304
999	315
999	327
999	356
999	370
999	378
999	380
999	386
999	398
999	405
999	414
999	426
999	453
999	476
999	479
999	493
999	554
999	575
999	593
999	628
999	688
999	693
999	708
999	769
999	810
999	846
999	848
999	861
999	864
999	881
999	893
999	905
999	914
999	924
999	950
999	954
999	957
999	971
999	981
999	986
999	987
999	988
1000	1
1000	47
1000	74
1000	89
1000	113
1000	115
1000	127
1000	165
1000	166
1000	192
1000	198
1000	205
1000	218
1000	269
1000	287
1000	345
1000	435
1000	457
1000	462
1000	489
1000	493
1000	528
1000	533
1000	551
1000	557
1000	594
1000	639
1000	647
1000	655
1000	739
1000	740
1000	747
1000	770
1000	784
1000	829
1000	849
1000	884
1000	885
1000	888
1000	890
1000	905
1000	928
1000	935
1000	941
1000	966
1000	967
1000	970
1000	977
1000	987
1000	993
